time,x,y,z,mag,lagX0,lagX1,lagX2,lagY0,lagY1,lagY2,lagZ0,lagZ1,lagZ2,jerkMag,jerkX,jerkY,jerkZ,activity,name
1672842696310193700,-0.8574110942355596,0.1962701076889662,-0.4645247761604764,0.9947155409248408,-0.8574110942355596,,,0.1962701076889662,,,-0.4645247761604764,,,0.003739175150657,0.0001783602754294,0.0002955747055755,0.003265240169652,downstairs,wiktor
1672842696320193700,-0.8385240470640493,0.1719565433441174,-0.5453361635963083,1.0149301264764332,-0.8385240470640493,-0.8574110942355596,,0.1719565433441174,0.1962701076889662,,-0.5453361635963083,-0.4645247761604764,,0.0033435973999768,4.926624497300444e-05,0.000977465294522,0.0023168658604817,downstairs,wiktor
1672842696330193700,-0.8484504003695693,0.1277419463308662,-0.6134076827578746,1.054729857359725,-0.8484504003695693,-0.8385240470640493,-0.8574110942355596,0.1277419463308662,0.1719565433441174,0.1962701076889662,-0.6134076827578746,-0.5453361635963083,-0.4645247761604764,0.0019058346436869,0.0002365312215764,0.0015843848260573,8.491859605319709e-05,downstairs,wiktor
1672842696340193700,-0.8702003990627392,0.0714501205289373,-0.6264398426750332,1.0746072448775277,-0.8702003990627392,-0.8484504003695693,-0.8385240470640493,0.0714501205289373,0.1277419463308662,0.1719565433441174,-0.6264398426750332,-0.6134076827578746,-0.5453361635963083,0.0009615637440807,1.6154088543665196e-05,0.0002680959377269,0.0006773137178101,downstairs,wiktor
1672842696350193700,-0.8645163708179703,0.0482943032154868,-0.5896345789805512,1.0475637602861774,-0.8645163708179703,-0.8702003990627392,-0.8484504003695693,0.0482943032154868,0.0714501205289373,0.1277419463308662,-0.5896345789805512,-0.6264398426750332,-0.6134076827578746,0.0045300744312584,0.0006871947219336,0.0003108804498705,0.0035319992594541,downstairs,wiktor
1672842696360193700,-0.9015891296021146,0.0732294370579424,-0.5055869822337768,1.0362643030003391,-0.9015891296021146,-0.8645163708179703,-0.8702003990627392,0.0732294370579424,0.0482943032154868,0.0714501205289373,-0.5055869822337768,-0.5896345789805512,-0.6264398426750332,0.0093070229611165,0.0068158308781865,0.0023437503342857,0.0001474417486442,downstairs,wiktor
1672842696370193700,-1.018343837243276,0.1416947616286441,-0.4884148100564309,1.1382664903294033,-1.018343837243276,-0.9015891296021146,-0.8645163708179703,0.1416947616286441,0.0732294370579424,0.0482943032154868,-0.4884148100564309,-0.5055869822337768,-0.5896345789805512,0.0031179052547828,0.0002014966884757,0.0001320627859258,0.0027843457803812,downstairs,wiktor
1672842696380193700,-0.9982691423028416,0.1579467021851339,-0.5630384762807767,1.156935939012091,-0.9982691423028416,-1.018343837243276,-0.9015891296021146,0.1579467021851339,0.1416947616286441,0.0732294370579424,-0.5630384762807767,-0.4884148100564309,-0.5055869822337768,0.0094219147869784,0.0082020047472408,0.0002080324864968,0.0010118775532408,downstairs,wiktor
1672842696390193700,-0.8701910040649611,0.1375490314114003,-0.6080246420040495,1.0704420044458047,-0.8701910040649611,-0.9982691423028416,-1.018343837243276,0.1375490314114003,0.1579467021851339,0.1416947616286441,-0.6080246420040495,-0.5630384762807767,-0.4884148100564309,0.005972814214267,0.0020196860745601,0.0027598068118729,0.001193321327834,downstairs,wiktor
1672842696400193700,-0.8066349488922216,0.0632549291976592,-0.5591713651879747,0.9835312615714568,-0.8066349488922216,-0.8701910040649611,-0.9982691423028416,0.0632549291976592,0.1375490314114003,0.1579467021851339,-0.5591713651879747,-0.6080246420040495,-0.5630384762807767,0.0031972535710445,0.0001017348145507,0.0004378042836662,0.0026577144728274,downstairs,wiktor
1672842696410193700,-0.7923706708136954,0.0336642454047391,-0.4862643768696048,0.9302889903663276,-0.7923706708136954,-0.8066349488922216,-0.8701910040649611,0.0336642454047391,0.0632549291976592,0.1375490314114003,-0.4862643768696048,-0.5591713651879747,-0.6080246420040495,0.0004643573117213,0.000102694393634,0.0001535733804595,0.0002080895376278,downstairs,wiktor
1672842696420193700,-0.8067020624861067,0.0511898484163054,-0.5066648443950237,0.9539905045366311,-0.8067020624861067,-0.7923706708136954,-0.8066349488922216,0.0511898484163054,0.0336642454047391,0.0632549291976592,-0.5066648443950237,-0.4862643768696048,-0.5591713651879747,0.0045809219053347,5.544531462116625e-06,0.000787923541577,0.0037874538322955,downstairs,wiktor
1672842696430193700,-0.8100320869491149,0.0908867888922941,-0.5936987898679887,1.0084099579898074,-0.8100320869491149,-0.8067020624861067,-0.7923706708136954,0.0908867888922941,0.0511898484163054,0.0336642454047391,-0.5936987898679887,-0.5066648443950237,-0.4862643768696048,0.0035205534381096,0.0016982018651984,0.0004672526297893,0.0013550989431218,downstairs,wiktor
1672842696440193700,-0.7517534139168909,0.1214564676537511,-0.6457583508173825,0.9984431463638842,-0.7517534139168909,-0.8100320869491149,-0.8067020624861067,0.1214564676537511,0.0908867888922941,0.0511898484163054,-0.6457583508173825,-0.5936987898679887,-0.5066648443950237,0.0022654872859945,0.0014960640980358,0.0006461488206707,0.0001232743672879,downstairs,wiktor
1672842696450193700,-0.697053064776581,0.1574050092283622,-0.6300564804009056,0.9526964262238952,-0.697053064776581,-0.7517534139168909,-0.8100320869491149,0.1574050092283622,0.1214564676537511,0.0908867888922941,-0.6300564804009056,-0.6457583508173825,-0.5936987898679887,0.0026875048486853,0.0002568254196079,0.0001197727857877,0.0023109066432896,downstairs,wiktor
1672842696460193700,-0.6743891983982273,0.1728822690496469,-0.5620725610774415,0.8947707157613688,-0.6743891983982273,-0.697053064776581,-0.7517534139168909,0.1728822690496469,0.1574050092283622,0.1214564676537511,-0.5620725610774415,-0.6300564804009056,-0.6457583508173825,0.0006739166531198,0.0003315728974151,8.941902647923135e-06,0.0003334018530568,downstairs,wiktor
1672842696470193700,-0.6486375810736738,0.1686533442104181,-0.5878951036732748,0.8915129359787636,-0.6486375810736738,-0.6743891983982273,-0.697053064776581,0.1686533442104181,0.1728822690496469,0.1574050092283622,-0.5878951036732748,-0.5620725610774415,-0.6300564804009056,0.0092547644726499,0.0010666341741115,2.085939628818164e-05,0.0081672709022502,downstairs,wiktor
1672842696480193700,-0.6024502630283151,0.1751123528476908,-0.7157017615769241,0.9517560964170666,-0.6024502630283151,-0.6486375810736738,-0.6743891983982273,0.1751123528476908,0.1686533442104181,0.1728822690496469,-0.7157017615769241,-0.5878951036732748,-0.5620725610774415,0.0034143037834955,0.0001952433248068,0.0001924122661361,0.0030266481925525,downstairs,wiktor
1672842696490193700,-0.5826895279809126,0.1947292978767283,-0.7935046945878663,1.00354187047834,-0.5826895279809126,-0.6024502630283151,-0.6486375810736738,0.1947292978767283,0.1751123528476908,0.1686533442104181,-0.7935046945878663,-0.7157017615769241,-0.5878951036732748,0.004229127225155,0.0002013204166092,3.9693246132092695e-05,0.0039881135624137,downstairs,wiktor
1672842696500193700,-0.562623615760971,0.1858193880980501,-0.8828144204010584,1.0632193935745995,-0.562623615760971,-0.5826895279809126,-0.6024502630283151,0.1858193880980501,0.1947292978767283,0.1751123528476908,-0.8828144204010584,-0.7935046945878663,-0.7157017615769241,0.0047233325748665,0.0010432547542361,0.0003041975400556,0.0033758802805747,downstairs,wiktor
1672842696510193700,-0.5169452892978399,0.161153722080056,-0.9649835177622282,1.106524353017252,-0.5169452892978399,-0.562623615760971,-0.5826895279809126,0.161153722080056,0.1858193880980501,0.1947292978767283,-0.9649835177622282,-0.8828144204010584,-0.7935046945878663,0.0013008680162011,0.0007814319924711,0.000370589767539,0.0001488462561909,downstairs,wiktor
1672842696520193700,-0.4774122147280277,0.1339291094092006,-0.982237285825522,1.1002951943840118,-0.4774122147280277,-0.5169452892978399,-0.562623615760971,0.1339291094092006,0.161153722080056,0.1858193880980501,-0.982237285825522,-0.9649835177622282,-0.8828144204010584,0.0009732634865249,7.375085437233066e-06,0.0004962734088273,0.0004696149922603,downstairs,wiktor
1672842696530193700,-0.4812528098478583,0.1024243983701389,-1.0128841451184525,1.1260680777822814,-0.4812528098478583,-0.4774122147280277,-0.5169452892978399,0.1024243983701389,0.1339291094092006,0.161153722080056,-1.0128841451184525,-0.982237285825522,-0.9649835177622282,0.0524960630437634,1.840351542706865e-05,0.0024003578549408,0.0500773016733955,downstairs,wiktor
1672842696540193700,-0.4751859300193025,0.0331372010687493,-1.3293562660814071,1.4121217455845942,-0.4751859300193025,-0.4812528098478583,-0.4774122147280277,0.0331372010687493,0.1024243983701389,0.1339291094092006,-1.3293562660814071,-1.0128841451184525,-0.982237285825522,0.0573228744757158,0.0224936995336604,0.0062301078252022,0.0285990671168531,downstairs,wiktor
1672842696550193700,-0.2630835984259867,-0.078488134990787,-1.568517580331238,1.592363264743086,-0.2630835984259867,-0.4751859300193025,-0.4812528098478583,-0.078488134990787,0.0331372010687493,0.1024243983701389,-1.568517580331238,-1.3293562660814071,-1.0128841451184525,0.17839806905105,0.1474732730731455,0.0036839546093092,0.0272408413685952,downstairs,wiktor
1672842696560193700,0.2800062156437407,-0.1643246611240048,-1.335104464296191,1.374012374629962,0.2800062156437407,-0.2630835984259867,-0.4751859300193025,-0.1643246611240048,-0.078488134990787,0.0331372010687493,-1.335104464296191,-1.568517580331238,-1.3293562660814071,0.1925857149841252,0.0330938181724256,7.738099033500077e-05,0.1594145158213646,downstairs,wiktor
1672842696570193700,0.537275794772038,-0.1518843242849155,-0.770454987503084,0.9514909434039758,0.537275794772038,0.2800062156437407,-0.2630835984259867,-0.1518843242849155,-0.1643246611240048,-0.078488134990787,-0.770454987503084,-1.335104464296191,-1.568517580331238,0.0568122087149913,0.0437534879438803,0.0120719194201955,0.0009868013509154,downstairs,wiktor
1672842696580193700,0.2414600144496205,0.0034985539236925,-0.7260297390307248,0.7651368246363459,0.2414600144496205,0.537275794772038,0.2800062156437407,0.0034985539236925,-0.1518843242849155,-0.1643246611240048,-0.7260297390307248,-0.770454987503084,-1.335104464296191,0.1547115920934023,0.1198132762929831,0.0184986812275293,0.0163996345728897,downstairs,wiktor
1672842696590193700,-0.2480566375510712,0.1958455384466083,-0.9071354240485604,0.96061555677927,-0.2480566375510712,0.2414600144496205,0.537275794772038,0.1958455384466083,0.0034985539236925,-0.1518843242849155,-0.9071354240485604,-0.7260297390307248,-0.770454987503084,0.0181606674747992,0.0155364627004812,0.0001623060354396,0.0024618987388784,downstairs,wiktor
1672842696600193700,-0.0717814963627504,0.1778285444998018,-0.8369656479497521,0.8586542204560239,-0.0717814963627504,-0.2480566375510712,0.2414600144496205,0.1778285444998018,0.1958455384466083,0.0034985539236925,-0.8369656479497521,-0.9071354240485604,-0.7260297390307248,0.051840639396821,0.016222551399165,0.0283243031224235,0.0072937848752323,downstairs,wiktor
1672842696610193700,0.1083437456171842,-0.060181132288448,-0.7161866359051722,0.7268310899700483,0.1083437456171842,-0.0717814963627504,-0.2480566375510712,-0.060181132288448,0.1778285444998018,0.1958455384466083,-0.7161866359051722,-0.8369656479497521,-0.9071354240485604,0.003218774481557,0.0008511250189465,0.0015259283409456,0.0008417211216647,downstairs,wiktor
1672842696620193700,0.0670854126662138,-0.115424744424978,-0.7572164085505277,0.768895320311112,0.0670854126662138,0.1083437456171842,-0.0717814963627504,-0.115424744424978,-0.060181132288448,0.1778285444998018,-0.7572164085505277,-0.7161866359051722,-0.8369656479497521,0.0225442239967324,0.0039235989636281,0.0045807375502515,0.0140398874828527,downstairs,wiktor
1672842696630193700,-0.0214989986444468,-0.0197091495592347,-0.924786617614387,0.9252464242771872,-0.0214989986444468,0.0670854126662138,0.1083437456171842,-0.0197091495592347,-0.115424744424978,-0.060181132288448,-0.924786617614387,-0.7572164085505277,-0.7161866359051722,0.0168268135978363,0.0052239967765498,0.001132357416696,0.0104704594045904,downstairs,wiktor
1672842696640193700,-0.1237144258220493,0.0278798705335566,-1.0694963920222718,1.0769888945045367,-0.1237144258220493,-0.0214989986444468,0.0670854126662138,0.0278798705335566,-0.0197091495592347,-0.115424744424978,-1.0694963920222718,-0.924786617614387,-0.7572164085505277,0.001701595242629,5.988610822130024e-05,2.222506421635336e-05,0.0016194840701914,downstairs,wiktor
1672842696650193700,-0.1127703764598342,0.034546963485714,-1.126408325220704,1.132566274272498,-0.1127703764598342,-0.1237144258220493,-0.0214989986444468,0.034546963485714,0.0278798705335566,-0.0197091495592347,-1.126408325220704,-1.0694963920222718,-0.924786617614387,0.0027817719179993,6.150923798001544e-05,0.0020831753842354,0.0006370872957839,downstairs,wiktor
1672842696660193700,-0.1016790070240959,0.0990942389392209,-1.0907127429790902,1.099914804135902,-0.1016790070240959,-0.1127703764598342,-0.1237144258220493,0.0990942389392209,0.034546963485714,0.0278798705335566,-1.0907127429790902,-1.126408325220704,-1.0694963920222718,0.0063964717408225,0.0005834386494503,0.0028606104493173,0.0029524226420547,downstairs,wiktor
1672842696670193700,-0.1358385927783288,0.1747329915640142,-1.0138697518601238,1.0377454482510706,-0.1358385927783288,-0.1016790070240959,-0.1127703764598342,0.1747329915640142,0.0990942389392209,0.034546963485714,-1.0138697518601238,-1.0907127429790902,-1.126408325220704,0.0048683236932124,0.0006074962088337,0.0012443338021438,0.0030164936822349,downstairs,wiktor
1672842696680193700,-0.1706953341301466,0.2246195388918022,-0.9361974442822628,0.9777814116797316,-0.1706953341301466,-0.1358385927783288,-0.1016790070240959,0.2246195388918022,0.1747329915640142,0.0990942389392209,-0.9361974442822628,-1.0138697518601238,-1.0907127429790902,0.0091672015375557,0.0006524569973233,0.001098437060741,0.0074163074794914,downstairs,wiktor
1672842696690193700,-0.2068189274542694,0.2714903626682421,-0.814408220789448,0.8830299178762304,-0.2068189274542694,-0.1706953341301466,-0.1358385927783288,0.2714903626682421,0.2246195388918022,0.1747329915640142,-0.814408220789448,-0.9361974442822628,-1.0138697518601238,0.0012865278749932,7.393890325768958e-06,0.0005041748422645,0.0007749591424029,downstairs,wiktor
1672842696700193700,-0.2106644158044712,0.3032448849371893,-0.7750392192170703,0.8585002898376997,-0.2106644158044712,-0.2068189274542694,-0.1706953341301466,0.3032448849371893,0.2714903626682421,0.2246195388918022,-0.7750392192170703,-0.814408220789448,-0.9361974442822628,0.0004132617657519,0.0002555499261906,4.2721401925276576e-05,0.0001149904376359,downstairs,wiktor
1672842696710193700,-0.1880568981967969,0.3124884126106781,-0.7902043395684555,0.8703087401883086,-0.1880568981967969,-0.2106644158044712,-0.2068189274542694,0.3124884126106781,0.3032448849371893,0.2714903626682421,-0.7902043395684555,-0.7750392192170703,-0.814408220789448,0.0004317659175295,3.470740401406644e-05,0.0001915429551715,0.0002055155583439,downstairs,wiktor
1672842696720193700,-0.1797253432381993,0.2929158320362338,-0.8104782419231549,0.8803271348143346,-0.1797253432381993,-0.1880568981967969,-0.2106644158044712,0.2929158320362338,0.3124884126106781,0.3032448849371893,-0.8104782419231549,-0.7902043395684555,-0.7750392192170703,0.0023328254687027,3.273899653574503e-05,4.002858976027469e-05,0.0022600578824067,downstairs,wiktor
1672842696730193700,-0.1878171905595154,0.2839683642648166,-0.8777100481224042,0.941428838281438,-0.1878171905595154,-0.1797253432381993,-0.1880568981967969,0.2839683642648166,0.2929158320362338,0.3124884126106781,-0.8777100481224042,-0.8104782419231549,-0.7902043395684555,0.005435936910543,7.244628186133386e-06,3.188619077670511e-05,0.0053968060915801,downstairs,wiktor
1672842696740193700,-0.1916236661436045,0.2919541254403971,-0.9816023586326648,1.0418733278384629,-0.1916236661436045,-0.1878171905595154,-0.1797253432381993,0.2919541254403971,0.2839683642648166,0.2929158320362338,-0.9816023586326648,-0.8777100481224042,-0.8104782419231549,7.327378778518162e-06,1.0330002806977437e-06,6.503168022644102e-08,6.2293468175939765e-06,downstairs,wiktor
1672842696750193700,-0.1901863072596109,0.2915934824584151,-0.9851320461025672,1.0448362257978538,-0.1901863072596109,-0.1916236661436045,-0.1878171905595154,0.2915934824584151,0.2919541254403971,0.2839683642648166,-0.9851320461025672,-0.9816023586326648,-0.8777100481224042,0.0011720303422712,0.0002064608058984,2.175625361614639e-05,0.0009438132827566,downstairs,wiktor
1672842696760193700,-0.1698658345338873,0.2849970813765908,-0.9416852215291488,0.998423154069191,-0.1698658345338873,-0.1901863072596109,-0.1916236661436045,0.2849970813765908,0.2915934824584151,0.2919541254403971,-0.9416852215291488,-0.9851320461025672,-0.9816023586326648,0.0014282916338047,0.001310237219463,7.347892774176579e-05,4.457548659991116e-05,downstairs,wiktor
1672842696770193700,-0.1186752647096886,0.2728744638587636,-0.932243242223949,0.9785815010270442,-0.1186752647096886,-0.1698658345338873,-0.1901863072596109,0.2728744638587636,0.2849970813765908,0.2915934824584151,-0.932243242223949,-0.9416852215291488,-0.9851320461025672,0.0018102219084648,0.0005005860283208,0.0005561159321453,0.0007535199479986,downstairs,wiktor
1672842696780193700,-0.0870339616922443,0.2395243234648962,-0.9710638539656172,1.0039481164371598,-0.0870339616922443,-0.1186752647096886,-0.1698658345338873,0.2395243234648962,0.2728744638587636,0.2849970813765908,-0.9710638539656172,-0.932243242223949,-0.9416852215291488,0.0023154657625411,5.956937595243417e-06,0.0002809833948454,0.0020285254301004,downstairs,wiktor
1672842696790193700,-0.0904856098768782,0.2158184847391546,-1.0347588369721374,1.0608916601811071,-0.0904856098768782,-0.0870339616922443,-0.1186752647096886,0.2158184847391546,0.2395243234648962,0.2728744638587636,-1.0347588369721374,-0.9710638539656172,-0.932243242223949,0.0057827301509474,0.0004631486023909,9.407881113007844e-05,0.0052255027374264,downstairs,wiktor
1672842696800193700,-0.1209207409720755,0.2021014288502199,-1.136988996293411,1.1611247955464712,-0.1209207409720755,-0.0904856098768782,-0.0870339616922443,0.2021014288502199,0.2158184847391546,0.2395243234648962,-1.136988996293411,-1.0347588369721374,-0.9710638539656172,0.008401579419724,0.0006197771378953,0.0004013769631559,0.0073804253186727,downstairs,wiktor
1672842696810193700,-0.1561280452680684,0.173768516428234,-1.258483237462882,1.2799810634520945,-0.1561280452680684,-0.1209207409720755,-0.0904856098768782,0.173768516428234,0.2021014288502199,0.2158184847391546,-1.258483237462882,-1.136988996293411,-1.0347588369721374,0.002795662530181,0.0004396897279483,0.0021351863424433,0.0002207864597893,downstairs,wiktor
1672842696820193700,-0.1857823781031992,0.1084204278189511,-1.279496873977744,1.2974522464048313,-0.1857823781031992,-0.1561280452680684,-0.1209207409720755,0.1084204278189511,0.173768516428234,0.2021014288502199,-1.279496873977744,-1.258483237462882,-1.136988996293411,0.0243621290878226,0.0022237938166458,0.02060590121028,0.0015324340608967,downstairs,wiktor
1672842696830193700,-0.2524726145197227,-0.0945864745773961,-1.2241356228918676,1.253473990750612,-0.2524726145197227,-0.1857823781031992,-0.1561280452680684,-0.0945864745773961,0.1084204278189511,0.173768516428234,-1.2241356228918676,-1.279496873977744,-1.258483237462882,0.0255324624039525,0.0131299461454031,0.0007268377230217,0.0116756785355275,downstairs,wiktor
1672842696840193700,-0.4145216573765267,-0.0564593786213243,-1.0713241145848844,1.150109222795633,-0.4145216573765267,-0.2524726145197227,-0.1857823781031992,-0.0564593786213243,-0.0945864745773961,0.1084204278189511,-1.0713241145848844,-1.2241356228918676,-1.279496873977744,0.0698738245927625,0.0005701565970779,0.0506624708485461,0.0186411971471384,downstairs,wiktor
1672842696850193700,-0.4482901810954556,0.2618564106463342,-0.8782376202506691,1.0202128130379151,-0.4482901810954556,-0.4145216573765267,-0.2524726145197227,0.2618564106463342,-0.0564593786213243,-0.0945864745773961,-0.8782376202506691,-1.0713241145848844,-1.2241356228918676,0.0229013989604613,0.0087421074306189,7.719450453763378e-05,0.0140820970253047,downstairs,wiktor
1672842696860193700,-0.316062291218781,0.24943107326358,-0.7104157085388505,0.8165792742769339,-0.316062291218781,-0.4482901810954556,-0.4145216573765267,0.24943107326358,0.2618564106463342,-0.0564593786213243,-0.7104157085388505,-0.8782376202506691,-1.0713241145848844,0.0032739743582554,0.0025860849750558,0.0005133724512208,0.0001745169319787,downstairs,wiktor
1672842696870193700,-0.2441444912655586,0.2173882128662675,-0.7290981565571772,0.7990295924454751,-0.2441444912655586,-0.316062291218781,-0.4482901810954556,0.2173882128662675,0.24943107326358,0.2618564106463342,-0.7290981565571772,-0.7104157085388505,-0.8782376202506691,0.0022533260674218,0.0006884994419523,0.0012010176548919,0.0003638089705775,downstairs,wiktor
1672842696880193700,-0.2070365556734949,0.2663987761132237,-0.7560725507330448,0.8279360755950548,-0.2070365556734949,-0.2441444912655586,-0.316062291218781,0.2663987761132237,0.2173882128662675,0.24943107326358,-0.7560725507330448,-0.7290981565571772,-0.7104157085388505,0.0018479489542014,0.0005484434809217,0.000637391849111,0.0006621136241686,downstairs,wiktor
1672842696890193700,-0.1739172718369822,0.30210288929675,-0.7196826173951374,0.7996602046778236,-0.1739172718369822,-0.2070365556734949,-0.2441444912655586,0.30210288929675,0.2663987761132237,0.2173882128662675,-0.7196826173951374,-0.7560725507330448,-0.7290981565571772,0.0001344240803597,0.0001343415814573,6.93407995942027e-08,1.3158102756630569e-08,downstairs,wiktor
1672842696900193700,-0.1575257141649761,0.3024752890808375,-0.7198448400985832,0.7965439378617333,-0.1575257141649761,-0.1739172718369822,-0.2070365556734949,0.3024752890808375,0.30210288929675,0.2663987761132237,-0.7198448400985832,-0.7196826173951374,-0.7560725507330448,0.0032504304025653,0.0002817333718034,0.0024114554331676,0.0005572415975942,downstairs,wiktor
1672842696910193700,-0.1337882597183222,0.2330281086748971,-0.753228716374243,0.7997217622660063,-0.1337882597183222,-0.1575257141649761,-0.1739172718369822,0.2330281086748971,0.3024752890808375,0.30210288929675,-0.753228716374243,-0.7198448400985832,-0.7196826173951374,0.0090302038449057,0.000572888850334,0.0084505734354805,6.741559091167408e-06,downstairs,wiktor
1672842696920193700,-0.0999389214579052,0.1030236977075723,-0.7569006529453639,0.7703896862891071,-0.0999389214579052,-0.1337882597183222,-0.1575257141649761,0.1030236977075723,0.2330281086748971,0.3024752890808375,-0.7569006529453639,-0.753228716374243,-0.7198448400985832,0.0048741392056935,5.970258176901602e-06,0.0047573505457631,0.0001108184017534,downstairs,wiktor
1672842696930193700,-0.0964834162338022,0.0054803684045067,-0.7420131815849569,0.7482797910486588,-0.0964834162338022,-0.0999389214579052,-0.1337882597183222,0.0054803684045067,0.1030236977075723,0.2330281086748971,-0.7420131815849569,-0.7569006529453639,-0.753228716374243,0.0038157164479565,0.0003563796950476,0.0030100817260138,0.0004492550268949,downstairs,wiktor
1672842696940193700,-0.1231809702433995,-0.0721093438776492,-0.7120380243078055,0.7262034542500698,-0.1231809702433995,-0.0964834162338022,-0.0999389214579052,-0.0721093438776492,0.0054803684045067,0.1030236977075723,-0.7120380243078055,-0.7420131815849569,-0.7569006529453639,0.0045017255564077,1.141695386216565e-05,0.0039253143342401,0.0005649942683054,downstairs,wiktor
1672842696950193700,-0.1279594540745254,-0.1607131173214499,-0.6784227221879252,0.7088439305990448,-0.1279594540745254,-0.1231809702433995,-0.0964834162338022,-0.1607131173214499,-0.0721093438776492,0.0054803684045067,-0.6784227221879252,-0.7120380243078055,-0.7420131815849569,0.026299322037219,0.0010259519772523,0.0248699780089121,0.0004033920510546,downstairs,wiktor
1672842696960193700,-0.0826615076033585,-0.3837376810309755,-0.7068266673735716,0.8085118863645236,-0.0826615076033585,-0.1279594540745254,-0.1231809702433995,-0.3837376810309755,-0.1607131173214499,-0.0721093438776492,-0.7068266673735716,-0.6784227221879252,-0.7120380243078055,0.0088243159446675,9.703546300481756e-05,0.0006987230787484,0.0080285574029142,downstairs,wiktor
1672842696970193700,-0.0965924417432371,-0.3463552498968604,-0.8335433387543671,0.9077921328777944,-0.0965924417432371,-0.0826615076033585,-0.1279594540745254,-0.3463552498968604,-0.3837376810309755,-0.1607131173214499,-0.8335433387543671,-0.7068266673735716,-0.6784227221879252,0.0356309457413576,4.833631347732508e-05,0.0209287843365312,0.0146538250913491,downstairs,wiktor
1672842696980193700,-0.1064246656500981,-0.1417640265438964,-1.0047381114044052,1.0202558116419451,-0.1064246656500981,-0.0965924417432371,-0.0826615076033585,-0.1417640265438964,-0.3463552498968604,-0.3837376810309755,-1.0047381114044052,-0.8335433387543671,-0.7068266673735716,0.0127973189760086,0.0050630156938,0.0036101040292508,0.0041241992529577,downstairs,wiktor
1672842696990193700,-0.0057964817869273,-0.0567922191104796,-1.0955588056646643,1.0970451458449575,-0.0057964817869273,-0.1064246656500981,-0.0965924417432371,-0.0567922191104796,-0.1417640265438964,-0.3463552498968604,-1.0955588056646643,-1.0047381114044052,-0.8335433387543671,0.0113732663186508,0.0002018684967227,0.0111713214851065,7.633682155998686e-08,downstairs,wiktor
1672842697000193700,0.0142967258575845,-0.2062667753741233,-1.0951680709168878,1.114514909074483,0.0142967258575845,-0.0057964817869273,-0.1064246656500981,-0.2062667753741233,-0.0567922191104796,-0.1417640265438964,-1.0951680709168878,-1.0955588056646643,-1.0047381114044052,0.0027610357748822,0.0010812299486844,0.0014353421833667,0.000244463642831,downstairs,wiktor
1672842697010193700,0.0607989827637705,-0.2598455432466073,-1.117279771115247,1.148708104608639,0.0607989827637705,0.0142967258575845,-0.0057964817869273,-0.2598455432466073,-0.2062667753741233,-0.0567922191104796,-1.117279771115247,-1.0951680709168878,-1.0955588056646643,0.0799313313727743,0.0002527848041762,0.0687652178610997,0.0109133287074983,downstairs,wiktor
1672842697020193700,0.0832838578657708,0.1110054183568372,-1.2650182475355642,1.2726073905504134,0.0832838578657708,0.0607989827637705,0.0142967258575845,0.1110054183568372,-0.2598455432466073,-0.2062667753741233,-1.2650182475355642,-1.117279771115247,-1.0951680709168878,0.1597938736927938,0.0050102522941286,0.1540537362800604,0.0007298851186046,downstairs,wiktor
1672842697030193700,-0.0168186125745603,0.6660797129878541,-1.3032251871828242,1.4636737813770602,-0.0168186125745603,0.0832838578657708,0.0607989827637705,0.6660797129878541,0.1110054183568372,-0.2598455432466073,-1.3032251871828242,-1.2650182475355642,-1.117279771115247,0.0194433242776344,0.0111844713417864,0.0040636460857746,0.0041952068500733,downstairs,wiktor
1672842697040193700,-0.166381116844758,0.7562312086579167,-1.2116259857662903,1.4379171903746255,-0.166381116844758,-0.0168186125745603,0.0832838578657708,0.7562312086579167,0.6660797129878541,0.1110054183568372,-1.2116259857662903,-1.3032251871828242,-1.2650182475355642,0.0094569685566183,0.0022274713779565,0.0003689847959821,0.0068605123826797,downstairs,wiktor
1672842697050193700,-0.2331264744055132,0.729065612916902,-1.094489207744358,1.3355864804929385,-0.2331264744055132,-0.166381116844758,-0.0168186125745603,0.729065612916902,0.7562312086579167,0.6660797129878541,-1.094489207744358,-1.2116259857662903,-1.3032251871828242,0.0111115032546045,0.0049434260914398,0.00021457763127,0.0059534995318946,downstairs,wiktor
1672842697060193700,-0.3325591258982687,0.7497816758280832,-0.9853700111573724,1.2820772958422084,-0.3325591258982687,-0.2331264744055132,-0.166381116844758,0.7497816758280832,0.729065612916902,0.7562312086579167,-0.9853700111573724,-1.094489207744358,-1.2116259857662903,0.0011643667280317,9.052505749263015e-05,0.000820728722433,0.000253112948106,downstairs,wiktor
1672842697070193700,-0.3460146123251973,0.7902965798124955,-0.9628705468034774,1.2928319635233003,-0.3460146123251973,-0.3325591258982687,-0.2331264744055132,0.7902965798124955,0.7497816758280832,0.729065612916902,-0.9628705468034774,-0.9853700111573724,-1.094489207744358,0.0224715739249471,0.0209938647146558,0.0003876017494863,0.001090107460805,downstairs,wiktor
1672842697080193700,-0.1411055363199807,0.7624541032887976,-1.00956331842404,1.2729749117360614,-0.1411055363199807,-0.3460146123251973,-0.3325591258982687,0.7624541032887976,0.7902965798124955,0.7497816758280832,-1.00956331842404,-0.9628705468034774,-0.9853700111573724,0.0109229687453775,3.423929706405427e-06,0.0100182871134168,0.0009012577022542,downstairs,wiktor
1672842697090193700,-0.1384886948244348,0.6209034966958417,-0.9671072775757864,1.1575822895774397,-0.1384886948244348,-0.1411055363199807,-0.3460146123251973,0.6209034966958417,0.7624541032887976,0.7902965798124955,-0.9671072775757864,-1.00956331842404,-0.9628705468034774,0.0261674607463911,0.0060454891094874,0.0154621859178298,0.0046597857190737,downstairs,wiktor
1672842697100193700,-0.2484476790820885,0.445050228782903,-0.8705693501164322,1.0088047128870572,-0.2484476790820885,-0.1384886948244348,-0.1411055363199807,0.445050228782903,0.6209034966958417,0.7624541032887976,-0.8705693501164322,-0.9671072775757864,-1.00956331842404,0.0131657423036869,0.0033977086250818,0.0096070728729529,0.0001609608056521,downstairs,wiktor
1672842697110193700,-0.3308819999088149,0.3064351295119148,-0.8885115242127978,0.9964126229236512,-0.3308819999088149,-0.2484476790820885,-0.1384886948244348,0.3064351295119148,0.445050228782903,0.6209034966958417,-0.8885115242127978,-0.8705693501164322,-0.9671072775757864,0.0305800268401224,0.0011571552284131,0.0179978218489535,0.0114250497627557,downstairs,wiktor
1672842697120193700,-0.3789892806137799,0.1167099501131141,-1.0396740179918815,1.1127336388206026,-0.3789892806137799,-0.3308819999088149,-0.2484476790820885,0.1167099501131141,0.3064351295119148,0.445050228782903,-1.0396740179918815,-0.8885115242127978,-0.8705693501164322,0.0368551456912525,5.9759738223182726e-05,0.0022168693436821,0.0345785166093472,downstairs,wiktor
1672842697130193700,-0.3680567842636151,0.050123625035331,-1.3026512664729897,1.3545768698279326,-0.3680567842636151,-0.3789892806137799,-0.3308819999088149,0.050123625035331,0.1167099501131141,0.3064351295119148,-1.3026512664729897,-1.0396740179918815,-0.8885115242127978,0.004600456750095,0.0007242273954196,0.0010866372029061,0.0027895921517693,downstairs,wiktor
1672842697140193700,-0.3299982137329278,0.0967420163183024,-1.3773452040016714,1.4196258837365074,-0.3299982137329278,-0.3680567842636151,-0.3789892806137799,0.0967420163183024,0.050123625035331,0.1167099501131141,-1.3773452040016714,-1.3026512664729897,-1.0396740179918815,0.029216788696483,0.0002817624767108,0.0187407660741311,0.0101942601456411,downstairs,wiktor
1672842697150193700,-0.3062595332004801,0.2903434939682993,-1.234556828104744,1.30469337699934,-0.3062595332004801,-0.3299982137329278,-0.3680567842636151,0.2903434939682993,0.0967420163183024,0.050123625035331,-1.234556828104744,-1.3773452040016714,-1.3026512664729897,0.2784519838028623,0.0022674850564096,0.0994227324428015,0.1767617663036511,downstairs,wiktor
1672842697160193700,-0.2389173464761144,0.7362644117167304,-0.6399783786068646,1.0043600487335416,-0.2389173464761144,-0.3062595332004801,-0.3299982137329278,0.7362644117167304,0.2903434939682993,0.0967420163183024,-0.6399783786068646,-1.234556828104744,-1.3773452040016714,0.6571687083511647,0.0064284093078845,0.2610311701377455,0.3897091289055346,downstairs,wiktor
1672842697170193700,-0.1255294343524268,1.4588032274737048,0.2428682999342449,1.484199955022735,-0.1255294343524268,-0.2389173464761144,-0.3062595332004801,1.4588032274737048,0.7362644117167304,0.2903434939682993,0.2428682999342449,-0.6399783786068646,-1.234556828104744,0.001681472097528,0.0004442328522133,7.234245947034337e-05,0.0011648967858443,downstairs,wiktor
1672842697180193700,-0.1553365761883471,1.4467747230387933,0.291136235167573,1.4839295328799964,-0.1553365761883471,-0.1255294343524268,-0.2389173464761144,1.4467747230387933,1.4588032274737048,0.7362644117167304,0.291136235167573,0.2428682999342449,-0.6399783786068646,0.4827731175659884,0.0132845222600675,0.2782783408723902,0.1912102544335307,downstairs,wiktor
1672842697190193700,-0.3183367127531213,0.7007474569521036,-0.3272653405638132,0.8363539108808257,-0.3183367127531213,-0.1553365761883471,-0.1255294343524268,0.7007474569521036,1.4467747230387933,1.4588032274737048,-0.3272653405638132,0.291136235167573,0.2428682999342449,0.0584027349007424,0.0056046181760657,0.0098749008591451,0.0429232158655316,downstairs,wiktor
1672842697200193700,-0.4242103938647719,0.560213469182987,-0.6202609578195382,0.937292507764867,-0.4242103938647719,-0.3183367127531213,-0.1553365761883471,0.560213469182987,0.7007474569521036,1.4467747230387933,-0.6202609578195382,-0.3272653405638132,0.291136235167573,0.0188525078492028,0.0093891120800796,0.0069888550062306,0.0024745407628926,downstairs,wiktor
1672842697210193700,-0.5612440545476832,0.6784408349341584,-0.6906106666020569,1.119026339321742,-0.5612440545476832,-0.4242103938647719,-0.3183367127531213,0.6784408349341584,0.560213469182987,0.7007474569521036,-0.6906106666020569,-0.6202609578195382,-0.3272653405638132,0.0300540562394517,0.0174267735488939,0.0085314432948675,0.0040958393956903,downstairs,wiktor
1672842697220193700,-0.7479351017293514,0.5478158503801497,-0.7811185601328463,1.2122934163438457,-0.7479351017293514,-0.5612440545476832,-0.4242103938647719,0.5478158503801497,0.6784408349341584,0.560213469182987,-0.7811185601328463,-0.6906106666020569,-0.6202609578195382,0.2038981359720672,0.0169160789321141,0.1859640809309212,0.0010179761090318,downstairs,wiktor
1672842697230193700,-0.931870301906556,-0.0620432824217151,-0.82624008734618,1.2469580227124326,-0.931870301906556,-0.7479351017293514,-0.5612440545476832,-0.0620432824217151,0.5478158503801497,0.6784408349341584,-0.82624008734618,-0.7811185601328463,-0.6906106666020569,0.0066992651872904,6.910299506181598e-05,0.0064006986290659,0.0002294635631626,downstairs,wiktor
1672842697240193700,-0.9201141975295256,-0.1751865423099286,-0.8048175028539821,1.2349217278848206,-0.9201141975295256,-0.931870301906556,-0.7479351017293514,-0.1751865423099286,-0.0620432824217151,0.5478158503801497,-0.8048175028539821,-0.82624008734618,-0.7811185601328463,0.0391787732270303,0.0021131700451685,0.0369140241530938,0.000151579028768,downstairs,wiktor
1672842697250193700,-0.8551038899595943,0.0965266305510639,-0.8222289375316896,1.1902018647036572,-0.8551038899595943,-0.9201141975295256,-0.931870301906556,0.0965266305510639,-0.1751865423099286,-0.0620432824217151,-0.8222289375316896,-0.8048175028539821,-0.82624008734618,0.0423753624442385,0.017764995224073,0.006125507127105,0.0184848600930604,downstairs,wiktor
1672842697260193700,-0.6666098835611255,0.2072109304955917,-1.0145040534102685,1.2314721194424547,-0.6666098835611255,-0.8551038899595943,-0.9201141975295256,0.2072109304955917,0.0965266305510639,-0.1751865423099286,-1.0145040534102685,-0.8222289375316896,-0.8048175028539821,0.2356193311243364,0.1890214385002911,1.3186703073705292e-05,0.0465847059209715,downstairs,wiktor
1672842697270193700,-0.0517579688689922,0.2020754260269527,-1.3197407023270444,1.3361245774717636,-0.0517579688689922,-0.6666098835611255,-0.8551038899595943,0.2020754260269527,0.2072109304955917,0.0965266305510639,-1.3197407023270444,-1.0145040534102685,-0.8222289375316896,0.4658490845968046,0.4618944877729852,0.0037745060529439,0.0001800907708755,downstairs,wiktor
1672842697280193700,0.909381446380414,0.2889604771340787,-1.3007622529238132,1.61321269862282,0.909381446380414,-0.0517579688689922,-0.6666098835611255,0.2889604771340787,0.2020754260269527,0.2072109304955917,-1.3007622529238132,-1.3197407023270444,-1.0145040534102685,0.5772709162289642,0.4537530456294932,0.0468364389179147,0.0766814316815562,downstairs,wiktor
1672842697290193700,1.862012587619764,0.5950207291038985,-0.9091465441440038,2.155849712583595,1.862012587619764,0.909381446380414,-0.0517579688689922,0.5950207291038985,0.2889604771340787,0.2020754260269527,-0.9091465441440038,-1.3007622529238132,-1.3197407023270444,0.112927455109655,0.0036742978895039,0.0386197645431299,0.0706333926770211,downstairs,wiktor
1672842697300193700,1.7762886365966817,0.872940733936692,-0.5332918044452175,2.049787060686272,1.7762886365966817,1.862012587619764,0.909381446380414,0.872940733936692,0.5950207291038985,0.2889604771340787,-0.5332918044452175,-0.9091465441440038,-1.3007622529238132,0.497090315186085,0.4922799169557536,0.0027952539293407,0.0020151443009905,downstairs,wiktor
1672842697310193700,0.7840387517836336,0.947710432736952,-0.46980725040267,1.3166589084299,0.7840387517836336,1.7762886365966817,1.862012587619764,0.947710432736952,0.872940733936692,0.5950207291038985,-0.46980725040267,-0.5332918044452175,-0.9091465441440038,0.4746788715102428,0.4740693002168817,0.000604199594045,5.371699316094292e-06,downstairs,wiktor
1672842697320193700,-0.1896853366694371,0.9824724693299102,-0.4665295379942686,1.1040301127051535,-0.1896853366694371,0.7840387517836336,1.7762886365966817,0.9824724693299102,0.947710432736952,0.872940733936692,-0.4665295379942686,-0.46980725040267,-0.5332918044452175,0.1117503843100894,0.1048233632252919,0.0037868372871924,0.0031401837976049,downstairs,wiktor
1672842697330193700,-0.6475572908777987,1.0694993305532416,-0.5457783083015101,1.3641969157109557,-0.6475572908777987,-0.1896853366694371,0.7840387517836336,1.0694993305532416,0.9824724693299102,0.947710432736952,-0.5457783083015101,-0.4665295379942686,-0.46980725040267,0.0142986944290413,0.0035829887884904,0.0106826885542225,3.301708632839256e-05,downstairs,wiktor
1672842697340193700,-0.7322093881759804,1.2156683324258857,-0.5539044496156139,1.523414002134729,-0.7322093881759804,-0.6475572908777987,-0.1896853366694371,1.2156683324258857,1.0694993305532416,0.9824724693299102,-0.5539044496156139,-0.5457783083015101,-0.4665295379942686,0.0333156006246853,0.0071536451387616,0.0048467219099762,0.0213152335759474,downstairs,wiktor
1672842697350193700,-0.6125963024473557,1.314123620856485,-0.3474329814852814,1.490940910059444,-0.6125963024473557,-0.7322093881759804,-0.6475572908777987,1.314123620856485,1.2156683324258857,1.0694993305532416,-0.3474329814852814,-0.5539044496156139,-0.5457783083015101,0.0816414702515985,0.0729627447626974,0.0051337414640128,0.0035449840248883,downstairs,wiktor
1672842697360193700,-0.2305943528117617,1.2127950319586542,-0.263231033468762,1.2622741865669682,-0.2305943528117617,-0.6125963024473557,-0.7322093881759804,1.2127950319586542,1.314123620856485,1.2156683324258857,-0.263231033468762,-0.3474329814852814,-0.5539044496156139,0.1258458229769711,0.0501179388267162,0.0677389831207699,0.007988901029485,downstairs,wiktor
1672842697370193700,0.0860061488515055,0.8447217155642981,-0.3896343643543443,0.934219873622892,0.0860061488515055,-0.2305943528117617,-0.6125963024473557,0.8447217155642981,1.2127950319586542,1.314123620856485,-0.3896343643543443,-0.263231033468762,-0.3474329814852814,0.022292209712291,0.0001667191075323,0.0178487272264075,0.0042767633783512,downstairs,wiktor
1672842697380193700,0.0677458581893986,0.6557840156396535,-0.4821196429488456,0.8167505901971603,0.0677458581893986,0.0860061488515055,-0.2305943528117617,0.6557840156396535,0.8447217155642981,1.2127950319586542,-0.4821196429488456,-0.3896343643543443,-0.263231033468762,0.0102691296738713,0.0095125448622238,1.5263628415996695e-05,0.0007413211832314,downstairs,wiktor
1672842697390193700,-0.0701856093024241,0.6502588679645236,-0.4436145476176697,0.7902888598339761,-0.0701856093024241,0.0677458581893986,0.0860061488515055,0.6502588679645236,0.6557840156396535,0.8447217155642981,-0.4436145476176697,-0.4821196429488456,-0.3896343643543443,0.0019206497348899,0.0007022266590008,0.0004017494910074,0.0008166735848817,downstairs,wiktor
1672842697400193700,-0.107661645885842,0.6786049255742654,-0.4840292376420086,0.8404641443278867,-0.107661645885842,-0.0701856093024241,0.0677458581893986,0.6786049255742654,0.6502588679645236,0.6557840156396535,-0.4840292376420086,-0.4436145476176697,-0.4821196429488456,0.0034736737493232,0.0001202899540262,0.0018122279681404,0.0015411558271564,downstairs,wiktor
1672842697410193700,-0.1231722844301632,0.738808380095422,-0.5395478079974576,0.923104041409108,-0.1231722844301632,-0.107661645885842,-0.0701856093024241,0.738808380095422,0.6786049255742654,0.6502588679645236,-0.5395478079974576,-0.4840292376420086,-0.4436145476176697,0.0010828900329013,0.0010325027434659,4.829005208334884e-05,2.097237352045697e-06,downstairs,wiktor
1672842697420193700,-0.1686146158726833,0.7486358977965863,-0.5415958496728371,0.9392617635879978,-0.1686146158726833,-0.1231722844301632,-0.107661645885842,0.7486358977965863,0.738808380095422,0.6786049255742654,-0.5415958496728371,-0.5395478079974576,-0.4840292376420086,0.0005413336282143,8.058144227653776e-06,9.460792982663892e-06,0.000523814691004,downstairs,wiktor
1672842697430193700,-0.1726291256130261,0.7442860028593117,-0.5739629530651417,0.9556128612327628,-0.1726291256130261,-0.1686146158726833,-0.1231722844301632,0.7442860028593117,0.7486358977965863,0.738808380095422,-0.5739629530651417,-0.5415958496728371,-0.5395478079974576,0.0019712966657527,0.0004960042329602,1.779267143407091e-05,0.0014574997613584,downstairs,wiktor
1672842697440193700,-0.1411329597206437,0.7502513480184908,-0.627953688591868,0.9884945283304324,-0.1411329597206437,-0.1726291256130261,-0.1686146158726833,0.7502513480184908,0.7442860028593117,0.7486358977965863,-0.627953688591868,-0.5739629530651417,-0.5415958496728371,0.0030469944599134,0.0029163048635034,7.421260699783378e-05,5.647698941217068e-05,downstairs,wiktor
1672842697450193700,-0.0647614354003386,0.7624343367320893,-0.6385816695301432,0.99663770247925,-0.0647614354003386,-0.1411329597206437,-0.1726291256130261,0.7624343367320893,0.7502513480184908,0.7442860028593117,-0.6385816695301432,-0.627953688591868,-0.5739629530651417,0.0011348724317214,0.0002349127275593,0.0006116611743419,0.0002882985298201,downstairs,wiktor
1672842697460193700,-0.0430859779629832,0.7974103620735137,-0.662594105050938,1.0376659554439918,-0.0430859779629832,-0.0647614354003386,-0.1411329597206437,0.7974103620735137,0.7624343367320893,0.7502513480184908,-0.662594105050938,-0.6385816695301432,-0.627953688591868,0.0006825112046589,0.0006617320126176,3.29479979551923e-06,1.7484392245765434e-05,downstairs,wiktor
1672842697470193700,-0.0794654230554441,0.7999773836143346,-0.6685075460535633,1.0455529192185222,-0.0794654230554441,-0.0430859779629832,-0.0647614354003386,0.7999773836143346,0.7974103620735137,0.7624343367320893,-0.6685075460535633,-0.662594105050938,-0.6385816695301432,0.0014579734842852,0.0009229127175399,0.0001853811762614,0.0003496795904838,downstairs,wiktor
1672842697480193700,-0.1224284936519456,0.7807221933394266,-0.6420621460572005,1.0182139650536066,-0.1224284936519456,-0.0794654230554441,-0.0430859779629832,0.7807221933394266,0.7999773836143346,0.7974103620735137,-0.6420621460572005,-0.6685075460535633,-0.662594105050938,0.0495063890241398,0.0257795747525061,0.0157034506111459,0.0080233636604877,downstairs,wiktor
1672842697490193700,-0.3494948925422533,0.6035022700173238,-0.5153864683563276,0.8671706185024904,-0.3494948925422533,-0.1224284936519456,-0.0794654230554441,0.6035022700173238,0.7807221933394266,0.7999773836143346,-0.5153864683563276,-0.6420621460572005,-0.6685075460535633,0.0367444218801393,0.0013389460660551,0.0346794479578473,0.0007260278562368,downstairs,wiktor
1672842697500193700,-0.4012432464495062,0.3401414986110745,-0.5534923171524606,0.7635745720265487,-0.4012432464495062,-0.3494948925422533,-0.1224284936519456,0.3401414986110745,0.6035022700173238,0.7807221933394266,-0.5534923171524606,-0.5153864683563276,-0.6420621460572005,0.0072831369908405,0.0022808644790086,1.25316672424897e-05,0.0049897408445894,downstairs,wiktor
1672842697510193700,-0.3337026737689516,0.3351351691687606,-0.6533896729191621,0.8065922890604216,-0.3337026737689516,-0.4012432464495062,-0.3494948925422533,0.3351351691687606,0.3401414986110745,0.6035022700173238,-0.6533896729191621,-0.5534923171524606,-0.5153864683563276,0.0339323677210678,0.0093870791116629,0.005498184501467,0.0190471041079377,downstairs,wiktor
1672842697520193700,-0.1966838494296442,0.2302715958797763,-0.8485670492102564,0.9009858941742004,-0.1966838494296442,-0.3337026737689516,-0.4012432464495062,0.2302715958797763,0.3351351691687606,0.3401414986110745,-0.8485670492102564,-0.6533896729191621,-0.5534923171524606,0.0601445331113906,0.0595778209981737,0.0005666111482691,1.0096494770525133e-07,downstairs,wiktor
1672842697530193700,0.1485054348715164,0.2639349631584406,-0.8481176831062716,0.9005660072206677,0.1485054348715164,-0.1966838494296442,-0.3337026737689516,0.2639349631584406,0.2302715958797763,0.3351351691687606,-0.8481176831062716,-0.8485670492102564,-0.6533896729191621,0.0195692894295316,0.0022219030957652,0.0006113254671764,0.0167360608665899,downstairs,wiktor
1672842697540193700,0.2151673144694582,0.2989013889745431,-0.6651638044013373,0.7603169735265486,0.2151673144694582,0.1485054348715164,-0.1966838494296442,0.2989013889745431,0.2639349631584406,0.2302715958797763,-0.6651638044013373,-0.8481176831062716,-0.8485670492102564,0.0522644603736265,0.0051347438158284,0.0034291686258988,0.0437005479318992,downstairs,wiktor
1672842697550193700,0.1138288339615239,0.2160863103245916,-0.3695270410179608,0.4429452911977117,0.1138288339615239,0.2151673144694582,0.1485054348715164,0.2160863103245916,0.2989013889745431,0.2639349631584406,-0.3695270410179608,-0.6651638044013373,-0.8481176831062716,0.0317860225485427,0.0031617843466253,0.0005636931425311,0.0280605450593861,downstairs,wiktor
1672842697560193700,0.03430796441616,0.1825097368683505,-0.1326281382793194,0.2282039954461212,0.03430796441616,0.1138288339615239,0.2151673144694582,0.1825097368683505,0.2160863103245916,0.2989013889745431,-0.1326281382793194,-0.3695270410179608,-0.6651638044013373,0.0175540277214962,0.0102502015165719,0.0073018148959638,2.011308960460668e-06,downstairs,wiktor
1672842697570193700,-0.108871653662475,0.3033552158567171,-0.1346337847887825,0.3492902517466377,-0.108871653662475,0.03430796441616,0.1138288339615239,0.3033552158567171,0.1825097368683505,0.2160863103245916,-0.1346337847887825,-0.1326281382793194,-0.3695270410179608,0.0327438863479622,0.0083199643699326,0.0209306513658154,0.0034932706122141,downstairs,wiktor
1672842697580193700,-0.2378675014245848,0.5079555646629469,-0.2182193171758426,0.6018467199335052,-0.2378675014245848,-0.108871653662475,0.03430796441616,0.5079555646629469,0.3033552158567171,0.1825097368683505,-0.2182193171758426,-0.1346337847887825,-0.1326281382793194,0.0019532006202195,0.0001149527816725,0.0003536957019347,0.0014845521366121,downstairs,wiktor
1672842697590193700,-0.2227048643404507,0.5345523953739469,-0.2727088049071874,0.6400889096639852,-0.2227048643404507,-0.2378675014245848,-0.108871653662475,0.5345523953739469,0.5079555646629469,0.3033552158567171,-0.2727088049071874,-0.2182193171758426,-0.1346337847887825,0.0026120340199851,0.0012420957895215,1.195074197367424e-05,0.0013579874884898,downstairs,wiktor
1672842697600193700,-0.172863199249453,0.5296634809804084,-0.3248238217159705,0.6449306969692233,-0.172863199249453,-0.2227048643404507,-0.2378675014245848,0.5296634809804084,0.5345523953739469,0.5079555646629469,-0.3248238217159705,-0.2727088049071874,-0.2182193171758426,0.0048889982075249,0.0014441140410077,0.0012569154062727,0.0021879687602444,downstairs,wiktor
1672842697610193700,-0.2266054366611535,0.5798015983418079,-0.390974691101708,0.7351062007942684,-0.2266054366611535,-0.172863199249453,-0.2227048643404507,0.5798015983418079,0.5296634809804084,0.5345523953739469,-0.390974691101708,-0.3248238217159705,-0.2727088049071874,0.0054987474538365,0.0035722482601657,0.0019132158293137,1.3283364357006409e-05,downstairs,wiktor
1672842697620193700,-0.3111305602655088,0.6416597559172443,-0.3961289833629223,0.8157497406405039,-0.3111305602655088,-0.2266054366611535,-0.172863199249453,0.6416597559172443,0.5798015983418079,0.5296634809804084,-0.3961289833629223,-0.390974691101708,-0.3248238217159705,0.0019650317260351,0.001378052167872,0.0001162883544661,0.0004706912036969,downstairs,wiktor
1672842697630193700,-0.2586319475624655,0.6569102217767601,-0.4268109390925343,0.8249782430487468,-0.2586319475624655,-0.3111305602655088,-0.2266054366611535,0.6569102217767601,0.6416597559172443,0.5798015983418079,-0.4268109390925343,-0.3961289833629223,-0.390974691101708,0.0085048205449303,0.0002315566546621,0.0071538125455075,0.0011194513447606,downstairs,wiktor
1672842697640193700,-0.2801520151581844,0.7765247070660221,-0.3794938947055338,0.9085655663736864,-0.2801520151581844,-0.2586319475624655,-0.3111305602655088,0.7765247070660221,0.6569102217767601,0.6416597559172443,-0.3794938947055338,-0.4268109390925343,-0.3961289833629223,0.0064548158218408,3.516184140803055e-05,1.1587009508538146e-06,0.0064184952794819,downstairs,wiktor
1672842697650193700,-0.2885379368616145,0.7780470085807384,-0.2661934509333935,0.8714758986280812,-0.2885379368616145,-0.2801520151581844,-0.2586319475624655,0.7780470085807384,0.7765247070660221,0.6569102217767601,-0.2661934509333935,-0.3794938947055338,-0.4268109390925343,0.0753159077062754,0.0054893119251342,0.0514646928327965,0.0183619029483447,downstairs,wiktor
1672842697660193700,-0.183759008396639,0.4572209097895194,-0.4578280143521293,0.6726253223313002,-0.183759008396639,-0.2885379368616145,-0.2801520151581844,0.4572209097895194,0.7780470085807384,0.7765247070660221,-0.4578280143521293,-0.2661934509333935,-0.3794938947055338,0.6182790269769977,0.2174814296129091,0.3107684730401369,0.0900291243239516,downstairs,wiktor
1672842697670193700,0.4757581325677321,-0.3311552352581816,-0.8821607242012561,1.0555648411473937,0.4757581325677321,-0.183759008396639,-0.2885379368616145,-0.3311552352581816,0.4572209097895194,0.7780470085807384,-0.8821607242012561,-0.4578280143521293,-0.2661934509333935,0.1704168987555048,0.026632825872894,0.0021916904342184,0.1415923824483923,downstairs,wiktor
1672842697680193700,0.7065516587893056,-0.3973623411338873,-0.3500096508237943,0.8829602665800526,0.7065516587893056,0.4757581325677321,-0.183759008396639,-0.3973623411338873,-0.3311552352581816,0.4572209097895194,-0.3500096508237943,-0.8821607242012561,-0.4578280143521293,0.3607907467835274,0.0237890008559559,0.1684566405140537,0.1685451054135178,downstairs,wiktor
1672842697690193700,0.4884278368167575,0.1830799738536637,0.2305850536190171,0.5703064926478045,0.4884278368167575,0.7065516587893056,0.4757581325677321,0.1830799738536637,-0.3973623411338873,-0.3311552352581816,0.2305850536190171,-0.3500096508237943,-0.8821607242012561,0.4107594078232003,0.0439191027148811,0.3668363367007778,3.968407541427414e-06,downstairs,wiktor
1672842697700193700,0.1920527274877818,1.0396269214295428,0.2277678182573806,1.0814742553247825,0.1920527274877818,0.4884278368167575,0.7065516587893056,1.0396269214295428,0.1830799738536637,-0.3973623411338873,0.2277678182573806,0.2305850536190171,-0.3500096508237943,0.3173048505379298,0.1051697199335789,0.2044331224201999,0.0077020081841509,downstairs,wiktor
1672842697710193700,-0.2665750517266458,1.6790534182533765,0.1036549004433923,1.7032401410069398,-0.2665750517266458,0.1920527274877818,0.4884278368167575,1.6790534182533765,1.0396269214295428,0.1830799738536637,0.1036549004433923,0.2277678182573806,0.2305850536190171,0.0708761905798021,0.0222419764979854,0.0449405867334077,0.0036936273484089,downstairs,wiktor
1672842697720193700,-0.4774872443471081,1.978855308619024,0.0177057602684155,2.0357249064916823,-0.4774872443471081,-0.2665750517266458,0.1920527274877818,1.978855308619024,1.6790534182533765,1.0396269214295428,0.0177057602684155,0.1036549004433923,0.2277678182573806,0.0496541101343018,0.0108320174695976,0.0292768139571319,0.0095452787075723,downstairs,wiktor
1672842697730193700,-0.6246743189807026,2.2208338777408856,-0.1204628230461159,2.310158524658397,-0.6246743189807026,-0.4774872443471081,-0.2665750517266458,2.2208338777408856,1.978855308619024,1.6790534182533765,-0.1204628230461159,0.0177057602684155,0.1036549004433923,0.0827388391735998,9.32691670964206e-05,0.0057757163665235,0.0768698536399798,downstairs,wiktor
1672842697740193700,-0.6383322227068547,2.1133562859691724,-0.5125593765631798,2.266375946857477,-0.6383322227068547,-0.6246743189807026,-0.4774872443471081,2.1133562859691724,2.2208338777408856,1.978855308619024,-0.5125593765631798,-0.1204628230461159,0.0177057602684155,0.0852097084450534,0.0520405722709989,0.0317539577465434,0.001415178427511,downstairs,wiktor
1672842697750193700,-0.315716128033948,1.8613485172534303,-0.4593582783130293,1.943014411690506,-0.315716128033948,-0.6383322227068547,-0.6246743189807026,1.8613485172534303,2.1133562859691724,2.2208338777408856,-0.4593582783130293,-0.5125593765631798,-0.1204628230461159,0.3133362803855414,0.1756327076449763,0.0798823131009166,0.0578212596396483,downstairs,wiktor
1672842697760193700,0.2769603564750568,1.4616428427855377,-0.1192957557097633,1.4924269885844808,0.2769603564750568,-0.315716128033948,-0.6383322227068547,1.4616428427855377,1.8613485172534303,2.1133562859691724,-0.1192957557097633,-0.4593582783130293,-0.5125593765631798,0.1438381734981246,0.0775566975315845,1.7609535076740833e-05,0.0662638664314633,downstairs,wiktor
1672842697770193700,0.6708047357204246,1.4675774084944568,0.2447478307780728,1.6320735106173456,0.6708047357204246,0.2769603564750568,-0.315716128033948,1.4675774084944568,1.4616428427855377,1.8613485172534303,0.2447478307780728,-0.1192957557097633,-0.4593582783130293,0.0080317051225668,6.17349838804977e-05,0.0002263508003196,0.0077436193383667,downstairs,wiktor
1672842697780193700,0.6596930316314473,1.488854193980973,0.3691955654972449,1.6697865350099852,0.6596930316314473,0.6708047357204246,0.2769603564750568,1.488854193980973,1.4675774084944568,1.4616428427855377,0.3691955654972449,0.2447478307780728,-0.1192957557097633,0.0473935361757041,0.0411000172037964,0.0035437895534529,0.0027497294184547,downstairs,wiktor
1672842697790193700,0.3729875478896938,1.4046664329529834,0.2950372292368515,1.4829883564550947,0.3729875478896938,0.6596930316314473,0.6708047357204246,1.4046664329529834,1.488854193980973,1.4675774084944568,0.2950372292368515,0.3691955654972449,0.2447478307780728,0.0177399832439537,0.0137006369986453,0.0033753026035422,0.0006640436417661,downstairs,wiktor
1672842697800193700,0.2074542461124057,1.3225043662367402,0.3314801611102929,1.3791062903761313,0.2074542461124057,0.3729875478896938,0.6596930316314473,1.3225043662367402,1.4046664329529834,1.488854193980973,0.3314801611102929,0.2950372292368515,0.3691955654972449,0.0964652178770291,0.0553946643039315,0.0005466635865561,0.0405238899865413,downstairs,wiktor
1672842697810193700,-0.1253960634981805,1.3555698644654433,0.6161690790067976,1.4943085906571592,-0.1253960634981805,0.2074542461124057,0.3729875478896938,1.3555698644654433,1.3225043662367402,1.4046664329529834,0.6161690790067976,0.3314801611102929,0.2950372292368515,0.0915305981572092,0.0484725272033075,0.0101780044852937,0.0328800664686079,downstairs,wiktor
1672842697820193700,-0.4367560712169225,1.498244350518793,0.8726064650042685,1.7879972154266814,-0.4367560712169225,-0.1253960634981805,0.2074542461124057,1.498244350518793,1.3555698644654433,1.3225043662367402,0.8726064650042685,0.6161690790067976,0.3314801611102929,0.0081921647024963,0.0001044686570125,0.0005083619965555,0.0075793340489282,downstairs,wiktor
1672842697830193700,-0.4223014071244899,1.5301304602393444,0.9957270079605786,1.873795607368562,-0.4223014071244899,-0.4367560712169225,-0.1253960634981805,1.5301304602393444,1.498244350518793,1.3555698644654433,0.9957270079605786,0.8726064650042685,0.6161690790067976,0.0092150760273037,0.0059683673308286,0.0003917169669278,0.0028549917295473,downstairs,wiktor
1672842697840193700,-0.3130460426719505,1.5021405703886193,1.0712914404608933,1.8713870439983256,-0.3130460426719505,-0.4223014071244899,-0.4367560712169225,1.5021405703886193,1.5301304602393444,1.498244350518793,1.0712914404608933,0.9957270079605786,0.8726064650042685,0.0108719180890095,0.0072933552729048,0.0029286333885944,0.0006499294275102,downstairs,wiktor
1672842697850193700,-0.1922705876083915,1.4256077880193043,1.107344995833706,1.815361805238427,-0.1922705876083915,-0.3130460426719505,-0.4223014071244899,1.4256077880193043,1.5021405703886193,1.5301304602393444,1.107344995833706,1.0712914404608933,0.9957270079605786,0.0443877626169326,0.0276071069794885,0.0138466884391789,0.0029339671982651,downstairs,wiktor
1672842697860193700,0.0427064622474978,1.2591945166784708,1.0307425520311078,1.627828271445863,0.0427064622474978,-0.1922705876083915,-0.3130460426719505,1.2591945166784708,1.4256077880193043,1.5021405703886193,1.0307425520311078,1.107344995833706,1.0712914404608933,0.0118418885304607,0.0030359720978201,0.000109933408459,0.0086959830241815,downstairs,wiktor
1672842697870193700,0.1206291431282294,1.2740224233722075,0.8988639485794369,1.5638545084127422,0.1206291431282294,0.0427064622474978,-0.1922705876083915,1.2740224233722075,1.2591945166784708,1.4256077880193043,0.8988639485794369,1.0307425520311078,1.107344995833706,0.0155026661008873,0.0016000406587496,0.0059307779403389,0.0079718475017987,downstairs,wiktor
1672842697880193700,0.177198404370527,1.3829331936416251,0.7725956033633954,1.5939910473160552,0.177198404370527,0.1206291431282294,0.0427064622474978,1.3829331936416251,1.2740224233722075,1.2591945166784708,0.7725956033633954,0.8988639485794369,1.0307425520311078,0.0891870706248917,0.0517317870195551,0.0008667513751244,0.0365885322302121,downstairs,wiktor
1672842697890193700,0.4988559459253773,1.341297839070673,0.5020830076115077,1.5165831643576215,0.4988559459253773,0.177198404370527,0.1206291431282294,1.341297839070673,1.3829331936416251,1.2740224233722075,0.5020830076115077,0.7725956033633954,0.8988639485794369,0.3356576543351125,0.1131312816919787,0.0564722019627317,0.1660541706804019,downstairs,wiktor
1672842697900193700,0.9745265918390784,1.0052258171386714,-0.0742054109436494,1.4020297659667984,0.9745265918390784,0.4988559459253773,0.177198404370527,1.0052258171386714,1.341297839070673,1.3829331936416251,-0.0742054109436494,0.5020830076115077,0.7725956033633954,0.0168530153082682,0.0002363656964581,0.0165216535672674,9.499604454265193e-05,downstairs,wiktor
1672842697910193700,0.9962689788496248,0.8234476360097612,-0.0879891727337161,1.2955153345238728,0.9962689788496248,0.9745265918390784,0.4988559459253773,0.8234476360097612,1.0052258171386714,1.341297839070673,-0.0879891727337161,-0.0742054109436494,0.5020830076115077,0.0241617351616367,0.0056056501878133,0.0018547265217512,0.0167013584520722,downstairs,wiktor
1672842697920193700,0.8903855506107043,0.8843529152842424,0.0947749290591261,1.2585105461164112,0.8903855506107043,0.9962689788496248,0.9745265918390784,0.8843529152842424,0.8234476360097612,1.0052258171386714,0.0947749290591261,-0.0879891727337161,-0.0742054109436494,0.0194949960674679,0.0020322374663031,0.0087937745416623,0.0086689840595024,downstairs,wiktor
1672842697930193700,0.8266323159272293,1.0169709724383291,0.2264486474656668,1.3299736593092382,0.8266323159272293,0.8903855506107043,0.9962689788496248,1.0169709724383291,0.8843529152842424,0.8234476360097612,0.2264486474656668,0.0947749290591261,-0.0879891727337161,0.0042503788431873,0.0003129515905086,0.0036925123459293,0.0002449149067493,downstairs,wiktor
1672842697940193700,0.8016142588280588,1.102907138816977,0.2485807466317805,1.385922784431341,0.8016142588280588,0.8266323159272293,0.8903855506107043,1.102907138816977,1.0169709724383291,0.8843529152842424,0.2485807466317805,0.2264486474656668,0.0947749290591261,0.0084269520250455,0.0052095524186142,0.001252410828166,0.0019649887782652,downstairs,wiktor
1672842697950193700,0.6995402423633945,1.1529553321543196,0.1858912135618134,1.36132953097639,0.6995402423633945,0.8016142588280588,0.8266323159272293,1.1529553321543196,1.102907138816977,1.0169709724383291,0.1858912135618134,0.2485807466317805,0.2264486474656668,0.0255000810122266,0.0166066855691489,2.45451448811048e-05,0.0088688502981965,downstairs,wiktor
1672842697960193700,0.517294882646616,1.1599617784548495,0.0527082544552027,1.271174056994646,0.517294882646616,0.6995402423633945,0.8016142588280588,1.1599617784548495,1.1529553321543196,1.102907138816977,0.0527082544552027,0.1858912135618134,0.2485807466317805,0.028509326542185,0.0255123473041335,0.0001471695086878,0.0028498097293636,downstairs,wiktor
1672842697970193700,0.2914084186690968,1.1771180897534854,-0.0227875696592963,1.2128664959619817,0.2914084186690968,0.517294882646616,0.6995402423633945,1.1771180897534854,1.1599617784548495,1.1529553321543196,-0.0227875696592963,0.0527082544552027,0.1858912135618134,0.024778397709388,0.0233065034624811,0.0010566511187118,0.0004152431281949,downstairs,wiktor
1672842697980193700,0.0755079626136211,1.2230887568948676,0.0060305887896737,1.22543213915004,0.0755079626136211,0.2914084186690968,0.517294882646616,1.2230887568948676,1.1771180897534854,1.1599617784548495,0.0060305887896737,-0.0227875696592963,0.0527082544552027,0.0192737477457973,0.0126337140914068,0.0013370189132417,0.0053030147411487,downstairs,wiktor
1672842697990193700,-0.0834493529865539,1.274799856539756,0.1090161677912864,1.282171202916192,-0.0834493529865539,0.0755079626136211,0.2914084186690968,1.274799856539756,1.2230887568948676,1.1771180897534854,0.1090161677912864,0.0060305887896737,-0.0227875696592963,0.0050256148584114,0.000859811387737,5.697479372900676e-05,0.0041088286769453,downstairs,wiktor
1672842698000193700,-0.1249176875983282,1.2641251393323536,0.1996674631702866,1.2858786460688325,-0.1249176875983282,-0.0834493529865539,0.0755079626136211,1.2641251393323536,1.274799856539756,1.2230887568948676,0.1996674631702866,0.1090161677912864,0.0060305887896737,0.006877582604531,0.0016514766374291,0.0012503133643031,0.0039757926027986,downstairs,wiktor
1672842698010193700,-0.067446361923185,1.2141188724390295,0.2888391246194117,1.249824662926845,-0.067446361923185,-0.1249176875983282,-0.0834493529865539,1.2141188724390295,1.2641251393323536,1.274799856539756,0.2888391246194117,0.1996674631702866,0.1090161677912864,0.0141058155808885,0.0094488012510572,0.004641111083221,1.590324661029802e-05,downstairs,wiktor
1672842698020193700,0.0700221890334409,1.1177745826941663,0.283199400049843,1.1552164406996397,0.0700221890334409,-0.067446361923185,-0.1249176875983282,1.1177745826941663,1.2141188724390295,1.2641251393323536,0.283199400049843,0.2888391246194117,0.1996674631702866,0.019224114721837,0.014362051162799,0.0045531743567236,0.0003088892023143,downstairs,wiktor
1672842698030193700,0.2395040533304747,1.0223473920541437,0.2583442515966831,1.0813408962647653,0.2395040533304747,0.0700221890334409,-0.067446361923185,1.0223473920541437,1.1177745826941663,1.2141188724390295,0.2583442515966831,0.283199400049843,0.2888391246194117,0.0154819412265702,0.0139880357495423,0.0010991243514148,0.000394781125613,downstairs,wiktor
1672842698040193700,0.4067645432827786,0.9754619070632664,0.286443401961526,1.0950037206926946,0.4067645432827786,0.2395040533304747,0.0700221890334409,0.9754619070632664,1.0223473920541437,1.1177745826941663,0.286443401961526,0.2583442515966831,0.283199400049843,0.0214966157265633,0.0168663246869126,0.0004451654667951,0.0041851255728554,downstairs,wiktor
1672842698050193700,0.5904290454976195,0.945623493338834,0.3779324786084729,1.1771334704733842,0.5904290454976195,0.4067645432827786,0.2395040533304747,0.945623493338834,0.9754619070632664,1.0223473920541437,0.3779324786084729,0.286443401961526,0.2583442515966831,0.0023888220213034,0.000728661218164,1.2049215086278208e-05,0.001648111588053,downstairs,wiktor
1672842698060193700,0.628603938245709,0.9407144781450753,0.435345222630216,1.2122755888974786,0.628603938245709,0.5904290454976195,0.4067645432827786,0.9407144781450753,0.945623493338834,0.9754619070632664,0.435345222630216,0.3779324786084729,0.286443401961526,0.0001056680563986,7.0880151504688e-05,1.5872780744286945e-06,3.32006268195028e-05,downstairs,wiktor
1672842698070193700,0.6405102518233609,0.9389327497289416,0.4271965261921956,1.214226075817455,0.6405102518233609,0.628603938245709,0.5904290454976195,0.9389327497289416,0.9407144781450753,0.945623493338834,0.4271965261921956,0.435345222630216,0.3779324786084729,0.0002969075011258,2.495946403100525e-05,8.773089393987487e-05,0.0001842171431549,downstairs,wiktor
1672842698080193700,0.6475755846578429,0.9256865507315029,0.4080018840671169,1.2011308277837396,0.6475755846578429,0.6405102518233609,0.628603938245709,0.9256865507315029,0.9389327497289416,0.9407144781450753,0.4080018840671169,0.4271965261921956,0.435345222630216,0.0027818979624524,0.0018689974356865,0.000723868382043,0.0001890321447228,downstairs,wiktor
1672842698090193700,0.5864364411295516,0.8876374145509527,0.3885580086960453,1.13260107951442,0.5864364411295516,0.6475755846578429,0.6405102518233609,0.8876374145509527,0.9256865507315029,0.9389327497289416,0.3885580086960453,0.4080018840671169,0.4271965261921956,0.0238888145651732,0.0199940125770774,0.0009435360328057,0.00295126595529,downstairs,wiktor
1672842698100193700,0.3864663804850768,0.8441969718090618,0.3117300716511127,0.979387782254013,0.3864663804850768,0.5864364411295516,0.6475755846578429,0.8441969718090618,0.8876374145509527,0.9256865507315029,0.3117300716511127,0.3885580086960453,0.4080018840671169,0.0151211786098732,0.0091565228705148,6.780473834802053e-06,0.0059578752655236,downstairs,wiktor
1672842698110193700,0.2511406780445218,0.8405144526075363,0.2025707819362776,0.9003172257071856,0.2511406780445218,0.3864663804850768,0.5864364411295516,0.8405144526075363,0.8441969718090618,0.8876374145509527,0.2025707819362776,0.3117300716511127,0.3885580086960453,0.0088633493521726,0.0051894907311846,2.890949346499865e-05,0.0036449491275229,downstairs,wiktor
1672842698120193700,0.3530179643372438,0.8329105728787402,0.1171898809393568,0.9121925091517598,0.3530179643372438,0.2511406780445218,0.3864663804850768,0.8329105728787402,0.8405144526075363,0.8441969718090618,0.1171898809393568,0.2025707819362776,0.3117300716511127,0.0112647033063936,0.0083187891298471,0.0010445487331458,0.0019013654434007,downstairs,wiktor
1672842698130193700,0.4820047010960838,0.7872039271224434,0.0555235944709678,0.9247169427985512,0.4820047010960838,0.3530179643372438,0.2511406780445218,0.7872039271224434,0.8329105728787402,0.8405144526075363,0.0555235944709678,0.1171898809393568,0.2025707819362776,0.002504735990676,1.0478699633716769e-05,0.0024531473085728,4.110998246952365e-05,downstairs,wiktor
1672842698140193700,0.4865826263103521,0.7171589800017146,0.0464560719350682,0.8678927476617232,0.4865826263103521,0.4820047010960838,0.3530179643372438,0.7171589800017146,0.7872039271224434,0.8329105728787402,0.0464560719350682,0.0555235944709678,0.1171898809393568,0.0046660084692853,0.0004265280453826,0.0040444293321246,0.0001950510917781,downstairs,wiktor
1672842698150193700,0.4573755023375052,0.6272208976102758,0.0662070765565112,0.7790903551730601,0.4573755023375052,0.4865826263103521,0.4820047010960838,0.6272208976102758,0.7171589800017146,0.7872039271224434,0.0662070765565112,0.0464560719350682,0.0555235944709678,0.0069636180001883,6.792957332981833e-05,0.0060511098911091,0.0008445785357494,downstairs,wiktor
1672842698160193700,0.4690313655256022,0.517210808153816,0.1073064326524262,0.7064078937883723,0.4690313655256022,0.4573755023375052,0.4865826263103521,0.517210808153816,0.6272208976102758,0.7171589800017146,0.1073064326524262,0.0662070765565112,0.0464560719350682,0.0080297066911171,0.001053890315917,0.005666548779559,0.0013092675956411,downstairs,wiktor
1672842698170193700,0.5149419376395938,0.4107537860316557,0.1584780575170151,0.6774947723737246,0.5149419376395938,0.4690313655256022,0.4573755023375052,0.4107537860316557,0.517210808153816,0.6272208976102758,0.1584780575170151,0.1073064326524262,0.0662070765565112,0.0043454845674785,9.0718118287317e-05,0.0037967990389623,0.0004579674102289,downstairs,wiktor
1672842698180193700,0.5284117645343477,0.323612532437708,0.1887424726023567,0.6477405229048905,0.5284117645343477,0.5149419376395938,0.4690313655256022,0.323612532437708,0.4107537860316557,0.517210808153816,0.1887424726023567,0.1584780575170151,0.1073064326524262,0.0022008131250735,0.0001614917275919,0.001975461241381,6.386015610060075e-05,downstairs,wiktor
1672842698190193700,0.5104400240737265,0.260756168537447,0.2000438137706076,0.6070916940912677,0.5104400240737265,0.5284117645343477,0.5149419376395938,0.260756168537447,0.323612532437708,0.4107537860316557,0.2000438137706076,0.1887424726023567,0.1584780575170151,0.0019030829211661,0.0001985656036973,0.0016408856382987,6.36316791700877e-05,downstairs,wiktor
1672842698200193700,0.4905118729453676,0.2034694224560236,0.211324920025766,0.5715417090631766,0.4905118729453676,0.5104400240737265,0.5284117645343477,0.2034694224560236,0.260756168537447,0.323612532437708,0.211324920025766,0.2000438137706076,0.1887424726023567,0.0016592381927607,0.0001929371477649,0.0014661011649296,1.9988006606700419e-07,downstairs,wiktor
1672842698210193700,0.4708681895960074,0.149319608699563,0.2106926541543686,0.5370331386704406,0.4708681895960074,0.4905118729453676,0.5104400240737265,0.149319608699563,0.2034694224560236,0.260756168537447,0.2106926541543686,0.211324920025766,0.2000438137706076,0.0014966728944094,8.797886905797477e-05,0.0013357052733111,7.298875204027334e-05,downstairs,wiktor
1672842698220193700,0.4841330958571142,0.0976339187397459,0.1986105391044054,0.5323188732667813,0.4841330958571142,0.4708681895960074,0.4905118729453676,0.0976339187397459,0.149319608699563,0.2034694224560236,0.1986105391044054,0.2106926541543686,0.211324920025766,0.0020286851879141,0.0008245441777675,0.0010908443633353,0.0001132966468112,downstairs,wiktor
1672842698230193700,0.5247420647622111,0.0509253678451744,0.1835575230072099,0.558248145427835,0.5247420647622111,0.4841330958571142,0.4708681895960074,0.0509253678451744,0.0976339187397459,0.149319608699563,0.1835575230072099,0.1986105391044054,0.2106926541543686,0.0019462398132479,0.0016020246211679,0.0002872667656817,5.694842639822267e-05,downstairs,wiktor
1672842698240193700,0.5813463865259774,0.0269559387455189,0.1728852761586571,0.607107537815928,0.5813463865259774,0.5247420647622111,0.4841330958571142,0.0269559387455189,0.0509253678451744,0.0976339187397459,0.1728852761586571,0.1835575230072099,0.1986105391044054,0.0021393762783231,0.0019394991851443,0.0001357282493872,6.414884379158768e-05,downstairs,wiktor
1672842698250193700,0.6436279919186513,0.0434318757074774,0.1615584192432027,0.665014618363437,0.6436279919186513,0.5813463865259774,0.5247420647622111,0.0434318757074774,0.0269559387455189,0.0509253678451744,0.1615584192432027,0.1728852761586571,0.1835575230072099,0.0033191810854991,0.0016179622852281,0.0012990727147991,0.0004021460854718,downstairs,wiktor
1672842698260193700,0.7005131795377166,0.0944038820403496,0.1331983739163052,0.7192861839798379,0.7005131795377166,0.6436279919186513,0.5813463865259774,0.0944038820403496,0.0434318757074774,0.0269559387455189,0.1331983739163052,0.1615584192432027,0.1728852761586571,0.0042648814668297,0.0021610650719851,0.0020830018767774,2.0814518067122538e-05,downstairs,wiktor
1672842698270193700,0.7662560889954698,0.1589484693700006,0.1267463171795549,0.7927658158348402,0.7662560889954698,0.7005131795377166,0.6436279919186513,0.1589484693700006,0.0944038820403496,0.0434318757074774,0.1267463171795549,0.1331983739163052,0.1615584192432027,0.0025023310395443,0.0002244529096424,0.0022441821861493,3.369594375260434e-05,downstairs,wiktor
1672842698280193700,0.7874434866479626,0.2259437257117643,0.1185370609705425,0.8277492655849035,0.7874434866479626,0.7662560889954698,0.7005131795377166,0.2259437257117643,0.1589484693700006,0.0944038820403496,0.1185370609705425,0.1267463171795549,0.1331983739163052,0.0023497791874806,0.0003641553520779,0.0016895107473557,0.0002961130880469,downstairs,wiktor
1672842698290193700,0.8144307188913017,0.2840730771162958,0.0942013634031046,0.867680128781988,0.8144307188913017,0.7874434866479626,0.7662560889954698,0.2840730771162958,0.2259437257117643,0.1589484693700006,0.0942013634031046,0.1185370609705425,0.1267463171795549,0.0011604365941072,0.0005386099937839,0.0004386292320393,0.0001831973682839,downstairs,wiktor
1672842698300193700,0.8472517485455937,0.3136916264406431,0.0750599231080836,0.906571538252516,0.8472517485455937,0.8144307188913017,0.7874434866479626,0.3136916264406431,0.2840730771162958,0.2259437257117643,0.0750599231080836,0.0942013634031046,0.1185370609705425,0.0006655303919787,0.0003196297017519,0.0002078154867584,0.0001380852034682,downstairs,wiktor
1672842698310193700,0.8725353282665106,0.334078655981922,0.0584415475275248,0.936131327289738,0.8725353282665106,0.8472517485455937,0.8144307188913017,0.334078655981922,0.3136916264406431,0.2840730771162958,0.0584415475275248,0.0750599231080836,0.0942013634031046,0.0009915221614688,0.0001974284045773,0.0004888278763901,0.0003052658805013,downstairs,wiktor
1672842698320193700,0.8924063324976697,0.3653461431336001,0.0337326066153232,0.9648858768443046,0.8924063324976697,0.8725353282665106,0.8472517485455937,0.3653461431336001,0.334078655981922,0.3136916264406431,0.0337326066153232,0.0584415475275248,0.0750599231080836,0.0013071309529421,0.0001486205320886,0.0009917687904381,0.0001667416304153,downstairs,wiktor
1672842698330193700,0.90964701299982,0.4098830669258448,0.0154710825597915,0.9978482706341696,0.90964701299982,0.8924063324976697,0.8725353282665106,0.4098830669258448,0.3653461431336001,0.334078655981922,0.0154710825597915,0.0337326066153232,0.0584415475275248,0.0017015821587146,0.0002420602755121,0.0014454244592848,1.4097423917532785e-05,downstairs,wiktor
1672842698340193700,0.9316497526252484,0.4636496822049356,0.0207809646521797,1.0408526014125628,0.9316497526252484,0.90964701299982,0.8924063324976697,0.4636496822049356,0.4098830669258448,0.3653461431336001,0.0207809646521797,0.0154710825597915,0.0337326066153232,0.0019041810792613,0.0005214301481448,0.0011831509616898,0.0001995999694266,downstairs,wiktor
1672842698350193700,0.9639431001799638,0.5122943316885096,0.0407609531119705,1.0923796217265005,0.9639431001799638,0.9316497526252484,0.90964701299982,0.5122943316885096,0.4636496822049356,0.4098830669258448,0.0407609531119705,0.0207809646521797,0.0154710825597915,0.0007962509182696,8.932471441144145e-05,0.0002683058698012,0.000438620334057,downstairs,wiktor
1672842698360193700,0.9773090804591232,0.5354592132898138,0.070379202015544,1.1166032598560458,0.9773090804591232,0.9639431001799638,0.9316497526252484,0.5354592132898138,0.5122943316885096,0.4636496822049356,0.070379202015544,0.0407609531119705,0.0207809646521797,0.0037584921451022,0.0015818616992858,9.09812384526748e-05,0.0020856492073637,downstairs,wiktor
1672842698370193700,0.9210620947748068,0.521969866496683,0.1349647918535838,1.067250401265608,0.9210620947748068,0.9773090804591232,0.9639431001799638,0.521969866496683,0.5354592132898138,0.5122943316885096,0.1349647918535838,0.070379202015544,0.0407609531119705,0.0179786331092933,0.0053438284566865,0.0018982998152742,0.0107365048373324,downstairs,wiktor
1672842698380193700,0.8176809702240785,0.4603533132780185,0.2815015096913494,0.9796787443193552,0.8176809702240785,0.9210620947748068,0.9773090804591232,0.4603533132780185,0.521969866496683,0.5354592132898138,0.2815015096913494,0.1349647918535838,0.070379202015544,0.0244041266882746,0.0003825517325967,0.0011106187260784,0.0229109562295994,downstairs,wiktor
1672842698390193700,0.7900204665194542,0.4132233074202112,0.4955620442585574,1.0200331264349385,0.7900204665194542,0.8176809702240785,0.9210620947748068,0.4132233074202112,0.4603533132780185,0.521969866496683,0.4955620442585574,0.2815015096913494,0.1349647918535838,0.0276428331072508,0.0008477344561666,0.0010967740953429,0.0256983245557412,downstairs,wiktor
1672842698400193700,0.7488443944346455,0.4600586380017913,0.7222703350453799,1.137583541707078,0.7488443944346455,0.7900204665194542,0.8176809702240785,0.4600586380017913,0.4132233074202112,0.4603533132780185,0.7222703350453799,0.4955620442585574,0.2815015096913494,0.0370242172549573,0.0091501986644467,0.0248183238780727,0.0030556947124377,downstairs,wiktor
1672842698410193700,0.884123355581209,0.682851473964139,0.8004457111229888,1.3742902094660945,0.884123355581209,0.7488443944346455,0.7900204665194542,0.682851473964139,0.4600586380017913,0.4132233074202112,0.8004457111229888,0.7222703350453799,0.4955620442585574,0.1615496173623062,0.016705340195541,0.1272913185034797,0.0175529586632854,downstairs,wiktor
1672842698420193700,1.066909242320536,1.1874133007078589,0.6130799796602401,1.710003724998023,1.066909242320536,0.884123355581209,0.7488443944346455,1.1874133007078589,0.682851473964139,0.4600586380017913,0.6130799796602401,0.8004457111229888,0.7222703350453799,0.2570449952482556,0.076116189299231,0.1599989858854369,0.0209298200635876,downstairs,wiktor
1672842698430193700,0.6767395630802571,1.753096932936045,0.4084836939481692,1.9230663588990804,0.6767395630802571,1.066909242320536,0.884123355581209,1.753096932936045,1.1874133007078589,0.682851473964139,0.4084836939481692,0.6130799796602401,0.8004457111229888,0.2873930101426409,0.1555103194333122,0.1314197023732583,0.0004629883360704,downstairs,wiktor
1672842698440193700,0.1190473192157539,2.2657755893539973,0.3780538291416863,2.300181728310527,0.1190473192157539,0.6767395630802571,1.066909242320536,2.2657755893539973,1.753096932936045,1.1874133007078589,0.3780538291416863,0.4084836939481692,0.6130799796602401,0.0813690124553365,0.0065146424454063,0.0664982259735566,0.0083561440363735,downstairs,wiktor
1672842698450193700,0.2331932122247127,2.6304623754418857,0.2487778140702619,2.6524708827085406,0.2331932122247127,0.1190473192157539,0.6767395630802571,2.6304623754418857,2.2657755893539973,1.753096932936045,0.2487778140702619,0.3780538291416863,0.4084836939481692,0.0885666072127658,0.0036969929011685,0.038541226719302,0.0463283875922952,downstairs,wiktor
1672842698460193700,0.3191815009757811,2.3528251059001253,-0.0556179401455128,2.375027613478445,0.3191815009757811,0.2331932122247127,0.1190473192157539,2.3528251059001253,2.6304623754418857,2.2657755893539973,-0.0556179401455128,0.2487778140702619,0.3780538291416863,0.3537443875494602,0.0260458418957083,0.322711927025048,0.0049866186287039,downstairs,wiktor
1672842698470193700,0.0909454744781732,1.5494423490213782,-0.1554840367819984,1.55987754582306,0.0909454744781732,0.3191815009757811,0.2331932122247127,1.5494423490213782,2.3528251059001253,2.6304623754418857,-0.1554840367819984,-0.0556179401455128,0.2487778140702619,0.2329817318835685,0.0004015793789344,0.2300101478848329,0.0025700046198012,downstairs,wiktor
1672842698480193700,0.0626054187642404,0.8711943886339799,-0.0837901790283354,0.8774507936902105,0.0626054187642404,0.0909454744781732,0.3191815009757811,0.8711943886339799,1.5494423490213782,2.3528251059001253,-0.0837901790283354,-0.1554840367819984,-0.0556179401455128,0.1026356562913558,0.0120873980142839,0.0876907302092795,0.0028575280677923,downstairs,wiktor
1672842698490193700,0.2180878808896128,0.4524086911483099,-0.0081921887403348,0.5022977797818801,0.2180878808896128,0.0626054187642404,0.0909454744781732,0.4524086911483099,0.8711943886339799,1.5494423490213782,-0.0081921887403348,-0.0837901790283354,-0.1554840367819984,0.044410793979017,0.0162319358298994,0.0278774940565653,0.0003013640925521,downstairs,wiktor
1672842698500193700,0.3982652148131643,0.2162837494053191,0.0163583343723053,0.4534991032961751,0.3982652148131643,0.2180878808896128,0.0626054187642404,0.2162837494053191,0.4524086911483099,0.8711943886339799,0.0163583343723053,-0.0081921887403348,-0.0837901790283354,0.0007266124444593,0.0003907949451863,1.7677591218472694e-05,0.0003181399080545,downstairs,wiktor
1672842698510193700,0.3703082856117549,0.2222297718099982,0.0415829219033058,0.4338703000499773,0.3703082856117549,0.3982652148131643,0.2180878808896128,0.2222297718099982,0.2162837494053191,0.4524086911483099,0.0415829219033058,0.0163583343723053,-0.0081921887403348,0.0281169799264035,0.0074562255462751,0.0196626529858618,0.0009981013942665,downstairs,wiktor
1672842698520193700,0.2481917384424613,0.4205358634252677,0.0862618071684195,0.4958736238537881,0.2481917384424613,0.3703082856117549,0.3982652148131643,0.4205358634252677,0.2222297718099982,0.2162837494053191,0.0862618071684195,0.0415829219033058,0.0163583343723053,0.0547919418204496,0.0013416689973371,0.0522468747477309,0.0012033980753814,downstairs,wiktor
1672842698530193700,0.1963907925565579,0.7437907930016966,0.1353209159124945,0.7810927201289755,0.1963907925565579,0.2481917384424613,0.3703082856117549,0.7437907930016966,0.4205358634252677,0.2222297718099982,0.1353209159124945,0.0862618071684195,0.0415829219033058,0.0410333127728291,0.0001705205169346,0.0390152876712523,0.0018475045846421,downstairs,wiktor
1672842698540193700,0.2148580888900559,1.023130327157721,0.1961075029961945,1.0636812574464,0.2148580888900559,0.1963907925565579,0.2481917384424613,1.023130327157721,0.7437907930016966,0.4205358634252677,0.1961075029961945,0.1353209159124945,0.0862618071684195,0.0284977210703255,0.0017867759970903,0.0252071240767189,0.0015038209965162,downstairs,wiktor
1672842698550193700,0.2746372825462161,1.2476615012815782,0.2509494759095797,1.3019448906170583,0.2746372825462161,0.2148580888900559,0.1963907925565579,1.2476615012815782,1.023130327157721,0.7437907930016966,0.2509494759095797,0.1961075029961945,0.1353209159124945,0.0118389548515603,0.0007258408099698,0.0107607092907263,0.0003524047508641,downstairs,wiktor
1672842698560193700,0.3127382224288443,1.394363302843293,0.2774977244719301,1.455698871048236,0.3127382224288443,0.2746372825462161,0.2148580888900559,1.394363302843293,1.2476615012815782,1.023130327157721,0.2774977244719301,0.2509494759095797,0.1961075029961945,0.0005791720693313,0.0004470303914294,0.0001223090184404,9.832659461376728e-06,downstairs,wiktor
1672842698570193700,0.2828373732292152,1.3787230331243614,0.2819322840805895,1.4353954140130654,0.2828373732292152,0.3127382224288443,0.2746372825462161,1.3787230331243614,1.394363302843293,1.2476615012815782,0.2819322840805895,0.2774977244719301,0.2509494759095797,0.009015175339482,0.0004198473638183,0.0085720105838602,2.331739180347057e-05,downstairs,wiktor
1672842698580193700,0.2538598866640098,1.2477878538648493,0.2751033175696933,1.3027283698636345,0.2538598866640098,0.2828373732292152,0.3127382224288443,1.2477878538648493,1.3787230331243614,1.394363302843293,0.2751033175696933,0.2819322840805895,0.2774977244719301,0.0180193536537334,0.0004197617433619,0.0159063379474993,0.0016932539628721,downstairs,wiktor
1672842698590193700,0.2828344183552032,1.0694267709599772,0.2169096072072808,1.1272615953499996,0.2828344183552032,0.2538598866640098,0.2828373732292152,1.0694267709599772,1.2477878538648493,1.3787230331243614,0.2169096072072808,0.2751033175696933,0.2819322840805895,0.0145834310038267,0.0002086872652564,0.011758591949637,0.0026161517889332,downstairs,wiktor
1672842698600193700,0.3032641645727406,0.9160736363351054,0.1445749434708224,0.9757366319769986,0.3032641645727406,0.2828344183552032,0.2538598866640098,0.9160736363351054,1.0694267709599772,1.2477878538648493,0.1445749434708224,0.2169096072072808,0.2751033175696933,0.0046160133043579,1.4183416869347708e-05,0.0042405609817136,0.0003612689057749,downstairs,wiktor
1672842698610193700,0.2979381122130002,0.8239806291986932,0.1176948800120068,0.8840606770944862,0.2979381122130002,0.3032641645727406,0.2828344183552032,0.8239806291986932,0.9160736363351054,1.0694267709599772,0.1176948800120068,0.1445749434708224,0.2169096072072808,0.0020215931960313,0.0012445817437154,0.0006958183210128,8.119313130303624e-05,downstairs,wiktor
1672842698620193700,0.248046595023893,0.7866759828121411,0.1304379668674776,0.8351049505522743,0.248046595023893,0.2979381122130002,0.3032641645727406,0.7866759828121411,0.8239806291986932,0.9160736363351054,0.1304379668674776,0.1176948800120068,0.1445749434708224,0.0034170306688537,0.0031841173493088,0.0002328157321657,9.758737925216701e-08,downstairs,wiktor
1672842698630193700,0.1682453751170667,0.7650974873981552,0.1299961809934341,0.79409047251817,0.1682453751170667,0.248046595023893,0.2979381122130002,0.7650974873981552,0.7866759828121411,0.8239806291986932,0.1299961809934341,0.1304379668674776,0.1176948800120068,0.0026444621914313,0.0023438953530384,6.988655143921649e-05,0.0002306802869537,downstairs,wiktor
1672842698640193700,0.0997779324448242,0.7532749198733562,0.1085168752805518,0.7675641034687786,0.0997779324448242,0.1682453751170667,0.248046595023893,0.7532749198733562,0.7650974873981552,0.7866759828121411,0.1085168752805518,0.1299961809934341,0.1304379668674776,0.0012142548209815,0.0008448994635098,3.514344966646894e-08,0.000369320214022,downstairs,wiktor
1672842698650193700,0.0586707685068949,0.7530098031078868,0.0813389351811983,0.7596591637242187,0.0586707685068949,0.0997779324448242,0.1682453751170667,0.7530098031078868,0.7532749198733562,0.7650974873981552,0.0813389351811983,0.1085168752805518,0.1299961809934341,0.0005265572522123,1.6414001992473318e-06,0.0001365535064632,0.0003883623455498,downstairs,wiktor
1672842698660193700,0.0568589185135195,0.7695357527909316,0.0534691542150749,0.7734837825646431,0.0568589185135195,0.0586707685068949,0.0997779324448242,0.7695357527909316,0.7530098031078868,0.7532749198733562,0.0534691542150749,0.0813389351811983,0.1085168752805518,0.0019747046414014,0.0015008154718132,0.0001186103069008,0.0003552788626873,downstairs,wiktor
1672842698670193700,0.1116460606513099,0.784937720645779,0.0268128655503963,0.7932912440652365,0.1116460606513099,0.0568589185135195,0.0586707685068949,0.784937720645779,0.7695357527909316,0.7530098031078868,0.0268128655503963,0.0534691542150749,0.0813389351811983,0.004608086921832,0.0045514492274851,5.6580212507739545e-05,5.7481839197407225e-08,downstairs,wiktor
1672842698680193700,0.2070551716154639,0.7743000317513115,0.0271519284920382,0.8019660906070953,0.2070551716154639,0.1116460606513099,0.0568589185135195,0.7743000317513115,0.784937720645779,0.7695357527909316,0.0271519284920382,0.0268128655503963,0.0534691542150749,0.0042476929943659,0.002405965739877,0.0006347660381823,0.0012069612163065,downstairs,wiktor
1672842698690193700,0.276423258512495,0.7386695381206482,0.0762836131020031,0.7923772422413036,0.276423258512495,0.2070551716154639,0.1116460606513099,0.7386695381206482,0.7743000317513115,0.784937720645779,0.0762836131020031,0.0271519284920382,0.0268128655503963,0.0056033968731135,0.0033275793844006,0.0001236890237799,0.0021521284649328,downstairs,wiktor
1672842698700193700,0.3580024149729622,0.7229412817786384,0.1418904491015064,0.8191109360596041,0.3580024149729622,0.276423258512495,0.2070551716154639,0.7229412817786384,0.7386695381206482,0.7743000317513115,0.1418904491015064,0.0762836131020031,0.0271519284920382,0.0049276625860337,0.0047448885172949,0.0001827424038736,3.1664865132129833e-08,downstairs,wiktor
1672842698710193700,0.4554179015990106,0.7420589387414406,0.1416387951123382,0.8821102436452,0.4554179015990106,0.3580024149729622,0.276423258512495,0.7420589387414406,0.7229412817786384,0.7386695381206482,0.1416387951123382,0.1418904491015064,0.0762836131020031,0.0127384003680607,0.0110120427368248,0.0001279947511313,0.0015983628801046,downstairs,wiktor
1672842698720193700,0.6038230412460245,0.7580586106837841,0.0850992004886654,0.972880771880726,0.6038230412460245,0.4554179015990106,0.3580024149729622,0.7580586106837841,0.7420589387414406,0.7229412817786384,0.0850992004886654,0.1416387951123382,0.1418904491015064,0.0138225475836862,0.0111092640847238,7.072918186078165e-05,0.0026425543171016,downstairs,wiktor
1672842698730193700,0.7528818490013789,0.7699522377050743,0.012400447856978,1.0769453551642445,0.7528818490013789,0.6038230412460245,0.4554179015990106,0.7699522377050743,0.7580586106837841,0.7420589387414406,0.012400447856978,0.0850992004886654,0.1416387951123382,0.0040256526817774,0.0005888921569185,0.0020855710365309,0.001351189488328,downstairs,wiktor
1672842698740193700,0.7185629866391576,0.8345366171869726,-0.0395839630433682,1.1019759622259828,0.7185629866391576,0.7528818490013789,0.6038230412460245,0.8345366171869726,0.7699522377050743,0.7580586106837841,-0.0395839630433682,0.012400447856978,0.0850992004886654,0.0226938215597455,0.015289844689975,0.0056952970542289,0.0017086798155415,downstairs,wiktor
1672842698750193700,0.5436924934736433,0.9412633434951369,-0.0980421500754951,1.0914167272213935,0.5436924934736433,0.7185629866391576,0.7528818490013789,0.9412633434951369,0.8345366171869726,0.7699522377050743,-0.0980421500754951,-0.0395839630433682,0.012400447856978,0.0513765810596072,0.0406000161903284,0.0086171918056681,0.0021593730636106,downstairs,wiktor
1672842698760193700,0.2587362996812345,1.072543134823948,-0.1637593177504746,1.1153969530982322,0.2587362996812345,0.5436924934736433,0.7185629866391576,1.072543134823948,0.9412633434951369,0.8345366171869726,-0.1637593177504746,-0.0980421500754951,-0.0395839630433682,0.0595532492477359,0.0474679501042646,0.0104867672843332,0.001598531859138,downstairs,wiktor
1672842698770193700,-0.0493803993282955,1.2173655590843728,-0.220301900980074,1.2381236835866052,-0.0493803993282955,0.2587362996812345,0.5436924934736433,1.2173655590843728,1.072543134823948,0.9412633434951369,-0.220301900980074,-0.1637593177504746,-0.0980421500754951,0.0401367127374434,0.0293799256165842,0.0086609805404123,0.0020958065804468,downstairs,wiktor
1672842698780193700,-0.2917847128896852,1.3489784804896234,-0.2850445697611315,1.4093018364603511,-0.2917847128896852,-0.0493803993282955,0.2587362996812345,1.3489784804896234,1.2173655590843728,1.072543134823948,-0.2850445697611315,-0.220301900980074,-0.1637593177504746,0.0155514868530029,0.0103293597023058,0.0020643390691242,0.0031577880815727,downstairs,wiktor
1672842698790193700,-0.4355161270085609,1.413233271270145,-0.3645151691243273,1.5230803932922217,-0.4355161270085609,-0.2917847128896852,-0.0493803993282955,1.413233271270145,1.3489784804896234,1.2173655590843728,-0.3645151691243273,-0.2850445697611315,-0.220301900980074,0.0023106681746787,0.0001818848811876,0.0005402072910535,0.0015885760024374,downstairs,wiktor
1672842698800193700,-0.4164433777999283,1.380363610759164,-0.4208814001928924,1.5019886610257152,-0.4164433777999283,-0.4355161270085609,-0.2917847128896852,1.380363610759164,1.413233271270145,1.3489784804896234,-0.4208814001928924,-0.3645151691243273,-0.2850445697611315,0.0124328224101805,0.0107486556928973,0.0014888940175429,0.0001952726997402,downstairs,wiktor
1672842698810193700,-0.2698237631987617,1.3257944982953722,-0.4011191786709944,1.4111812464721576,-0.2698237631987617,-0.4164433777999283,-0.4355161270085609,1.3257944982953722,1.380363610759164,1.413233271270145,-0.4011191786709944,-0.4208814001928924,-0.3645151691243273,0.0247941995470062,0.0185272601532964,0.000259961873963,0.0060069775197466,downstairs,wiktor
1672842698820193700,-0.0773282559613382,1.3485963347987358,-0.2915109899281212,1.3819082424862654,-0.0773282559613382,-0.2698237631987617,-0.4164433777999283,1.3485963347987358,1.3257944982953722,1.380363610759164,-0.2915109899281212,-0.4011191786709944,-0.4208814001928924,0.0311771058814541,0.0156327323269437,0.0031849599902702,0.0123594135642401,downstairs,wiktor
1672842698830193700,0.0994921745716956,1.428408113256182,-0.1342887678077085,1.4381522534058775,0.0994921745716956,-0.0773282559613382,-0.2698237631987617,1.428408113256182,1.3485963347987358,1.3257944982953722,-0.1342887678077085,-0.2915109899281212,-0.4011191786709944,0.0295307781033548,0.0167115440521913,0.0031438282269175,0.0096754058242458,downstairs,wiktor
1672842698840193700,0.2823119987275644,1.5077028574315383,0.004818427004392,1.5339136834162392,0.2823119987275644,0.0994921745716956,-0.0773282559613382,1.5077028574315383,1.428408113256182,1.3485963347987358,0.004818427004392,-0.1342887678077085,-0.2915109899281212,0.0232188347881728,0.0146463399080954,0.0003973064931452,0.008175188386932,downstairs,wiktor
1672842698850193700,0.453463042592891,1.5358917379749473,0.1326870188237442,1.6069219043692318,0.453463042592891,0.2823119987275644,0.0994921745716956,1.5358917379749473,1.5077028574315383,1.428408113256182,0.1326870188237442,0.004818427004392,-0.1342887678077085,0.0176725439160936,0.0065399185676935,0.0007317806764338,0.0104008446719661,downstairs,wiktor
1672842698860193700,0.5678301582135411,1.4976352175781866,0.2769149264697068,1.6254304691400985,0.5678301582135411,0.453463042592891,0.2823119987275644,1.4976352175781866,1.5358917379749473,1.5077028574315383,0.2769149264697068,0.1326870188237442,0.004818427004392,0.0212872338552027,0.0025603561067198,0.0061905814340896,0.0125362963143932,downstairs,wiktor
1672842698870193700,0.6393893100631799,1.3863645436870875,0.4352582011257103,1.5875374135632094,0.6393893100631799,0.5678301582135411,0.453463042592891,1.3863645436870875,1.4976352175781866,1.5358917379749473,0.4352582011257103,0.2769149264697068,0.1326870188237442,0.0174162128386028,0.0011233952745762,0.0077062980807547,0.0085865194832718,downstairs,wiktor
1672842698880193700,0.6867896323105286,1.2622170662197238,0.566304143323642,1.544529800311759,0.6867896323105286,0.6393893100631799,0.5678301582135411,1.2622170662197238,1.3863645436870875,1.4976352175781866,0.566304143323642,0.4352582011257103,0.2769149264697068,0.0072785383281843,0.0001749998936162,0.0028154077422981,0.00428813069227,downstairs,wiktor
1672842698890193700,0.7054979135579442,1.187178306337938,0.6589122497967796,1.5301258085550618,0.7054979135579442,0.6867896323105286,0.6393893100631799,1.187178306337938,1.2622170662197238,1.3863645436870875,0.6589122497967796,0.566304143323642,0.4352582011257103,0.001912418923231,0.0010669143582857,0.0001031257008847,0.0007423788640605,downstairs,wiktor
1672842698900193700,0.6593045296531946,1.1728168509183263,0.6974448039311882,1.5154573841417691,0.6593045296531946,0.7054979135579442,0.6867896323105286,1.1728168509183263,1.187178306337938,1.2622170662197238,0.6974448039311882,0.6589122497967796,0.566304143323642,0.0098931208602733,0.0086095293918546,0.0004056016737091,0.0008779897947095,downstairs,wiktor
1672842698910193700,0.5280831183526399,1.2012984826731652,0.6555403937883523,1.4668752613123195,0.5280831183526399,0.6593045296531946,0.7054979135579442,1.2012984826731652,1.1728168509183263,1.187178306337938,0.6555403937883523,0.6974448039311882,0.6589122497967796,0.0183404568002175,0.0120651084940251,0.002656208377263,0.0036191399289293,downstairs,wiktor
1672842698920193700,0.3727440795116254,1.274184810297255,0.5704623128399745,1.4449610133058794,0.3727440795116254,0.5280831183526399,0.6593045296531946,1.274184810297255,1.2012984826731652,1.1728168509183263,0.5704623128399745,0.6555403937883523,0.6974448039311882,0.0208478267556775,0.0175993440631448,0.0016639754979756,0.0015845071945569,downstairs,wiktor
1672842698930193700,0.1851309453064483,1.3318732059756866,0.5141683132564138,1.4396279929422595,0.1851309453064483,0.3727440795116254,0.5280831183526399,1.3318732059756866,1.274184810297255,1.2012984826731652,0.5141683132564138,0.5704623128399745,0.6555403937883523,0.0151101885408938,0.0123665961189277,7.028286024316663e-05,0.0026733095617229,downstairs,wiktor
1672842698940193700,0.0278630457278774,1.3200171644572736,0.4410477339134823,1.3920290109653866,0.0278630457278774,0.1851309453064483,0.3727440795116254,1.3200171644572736,1.3318732059756866,1.274184810297255,0.4410477339134823,0.5141683132564138,0.5704623128399745,0.0067437858366905,0.0014442024964202,0.0003770207749345,0.0049225625653357,downstairs,wiktor
1672842698950193700,-0.0258808375784155,1.2925573474537115,0.3418251299833718,1.3372429598612527,-0.0258808375784155,0.0278630457278774,0.1851309453064483,1.2925573474537115,1.3200171644572736,1.3318732059756866,0.3418251299833718,0.4410477339134823,0.5141683132564138,0.0032767466113163,0.0010340866228538,0.0001991715066053,0.0020434884818571,downstairs,wiktor
1672842698960193700,0.0195963352196782,1.31251587979481,0.2778956613189579,1.3417555476492309,0.0195963352196782,-0.0258808375784155,0.0278630457278774,1.31251587979481,1.2925573474537115,1.3200171644572736,0.2778956613189579,0.3418251299833718,0.4410477339134823,0.0159061210950226,0.011628636237311,0.0015751392898356,0.0027023455678759,downstairs,wiktor
1672842698970193700,0.172099687558642,1.3686432223265148,0.2043790568288711,1.3944796059277265,0.172099687558642,0.0195963352196782,-0.0258808375784155,1.3686432223265148,1.31251587979481,1.2925573474537115,0.2043790568288711,0.2778956613189579,0.3418251299833718,0.0299591873867298,0.0194831328389153,0.001448796257948,0.0090272582898664,downstairs,wiktor
1672842698980193700,0.3694984354721752,1.4224725128280251,0.0700119604855588,1.4713459206382071,0.3694984354721752,0.172099687558642,0.0195963352196782,1.4224725128280251,1.3686432223265148,1.31251587979481,0.0700119604855588,0.2043790568288711,0.2778956613189579,0.0167067521242173,0.0105570890777174,0.0001064235486176,0.0060432394978822,downstairs,wiktor
1672842698990193700,0.5148056209635847,1.4078832326115327,-0.0399265632254883,1.4995846606628784,0.5148056209635847,0.3694984354721752,0.172099687558642,1.4078832326115327,1.4224725128280251,1.3686432223265148,-0.0399265632254883,0.0700119604855588,0.2043790568288711,0.0031736145933624,0.0027458125295791,7.081210214849821e-06,0.0004207208535684,downstairs,wiktor
1672842699000193700,0.5889111204839195,1.4116465317532034,-0.0109189485849011,1.5296017330922038,0.5889111204839195,0.5148056209635847,0.3694984354721752,1.4116465317532034,1.4078832326115327,1.4224725128280251,-0.0109189485849011,-0.0399265632254883,0.0700119604855588,0.0078255238614493,0.0008076335388054,0.0024284783774046,0.0045894119452392,downstairs,wiktor
1672842699010193700,0.5487207350962308,1.4813384018300586,0.0848872301849387,1.5819809568099898,0.5487207350962308,0.5889111204839195,0.5148056209635847,1.4813384018300586,1.4116465317532034,1.4078832326115327,0.0848872301849387,-0.0109189485849011,-0.0399265632254883,0.0267181234987919,0.0179530094106359,0.0029698772370168,0.005795236851139,downstairs,wiktor
1672842699020193700,0.3592318994850741,1.5584082044380432,0.1925462925172765,1.6108251810887513,0.3592318994850741,0.5487207350962308,0.5889111204839195,1.5584082044380432,1.4813384018300586,1.4116465317532034,0.1925462925172765,0.0848872301849387,-0.0109189485849011,0.0685079155365239,0.057592239918555,0.0003880099741568,0.010527665643812,downstairs,wiktor
1672842699030193700,0.0198435086448597,1.5862653390414756,0.3376508454700493,1.621924654269225,0.0198435086448597,0.3592318994850741,0.5487207350962308,1.5862653390414756,1.5584082044380432,1.4813384018300586,0.3376508454700493,0.1925462925172765,0.0848872301849387,0.1156637920465875,0.1089112043739163,0.0011020015853341,0.005650586087337,downstairs,wiktor
1672842699040193700,-0.4468709744685665,1.539318526895514,0.4439578169003097,1.6632178865840608,-0.4468709744685665,0.0198435086448597,0.3592318994850741,1.539318526895514,1.5862653390414756,1.5584082044380432,0.4439578169003097,0.3376508454700493,0.1925462925172765,0.0606008228782958,0.0485765978556142,0.0120025605727206,2.1664449960923296e-05,downstairs,wiktor
1672842699050193700,-0.7585650483795545,1.3843826655029965,0.437375347764655,1.638057841469742,-0.7585650483795545,-0.4468709744685665,0.0198435086448597,1.3843826655029965,1.539318526895514,1.5862653390414756,0.437375347764655,0.4439578169003097,0.3376508454700493,0.0300845526867406,0.0001766379732685,0.0297942043987563,0.0001137103147158,downstairs,wiktor
1672842699060193700,-0.7397694120099871,1.1402752940503658,0.4222948759739032,1.4233128578921306,-0.7397694120099871,-0.7585650483795545,-0.4468709744685665,1.1402752940503658,1.3843826655029965,1.539318526895514,0.4222948759739032,0.437375347764655,0.4439578169003097,0.0197986162405084,0.0013746765262488,0.0182288620226691,0.0001950776915904,downstairs,wiktor
1672842699070193700,-0.6873351383667138,0.949336235591028,0.4420472273068697,1.252627092078654,-0.6873351383667138,-0.7397694120099871,-0.7585650483795545,0.949336235591028,1.1402752940503658,1.3843826655029965,0.4420472273068697,0.4222948759739032,0.437375347764655,0.0049964530753402,0.0019170099205213,0.0030772297703705,2.213384448358016e-06,downstairs,wiktor
1672842699080193700,-0.6254156758283262,0.8708858720434891,0.4441512161130937,1.1605418012598645,-0.6254156758283262,-0.6873351383667138,-0.7397694120099871,0.8708858720434891,0.949336235591028,1.1402752940503658,0.4441512161130937,0.4420472273068697,0.4222948759739032,0.0164857459946024,0.0137813311613818,0.0007193405270427,0.0019850743061778,downstairs,wiktor
1672842699090193700,-0.4593956098038734,0.8329559227410523,0.3811421008014519,1.0247581161131707,-0.4593956098038734,-0.6254156758283262,-0.6873351383667138,0.8329559227410523,0.8708858720434891,0.949336235591028,0.3811421008014519,0.4441512161130937,0.4420472273068697,0.1096543005677296,0.0966043975935158,0.0007257055120862,0.0123241974621274,downstairs,wiktor
1672842699100193700,-0.0198403855293441,0.7948585340618729,0.2241440278060963,0.8260958027190809,-0.0198403855293441,-0.4593956098038734,-0.6254156758283262,0.7948585340618729,0.8329559227410523,0.8708858720434891,0.2241440278060963,0.3811421008014519,0.4441512161130937,0.2948056527659597,0.2711873613881068,0.0001160705350528,0.0235022208428001,downstairs,wiktor
1672842699110193700,0.7166205589722727,0.8100947104229438,0.007338950177365,1.0815971179633717,0.7166205589722727,-0.0198403855293441,-0.4593956098038734,0.8100947104229438,0.7948585340618729,0.8329559227410523,0.007338950177365,0.2241440278060963,0.3811421008014519,0.0116118040693842,0.0018142068478649,0.0010175969707736,0.0087800002507457,downstairs,wiktor
1672842699120193700,0.7768568743951958,0.7649815865946472,-0.1251752019026731,1.0974389560678588,0.7768568743951958,0.7166205589722727,-0.0198403855293441,0.7649815865946472,0.8100947104229438,0.7948585340618729,-0.1251752019026731,0.007338950177365,0.2241440278060963,0.0577718601526815,0.0498566181285727,0.0078926967346687,2.25452894400938e-05,downstairs,wiktor
1672842699130193700,0.4610828471903836,0.6393416507886404,-0.1318901537923137,0.799218462670686,0.4610828471903836,0.7768568743951958,0.7166205589722727,0.6393416507886404,0.7649815865946472,0.8100947104229438,-0.1318901537923137,-0.1251752019026731,0.007338950177365,0.0150380808231102,0.0120663256912278,0.002923014674983,4.874045689931297e-05,downstairs,wiktor
1672842699140193700,0.3057359728013063,0.5628823194420598,-0.1220169114779255,0.652072938628683,0.3057359728013063,0.4610828471903836,0.7768568743951958,0.5628823194420598,0.6393416507886404,0.7649815865946472,-0.1220169114779255,-0.1318901537923137,-0.1251752019026731,0.0009827528431482,0.0001495832593764,0.0007731005158272,6.006906794458214e-05,downstairs,wiktor
1672842699150193700,0.2884395419916571,0.5235605566172015,-0.1110561571293798,0.6079856049825655,0.2884395419916571,0.3057359728013063,0.4610828471903836,0.5235605566172015,0.5628823194420598,0.6393416507886404,-0.1110561571293798,-0.1220169114779255,-0.1318901537923137,0.0030437889436871,0.0017715939920205,0.0007798658470497,0.0004923291046167,downstairs,wiktor
1672842699160193700,0.2289148581702275,0.4840671179963423,-0.1424354211302056,0.5540855856353956,0.2289148581702275,0.2884395419916571,0.3057359728013063,0.4840671179963423,0.5235605566172015,0.5628823194420598,-0.1424354211302056,-0.1110561571293798,-0.1220169114779255,0.0235387946024569,0.0220225541688291,0.0008520590450271,0.0006641813886006,downstairs,wiktor
1672842699170193700,0.0190455932988358,0.442786152769567,-0.1788821326032766,0.4779342309076378,0.0190455932988358,0.2289148581702275,0.2884395419916571,0.442786152769567,0.4840671179963423,0.5235605566172015,-0.1788821326032766,-0.1424354211302056,-0.1110561571293798,0.0229446630644854,0.0214752119353009,0.0014662112030945,3.2399260898722777e-06,downstairs,wiktor
1672842699180193700,-0.1881992470967742,0.388634306945171,-0.1763365772258109,0.4664227370211067,-0.1881992470967742,0.0190455932988358,0.2289148581702275,0.388634306945171,0.442786152769567,0.4840671179963423,-0.1763365772258109,-0.1788821326032766,-0.1424354211302056,0.0009166660735885,9.226558730246422e-06,0.0004107689359243,0.0004966705789339,downstairs,wiktor
1672842699190193700,-0.1924949562885716,0.3599718249896829,-0.144819262018645,0.4331358235410308,-0.1924949562885716,-0.1881992470967742,0.0190455932988358,0.3599718249896829,0.388634306945171,0.442786152769567,-0.144819262018645,-0.1763365772258109,-0.1788821326032766,0.0082996459801306,0.0073364747245047,3.642374117217585e-05,0.0009267475144536,downstairs,wiktor
1672842699200193700,-0.0713630057180903,0.3514367513318665,-0.1017670259686166,0.3727693607933912,-0.0713630057180903,-0.1924949562885716,-0.1881992470967742,0.3514367513318665,0.3599718249896829,0.388634306945171,-0.1017670259686166,-0.144819262018645,-0.1763365772258109,0.0122220218177401,0.0114878366222754,6.129230341166036e-06,0.0007280559651235,downstairs,wiktor
1672842699210193700,0.0802142790067353,0.3479355428715871,-0.0636079912553648,0.3626836763647614,0.0802142790067353,-0.0713630057180903,-0.1924949562885716,0.3479355428715871,0.3514367513318665,0.3599718249896829,-0.0636079912553648,-0.1017670259686166,-0.144819262018645,0.0068418010704615,0.0061762762769454,0.0003732301102676,0.0002922946832483,downstairs,wiktor
1672842699220193700,0.1913563167507454,0.3206141186675789,-0.0394297083035753,0.3754535323396292,0.1913563167507454,0.0802142790067353,-0.0713630057180903,0.3206141186675789,0.3479355428715871,0.3514367513318665,-0.0394297083035753,-0.0636079912553648,-0.1017670259686166,0.0033139701775268,0.0019848280274018,0.0009466854270707,0.0003824567230542,downstairs,wiktor
1672842699230193700,0.2543615233197555,0.2771012371939102,-0.0117726396572332,0.376328945530956,0.2543615233197555,0.1913563167507454,0.0802142790067353,0.2771012371939102,0.3206141186675789,0.3479355428715871,-0.0117726396572332,-0.0394297083035753,-0.0636079912553648,0.0034111511532639,0.0008198169169769,0.0008877810948622,0.0017035531414247,downstairs,wiktor
1672842699240193700,0.2948539156169997,0.2349638168917083,0.0465977833569054,0.3798923271359585,0.2948539156169997,0.2543615233197555,0.1913563167507454,0.2349638168917083,0.2771012371939102,0.3206141186675789,0.0465977833569054,-0.0117726396572332,-0.0394297083035753,0.0041560714901612,0.0009145544289654,0.0010408837661923,0.0022006332950034,downstairs,wiktor
1672842699250193700,0.3376219978504945,0.1893374261470457,0.1129398257584385,0.4032278247032238,0.3376219978504945,0.2948539156169997,0.2543615233197555,0.1893374261470457,0.2349638168917083,0.2771012371939102,0.1129398257584385,0.0465977833569054,-0.0117726396572332,0.0025127601382633,0.0011855261594764,0.0003430265524917,0.000984207426295,downstairs,wiktor
1672842699260193700,0.3863154503770191,0.1631448106803996,0.1573066472874835,0.4478852952852676,0.3863154503770191,0.3376219978504945,0.2948539156169997,0.1631448106803996,0.1893374261470457,0.2349638168917083,0.1573066472874835,0.1129398257584385,0.0465977833569054,0.0010092761240911,0.0008855167907573,9.14128351142267e-06,0.0001146180498223,downstairs,wiktor
1672842699270193700,0.4283991001892049,0.1674206225358073,0.1421661023948863,0.4814214936657389,0.4283991001892049,0.3863154503770191,0.3376219978504945,0.1674206225358073,0.1631448106803996,0.1893374261470457,0.1421661023948863,0.1573066472874835,0.1129398257584385,0.0051644140361738,0.0008873506139606,0.0012366469650152,0.0030404164571979,downstairs,wiktor
1672842699280193700,0.4705263031336363,0.2171528447868841,0.0641864068684483,0.5221783744721005,0.4705263031336363,0.4283991001892049,0.3863154503770191,0.2171528447868841,0.1674206225358073,0.1631448106803996,0.0641864068684483,0.1421661023948863,0.1573066472874835,0.0153977081482641,0.0007299657845948,0.0061813358835208,0.0084864064801484,downstairs,wiktor
1672842699290193700,0.5087353540141514,0.3283403969995386,-0.0660933419810824,0.609087355458925,0.5087353540141514,0.4705263031336363,0.4283991001892049,0.3283403969995386,0.2171528447868841,0.1674206225358073,-0.0660933419810824,0.0641864068684483,0.1421661023948863,0.0197212786181436,0.0012992691255028,0.009117075014492,0.0093049344781486,downstairs,wiktor
1672842699300193700,0.559711213506717,0.463374281743273,-0.2025113355020888,0.7543230133789474,0.559711213506717,0.5087353540141514,0.4705263031336363,0.463374281743273,0.3283403969995386,0.2171528447868841,-0.2025113355020888,-0.0660933419810824,0.0641864068684483,0.0162955841444194,0.0007687417305805,0.0082613468024043,0.0072654956114345,downstairs,wiktor
1672842699310193700,0.5989219704639754,0.5919149119144712,-0.323055896652184,0.9019068144841316,0.5989219704639754,0.559711213506717,0.5087353540141514,0.5919149119144712,0.463374281743273,0.3283403969995386,-0.323055896652184,-0.2025113355020888,-0.0660933419810824,0.0085477159727351,0.0004783828069685,0.0044682680468348,0.0036010651189317,downstairs,wiktor
1672842699320193700,0.6298535985158117,0.6864481658184263,-0.4079212620132279,1.0170183852425003,0.6298535985158117,0.5989219704639754,0.559711213506717,0.6864481658184263,0.5919149119144712,0.463374281743273,-0.4079212620132279,-0.323055896652184,-0.2025113355020888,0.0036402760404826,0.0008917598749466,0.0009454144705011,0.0018031016950347,downstairs,wiktor
1672842699330193700,0.6720853371716299,0.7299318287391411,-0.4679729346799369,1.0970404927077773,0.6720853371716299,0.6298535985158117,0.5989219704639754,0.7299318287391411,0.6864481658184263,0.5919149119144712,-0.4679729346799369,-0.4079212620132279,-0.323055896652184,0.0005197744693809,2.157567925152917e-08,1.5906138941363274e-05,0.0005038467547603,downstairs,wiktor
1672842699340193700,0.6718776081209339,0.7355720661350958,-0.4997171232743963,1.114541604457276,0.6718776081209339,0.6720853371716299,0.6298535985158117,0.7355720661350958,0.7299318287391411,0.6864481658184263,-0.4997171232743963,-0.4679729346799369,-0.4079212620132279,0.0037336947829852,0.0030162400926801,0.0001084142539766,0.0006090404363284,downstairs,wiktor
1672842699350193700,0.5942085654761309,0.7502971640279185,-0.4648161079215876,1.063994204785398,0.5942085654761309,0.6718776081209339,0.6720853371716299,0.7502971640279185,0.7355720661350958,0.7299318287391411,-0.4648161079215876,-0.4997171232743963,-0.4679729346799369,0.018307438359211,0.0008422752233861,0.0033871392828501,0.0140780238529747,downstairs,wiktor
1672842699360193700,0.5531652901831883,0.8326031696757469,-0.2970184687667131,1.0428038392747094,0.5531652901831883,0.5942085654761309,0.6718776081209339,0.8326031696757469,0.7502971640279185,0.7355720661350958,-0.2970184687667131,-0.4648161079215876,-0.4997171232743963,0.0799717394810333,0.0010414358629215,0.0229282415847664,0.0560020620333453,downstairs,wiktor
1672842699370193700,0.5075268006612614,1.0467444388639464,0.0376517032933177,1.1639050753574975,0.5075268006612614,0.5531652901831883,0.5942085654761309,1.0467444388639464,0.8326031696757469,0.7502971640279185,0.0376517032933177,-0.2970184687667131,-0.4648161079215876,0.1545681819240327,0.0154128990030936,0.0849007272640452,0.0542545556568938,downstairs,wiktor
1672842699380193700,0.3319540294061854,1.4588141593337844,0.3670589152875115,1.5404754059717356,0.3319540294061854,0.5075268006612614,0.5531652901831883,1.4588141593337844,1.0467444388639464,0.8326031696757469,0.3670589152875115,0.0376517032933177,-0.2970184687667131,0.0803896830196641,0.0139258015900297,0.0660170293842718,0.0004468520453625,downstairs,wiktor
1672842699390193700,0.4988420253197908,1.8221790706399583,0.3969537993101171,1.9304797980010544,0.4988420253197908,0.3319540294061854,0.5075268006612614,1.8221790706399583,1.4588141593337844,1.0467444388639464,0.3969537993101171,0.3670589152875115,0.0376517032933177,0.040159161647651,0.0006612274048984,0.0057465236496732,0.0337514105930794,downstairs,wiktor
1672842699400193700,0.5352075970848106,1.929384701552456,0.1371407488562208,2.006933004252708,0.5352075970848106,0.4988420253197908,0.3319540294061854,1.929384701552456,1.8221790706399583,1.4588141593337844,0.1371407488562208,0.3969537993101171,0.3670589152875115,0.0354763243326497,0.0128922301996482,0.0158802169683107,0.0067038771646907,downstairs,wiktor
1672842699410193700,0.3746321929928498,1.7511701288132389,0.0213488910708763,1.7909220740234242,0.3746321929928498,0.5352075970848106,0.4988420253197908,1.7511701288132389,1.929384701552456,1.8221790706399583,0.0213488910708763,0.1371407488562208,0.3969537993101171,0.124863000907038,0.0124493131640246,0.1122276023579237,0.0001860853850896,downstairs,wiktor
1672842699420193700,0.2168392073184247,1.2774030924801405,0.040640619095582,1.296313836394868,0.2168392073184247,0.3746321929928498,0.5352075970848106,1.2774030924801405,1.7511701288132389,1.929384701552456,0.040640619095582,0.0213488910708763,0.1371407488562208,0.1614918420725659,0.0451383631561961,0.1149520697698683,0.0014014091465014,downstairs,wiktor
1672842699430193700,-0.0836216492209792,0.7979198920030676,-0.0123010307937336,0.8023839789223186,-0.0836216492209792,0.2168392073184247,0.3746321929928498,0.7979198920030676,1.2774030924801405,1.7511701288132389,-0.0123010307937336,0.040640619095582,0.0213488910708763,0.0421585643469737,0.0031144711221226,0.0343338651483632,0.0047102280764877,downstairs,wiktor
1672842699440193700,-0.0046980010270103,0.5358746090905021,-0.1093600651644484,0.5469399343020407,-0.0046980010270103,-0.0836216492209792,0.2168392073184247,0.5358746090905021,0.7979198920030676,1.2774030924801405,-0.1093600651644484,-0.0123010307937336,0.040640619095582,0.0153544428095837,0.0131016472111421,0.0012914141601357,0.0009613814383058,downstairs,wiktor
1672842699450193700,0.1571763157199163,0.4850530750692667,-0.1532093853029827,0.5324039778235661,0.1571763157199163,-0.0046980010270103,-0.0836216492209792,0.4850530750692667,0.5358746090905021,0.7979198920030676,-0.1532093853029827,-0.1093600651644484,-0.0123010307937336,0.0156122758690565,0.0048411937942061,0.0105949853972721,0.0001760966775782,downstairs,wiktor
1672842699460193700,0.2555754396408757,0.6306208283477461,-0.1344425700388897,0.6935965968286509,0.2555754396408757,0.1571763157199163,-0.0046980010270103,0.6306208283477461,0.4850530750692667,0.5358746090905021,-0.1344425700388897,-0.1532093853029827,-0.1093600651644484,0.0451228383720684,0.0008408333692126,0.0403181643208105,0.0039638406820452,downstairs,wiktor
1672842699470193700,0.2965835697911931,0.9145861935626276,-0.0454050421975888,0.9625442001188456,0.2965835697911931,0.2555754396408757,0.1571763157199163,0.9145861935626276,0.6306208283477461,0.4850530750692667,-0.0454050421975888,-0.1344425700388897,-0.1532093853029827,0.0361822924623629,0.0049619341787479,0.0265277554491456,0.0046926028344692,downstairs,wiktor
1672842699480193700,0.1969649552781616,1.144924012642108,0.0514722289703095,1.1628824440533123,0.1969649552781616,0.2965835697911931,0.2555754396408757,1.144924012642108,0.9145861935626276,0.6306208283477461,0.0514722289703095,-0.0454050421975888,-0.1344425700388897,0.0316011407086263,0.0178508119545469,0.0098727072444382,0.0038776215096411,downstairs,wiktor
1672842699490193700,0.0080162217309534,1.285442390404152,0.1395360865923914,1.2930184524283863,0.0080162217309534,0.1969649552781616,0.2965835697911931,1.285442390404152,1.144924012642108,0.9145861935626276,0.1395360865923914,0.0514722289703095,-0.0454050421975888,0.007044345379303,0.0039988873159003,0.0014493777156523,0.0015960803477503,downstairs,wiktor
1672842699500193700,-0.0814140563173717,1.3392824817051954,0.1960352962815608,1.355999871591688,-0.0814140563173717,0.0080162217309534,0.1969649552781616,1.3392824817051954,1.285442390404152,1.144924012642108,0.1960352962815608,0.1395360865923914,0.0514722289703095,0.0051742783575112,0.0050927074562182,2.03211245672e-05,6.12497767258319e-05,downstairs,wiktor
1672842699510193700,0.0195087602923348,1.3329073543233778,0.1849673446439874,1.3458215058179663,0.0195087602923348,-0.0814140563173717,0.0080162217309534,1.3329073543233778,1.3392824817051954,1.285442390404152,0.1849673446439874,0.1960352962815608,0.1395360865923914,0.0130213709185936,0.0109273383983802,0.0007963388169926,0.0012976937032207,downstairs,wiktor
1672842699520193700,0.1673420339378861,1.2929989888596642,0.134022399787393,1.3106531750083066,0.1673420339378861,0.0195087602923348,-0.0814140563173717,1.2929989888596642,1.3329073543233778,1.3392824817051954,0.134022399787393,0.1849673446439874,0.1960352962815608,0.0066361305337148,0.002116655520609,0.0025746653937618,0.0019448096193439,downstairs,wiktor
1672842699530193700,0.2324059336151887,1.2212401511633653,0.0716555877902431,1.2452206824714371,0.2324059336151887,0.1673420339378861,0.0195087602923348,1.2212401511633653,1.2929989888596642,1.3329073543233778,0.0716555877902431,0.134022399787393,0.1849673446439874,0.0058733978278378,0.0002189991654914,0.0033305649553399,0.0023238337070064,downstairs,wiktor
1672842699540193700,0.2114775239531327,1.139624405680769,0.0034817848010238,1.159085265192339,0.2114775239531327,0.2324059336151887,0.1673420339378861,1.139624405680769,1.2212401511633653,1.2929989888596642,0.0034817848010238,0.0716555877902431,0.134022399787393,0.0046917239729533,0.0015051354770545,0.0018533226070325,0.0013332658888662,downstairs,wiktor
1672842699550193700,0.1566115877621852,1.0787421815585752,-0.0481566870754032,1.091114544951732,0.1566115877621852,0.2114775239531327,0.2324059336151887,1.0787421815585752,1.139624405680769,1.2212401511633653,-0.0481566870754032,0.0034817848010238,0.0716555877902431,0.0012079688113228,0.0003255071231489,0.0004208572566193,0.0004616044315546,downstairs,wiktor
1672842699560193700,0.1310966069411493,1.04972986498029,-0.0785410393493828,1.060795835514592,0.1310966069411493,0.1566115877621852,0.2114775239531327,1.04972986498029,1.0787421815585752,1.139624405680769,-0.0785410393493828,-0.0481566870754032,0.0034817848010238,0.0009594732845257,0.0002911174301768,0.0003310963927146,0.0003372594616342,downstairs,wiktor
1672842699570193700,0.1069670636310534,1.0239967581832208,-0.1045125414866949,1.034859500028677,0.1069670636310534,0.1310966069411493,0.1566115877621852,1.0239967581832208,1.04972986498029,1.0787421815585752,-0.1045125414866949,-0.0785410393493828,-0.0481566870754032,0.0010306849965691,0.0008422775825412,8.276431831424453e-05,0.0001056430957136,downstairs,wiktor
1672842699580193700,0.0659237308584528,1.011130964906921,-0.1190482283100715,1.0202471500316308,0.0659237308584528,0.1069670636310534,0.1310966069411493,1.011130964906921,1.0239967581832208,1.04972986498029,-0.1190482283100715,-0.1045125414866949,-0.0785410393493828,0.0002608467469924,0.0002423355967516,1.7959640970457187e-05,5.515092703862975e-07,downstairs,wiktor
1672842699590193700,0.043908481745547,1.0051376951865665,-0.1179979814149213,1.0129922332733643,0.043908481745547,0.0659237308584528,0.1069670636310534,1.0051376951865665,1.011130964906921,1.0239967581832208,-0.1179979814149213,-0.1190482283100715,-0.1045125414866949,0.0004929783480309,1.5397161360977103e-05,0.0004693003750483,8.28081162164113e-06,downstairs,wiktor
1672842699600193700,0.0383592184861625,0.9745011035011862,-0.1139283839847961,0.9818877262932284,0.0383592184861625,0.043908481745547,0.0659237308584528,0.9745011035011862,1.0051376951865665,1.011130964906921,-0.1139283839847961,-0.1179979814149213,-0.1190482283100715,0.0006722691897674,2.1422820855895266e-05,0.0004713308078586,0.0001795155610529,downstairs,wiktor
1672842699610193700,0.0318135602525094,0.9437983085841556,-0.094980267400135,0.9490988363166684,0.0318135602525094,0.0383592184861625,0.043908481745547,0.9437983085841556,0.9745011035011862,1.0051376951865665,-0.094980267400135,-0.1139283839847961,-0.1179979814149213,0.0010530981919512,4.270921510784212e-05,0.0002082677409694,0.0008021212358739,downstairs,wiktor
1672842699620193700,0.0225713510893448,0.9233891076703784,-0.0549272716102084,0.9252966633576704,0.0225713510893448,0.0318135602525094,0.0383592184861625,0.9233891076703784,0.9437983085841556,0.9745011035011862,-0.0549272716102084,-0.094980267400135,-0.1139283839847961,0.00163177174292,8.400357941266749e-05,0.0012324713385861,0.0003152968249212,downstairs,wiktor
1672842699630193700,0.0355331086409014,0.8737409186080134,-0.02981564781081,0.8749712952514724,0.0355331086409014,0.0225713510893448,0.0318135602525094,0.8737409186080134,0.9233891076703784,0.9437983085841556,-0.02981564781081,-0.0549272716102084,-0.094980267400135,0.0018396135917041,0.00017674295927,0.0014855450932956,0.0001773255391384,downstairs,wiktor
1672842699640193700,0.0543343298390076,0.8192332110191656,-0.0109834658268545,0.8211065155979439,0.0543343298390076,0.0355331086409014,0.0225713510893448,0.8192332110191656,0.8737409186080134,0.9233891076703784,-0.0109834658268545,-0.02981564781081,-0.0549272716102084,0.0012197266496884,0.0002452411160354,0.0006268332428614,0.0003476522907915,downstairs,wiktor
1672842699650193700,0.0764811632937234,0.7838260579886998,0.0153851629122955,0.7876987753949498,0.0764811632937234,0.0543343298390076,0.0355331086409014,0.7838260579886998,0.8192332110191656,0.8737409186080134,0.0153851629122955,-0.0109834658268545,-0.02981564781081,0.000498376796694,2.263403376573905e-05,0.0002873095431421,0.0001884332197862,downstairs,wiktor
1672842699660193700,0.0832093181322715,0.7598548442880074,0.0347982110905809,0.7651889247153897,0.0832093181322715,0.0764811632937234,0.0543343298390076,0.7598548442880074,0.7838260579886998,0.8192332110191656,0.0347982110905809,0.0153851629122955,-0.0109834658268545,0.0007853054941802,0.0006495965302269,5.013336831966568e-05,8.557559563360408e-05,downstairs,wiktor
1672842699670193700,0.119253638911749,0.7498415163377538,0.0478806875865357,0.7607734815706677,0.119253638911749,0.0832093181322715,0.0764811632937234,0.7498415163377538,0.7598548442880074,0.7838260579886998,0.0478806875865357,0.0347982110905809,0.0153851629122955,0.0034991588926781,0.0019485471689449,0.0013877321376352,0.0001628795860979,downstairs,wiktor
1672842699680193700,0.1816803506455088,0.8025241916235674,0.0659294873304505,0.8254692757767496,0.1816803506455088,0.119253638911749,0.0832093181322715,0.8025241916235674,0.7498415163377538,0.7598548442880074,0.0659294873304505,0.0478806875865357,0.0347982110905809,0.0066316119053929,0.0007773088290936,0.0057788763154683,7.542676083096577e-05,downstairs,wiktor
1672842699690193700,0.2211089907208061,0.9100311803774932,0.0782117314927334,0.9397675297539908,0.2211089907208061,0.1816803506455088,0.119253638911749,0.9100311803774932,0.8025241916235674,0.7498415163377538,0.0782117314927334,0.0659294873304505,0.0478806875865357,0.0015655620889297,6.900881838112894e-07,0.0014957459821576,6.912601858824043e-05,downstairs,wiktor
1672842699700193700,0.2199341816437121,0.9647257135989712,0.0664536688471918,0.9917070317576588,0.2199341816437121,0.2211089907208061,0.1816803506455088,0.9647257135989712,0.9100311803774932,0.8025241916235674,0.0664536688471918,0.0782117314927334,0.0659294873304505,0.0040307872959935,0.0014783254738071,2.998032868575318e-05,0.0025224814935007,downstairs,wiktor
1672842699710193700,0.2743092765642197,0.9724691403191972,-0.0045742340290824,1.0104270046368005,0.2743092765642197,0.2199341816437121,0.2211089907208061,0.9724691403191972,0.9647257135989712,0.9100311803774932,-0.0045742340290824,0.0664536688471918,0.0782117314927334,0.0082035601632871,0.0048170598866343,0.0001028233647234,0.0032836769119293,downstairs,wiktor
1672842699720193700,0.3724628285797666,0.9581287522684172,-0.0856134456729445,1.031537166890786,0.3724628285797666,0.2743092765642197,0.2199341816437121,0.9581287522684172,0.9724691403191972,0.9647257135989712,-0.0856134456729445,-0.0045742340290824,0.0664536688471918,0.0011250689182251,0.0001490900568811,0.0008650948043288,0.0001108840570151,downstairs,wiktor
1672842699730193700,0.3897307211484109,0.9165332043256652,-0.1005053264819712,1.0010117233527185,0.3897307211484109,0.3724628285797666,0.2743092765642197,0.9165332043256652,0.9581287522684172,0.9724691403191972,-0.1005053264819712,-0.0856134456729445,-0.0045742340290824,0.0050541801247043,0.0046333965662787,0.0002766803973375,0.000144103161088,downstairs,wiktor
1672842699740193700,0.2934665370893458,0.8930095822687831,-0.0835286859964042,0.9436979197812004,0.2934665370893458,0.3897307211484109,0.3724628285797666,0.8930095822687831,0.9165332043256652,0.9581287522684172,-0.0835286859964042,-0.1005053264819712,-0.0856134456729445,0.0098689232467686,0.0094867463906132,0.0003706225422776,1.1554313877687174e-05,downstairs,wiktor
1672842699750193700,0.1557222349159834,0.8657837657602694,-0.0883358294054751,0.8841007647649757,0.1557222349159834,0.2934665370893458,0.3897307211484109,0.8657837657602694,0.8930095822687831,0.9165332043256652,-0.0883358294054751,-0.0835286859964042,-0.1005053264819712,0.0091651007398505,0.0079545946489129,0.0010090094924935,0.000201496598444,downstairs,wiktor
1672842699760193700,0.0295906001139799,0.8208613995604905,-0.1084105198610718,0.828517882559007,0.0295906001139799,0.1557222349159834,0.2934665370893458,0.8208613995604905,0.8657837657602694,0.8930095822687831,-0.1084105198610718,-0.0883358294054751,-0.0835286859964042,0.0053664040915729,0.0042294449730627,0.0010597910492662,7.716806924398495e-05,downstairs,wiktor
1672842699770193700,-0.0623816236610566,0.7748224801712116,-0.1208337295303952,0.7866651974896831,-0.0623816236610566,0.0295906001139799,0.1557222349159834,0.7748224801712116,0.8208613995604905,0.8657837657602694,-0.1208337295303952,-0.1084105198610718,-0.0883358294054751,0.0023202294932263,0.0021607034882503,1.022150819273535e-05,0.0001493044967832,downstairs,wiktor
1672842699780193700,-0.1281190329232169,0.7703010847687423,-0.1035534230063042,0.7877192134316668,-0.1281190329232169,-0.0623816236610566,0.0295906001139799,0.7703010847687423,0.7748224801712116,0.8208613995604905,-0.1035534230063042,-0.1208337295303952,-0.1084105198610718,0.0030594745504402,0.0005856218980678,0.0008405265855497,0.0016333260668226,downstairs,wiktor
1672842699790193700,-0.1623424722029821,0.8113017331916569,-0.0463987894789573,0.8286847580508978,-0.1623424722029821,-0.1281190329232169,-0.0623816236610566,0.8113017331916569,0.7703010847687423,0.7748224801712116,-0.0463987894789573,-0.1035534230063042,-0.1208337295303952,0.0079422766776963,7.168132297320074e-05,0.0036613682427475,0.0042092271119755,downstairs,wiktor
1672842699800193700,-0.1503690580722339,0.8968747224201231,0.0453533452316372,0.9105229526296434,-0.1503690580722339,-0.1623424722029821,-0.1281190329232169,0.8968747224201231,0.8113017331916569,0.7703010847687423,0.0453533452316372,-0.0463987894789573,-0.1035534230063042,0.0107302753324135,0.0002736653801044,0.0057714920278156,0.0046851179244934,downstairs,wiktor
1672842699810193700,-0.1269739568711529,1.00431300263547,0.1421533237904514,1.0222399720471038,-0.1269739568711529,-0.1503690580722339,-0.1623424722029821,1.00431300263547,0.8968747224201231,0.8113017331916569,0.1421533237904514,0.0453533452316372,-0.0463987894789573,0.0092973807873891,0.0007228335628986,0.0058757024445412,0.0026988447799493,downstairs,wiktor
1672842699820193700,-0.0889520273330923,1.112716899655284,0.2156222938383474,1.136901198673502,-0.0889520273330923,-0.1269739568711529,-0.1503690580722339,1.112716899655284,1.00431300263547,0.8968747224201231,0.2156222938383474,0.1421533237904514,0.0453533452316372,0.0071038556602598,0.0018502540581764,0.0039314742952069,0.0013221273068764,downstairs,wiktor
1672842699830193700,-0.0281202254828033,1.201390168403052,0.2670446101392776,1.23103286212073,-0.0281202254828033,-0.0889520273330923,-0.1269739568711529,1.201390168403052,1.112716899655284,1.00431300263547,0.2670446101392776,0.2156222938383474,0.1421533237904514,0.0032890806108657,0.0015773533536341,0.0009047651893293,0.0008069620679022,downstairs,wiktor
1672842699840193700,0.0280465503483617,1.243928743586744,0.3072182848007337,1.2816116426685753,0.0280465503483617,-0.0281202254828033,-0.0889520273330923,1.243928743586744,1.201390168403052,1.112716899655284,0.3072182848007337,0.2670446101392776,0.2156222938383474,0.0014134400085441,0.0007397726824959,0.0001154634721302,0.0005582038539179,downstairs,wiktor
1672842699850193700,0.0665114091807021,1.259125024192885,0.3406309726279038,1.306081564686283,0.0665114091807021,0.0280465503483617,-0.0281202254828033,1.259125024192885,1.243928743586744,1.201390168403052,0.3406309726279038,0.3072182848007337,0.2670446101392776,0.0009429919513881,0.0003627936508656,0.0004491701459875,0.0001310281545349,downstairs,wiktor
1672842699860193700,0.0934481369279869,1.289097349627777,0.3568191259836757,1.3408297504830449,0.0934481369279869,0.0665114091807021,0.0280465503483617,1.289097349627777,1.259125024192885,1.243928743586744,0.3568191259836757,0.3406309726279038,0.3072182848007337,0.0027137249585245,0.0001815817959364,0.0024349308897691,9.721227281903936e-05,downstairs,wiktor
1672842699870193700,0.11250498850092,1.3588817445849468,0.3707627462323083,1.4130399789806174,0.11250498850092,0.0934481369279869,0.0665114091807021,1.3588817445849468,1.289097349627777,1.259125024192885,0.3707627462323083,0.3568191259836757,0.3406309726279038,0.0056551367434006,0.0001356581447114,0.0052801625625795,0.0002393160361096,downstairs,wiktor
1672842699880193700,0.1289766699397703,1.4616451871370482,0.3926404077211254,1.518949677983132,0.1289766699397703,0.11250498850092,0.0934481369279869,1.4616451871370482,1.3588817445849468,1.289097349627777,0.3926404077211254,0.3707627462323083,0.3568191259836757,0.006897788660742,6.283789964681589e-05,0.0068097181511264,2.5232609968814256e-05,downstairs,wiktor
1672842699890193700,0.1401871917516055,1.5783475277401946,0.3997442953847662,1.6342058832189563,0.1401871917516055,0.1289766699397703,0.11250498850092,1.5783475277401946,1.4616451871370482,1.3588817445849468,0.3997442953847662,0.3926404077211254,0.3707627462323083,0.0056659309831955,3.650672384718261e-06,0.005334809411069,0.0003274708997417,downstairs,wiktor
1672842699900193700,0.1374850916850949,1.681641374711532,0.3741524646670634,1.7282389679653067,0.1374850916850949,0.1401871917516055,0.1289766699397703,1.681641374711532,1.5783475277401946,1.4616451871370482,0.3741524646670634,0.3997442953847662,0.3926404077211254,0.0027039013865438,0.0002702868330862,0.0017052221879745,0.000728392365483,downstairs,wiktor
1672842699910193700,0.1142348515535919,1.7400403847711985,0.3359846152258646,1.7758591733616278,0.1142348515535919,0.1374850916850949,0.1401871917516055,1.7400403847711985,1.681641374711532,1.5783475277401946,0.3359846152258646,0.3741524646670634,0.3997442953847662,0.0021891495418513,0.0011876160397536,6.198049083940032e-05,0.0009395530112582,downstairs,wiktor
1672842699920193700,0.0654984988022081,1.7289066081577218,0.2926359587009323,1.7547204670264704,0.0654984988022081,0.1142348515535919,0.1374850916850949,1.7289066081577218,1.7400403847711985,1.681641374711532,0.2926359587009323,0.3359846152258646,0.3741524646670634,0.0080997765262526,0.0004565868071063,0.0074694682968564,0.0001737214222898,downstairs,wiktor
1672842699930193700,0.035279736183385,1.6066816655571503,0.2739961399094412,1.630259034297293,0.035279736183385,0.0654984988022081,0.1142348515535919,1.6066816655571503,1.7289066081577218,1.7400403847711985,0.2739961399094412,0.2926359587009323,0.3359846152258646,0.0229027974345527,0.0015439792567654,0.0212704721591804,8.834601860676508e-05,downstairs,wiktor
1672842699940193700,0.0908491388572575,1.4004271036236966,0.2872886956160587,1.4324749328430628,0.0908491388572575,0.035279736183385,0.0654984988022081,1.4004271036236966,1.6066816655571503,1.7289066081577218,0.2872886956160587,0.2739961399094412,0.2926359587009323,0.0234691234239942,0.0063319428860201,0.0159931103992311,0.0011440701387429,downstairs,wiktor
1672842699950193700,0.2033830705047404,1.2215801836097857,0.3351232048900737,1.282938182771036,0.2033830705047404,0.0908491388572575,0.035279736183385,1.2215801836097857,1.4004271036236966,1.6066816655571503,0.3351232048900737,0.2872886956160587,0.2739961399094412,0.0152959032733488,0.0091878360395469,0.0049098633708146,0.0011982038629871,downstairs,wiktor
1672842699960193700,0.3389399666004166,1.1224856492416917,0.3840763225229107,1.233843164764208,0.3389399666004166,0.2033830705047404,0.0908491388572575,1.1224856492416917,1.2215801836097857,1.4004271036236966,0.3840763225229107,0.3351232048900737,0.2872886956160587,0.0137194088600246,0.0135387359319366,1.7100786063087012e-06,0.0001789628494816,downstairs,wiktor
1672842699970193700,0.5034923043652546,1.1206362825358658,0.4029952468835412,1.2929560500270554,0.5034923043652546,0.3389399666004166,0.2033830705047404,1.1206362825358658,1.1224856492416917,1.2215801836097857,0.4029952468835412,0.3840763225229107,0.3351232048900737,0.0146702426479661,0.0104081128150134,0.0039598870238757,0.000302242809077,downstairs,wiktor
1672842699980193700,0.6477705966687988,1.2096293948971684,0.3784089576524673,1.4233774475308958,0.6477705966687988,0.5034923043652546,0.3389399666004166,1.2096293948971684,1.1206362825358658,1.1224856492416917,0.3784089576524673,0.4029952468835412,0.3840763225229107,0.0125181786242421,0.0038971355603309,0.0054733754884452,0.0031476675754659,downstairs,wiktor
1672842699990193700,0.7360557659820075,1.314256116994778,0.2990658095492325,1.535736823200801,0.7360557659820075,0.6477705966687988,0.5034923043652546,1.314256116994778,1.2096293948971684,1.1206362825358658,0.2990658095492325,0.3784089576524673,0.4029952468835412,0.0076812708096143,0.0012261853438453,0.0012409893829857,0.0052140960827831,downstairs,wiktor
1672842700000193700,0.7855771824368182,1.3640755787137833,0.1969472893603541,1.5863864374089636,0.7855771824368182,0.7360557659820075,0.6477705966687988,1.3640755787137833,1.314256116994778,1.2096293948971684,0.1969472893603541,0.2990658095492325,0.3784089576524673,0.0035556636242779,0.0001105637582655,1.0026908668111944e-05,0.0034350729573443,downstairs,wiktor
1672842700010193700,0.7707068254629231,1.3685537275876176,0.1140609460058022,1.5747819580858928,0.7707068254629231,0.7855771824368182,0.7360557659820075,1.3685537275876176,1.3640755787137833,1.314256116994778,0.1140609460058022,0.1969472893603541,0.2990658095492325,0.009633929243656,0.0083781599159147,2.649330901112619e-06,0.0012531199968402,downstairs,wiktor
1672842700020193700,0.6412606210696329,1.3708556098179294,0.0639985849580008,1.51477922681179,0.6412606210696329,0.7707068254629231,0.7855771824368182,1.3708556098179294,1.3685537275876176,1.3640755787137833,0.0639985849580008,0.1140609460058022,0.1969472893603541,0.0209386561975943,0.0207660619927595,0.0001349634407553,3.763076407946797e-05,downstairs,wiktor
1672842700030193700,0.4374663032255892,1.3872850614676562,0.072673925191037,1.4564402176649252,0.4374663032255892,0.6412606210696329,0.7707068254629231,1.3872850614676562,1.3708556098179294,1.3685537275876176,0.072673925191037,0.0639985849580008,0.1140609460058022,0.0350009285234673,0.0328120910359757,0.0016524197240963,0.0005364177633952,downstairs,wiktor
1672842700040193700,0.1812941305136581,1.4447727944912554,0.1054280932737493,1.4599147483028292,0.1812941305136581,0.4374663032255892,0.6412606210696329,1.4447727944912554,1.3872850614676562,1.3708556098179294,0.1054280932737493,0.072673925191037,0.0639985849580008,0.0501093380680256,0.0485289891680771,0.0014624491238329,0.0001178997761156,downstairs,wiktor
1672842700050193700,-0.1302471642389866,1.4988551229143718,0.1207838593644155,1.5093441436471395,-0.1302471642389866,0.1812941305136581,0.4374663032255892,1.4988551229143718,1.4447727944912554,1.3872850614676562,0.1207838593644155,0.1054280932737493,0.072673925191037,0.0677764961525698,0.0657925027236026,0.0004202150414299,0.0015637783875372,downstairs,wiktor
1672842700060193700,-0.4929936396832083,1.469864950737238,0.1767084226177354,1.5603754576376572,-0.4929936396832083,-0.1302471642389866,0.1812941305136581,1.469864950737238,1.4988551229143718,1.4447727944912554,0.1767084226177354,0.1207838593644155,0.1054280932737493,0.0341144476147379,0.0296790375156961,0.0019865814095354,0.0024488286895062,downstairs,wiktor
1672842700070193700,-0.7366287665253621,1.4068319211490057,0.2466916876102493,1.6070640257228306,-0.7366287665253621,-0.4929936396832083,-0.1302471642389866,1.4068319211490057,1.469864950737238,1.4988551229143718,0.2466916876102493,0.1767084226177354,0.1207838593644155,0.0072444895579722,0.0029363870086805,0.0033263730581508,0.0009817294911409,downstairs,wiktor
1672842700080193700,-0.8132627930237853,1.3252675532160554,0.2910026228551954,1.5819016987893786,-0.8132627930237853,-0.7366287665253621,-0.4929936396832083,1.3252675532160554,1.4068319211490057,1.469864950737238,0.2910026228551954,0.2466916876102493,0.1767084226177354,0.0078793296827917,0.0004126651582082,0.0073154917101891,0.0001511728143943,downstairs,wiktor
1672842700090193700,-0.7845342302957883,1.2043089511227012,0.3083907115594961,1.470020013209425,-0.7845342302957883,-0.8132627930237853,-0.7366287665253621,1.2043089511227012,1.3252675532160554,1.4068319211490057,0.3083907115594961,0.2910026228551954,0.2466916876102493,0.0145254643425819,0.0071513079868791,0.0073605196324009,1.363672330183931e-05,downstairs,wiktor
1672842700100193700,-0.6649406854291933,1.082978661150238,0.3136131101084081,1.308946934935743,-0.6649406854291933,-0.7845342302957883,-0.8132627930237853,1.082978661150238,1.2043089511227012,1.3252675532160554,0.3136131101084081,0.3083907115594961,0.2910026228551954,0.0203708580700903,0.0141747371916498,0.0059477636251438,0.0002483572532966,downstairs,wiktor
1672842700110193700,-0.4965676638868461,0.973912042745303,0.2913260172833373,1.1313509447419663,-0.4965676638868461,-0.6649406854291933,-0.7845342302957883,0.973912042745303,1.082978661150238,1.2043089511227012,0.2913260172833373,0.3136131101084081,0.3083907115594961,0.0223384577918743,0.0178522772090026,0.0033936540745866,0.0010925265082849,downstairs,wiktor
1672842700120193700,-0.3076111757261974,0.8915269218242696,0.2445814666215762,0.974302305028512,-0.3076111757261974,-0.4965676638868461,-0.6649406854291933,0.8915269218242696,0.973912042745303,1.082978661150238,0.2445814666215762,0.2913260172833373,0.3136131101084081,0.0337249969603482,0.0273011860486452,0.0002639446792696,0.0061598662324333,downstairs,wiktor
1672842700130193700,-0.0739396710507438,0.9145027647585172,0.133587176386147,0.927161213274632,-0.0739396710507438,-0.3076111757261974,-0.4965676638868461,0.9145027647585172,0.8915269218242696,0.973912042745303,0.133587176386147,0.2445814666215762,0.2913260172833373,0.2282832687169323,0.1906905455976517,0.004158407094259,0.0334343160250215,downstairs,wiktor
1672842700140193700,0.5436209261341021,1.005699333709975,-0.1250025218812879,1.1500349958293743,0.5436209261341021,-0.0739396710507438,-0.3076111757261974,1.005699333709975,0.9145027647585172,0.8915269218242696,-0.1250025218812879,0.133587176386147,0.2445814666215762,0.1042546340541722,0.0848700239834108,0.0014398213906461,0.0179447886801152,downstairs,wiktor
1672842700150193700,0.9556161299494156,1.059361636877956,-0.3144479688052785,1.4609335339412284,0.9556161299494156,0.5436209261341021,-0.0739396710507438,1.059361636877956,1.005699333709975,0.9145027647585172,-0.3144479688052785,-0.1250025218812879,0.133587176386147,0.0636156436757389,0.0535763818538807,0.0054667628994299,0.0045724989224281,downstairs,wiktor
1672842700160193700,0.6282741624173536,0.9547981356030852,-0.2188184867149923,1.1637222319095712,0.6282741624173536,0.9556161299494156,0.5436209261341021,0.9547981356030852,1.059361636877956,1.005699333709975,-0.2188184867149923,-0.3144479688052785,-0.1250025218812879,0.0470942636912153,0.0277155712045965,0.0058378259218402,0.0135408665647785,downstairs,wiktor
1672842700170193700,0.3928359700840087,0.8467442053474923,-0.0542532014037909,0.9350076248587283,0.3928359700840087,0.6282741624173536,0.9556161299494156,0.8467442053474923,0.9547981356030852,1.059361636877956,-0.0542532014037909,-0.2188184867149923,-0.3144479688052785,0.033707753000875,0.0259447790245005,0.0013049908703219,0.0064579831060525,downstairs,wiktor
1672842700180193700,0.1650431737778018,0.7956562249544105,0.0593952311067591,0.8147612355761523,0.1650431737778018,0.3928359700840087,0.6282741624173536,0.7956562249544105,0.8467442053474923,0.9547981356030852,0.0593952311067591,-0.0542532014037909,-0.2188184867149923,0.0291436370113535,0.0254386988721225,0.0031018051761328,0.0006031329630981,downstairs,wiktor
1672842700190193700,-0.0605170127450972,0.7168932237910104,0.0941265703581652,0.7255742652523232,-0.0605170127450972,0.1650431737778018,0.3928359700840087,0.7168932237910104,0.7956562249544105,0.8467442053474923,0.0941265703581652,0.0593952311067591,-0.0542532014037909,0.0187524064403941,0.0082335394753995,0.0104188843022445,9.998266275007596e-05,downstairs,wiktor
1672842700200193700,-0.1888411295384696,0.5725402930812769,0.1082674800000571,0.6125236376112535,-0.1888411295384696,-0.0605170127450972,0.1650431737778018,0.5725402930812769,0.7168932237910104,0.7956562249544105,0.1082674800000571,0.0941265703581652,0.0593952311067591,0.0174996661523105,0.001909336680783,0.0154363543865466,0.0001539750849808,downstairs,wiktor
1672842700210193700,-0.2506365449150655,0.396833979099413,0.125815989052443,0.485927512820667,-0.2506365449150655,-0.1888411295384696,-0.0605170127450972,0.396833979099413,0.5725402930812769,0.7168932237910104,0.125815989052443,0.1082674800000571,0.0941265703581652,0.0091759944409751,0.0021394174318137,0.0069134476703434,0.000123129338818,downstairs,wiktor
1672842700220193700,-0.1852237414005591,0.2792461594041449,0.1415086203689573,0.3637457100215919,-0.1852237414005591,-0.2506365449150655,-0.1888411295384696,0.2792461594041449,0.396833979099413,0.5725402930812769,0.1415086203689573,0.125815989052443,0.1082674800000571,0.0214902554597187,0.0192691832502638,0.0010948927032315,0.0011261795062234,downstairs,wiktor
1672842700230193700,0.0110881698542796,0.2324510164247389,0.0940495958062162,0.2510014920651355,0.0110881698542796,-0.1852237414005591,-0.2506365449150655,0.2324510164247389,0.2792461594041449,0.396833979099413,0.0940495958062162,0.1415086203689573,0.125815989052443,0.0232557868291575,0.0186501672287978,3.111160510497432e-06,0.0046025084398491,downstairs,wiktor
1672842700240193700,0.2042211148885116,0.2299565583631563,-0.0018931833889808,0.3075546563521331,0.2042211148885116,0.0110881698542796,-0.1852237414005591,0.2299565583631563,0.2324510164247389,0.2792461594041449,-0.0018931833889808,0.0940495958062162,0.1415086203689573,0.0102999033392707,0.0073693743173857,0.000496344216487,0.0024341848053979,downstairs,wiktor
1672842700250193700,0.3256243629289638,0.2614635168481335,-0.0716668862489835,0.4237104423543424,0.3256243629289638,0.2042211148885116,0.0110881698542796,0.2614635168481335,0.2299565583631563,0.2324510164247389,-0.0716668862489835,-0.0018931833889808,0.0940495958062162,0.0022576981066936,0.001718990924761,0.0001734204460729,0.0003652867358596,downstairs,wiktor
1672842700260193700,0.3842586690092955,0.2800871816901016,-0.0986960089080577,0.4856381947811342,0.3842586690092955,0.3256243629289638,0.2042211148885116,0.2800871816901016,0.2614635168481335,0.2299565583631563,-0.0986960089080577,-0.0716668862489835,-0.0018931833889808,0.0009564218563531,0.0005242798911348,0.0001234680369308,0.0003086739282874,downstairs,wiktor
1672842700270193700,0.4166401418335764,0.2958013814426082,-0.0738495231087561,0.5162762991982576,0.4166401418335764,0.3842586690092955,0.3256243629289638,0.2958013814426082,0.2800871816901016,0.2614635168481335,-0.0738495231087561,-0.0986960089080577,-0.0716668862489835,0.0009987161287863,0.0003058665791183,8.99083528650459e-07,0.0006919504661393,downstairs,wiktor
1672842700280193700,0.4413733817797839,0.2971423389577073,-0.0366487041355292,0.5333358784666503,0.4413733817797839,0.4166401418335764,0.3842586690092955,0.2971423389577073,0.2958013814426082,0.2800871816901016,-0.0366487041355292,-0.0738495231087561,-0.0986960089080577,0.0006781298955962,0.0003006452708646,0.0001368926787241,0.0002405919460074,downstairs,wiktor
1672842700290193700,0.4168521554293501,0.2805958783860846,-0.0147127999596134,0.5027088948248332,0.4168521554293501,0.4413733817797839,0.4166401418335764,0.2805958783860846,0.2971423389577073,0.2958013814426082,-0.0147127999596134,-0.0366487041355292,-0.0738495231087561,0.0012586523873495,0.0008772501923942,0.0003460599591972,3.534223575803286e-05,downstairs,wiktor
1672842700300193700,0.3749653987538973,0.254287706302216,-0.006305394205395,0.4531015844545202,0.3749653987538973,0.4168521554293501,0.4413733817797839,0.254287706302216,0.2805958783860846,0.2971423389577073,-0.006305394205395,-0.0147127999596134,-0.0366487041355292,0.0011936901462392,0.0009518966996726,0.000146131034942,9.566241162457864e-05,downstairs,wiktor
1672842700310193700,0.3313329177409495,0.2371920322913988,-0.020137415867074,0.4079792618247382,0.3313329177409495,0.3749653987538973,0.4168521554293501,0.2371920322913988,0.254287706302216,0.2805958783860846,-0.020137415867074,-0.006305394205395,-0.0147127999596134,0.002138284713004,0.0006137432486486,0.0006346449727873,0.0008898964915679,downstairs,wiktor
1672842700320193700,0.2962974143579899,0.2728191279571241,-0.0623250086300641,0.4075620701626362,0.2962974143579899,0.3313329177409495,0.3749653987538973,0.2728191279571241,0.2371920322913988,0.254287706302216,-0.0623250086300641,-0.020137415867074,-0.006305394205395,0.0061146926330816,0.0001192814483768,0.003925080594581,0.0020703305901236,downstairs,wiktor
1672842700330193700,0.2808519329231579,0.3614202633288682,-0.1266729781415206,0.4749194230210264,0.2808519329231579,0.2962974143579899,0.3313329177409495,0.3614202633288682,0.2728191279571241,0.2371920322913988,-0.1266729781415206,-0.0623250086300641,-0.020137415867074,0.0090600625484061,0.0007900879514328,0.0053377216663518,0.0029322529306214,downstairs,wiktor
1672842700340193700,0.3206033593487049,0.4647423003427782,-0.2032530399150843,0.6000697609347556,0.3206033593487049,0.2808519329231579,0.2962974143579899,0.4647423003427782,0.3614202633288682,0.2728191279571241,-0.2032530399150843,-0.1266729781415206,-0.0623250086300641,0.0115942410547007,0.0035358637009908,0.0031233778682213,0.0049349994854885,downstairs,wiktor
1672842700350193700,0.4046969227289166,0.5437787206592546,-0.3026009083923548,0.7423221713433789,0.4046969227289166,0.3206033593487049,0.2808519329231579,0.5437787206592546,0.4647423003427782,0.3614202633288682,-0.3026009083923548,-0.2032530399150843,-0.1266729781415206,0.0066286580077467,0.0023444135301995,0.0011902344401747,0.0030940100373724,downstairs,wiktor
1672842700360193700,0.4731719332101071,0.5925687696482587,-0.3812648777477396,0.8487592898721286,0.4731719332101071,0.4046969227289166,0.3206033593487049,0.5925687696482587,0.5437787206592546,0.4647423003427782,-0.3812648777477396,-0.3026009083923548,-0.2032530399150843,0.0007197293891473,5.871646923789024e-05,0.0004313148776458,0.0002296980422636,downstairs,wiktor
1672842700370193700,0.4623352852747084,0.621939328977145,-0.4026984048612918,0.8733432602456015,0.4623352852747084,0.4731719332101071,0.4046969227289166,0.621939328977145,0.5925687696482587,0.5437787206592546,-0.4026984048612918,-0.3812648777477396,-0.3026009083923548,0.0020440588554058,1.4156317689955844e-05,0.000526440908748,0.0015034616289679,downstairs,wiktor
1672842700380193700,0.4676562471595477,0.6543874694091639,-0.3478629851224419,0.8763184250290402,0.4676562471595477,0.4623352852747084,0.4731719332101071,0.6543874694091639,0.621939328977145,0.5925687696482587,-0.3478629851224419,-0.4026984048612918,-0.3812648777477396,0.0058944248170423,0.0014035085164078,0.0010244432513974,0.0034664730492369,downstairs,wiktor
1672842700390193700,0.5206375366192773,0.6996520969100612,-0.2645986704463816,0.91136653309721,0.5206375366192773,0.4676562471595477,0.4623352852747084,0.6996520969100612,0.6543874694091639,0.621939328977145,-0.2645986704463816,-0.3478629851224419,-0.4026984048612918,0.0137802117613269,0.0034283841699888,0.007896524498872,0.0024553030924661,downstairs,wiktor
1672842700400193700,0.6034431423472569,0.8253224951657525,-0.1945229529335923,1.0407401338905693,0.6034431423472569,0.5206375366192773,0.4676562471595477,0.8253224951657525,0.6996520969100612,0.6543874694091639,-0.1945229529335923,-0.2645986704463816,-0.3478629851224419,0.0705979246215099,0.013287074283902,0.0485194359080549,0.008791414429553,downstairs,wiktor
1672842700410193700,0.766458934735001,1.1368331239027345,-0.0619226932841255,1.3724734132875298,0.766458934735001,0.6034431423472569,0.5206375366192773,1.1368331239027345,0.8253224951657525,0.6996520969100612,-0.0619226932841255,-0.1945229529335923,-0.2645986704463816,0.1010467196075677,0.0174898226769687,0.0692068744340867,0.0143500224965122,downstairs,wiktor
1672842700420193700,0.9534873960822986,1.508873106791904,0.1074881829695094,1.788124709399694,0.9534873960822986,0.766458934735001,0.6034431423472569,1.508873106791904,1.1368331239027345,0.8253224951657525,0.1074881829695094,-0.0619226932841255,-0.1945229529335923,0.0580227212679195,0.0222356206889018,0.0328627560455916,0.0029243445334261,downstairs,wiktor
1672842700430193700,0.7426053404734735,1.7652429803948355,0.1839649053551626,1.92389931075805,0.7426053404734735,0.9534873960822986,0.766458934735001,1.7652429803948355,1.508873106791904,1.1368331239027345,0.1839649053551626,0.1074881829695094,-0.0619226932841255,0.1787591668762429,0.1710622189063541,0.0076848992072158,1.204876267296558e-05,downstairs,wiktor
1672842700440193700,0.1576912973759358,1.8892179714794564,0.1790559823219575,1.9042248117893903,0.1576912973759358,0.7426053404734735,0.9534873960822986,1.8892179714794564,1.7652429803948355,1.508873106791904,0.1790559823219575,0.1839649053551626,0.1074881829695094,0.0506297576506084,0.0381398470539748,0.005913060097823,0.0065768504988105,downstairs,wiktor
1672842700450193700,-0.1184964903844024,1.7804700050817066,0.0643663969289447,1.7855693462542102,-0.1184964903844024,0.1576912973759358,0.7426053404734735,1.7804700050817066,1.8892179714794564,1.7652429803948355,0.0643663969289447,0.1790559823219575,0.1839649053551626,0.1763387533134311,0.0695790418811946,0.0902294970200042,0.0165302144122322,downstairs,wiktor
1672842700460193700,0.2545424938550322,1.3556653511053072,-0.1174588731092557,1.3843471429657777,0.2545424938550322,-0.1184964903844024,0.1576912973759358,1.3556653511053072,1.7804700050817066,1.8892179714794564,-0.1174588731092557,0.0643663969289447,0.1790559823219575,0.1271333555983387,0.000567178981648,0.1191346247759749,0.0074315518407157,downstairs,wiktor
1672842700470193700,0.2208622628092684,0.8675370385153183,-0.2393732023795739,0.926660769832527,0.2208622628092684,0.2545424938550322,-0.1184964903844024,0.8675370385153183,1.3556653511053072,1.7804700050817066,-0.2393732023795739,-0.1174588731092557,0.0643663969289447,0.0782749251935336,0.0303724902082025,0.0477485785647815,0.0001538564205495,downstairs,wiktor
1672842700480193700,-0.0256027051200606,0.5585108953986506,-0.2569149480480934,0.6153009095710991,-0.0256027051200606,0.2208622628092684,0.2545424938550322,0.5585108953986506,0.8675370385153183,1.3556653511053072,-0.2569149480480934,-0.2393732023795739,-0.1174588731092557,0.0060606773689215,0.0017331045187604,0.004320320871991,7.251978170044028e-06,downstairs,wiktor
1672842700490193700,0.0332718143049078,0.4655558431207776,-0.2531065420376885,0.5309540265534433,0.0332718143049078,-0.0256027051200606,0.2208622628092684,0.4655558431207776,0.5585108953986506,0.8675370385153183,-0.2531065420376885,-0.2569149480480934,-0.2393732023795739,0.0055683656356575,0.0004591266751406,0.0047369371489789,0.0003723018115378,downstairs,wiktor
1672842700500193700,0.0635745097342156,0.5628896722756911,-0.2258191159392863,0.6098202805468032,0.0635745097342156,0.0332718143049078,-0.0256027051200606,0.5628896722756911,0.4655558431207776,0.5585108953986506,-0.2258191159392863,-0.2531065420376885,-0.2569149480480934,0.0229286812648614,5.27126528326297e-05,0.0214568290502967,0.0014191395617321,downstairs,wiktor
1672842700510193700,0.0738421923191643,0.7700457923894678,-0.1725436138443814,0.7925872131328532,0.0738421923191643,0.0635745097342156,0.0332718143049078,0.7700457923894678,0.5628896722756911,0.4655558431207776,-0.1725436138443814,-0.2258191159392863,-0.2531065420376885,0.0269300991109191,0.0002144859019394,0.0222578905686872,0.0044577226402925,downstairs,wiktor
1672842700520193700,0.0531305578139187,0.9810334250539784,-0.078121978185042,0.9855721590641154,0.0531305578139187,0.0738421923191643,0.0635745097342156,0.9810334250539784,0.7700457923894678,0.5628896722756911,-0.078121978185042,-0.1725436138443814,-0.2258191159392863,0.0165770175239756,0.0002102854094261,0.0135738629701477,0.0027928691444017,downstairs,wiktor
1672842700530193700,0.0326227344566645,1.1457990948407866,-0.003384181262712,1.14626840714739,0.0326227344566645,0.0531305578139187,0.0738421923191643,1.1457990948407866,0.9810334250539784,0.7700457923894678,-0.003384181262712,-0.078121978185042,-0.1725436138443814,0.0070453407121476,0.0003540966860872,0.0061304162191372,0.000560827806923,downstairs,wiktor
1672842700540193700,0.0060108316277694,1.2565277381011215,0.0301069461271816,1.256902746802426,0.0060108316277694,0.0326227344566645,0.0531305578139187,1.2565277381011215,1.1457990948407866,0.9810334250539784,0.0301069461271816,-0.003384181262712,-0.078121978185042,0.0009740176847453,9.323457278686198e-06,0.0009272953556618,3.7398871804827273e-05,downstairs,wiktor
1672842700550193700,0.0103290389592175,1.2995926973060676,0.0214583772507921,1.2998108823560903,0.0103290389592175,0.0060108316277694,0.0326227344566645,1.2995926973060676,1.2565277381011215,1.1457990948407866,0.0214583772507921,0.0301069461271816,-0.003384181262712,0.0041925639618105,0.0038307821289857,5.692676452081907e-06,0.0003560891563726,downstairs,wiktor
1672842700560193700,0.0978594008799338,1.2962184784477,-0.0052282919446205,1.2999177440309475,0.0978594008799338,0.0103290389592175,0.0060108316277694,1.2962184784477,1.2995926973060676,1.2565277381011215,-0.0052282919446205,0.0214583772507921,0.0301069461271816,0.0038681845871682,0.0030392305264162,0.0006011633647945,0.0002277906959574,downstairs,wiktor
1672842700570193700,0.1758238867233776,1.2615438951107782,-0.0265726446383614,1.2740145775762794,0.1758238867233776,0.0978594008799338,0.0103290389592175,1.2615438951107782,1.2962184784477,1.2995926973060676,-0.0265726446383614,-0.0052282919446205,0.0214583772507921,0.0020080261081926,1.2625469149674484e-10,0.0017142842920208,0.000293741689917,downstairs,wiktor
1672842700580193700,0.1758397772672006,1.202989915023668,-0.0508107010751754,1.2168344547479668,0.1758397772672006,0.1758238867233776,0.0978594008799338,1.202989915023668,1.2615438951107782,1.2962184784477,-0.0508107010751754,-0.0265726446383614,-0.0052282919446205,0.004290682688481,0.0015249212233618,0.0021586348642929,0.0006071266008263,downstairs,wiktor
1672842700590193700,0.1206143986200273,1.1372839812841202,-0.0856568371831088,1.1468651973951185,0.1206143986200273,0.1758397772672006,0.1758238867233776,1.1372839812841202,1.202989915023668,1.2615438951107782,-0.0856568371831088,-0.0508107010751754,-0.0265726446383614,0.0016759887915424,0.0002317587512825,0.000947713371461,0.0004965166687988,downstairs,wiktor
1672842700600193700,0.0990849419950879,1.0937474823100164,-0.1171692686601879,1.104459151941815,0.0990849419950879,0.1206143986200273,0.1758397772672006,1.0937474823100164,1.1372839812841202,1.202989915023668,-0.1171692686601879,-0.0856568371831088,-0.0508107010751754,0.0007260570511643,0.0001308775057915,0.0005629310093985,3.224853597418577e-05,downstairs,wiktor
1672842700610193700,0.0829060974262346,1.0601936148906397,-0.1252002755676915,1.070774967510707,0.0829060974262346,0.0990849419950879,0.1206143986200273,1.0601936148906397,1.0937474823100164,1.1372839812841202,-0.1252002755676915,-0.1171692686601879,-0.0856568371831088,0.0018664955467279,7.85254332250019e-05,0.00085310132398,0.0009348687895228,downstairs,wiktor
1672842700620193700,0.0954380911403251,1.0188874089651354,-0.0819598132777743,1.0266242703057062,0.0954380911403251,0.0829060974262346,0.0990849419950879,1.0188874089651354,1.0601936148906397,1.0937474823100164,-0.0819598132777743,-0.1252002755676915,-0.1171692686601879,0.0031670879997318,6.171639216841428e-07,0.0007297071347519,0.0024367637010581,downstairs,wiktor
1672842700630193700,0.0965490942201445,0.9806851280187836,-0.0121491593479025,0.9855012176475528,0.0965490942201445,0.0954380911403251,0.0829060974262346,0.9806851280187836,1.0188874089651354,1.0601936148906397,-0.0121491593479025,-0.0819598132777743,-0.1252002755676915,0.0024652297486372,0.0001849892472355,0.0003740679386375,0.0019061725627641,downstairs,wiktor
1672842700640193700,0.0773142691762015,0.9533330553866214,0.0495950316786898,0.9577479197984464,0.0773142691762015,0.0965490942201445,0.0954380911403251,0.9533330553866214,0.9806851280187836,1.0188874089651354,0.0495950316786898,-0.0121491593479025,-0.0819598132777743,0.0010975437312576,2.826683758536548e-06,0.0004177591406881,0.0006769579068109,downstairs,wiktor
1672842700650193700,0.0796919502980244,0.9244277222908692,0.086390626708828,0.9318694978726,0.0796919502980244,0.0773142691762015,0.0965490942201445,0.9244277222908692,0.9533330553866214,0.9806851280187836,0.086390626708828,0.0495950316786898,-0.0121491593479025,0.0006492518146083,0.000140014070606,0.0003573562055971,0.0001518815384051,downstairs,wiktor
1672842700660193700,0.0964259916871261,0.8976936165232502,0.1038194269202683,0.9088070611661702,0.0964259916871261,0.0796919502980244,0.0773142691762015,0.8976936165232502,0.9244277222908692,0.9533330553866214,0.1038194269202683,0.086390626708828,0.0495950316786898,0.0004830512201943,3.088066193710437e-06,0.0004717297861239,8.233367876666118e-06,downstairs,wiktor
1672842700670193700,0.0989111742533415,0.8669778295034154,0.1078773495111185,0.8792448463199384,0.0989111742533415,0.0964259916871261,0.0796919502980244,0.8669778295034154,0.8976936165232502,0.9244277222908692,0.1078773495111185,0.1038194269202683,0.086390626708828,0.000884584137581,0.0002529223827188,0.0005899847871498,4.16769677123315e-05,downstairs,wiktor
1672842700680193700,0.0764201812686448,0.8326271442948244,0.0987475118660854,0.8419376916502964,0.0764201812686448,0.0989111742533415,0.0964259916871261,0.8326271442948244,0.8669778295034154,0.8976936165232502,0.0987475118660854,0.1078773495111185,0.1038194269202683,0.0005934126828905,3.753786996858597e-05,0.000523714153717,3.2160659204922064e-05,downstairs,wiktor
1672842700690193700,0.0850848070503605,0.8002631472080283,0.0907274546088182,0.8098715948777871,0.0850848070503605,0.0764201812686448,0.0989111742533415,0.8002631472080283,0.8326271442948244,0.8669778295034154,0.0907274546088182,0.0987475118660854,0.1078773495111185,0.000693476433417,8.833679969514079e-08,0.000565044279573,0.0001283438170442,downstairs,wiktor
1672842700700193700,0.0846644814629996,0.7666463573680362,0.074705980454155,0.7749165730597675,0.0846644814629996,0.0850848070503605,0.0764201812686448,0.7666463573680362,0.8002631472080283,0.8326271442948244,0.074705980454155,0.0907274546088182,0.0987475118660854,0.0030671246948586,0.0019307441528478,0.0004083317309698,0.0007280488110409,downstairs,wiktor
1672842700710193700,0.0225236067854114,0.7380690331066636,0.0365471332220653,0.7393165110021421,0.0225236067854114,0.0846644814629996,0.0850848070503605,0.7380690331066636,0.7666463573680362,0.8002631472080283,0.0365471332220653,0.074705980454155,0.0907274546088182,0.0017711493159468,0.0001198196740811,0.000920751288308,0.0007305783535576,downstairs,wiktor
1672842700720193700,0.0070433177647799,0.6951563010028221,-0.0016779463346245,0.695194006485214,0.0070433177647799,0.0225236067854114,0.0846644814629996,0.6951563010028221,0.7380690331066636,0.7666463573680362,-0.0016779463346245,0.0365471332220653,0.074705980454155,0.000966891638904,0.0001579682904667,0.0001105987509436,0.0006983245974936,downstairs,wiktor
1672842700730193700,0.024817922709291,0.6802835910316266,-0.03904971636211,0.681855244067574,0.024817922709291,0.0070433177647799,0.0225236067854114,0.6802835910316266,0.6951563010028221,0.7380690331066636,-0.03904971636211,-0.0016779463346245,0.0365471332220653,0.0047191382470827,0.0027998693766749,0.001145158450254,0.0007741104201536,downstairs,wiktor
1672842700740193700,0.0996493248968085,0.728140846495225,-0.0783971538937627,0.7390975537950419,0.0996493248968085,0.024817922709291,0.0070433177647799,0.728140846495225,0.6802835910316266,0.6951563010028221,-0.0783971538937627,-0.03904971636211,-0.0016779463346245,0.003796091660199,0.0005352356065306,0.0031416082340221,0.0001192478196462,downstairs,wiktor
1672842700750193700,0.1323673812733935,0.8074075890045792,-0.0938404579214784,0.8235497373870484,0.1323673812733935,0.0996493248968085,0.024817922709291,0.8074075890045792,0.728140846495225,0.6802835910316266,-0.0938404579214784,-0.0783971538937627,-0.03904971636211,0.002170313368653,0.0001852485339028,0.0014677171794916,0.0005173476552586,downstairs,wiktor
1672842700760193700,0.1516156816608471,0.86158723794201,-0.1260071380504141,0.8838538806554402,0.1516156816608471,0.1323673812733935,0.0996493248968085,0.86158723794201,0.8074075890045792,0.728140846495225,-0.1260071380504141,-0.0938404579214784,-0.0783971538937627,0.0020402108084371,0.0001521471736068,0.0006997008890285,0.0011883627458017,downstairs,wiktor
1672842700770193700,0.13417164694368,0.8989958168786278,-0.1747588097305054,0.9256004273914712,0.13417164694368,0.1516156816608471,0.1323673812733935,0.8989958168786278,0.86158723794201,0.8074075890045792,-0.1747588097305054,-0.1260071380504141,-0.0938404579214784,0.000443500262511,0.0001121091400641,0.000243398490572,8.799263187478014e-05,downstairs,wiktor
1672842700780193700,0.1491455669424106,0.9210592930585996,-0.1880247534869654,0.9518129697540452,0.1491455669424106,0.13417164694368,0.1516156816608471,0.9210592930585996,0.8989958168786278,0.86158723794201,-0.1880247534869654,-0.1747588097305054,-0.1260071380504141,0.0013516296932118,0.0001334337639397,3.2520693020223824e-06,0.00121494385997,downstairs,wiktor
1672842700790193700,0.1328094863880193,0.9185089717839277,-0.1387308621824635,0.9383727100913086,0.1328094863880193,0.1491455669424106,0.13417164694368,0.9185089717839277,0.9210592930585996,0.8989958168786278,-0.1387308621824635,-0.1880247534869654,-0.1747588097305054,0.0044889869088686,0.0019598504273817,0.0001882511001103,0.0023408853813765,downstairs,wiktor
1672842700800193700,0.0702019720246179,0.8991053071759036,-0.0703073957199034,0.9045782443553108,0.0702019720246179,0.1328094863880193,0.1491455669424106,0.8991053071759036,0.9185089717839277,0.9210592930585996,-0.0703073957199034,-0.1387308621824635,-0.1880247534869654,0.0026350987303204,0.000343656625255,0.001746975328606,0.0005444667764593,downstairs,wiktor
1672842700810193700,0.0439853122352749,0.8399956577334308,-0.0373084025092211,0.8419734732170864,0.0439853122352749,0.0702019720246179,0.1328094863880193,0.8399956577334308,0.8991053071759036,0.9185089717839277,-0.0373084025092211,-0.0703073957199034,-0.1387308621824635,0.0057602408461118,0.0023907447542123,0.0029121278141476,0.0004573682777517,downstairs,wiktor
1672842700820193700,0.1131336275323578,0.7636788468180408,-0.0070637905014013,0.7720456566111945,0.1131336275323578,0.0439853122352749,0.0702019720246179,0.7636788468180408,0.8399956577334308,0.8991053071759036,-0.0070637905014013,-0.0373084025092211,-0.0703073957199034,0.008411976077442,0.0058072959699637,0.0004707734170692,0.002133906690409,downstairs,wiktor
1672842700830193700,0.2209046437655152,0.7329942116704857,0.0582647130848442,0.767772201092528,0.2209046437655152,0.1131336275323578,0.0439853122352749,0.7329942116704857,0.7636788468180408,0.8399956577334308,0.0582647130848442,-0.0070637905014013,-0.0373084025092211,0.0076391269237176,0.0026354897132424,0.0025830898924495,0.0024205473180256,downstairs,wiktor
1672842700840193700,0.2935061549514745,0.8048703536433204,0.1278426883072611,0.8662019984518334,0.2935061549514745,0.2209046437655152,0.1131336275323578,0.8048703536433204,0.7329942116704857,0.7636788468180408,0.1278426883072611,0.0582647130848442,-0.0070637905014013,0.0209077496678991,3.271733743819058e-05,0.0194226098088203,0.0014524225216405,downstairs,wiktor
1672842700850193700,0.3015953251732204,1.0019622601682732,0.1817393027026119,1.062034502789192,0.3015953251732204,0.2935061549514745,0.2209046437655152,1.0019622601682732,0.8048703536433204,0.7329942116704857,0.1817393027026119,0.1278426883072611,0.0582647130848442,0.0344315754630793,0.0024433368840402,0.0316091703490755,0.0003790682299635,downstairs,wiktor
1672842700860193700,0.2316905773510548,1.2533948370117505,0.2092735806108304,1.291694457920547,0.2316905773510548,0.3015953251732204,0.2935061549514745,1.2533948370117505,1.0019622601682732,0.8048703536433204,0.2092735806108304,0.1817393027026119,0.1278426883072611,0.019313153022466,0.0037415249314398,0.015530057891028,4.157019999821255e-05,downstairs,wiktor
1672842700870193700,0.1451859539897591,1.429633640293139,0.2183917163850129,1.4534876155232013,0.1451859539897591,0.2316905773510548,0.3015953251732204,1.429633640293139,1.2533948370117505,1.0019622601682732,0.2183917163850129,0.2092735806108304,0.1817393027026119,0.0059042113529968,0.0043924279573548,0.0012745887611979,0.000237194634444,downstairs,wiktor
1672842700880193700,0.0514583917964013,1.4801230205863836,0.2401721954634932,1.5003648908281566,0.0514583917964013,0.1451859539897591,0.2316905773510548,1.4801230205863836,1.429633640293139,1.2533948370117505,0.2401721954634932,0.2183917163850129,0.2092735806108304,0.0060467524363226,0.0036381016894943,0.002052603777883,0.0003560469689451,downstairs,wiktor
1672842700890193700,-0.0338422727906269,1.416051126937404,0.2668572837693315,1.4413739637682763,-0.0338422727906269,0.0514583917964013,0.1451859539897591,1.416051126937404,1.4801230205863836,1.429633640293139,0.2668572837693315,0.2401721954634932,0.2183917163850129,0.0076560005328179,0.0007283987825778,0.0068449808590763,8.262089116379706e-05,downstairs,wiktor
1672842700900193700,-0.0720102903597341,1.2990470171029511,0.2540026432715349,1.3256040047279185,-0.0720102903597341,-0.0338422727906269,0.0514583917964013,1.2990470171029511,1.416051126937404,1.4801230205863836,0.2540026432715349,0.2668572837693315,0.2401721954634932,0.003238671133338,6.590264365520535e-05,0.002352102131885,0.0008206663577977,downstairs,wiktor
1672842700910193700,-0.0605296419760228,1.230459815208063,0.2134892786174421,1.250309108374486,-0.0605296419760228,-0.0720102903597341,-0.0338422727906269,1.230459815208063,1.2990470171029511,1.416051126937404,0.2134892786174421,0.2540026432715349,0.2668572837693315,0.0004692404438731,0.0003514555557014,8.568289812709667e-07,0.0001169280591904,downstairs,wiktor
1672842700920193700,-0.0340171711103548,1.2317688828008715,0.1981969237176591,1.248076026986338,-0.0340171711103548,-0.0605296419760228,-0.0720102903597341,1.2317688828008715,1.230459815208063,1.2990470171029511,0.1981969237176591,0.2134892786174421,0.2540026432715349,0.0007257612539707,0.0001729487161756,0.0005438342710766,8.978266718372958e-06,downstairs,wiktor
1672842700930193700,-0.0154188531124475,1.2647487030270856,0.1939594087104,1.279627787705193,-0.0154188531124475,-0.0340171711103548,-0.0605296419760228,1.2647487030270856,1.2317688828008715,1.230459815208063,0.1939594087104,0.1981969237176591,0.2134892786174421,0.0004848686179171,9.93530337257139e-06,0.0004614313688653,1.3501945679284628e-05,downstairs,wiktor
1672842700940193700,-0.0109612072376451,1.295127358983705,0.1887628818550312,1.3088569248082196,-0.0109612072376451,-0.0154188531124475,-0.0340171711103548,1.295127358983705,1.2647487030270856,1.2317688828008715,0.1887628818550312,0.1939594087104,0.1981969237176591,0.0015756185544053,0.0003658629270814,0.0007473671978167,0.0004623884295071,downstairs,wiktor
1672842700950193700,0.0160892244439923,1.3337891540226503,0.219173025870051,1.3517726087625463,0.0160892244439923,-0.0109612072376451,-0.0154188531124475,1.3337891540226503,1.295127358983705,1.2647487030270856,0.219173025870051,0.1887628818550312,0.1939594087104,0.0065896522773758,0.0002249403406958,0.0048612607890304,0.0015034511476495,downstairs,wiktor
1672842700960193700,0.0372996153265685,1.4323920017404568,0.2740082544671771,1.4588415374774917,0.0372996153265685,0.0160892244439923,-0.0109612072376451,1.4323920017404568,1.3337891540226503,1.295127358983705,0.2740082544671771,0.219173025870051,0.1887628818550312,0.0227340890710126,0.0003573211479951,0.0214538558918144,0.0009229120312029,downstairs,wiktor
1672842700970193700,0.0105668209348429,1.6395337690970886,0.3169713090886302,1.669926180554019,0.0105668209348429,0.0372996153265685,0.0160892244439923,1.6395337690970886,1.4323920017404568,1.3337891540226503,0.3169713090886302,0.2740082544671771,0.219173025870051,0.0248887119014813,0.001527432805763,0.0228329873731367,0.0005282917225815,downstairs,wiktor
1672842700980193700,-0.0447040177735219,1.8532297558312187,0.3494764386094152,1.886423271232216,-0.0447040177735219,0.0105668209348429,0.0372996153265685,1.8532297558312187,1.6395337690970886,1.4323920017404568,0.3494764386094152,0.3169713090886302,0.2740082544671771,0.0082329695674996,0.0010928876610422,0.0068531962795534,0.0002868856269039,downstairs,wiktor
1672842700990193700,-0.0914562938901406,1.9703040594127768,0.3734299613943388,2.0074641407252,-0.0914562938901406,-0.0447040177735219,0.0105668209348429,1.9703040594127768,1.8532297558312187,1.6395337690970886,0.3734299613943388,0.3494764386094152,0.3169713090886302,0.0019919653739908,0.0008495514594031,0.0010368099237209,0.0001056039908666,downstairs,wiktor
1672842701000193700,-0.0502361177769023,1.924767043179365,0.3879629577038884,1.964119928769392,-0.0502361177769023,-0.0914562938901406,-0.0447040177735219,1.924767043179365,1.9703040594127768,1.8532297558312187,0.3879629577038884,0.3734299613943388,0.3494764386094152,0.0630686763525741,0.01286590302174,0.0499482087377865,0.0002545645930474,downstairs,wiktor
1672842701010193700,0.1101752472926592,1.6087030979474346,0.3653990665036772,1.6533543843542529,0.1101752472926592,-0.0502361177769023,-0.0914562938901406,1.6087030979474346,1.924767043179365,1.9703040594127768,0.3653990665036772,0.3879629577038884,0.3734299613943388,0.0493254580472418,0.0136236217384935,0.0352786017521894,0.0004232345565588,downstairs,wiktor
1672842701020193700,0.2752426380062317,1.3430770384118935,0.3363049242561789,1.4116357331000255,0.2752426380062317,0.1101752472926592,-0.0502361177769023,1.3430770384118935,1.6087030979474346,1.924767043179365,0.3363049242561789,0.3653990665036772,0.3879629577038884,0.0160320407885144,0.0082343001327726,0.0077389175476174,5.8823108124235465e-05,downstairs,wiktor
1672842701030193700,0.4035726822887198,1.2186670906776589,0.3254584402061067,1.3243653514388891,0.4035726822887198,0.2752426380062317,0.1101752472926592,1.2186670906776589,1.3430770384118935,1.6087030979474346,0.3254584402061067,0.3363049242561789,0.3653990665036772,0.0104704596449703,0.0084346921568842,0.0016049038719486,0.0004308636161373,downstairs,wiktor
1672842701040193700,0.5334548762714538,1.1620119254771466,0.2961032493146349,1.3124492196742634,0.5334548762714538,0.4035726822887198,0.2752426380062317,1.1620119254771466,1.2186670906776589,1.3430770384118935,0.2961032493146349,0.3254584402061067,0.3363049242561789,0.0093961222383538,0.0083891393917047,8.772563668621622e-05,0.0009192572099629,downstairs,wiktor
1672842701050193700,0.6629858717258604,1.1487661233733693,0.2532253480142468,1.3503099456033472,0.6629858717258604,0.5334548762714538,0.4035726822887198,1.1487661233733693,1.1620119254771466,1.2186670906776589,0.2532253480142468,0.2961032493146349,0.3254584402061067,0.0079414201072917,0.0060222708639255,0.0017044576030717,0.0002146916402944,downstairs,wiktor
1672842701060193700,0.7727334991619514,1.207152039535946,0.2325037824221169,1.4520299983552194,0.7727334991619514,0.6629858717258604,0.5334548762714538,1.207152039535946,1.1487661233733693,1.1620119254771466,0.2325037824221169,0.2532253480142468,0.2961032493146349,0.0091120500708383,0.0037080301066467,0.005404005533688,1.4430503584778485e-08,downstairs,wiktor
1672842701070193700,0.858850049332598,1.3111136241110957,0.2326736676986112,1.5845439022660943,0.858850049332598,0.7727334991619514,0.6629858717258604,1.3111136241110957,1.207152039535946,1.1487661233733693,0.2326736676986112,0.2325037824221169,0.2532253480142468,0.0081403260123017,0.0019593219594003,0.0058533877264709,0.0003276163264303,downstairs,wiktor
1672842701080193700,0.921449122159603,1.419311477384356,0.2582711803289579,1.7117878248054517,0.921449122159603,0.858850049332598,0.7727334991619514,1.419311477384356,1.3111136241110957,1.207152039535946,0.2582711803289579,0.2326736676986112,0.2325037824221169,0.0041819235770503,8.89119289975962e-05,0.0037402187522056,0.000352792895847,downstairs,wiktor
1672842701090193700,0.9347841833891284,1.5058009998966893,0.2848340452289283,1.7951012657022511,0.9347841833891284,0.921449122159603,0.858850049332598,1.5058009998966893,1.419311477384356,1.3111136241110957,0.2848340452289283,0.2582711803289579,0.2326736676986112,0.0093405695176199,0.0089017305448631,0.0004173951724357,2.144380032106184e-05,downstairs,wiktor
1672842701100193700,0.8013545723961921,1.5346937385150934,0.2782851826832549,1.7535383271085836,0.8013545723961921,0.9347841833891284,0.921449122159603,1.5346937385150934,1.5058009998966893,1.419311477384356,0.2782851826832549,0.2848340452289283,0.2582711803289579,0.0517751013444649,0.0517488048973271,1.0432680827472916e-05,1.5863766310226653e-05,downstairs,wiktor
1672842701110193700,0.4796441283713604,1.5392616003403838,0.2839179025076784,1.6370687644469677,0.4796441283713604,0.8013545723961921,0.9347841833891284,1.5392616003403838,1.5346937385150934,1.5058009998966893,0.2839179025076784,0.2782851826832549,0.2848340452289283,0.1629437627489814,0.1619699788813577,4.207720180685299e-05,0.0009317066658168,downstairs,wiktor
1672842701120193700,-0.0895131062859137,1.5300880294100587,0.3270851740410248,1.5672162215273162,-0.0895131062859137,0.4796441283713604,0.8013545723961921,1.5300880294100587,1.5392616003403838,1.5346937385150934,0.3270851740410248,0.2839179025076784,0.2782851826832549,0.208095342360368,0.2050925527420369,0.0027109002221671,0.0002918893961638,downstairs,wiktor
1672842701130193700,-0.729970056817387,1.4564551532993544,0.3512466887354256,1.6665809712611706,-0.729970056817387,-0.0895131062859137,0.4796441283713604,1.4564551532993544,1.5300880294100587,1.5392616003403838,0.3512466887354256,0.3270851740410248,0.2839179025076784,0.0699624661797485,0.0617895228447905,0.0070853640143437,0.0010875793206142,downstairs,wiktor
1672842701140193700,-1.081508170952371,1.3374142862465326,0.3978852847823529,1.7654035223538551,-1.081508170952371,-0.729970056817387,-0.0895131062859137,1.3374142862465326,1.4564551532993544,1.5300880294100587,0.3978852847823529,0.3512466887354256,0.3270851740410248,0.0078230376838282,0.003386124994855,0.0043305690039382,0.0001063436850349,downstairs,wiktor
1672842701150193700,-1.163801852299787,1.2443490510194275,0.4124690898437894,1.7529888939368468,-1.163801852299787,-1.081508170952371,-0.729970056817387,1.2443490510194275,1.3374142862465326,1.4564551532993544,0.4124690898437894,0.3978852847823529,0.3512466887354256,0.011579483956037,0.0048730899352547,0.0065253013975379,0.0001810926232442,downstairs,wiktor
1672842701160193700,-1.0650791098818948,1.130109816099563,0.3934379247063473,1.6019784977797409,-1.0650791098818948,-1.163801852299787,-1.081508170952371,1.130109816099563,1.2443490510194275,1.3374142862465326,0.3934379247063473,0.4124690898437894,0.3978852847823529,0.0208042813598054,0.0160663084944496,0.0041040780995784,0.0006338947657772,downstairs,wiktor
1672842701170193700,-0.8858233791815924,1.039510940835259,0.3578318924708606,1.4118462092204582,-0.8858233791815924,-1.0650791098818948,-1.163801852299787,1.039510940835259,1.130109816099563,1.2443490510194275,0.3578318924708606,0.3934379247063473,0.4124690898437894,0.0483484752217253,0.0355079657381488,0.0086877612147327,0.0041527482688437,downstairs,wiktor
1672842701180193700,-0.61933523408636,0.9076946958975975,0.2666973955024376,1.130757840525204,-0.61933523408636,-0.8858233791815924,-1.0650791098818948,0.9076946958975975,1.039510940835259,1.130109816099563,0.2666973955024376,0.3578318924708606,0.3934379247063473,0.0426132835918147,0.0315389471097375,0.0027469392943232,0.0083273971877538,downstairs,wiktor
1672842701190193700,-0.3681821050605102,0.8335739930633252,0.137643940006245,0.9216016051520136,-0.3681821050605102,-0.61933523408636,-0.8858233791815924,0.8335739930633252,0.9076946958975975,1.039510940835259,0.137643940006245,0.2666973955024376,0.3578318924708606,0.0393980245012492,0.0233062584104641,0.0001986150303634,0.0158931510604216,downstairs,wiktor
1672842701200193700,-0.1522827840311743,0.8535046242807982,-0.0406431939121711,0.8679355155726571,-0.1522827840311743,-0.3681821050605102,-0.61933523408636,0.8535046242807982,0.8335739930633252,0.9076946958975975,-0.0406431939121711,0.137643940006245,0.2666973955024376,0.1507507462698404,0.1202553434665501,0.0057143939603587,0.0247810088429315,downstairs,wiktor
1672842701210193700,0.3381361052187202,0.9604101335902692,-0.2632684792816976,1.051681483405818,0.3381361052187202,-0.1522827840311743,-0.3681821050605102,0.9604101335902692,0.8535046242807982,0.8335739930633252,-0.2632684792816976,-0.0406431939121711,0.137643940006245,0.2227945488126882,0.188278981208831,0.0026631843569815,0.0318523832468757,downstairs,wiktor
1672842701220193700,0.9517792934133436,0.8874281583226524,-0.5156665111554655,1.3997587328827736,0.9517792934133436,0.3381361052187202,-0.1522827840311743,0.8874281583226524,0.9604101335902692,0.8535046242807982,-0.5156665111554655,-0.2632684792816976,-0.0406431939121711,0.0346546581279184,4.233297373070602e-05,0.0319344878540677,0.00267783730012,downstairs,wiktor
1672842701230193700,0.9425778833332846,0.6347050376784672,-0.5888489858351329,1.2798619765906571,0.9425778833332846,0.9517792934133436,0.3381361052187202,0.6347050376784672,0.8874281583226524,0.9604101335902692,-0.5888489858351329,-0.5156665111554655,-0.2632684792816976,0.3330794481689705,0.2584719567782648,0.0038671692994104,0.0707403220912952,downstairs,wiktor
1672842701240193700,0.2235897655201112,0.5467599491355541,-0.2127098570774476,0.6278409898389562,0.2235897655201112,0.9425778833332846,0.9517792934133436,0.5467599491355541,0.6347050376784672,0.8874281583226524,-0.2127098570774476,-0.5888489858351329,-0.5156665111554655,0.0691618345120206,0.013897296826132,0.0001608455438178,0.0551036921420706,downstairs,wiktor
1672842701250193700,0.0568726588625635,0.5646956980085666,0.1192651183109713,0.5799481865832582,0.0568726588625635,0.2235897655201112,0.9425778833332846,0.5646956980085666,0.5467599491355541,0.6347050376784672,0.1192651183109713,-0.2127098570774476,-0.5888489858351329,0.0122935341304421,0.0029522865386023,0.0023643539694615,0.0069768936223782,downstairs,wiktor
1672842701260193700,-0.0199685610470961,0.4959300965866124,0.2373912680186316,0.5501818047356639,-0.0199685610470961,0.0568726588625635,0.2235897655201112,0.4959300965866124,0.5646956980085666,0.5467599491355541,0.2373912680186316,0.1192651183109713,-0.2127098570774476,0.0349443928968535,0.0219127965339892,0.0129916424024881,3.9953960376200727e-05,downstairs,wiktor
1672842701270193700,-0.229314191686903,0.3347367815733144,0.2463303910602058,0.4746708048816068,-0.229314191686903,-0.0199685610470961,0.0568726588625635,0.3347367815733144,0.4959300965866124,0.5646956980085666,0.2463303910602058,0.2373912680186316,0.1192651183109713,0.0278466923099925,0.0179640131938372,0.0096554893304706,0.0002271897856846,downstairs,wiktor
1672842701280193700,-0.418861089281336,0.1957728342310585,0.2250142100849613,0.5142013316561598,-0.418861089281336,-0.229314191686903,-0.0199685610470961,0.1957728342310585,0.3347367815733144,0.4959300965866124,0.2250142100849613,0.2463303910602058,0.2373912680186316,0.0122913515248366,0.0106794734083918,0.0015524135786352,5.946453780949259e-05,downstairs,wiktor
1672842701290193700,-0.272714085149251,0.1400518583129129,0.2141087492685178,0.3739385668382204,-0.272714085149251,-0.418861089281336,-0.229314191686903,0.1400518583129129,0.1957728342310585,0.3347367815733144,0.2141087492685178,0.2250142100849613,0.2463303910602058,0.0713599956798811,0.0656953663951828,0.0011524302225026,0.0045121990621957,downstairs,wiktor
1672842701300193700,0.0897645111710911,0.1880608204450536,0.1191119170876946,0.2400253912496706,0.0897645111710911,-0.272714085149251,-0.418861089281336,0.1880608204450536,0.1400518583129129,0.1957728342310585,0.1191119170876946,0.2141087492685178,0.2250142100849613,0.0364406795482159,0.0209664711521397,0.0063051438578188,0.0091690645382573,downstairs,wiktor
1672842701310193700,0.294539857109706,0.3003563578258317,-0.0163064312869431,0.4209911742708164,0.294539857109706,0.0897645111710911,-0.272714085149251,0.3003563578258317,0.1880608204450536,0.1400518583129129,-0.0163064312869431,0.1191119170876946,0.2141087492685178,0.0105425769636057,0.0024039206883598,0.005146955082377,0.0029917011928688,downstairs,wiktor
1672842701320193700,0.3638784565815705,0.4018152665758976,-0.0936588868765217,0.5501227378581935,0.3638784565815705,0.294539857109706,0.0897645111710911,0.4018152665758976,0.3003563578258317,0.1880608204450536,-0.0936588868765217,-0.0163064312869431,0.1191119170876946,0.0051010255420229,0.0019135820713583,0.0024449693446686,0.000742474125996,downstairs,wiktor
1672842701330193700,0.4257425345486483,0.4717433631418506,-0.1321939131771747,0.6490560353878434,0.4257425345486483,0.3638784565815705,0.294539857109706,0.4717433631418506,0.4018152665758976,0.3003563578258317,-0.1321939131771747,-0.0936588868765217,-0.0163064312869431,0.0015803999458346,0.0011535420619546,0.0002637642972876,0.0001630935865923,downstairs,wiktor
1672842701340193700,0.4737746500955327,0.4947113537935234,-0.1502545658006162,0.7012689763488021,0.4737746500955327,0.4257425345486483,0.3638784565815705,0.4947113537935234,0.4717433631418506,0.4018152665758976,-0.1502545658006162,-0.1321939131771747,-0.0936588868765217,0.0029020241374699,0.0025745093829302,0.0002645841242737,6.293063026596096e-05,downstairs,wiktor
1672842701350193700,0.4020179865313697,0.4717076965071825,-0.1390357752895173,0.6351830911235011,0.4020179865313697,0.4737746500955327,0.4257425345486483,0.4717076965071825,0.4947113537935234,0.4717433631418506,-0.1390357752895173,-0.1502545658006162,-0.1321939131771747,0.0093208413281924,0.0067944011417374,0.0009470112172488,0.0015794289692062,downstairs,wiktor
1672842701360193700,0.2854469683344145,0.4281873284653377,-0.0828320570992364,0.5212346013772324,0.2854469683344145,0.4020179865313697,0.4737746500955327,0.4281873284653377,0.4717076965071825,0.4947113537935234,-0.0828320570992364,-0.1390357752895173,-0.1502545658006162,0.0033876525851614,0.0018196003734025,0.0003232334218753,0.0012448187898836,downstairs,wiktor
1672842701370193700,0.2251211799284184,0.4027616162088317,-0.0329357889044375,0.4625810537995166,0.2251211799284184,0.2854469683344145,0.4020179865313697,0.4027616162088317,0.4281873284653377,0.4717076965071825,-0.0329357889044375,-0.0828320570992364,-0.1390357752895173,0.000461851238559,0.0004415224831513,1.2211518672265043e-05,8.117236735422012e-06,downstairs,wiktor
1672842701380193700,0.1954051074035586,0.3978196492578566,-0.0289065863194532,0.4441612545773036,0.1954051074035586,0.2251211799284184,0.2854469683344145,0.3978196492578566,0.4027616162088317,0.4281873284653377,-0.0289065863194532,-0.0329357889044375,-0.0828320570992364,0.000992549607711,1.282211772056946e-05,4.789038701838076e-08,0.0009796795996034,downstairs,wiktor
1672842701390193700,0.1903410936356924,0.3981291339489752,-0.0731712358629311,0.4473148432403078,0.1903410936356924,0.1954051074035586,0.2251211799284184,0.3981291339489752,0.3978196492578566,0.4027616162088317,-0.0731712358629311,-0.0289065863194532,-0.0329357889044375,0.0015332989386146,0.0001773395098354,3.6303216192231982e-06,0.0013523291071599,downstairs,wiktor
1672842701400193700,0.2091740174573131,0.400823692027482,-0.1251775644616693,0.4691298586898189,0.2091740174573131,0.1903410936356924,0.1954051074035586,0.400823692027482,0.3981291339489752,0.3978196492578566,-0.1251775644616693,-0.0731712358629311,-0.0289065863194532,0.0043830684588768,0.0029397277102776,0.0002306182661057,0.0012127224824934,downstairs,wiktor
1672842701410193700,0.285851624491931,0.422300110076393,-0.1744263711983487,0.5389555576897168,0.285851624491931,0.2091740174573131,0.1903410936356924,0.422300110076393,0.400823692027482,0.3981291339489752,-0.1744263711983487,-0.1251775644616693,-0.0731712358629311,0.0076436326952309,0.0057333284332958,0.0015695231177245,0.0003407811442105,downstairs,wiktor
1672842701420193700,0.3929341014271968,0.4783273020053941,-0.2005331191463615,0.6506978928679015,0.3929341014271968,0.285851624491931,0.2091740174573131,0.4783273020053941,0.422300110076393,0.400823692027482,-0.2005331191463615,-0.1744263711983487,-0.1251775644616693,0.0152073320736258,0.0053436162994643,0.0096909091967891,0.0001728065773723,downstairs,wiktor
1672842701430193700,0.4963131737722742,0.6175459013144599,-0.1819424452816308,0.8128916041424316,0.4963131737722742,0.3929341014271968,0.285851624491931,0.6175459013144599,0.4783273020053941,0.422300110076393,-0.1819424452816308,-0.2005331191463615,-0.1744263711983487,0.0390281945686865,0.0023128017350735,0.0352447505639373,0.0014706422696756,downstairs,wiktor
1672842701440193700,0.5643249629719936,0.8830444910053934,-0.1277088344913527,1.0557176626993865,0.5643249629719936,0.4963131737722742,0.3929341014271968,0.8830444910053934,0.6175459013144599,0.4783273020053941,-0.1277088344913527,-0.1819424452816308,-0.2005331191463615,0.0464676489613849,0.0005326542490313,0.0416630104383877,0.0042719842739658,downstairs,wiktor
1672842701450193700,0.5969640269607575,1.171706959776059,-0.0352752445581918,1.3154875871521932,0.5969640269607575,0.5643249629719936,0.4963131737722742,1.171706959776059,0.8830444910053934,0.6175459013144599,-0.0352752445581918,-0.1277088344913527,-0.1819424452816308,0.0306425814069562,0.0022122019359018,0.0100628801546685,0.0183674993163858,downstairs,wiktor
1672842701460193700,0.6634802195141786,1.313572249080163,0.1563885199690959,1.4799106136582114,0.6634802195141786,0.5969640269607575,0.5643249629719936,1.313572249080163,1.171706959776059,0.8830444910053934,0.1563885199690959,-0.0352752445581918,-0.1277088344913527,0.0662153715200224,0.0471094783040824,0.0007297586492969,0.0183761345666431,downstairs,wiktor
1672842701470193700,0.3565291540197502,1.351775878470496,0.3480973333640106,1.4406883135417787,0.3565291540197502,0.6634802195141786,0.5969640269607575,1.351775878470496,1.313572249080163,1.171706959776059,0.3480973333640106,0.1563885199690959,-0.0352752445581918,0.0822689631038357,0.0815321053962857,0.0001333106850316,0.0006035470225183,downstairs,wiktor
1672842701480193700,-0.0472829443534552,1.3681044231105834,0.3828405923509963,1.4214472584352666,-0.0472829443534552,0.3565291540197502,0.6634802195141786,1.3681044231105834,1.351775878470496,1.313572249080163,0.3828405923509963,0.3480973333640106,0.1563885199690959,0.043684467161666,0.0219796653279614,1.448193344502921e-05,0.0216903199002595,downstairs,wiktor
1672842701490193700,-0.2569477498309673,1.3627226142241533,0.1745603969398169,1.3976789336757187,-0.2569477498309673,-0.0472829443534552,0.3565291540197502,1.3627226142241533,1.3681044231105834,1.351775878470496,0.1745603969398169,0.3828405923509963,0.3480973333640106,0.0423395115264498,0.0034793910691935,0.011120309208151,0.0277398112491052,downstairs,wiktor
1672842701500193700,-0.1735284346912043,1.213589725777969,-0.060980730038489,1.2274488949020457,-0.1735284346912043,-0.2569477498309673,-0.0472829443534552,1.213589725777969,1.3627226142241533,1.3681044231105834,-0.060980730038489,0.1745603969398169,0.3828405923509963,0.0442257113363372,0.0046411922716908,0.0242483954398507,0.0153361236247956,downstairs,wiktor
1672842701510193700,-0.0771833022589861,0.9933698563753616,-0.2361156701549356,1.0239587605931806,-0.0771833022589861,-0.1735284346912043,-0.2569477498309673,0.9933698563753616,1.213589725777969,1.3627226142241533,-0.2361156701549356,-0.060980730038489,0.1745603969398169,0.0108629455775542,0.0002180842006084,0.0084080976451007,0.002236763731845,downstairs,wiktor
1672842701520193700,-0.0980679473653071,0.8636925827681429,-0.3030001037975259,0.9205385721035602,-0.0980679473653071,-0.0771833022589861,-0.1735284346912043,0.8636925827681429,0.9933698563753616,1.213589725777969,-0.3030001037975259,-0.2361156701549356,-0.060980730038489,0.0265326899401639,0.0263065454669441,0.0001316344675316,9.451000568815652e-05,downstairs,wiktor
1672842701530193700,0.1313074892749057,0.847467018523306,-0.3167485586698493,0.9142054767085396,0.1313074892749057,-0.0980679473653071,-0.0771833022589861,0.847467018523306,0.8636925827681429,0.9933698563753616,-0.3167485586698493,-0.3030001037975259,-0.2361156701549356,0.0057506468002638,0.0031586439309065,0.0020945933929668,0.0004974094763905,downstairs,wiktor
1672842701540193700,0.2107888572916493,0.9121909459839724,-0.2852078080005783,0.9787071870779066,0.2107888572916493,0.1313074892749057,-0.0980679473653071,0.9121909459839724,0.847467018523306,0.8636925827681429,-0.2852078080005783,-0.3167485586698493,-0.3030001037975259,0.0142424567430144,0.0015648652115826,0.0066282686599978,0.0060493228714339,downstairs,wiktor
1672842701550193700,0.1548448636626159,1.027327983117971,-0.1752139638870652,1.0536031747488943,0.1548448636626159,0.2107888572916493,0.1313074892749057,1.027327983117971,0.9121909459839724,0.847467018523306,-0.1752139638870652,-0.2852078080005783,-0.3167485586698493,0.0302011975854981,0.0113119565352593,0.008387101173997,0.0105021398762417,downstairs,wiktor
1672842701560193700,0.0044323872169479,1.1568432422498358,-0.0302854306284845,1.1572480894362738,0.0044323872169479,0.1548448636626159,0.2107888572916493,1.1568432422498358,1.027327983117971,0.9121909459839724,-0.0302854306284845,-0.1752139638870652,-0.2852078080005783,0.0135915807158921,0.0024117643541843,0.0056760022924507,0.005503814069257,downstairs,wiktor
1672842701570193700,-0.0650192413339263,1.2633890285808846,0.0746318136096009,1.26726052841744,-0.0650192413339263,0.0044323872169479,0.1548448636626159,1.2633890285808846,1.1568432422498358,1.027327983117971,0.0746318136096009,-0.0302854306284845,-0.1752139638870652,0.0046555579107105,6.787924749705064e-05,0.003111593771345,0.0014760848918683,downstairs,wiktor
1672842701580193700,-0.0766707860810446,1.3422762109534994,0.1289656868723895,1.3506354002174072,-0.0766707860810446,-0.0650192413339263,0.0044323872169479,1.3422762109534994,1.2633890285808846,1.1568432422498358,0.1289656868723895,0.0746318136096009,-0.0302854306284845,0.0043911841979724,0.0031675722312163,0.0011248775806293,9.87343861267532e-05,downstairs,wiktor
1672842701590193700,0.0029228346585136,1.389707794958872,0.143018045117663,1.3970506288467748,0.0029228346585136,-0.0766707860810446,-0.0650192413339263,1.389707794958872,1.3422762109534994,1.2633890285808846,0.143018045117663,0.1289656868723895,0.0746318136096009,0.0198337825594463,0.0196102803652259,0.0001871060423329,3.639615188751257e-05,downstairs,wiktor
1672842701600193700,0.2009646502693888,1.4090523571060456,0.1344862045322427,1.4296509626246152,0.2009646502693888,0.0029228346585136,-0.0766707860810446,1.4090523571060456,1.389707794958872,1.3422762109534994,0.1344862045322427,0.143018045117663,0.1289656868723895,0.0094450338213148,0.0070704282662097,0.0015719682379194,0.0008026373171856,downstairs,wiktor
1672842701610193700,0.3198799837315607,1.3529815404913494,0.0944203258526062,1.393483925575233,0.3198799837315607,0.2009646502693888,0.0029228346585136,1.3529815404913494,1.4090523571060456,1.389707794958872,0.0944203258526062,0.1344862045322427,0.143018045117663,0.0097754346056178,3.676383568790997e-06,0.0074269592442524,0.0023447989777966,downstairs,wiktor
1672842701620193700,0.3171683851002028,1.2311048877292028,0.0259396865770178,1.2715690686854244,0.3171683851002028,0.3198799837315607,0.2009646502693888,1.2311048877292028,1.3529815404913494,1.4090523571060456,0.0259396865770178,0.0944203258526062,0.1344862045322427,0.0127826026765043,0.0078398420036523,0.0034131783072274,0.0015295823656245,downstairs,wiktor
1672842701630193700,0.1919498401186195,1.1484831193236853,-0.0293700298501075,1.1647835915509894,0.1919498401186195,0.3171683851002028,0.3198799837315607,1.1484831193236853,1.2311048877292028,1.3529815404913494,-0.0293700298501075,0.0259396865770178,0.0944203258526062,0.0073701081768166,0.0072020517438911,8.383193413006795e-05,8.422449879537901e-05,downstairs,wiktor
1672842701640193700,0.0719327434707571,1.135534610982562,-0.0423488201477723,1.1385985222590345,0.0719327434707571,0.1919498401186195,0.3171683851002028,1.135534610982562,1.1484831193236853,1.2311048877292028,-0.0423488201477723,-0.0293700298501075,0.0259396865770178,0.001585623235722,0.0008875755193679,0.0006953493239962,2.698392357812448e-06,downstairs,wiktor
1672842701650193700,0.0298002021429919,1.1728266831694565,-0.0400257220621063,1.1738877881759504,0.0298002021429919,0.0719327434707571,0.1919498401186195,1.1728266831694565,1.135534610982562,1.1484831193236853,-0.0400257220621063,-0.0423488201477723,-0.0293700298501075,0.0007859238990694,0.0001146019937949,0.000632756027314,3.8565877960549565e-05,downstairs,wiktor
1672842701660193700,0.0449396865328187,1.2084007194125943,-0.0488081907310569,1.2102206879676876,0.0449396865328187,0.0298002021429919,0.0719327434707571,1.2084007194125943,1.1728266831694565,1.135534610982562,-0.0488081907310569,-0.0400257220621063,-0.0423488201477723,0.0003609839376203,0.0002751732344391,8.410641145303402e-05,1.7042917281298423e-06,downstairs,wiktor
1672842701670193700,0.0683991509103002,1.2213704080328376,-0.0469619557903574,1.2241852567137077,0.0683991509103002,0.0449396865328187,0.0298002021429919,1.2213704080328376,1.2084007194125943,1.1728266831694565,-0.0469619557903574,-0.0488081907310569,-0.0400257220621063,0.0014812939749644,0.0004166932990659,0.0004880718421221,0.0005765288337763,downstairs,wiktor
1672842701680193700,0.097267586928414,1.1901271098035493,-0.0130052529534682,1.1941660929538276,0.097267586928414,0.0683991509103002,0.0449396865328187,1.1901271098035493,1.2213704080328376,1.2084007194125943,-0.0130052529534682,-0.0469619557903574,-0.0488081907310569,0.0035868901577026,0.0001906007755715,0.0025262614764373,0.0008700279056938,downstairs,wiktor
1672842701690193700,0.1167919704306685,1.1190460085678855,0.0287087232582,1.125490348443695,0.1167919704306685,0.097267586928414,0.0683991509103002,1.1190460085678855,1.1901271098035493,1.2213704080328376,0.0287087232582,-0.0130052529534682,-0.0469619557903574,0.0044664580701135,0.0002379240845076,0.0040296290726436,0.0001989049129622,downstairs,wiktor
1672842701700193700,0.0949780260598005,1.0292726375423564,0.0486538937494363,1.0347899251561143,0.0949780260598005,0.1167919704306685,0.097267586928414,1.0292726375423564,1.1190460085678855,1.1901271098035493,0.0486538937494363,0.0287087232582,-0.0130052529534682,0.0045171482807278,0.000711721123619,0.0037986825457782,6.744611330590719e-06,downstairs,wiktor
1672842701710193700,0.0572494924646808,0.942109772217974,0.0523266614607382,0.9452969939631104,0.0572494924646808,0.0949780260598005,0.1167919704306685,0.942109772217974,1.0292726375423564,1.1190460085678855,0.0523266614607382,0.0486538937494363,0.0287087232582,0.0027766202503629,0.0001559303636206,0.0026206595202819,3.036646035286848e-08,downstairs,wiktor
1672842701720193700,0.0395899135557373,0.8697128175819953,0.052080220959388,0.8721697631407216,0.0395899135557373,0.0572494924646808,0.0949780260598005,0.8697128175819953,0.942109772217974,1.0292726375423564,0.052080220959388,0.0523266614607382,0.0486538937494363,0.0013515296272883,3.443983997931384e-05,0.0013067155282775,1.0374259031496178e-05,downstairs,wiktor
1672842701730193700,0.0478892918432132,0.8185910897497417,0.0566352750823367,0.8219442261337238,0.0478892918432132,0.0395899135557373,0.0572494924646808,0.8185910897497417,0.8697128175819953,0.942109772217974,0.0566352750823367,0.052080220959388,0.0523266614607382,0.0009460876441221,0.0003016060598166,0.0006404122258347,4.06935847078151e-06,downstairs,wiktor
1672842701740193700,0.0724496688686848,0.7828024819021397,0.0537824314235354,0.7879855519748817,0.0724496688686848,0.0478892918432132,0.0395899135557373,0.7828024819021397,0.8185910897497417,0.8697128175819953,0.0537824314235354,0.0566352750823367,0.052080220959388,0.0021031317246963,0.0002087958244632,0.0008667873414598,0.0010275485587733,downstairs,wiktor
1672842701750193700,0.0928847281768053,0.7411662634989316,0.0084492524312493,0.7470116416389331,0.0928847281768053,0.0724496688686848,0.0478892918432132,0.7411662634989316,0.7828024819021397,0.8185910897497417,0.0084492524312493,0.0537824314235354,0.0566352750823367,0.0018489766473552,4.231014732521438e-05,0.0005403180511147,0.0012663484489152,downstairs,wiktor
1672842701760193700,0.1020836571715541,0.7082932334860234,-0.041876654394466,0.7168361262149665,0.1020836571715541,0.0928847281768053,0.0724496688686848,0.7082932334860234,0.7411662634989316,0.7828024819021397,-0.041876654394466,0.0084492524312493,0.0537824314235354,0.0007526582084683,3.775236017749495e-05,0.0001420099392673,0.0005728959090235,downstairs,wiktor
1672842701770193700,0.0933943119514014,0.6914403441629822,-0.075726201186809,0.7018167172327003,0.0933943119514014,0.1020836571715541,0.0928847281768053,0.6914403441629822,0.7082932334860234,0.7411662634989316,-0.075726201186809,-0.041876654394466,0.0084492524312493,0.0004466551898332,5.4962417338510674e-05,1.3175077758112214e-05,0.0003785176947366,downstairs,wiktor
1672842701780193700,0.08290980744823,0.6863071039079167,-0.1032404772898297,0.6989635707221131,0.08290980744823,0.0933943119514014,0.1020836571715541,0.6863071039079167,0.6914403441629822,0.7082932334860234,-0.1032404772898297,-0.075726201186809,-0.041876654394466,0.0004457850674237,0.0001088369440688,0.0002158163907052,0.0001211317326495,downstairs,wiktor
1672842701790193700,0.0976635828341371,0.707082877814334,-0.1188052922678238,0.7236152769124238,0.0976635828341371,0.08290980744823,0.0933943119514014,0.707082877814334,0.6863071039079167,0.6914403441629822,-0.1188052922678238,-0.1032404772898297,-0.075726201186809,0.0017182403929735,0.0006075433180777,0.0011105972191767,9.98557190205867e-08,downstairs,wiktor
1672842701800193700,0.0628054899982461,0.7542124273385278,-0.1183584014108563,0.7660219489742622,0.0628054899982461,0.0976635828341371,0.08290980744823,0.7542124273385278,0.707082877814334,0.6863071039079167,-0.1183584014108563,-0.1188052922678238,-0.1032404772898297,0.0008052730271971,6.325864831841367e-05,0.0003787597167931,0.0003632546620855,downstairs,wiktor
1672842701810193700,0.0515574992160296,0.7817354982715901,-0.145312238320861,0.7967962171026923,0.0515574992160296,0.0628054899982461,0.0976635828341371,0.7817354982715901,0.7542124273385278,0.707082877814334,-0.145312238320861,-0.1183584014108563,-0.1188052922678238,0.0008888672637611,2.122955089430079e-06,0.000206728654356,0.0006800156543156,downstairs,wiktor
1672842701820193700,0.0536180598627615,0.8020691479369125,-0.1821908406348226,0.8242471212123915,0.0536180598627615,0.0515574992160296,0.0628054899982461,0.8020691479369125,0.7817354982715901,0.7542124273385278,-0.1821908406348226,-0.145312238320861,-0.1183584014108563,0.0003084707021243,1.613876760861769e-05,5.049684882777812e-05,0.0002418350856879,downstairs,wiktor
1672842701830193700,0.059299392032001,0.8121187099997865,-0.2041833432522112,0.8394903541368016,0.059299392032001,0.0536180598627615,0.0515574992160296,0.8121187099997865,0.8020691479369125,0.7817354982715901,-0.2041833432522112,-0.1821908406348226,-0.145312238320861,2.794636437163936e-05,1.5211292091595305e-05,2.8929966622889442e-08,1.2706142313421162e-05,downstairs,wiktor
1672842701840193700,0.0537837248753289,0.8118781690817585,-0.1991422833808307,0.8376732653744804,0.0537837248753289,0.059299392032001,0.0536180598627615,0.8118781690817585,0.8121187099997865,0.8020691479369125,-0.1991422833808307,-0.2041833432522112,-0.1821908406348226,0.0009153637396563,0.0001837981451281,3.334376109975594e-05,0.0006982218334284,downstairs,wiktor
1672842701850193700,0.0346109240821142,0.8200444119265135,-0.1617732632323599,0.8365652050465436,0.0346109240821142,0.0537837248753289,0.059299392032001,0.8200444119265135,0.8118781690817585,0.8121187099997865,-0.1617732632323599,-0.1991422833808307,-0.2041833432522112,0.0024744472112881,4.781996083527742e-06,0.0006206909435118,0.0018489742716927,downstairs,wiktor
1672842701860193700,0.0377034945610291,0.8552776616634266,-0.1009625031369166,0.8620411005759785,0.0377034945610291,0.0346109240821142,0.0537837248753289,0.8552776616634266,0.8200444119265135,0.8118781690817585,-0.1009625031369166,-0.1617732632323599,-0.1991422833808307,0.0036206131962788,0.0005109427684998,0.001481799865929,0.0016278705618499,downstairs,wiktor
1672842701870193700,0.0696704390036839,0.909716615840174,-0.0439034011136644,0.9134362593175356,0.0696704390036839,0.0377034945610291,0.0346109240821142,0.909716615840174,0.8552776616634266,0.8200444119265135,-0.0439034011136644,-0.1009625031369166,-0.1617732632323599,0.0046724745666197,0.0003234590702973,0.0025291633970467,0.0018198520992755,downstairs,wiktor
1672842701880193700,0.0951050245240885,0.9808385308459828,0.0164265599218869,0.985575477146576,0.0951050245240885,0.0696704390036839,0.0377034945610291,0.9808385308459828,0.909716615840174,0.8552776616634266,0.0164265599218869,-0.0439034011136644,-0.1009625031369166,0.0061439404861141,1.5485191372630276e-05,0.0038671039962704,0.002261351298471,downstairs,wiktor
1672842701890193700,0.1006701285433554,1.0687828768412817,0.083677601526773,1.076769823874785,0.1006701285433554,0.0951050245240885,0.0696704390036839,1.0687828768412817,0.9808385308459828,0.909716615840174,0.083677601526773,0.0164265599218869,-0.0439034011136644,0.0063585513058848,1.49555375850341e-05,0.0039496624905312,0.0023939332777685,downstairs,wiktor
1672842701900193700,0.0952010266819829,1.157661023655122,0.1528720128295438,1.171585307810782,0.0952010266819829,0.1006701285433554,0.0951050245240885,1.157661023655122,1.0687828768412817,0.9808385308459828,0.1528720128295438,0.083677601526773,0.0164265599218869,0.0039229322492347,1.5020389064386208e-05,0.0022990732776091,0.0016088385825612,downstairs,wiktor
1672842701910193700,0.1006819735097465,1.2254706583335238,0.2095965856804909,1.2473355294206676,0.1006819735097465,0.0952010266819829,0.1006701285433554,1.2254706583335238,1.157661023655122,1.0687828768412817,0.2095965856804909,0.1528720128295438,0.083677601526773,0.0026117283961774,0.0004244197474036,0.00109862968619,0.0010886789625836,downstairs,wiktor
1672842701920193700,0.1298168236862501,1.272345591638865,0.2562587537094987,1.304371212932724,0.1298168236862501,0.1006819735097465,0.0952010266819829,1.272345591638865,1.2254706583335238,1.157661023655122,0.2562587537094987,0.2095965856804909,0.1528720128295438,0.0009674922350771,1.5962128716562535e-05,0.0004186275613655,0.000532902544995,downstairs,wiktor
1672842701930193700,0.135466979209165,1.3012809527517175,0.2889054241368182,1.3398319911638732,0.135466979209165,0.1298168236862501,0.1006819735097465,1.3012809527517175,1.272345591638865,1.2254706583335238,0.2889054241368182,0.2562587537094987,0.2095965856804909,0.0007806603617906,0.0006585344461645,9.927476333776226e-05,2.285115228837772e-05,downstairs,wiktor
1672842701940193700,0.0991755354196296,1.3153717130816474,0.2956657720995163,1.3518345975718775,0.0991755354196296,0.135466979209165,0.1298168236862501,1.3153717130816474,1.3012809527517175,1.272345591638865,0.2956657720995163,0.2889054241368182,0.2562587537094987,0.0009586109636628,0.0004552842629508,1.1828179720757447e-05,0.0004914985209912,downstairs,wiktor
1672842701950193700,0.0689999074079106,1.32023549344691,0.2643129884594237,1.3482003194064514,0.0689999074079106,0.0991755354196296,0.135466979209165,1.32023549344691,1.3153717130816474,1.3012809527517175,0.2643129884594237,0.2956657720995163,0.2889054241368182,0.0007794503079979,2.2944478341413164e-05,4.566650048778546e-08,0.000756460163156,downstairs,wiktor
1672842701960193700,0.0622257685930629,1.3199332799446049,0.2254167119498141,1.3404881960720825,0.0622257685930629,0.0689999074079106,0.0991755354196296,1.3199332799446049,1.32023549344691,1.3153717130816474,0.2254167119498141,0.2643129884594237,0.2956657720995163,0.0001926357121733,2.306092891386128e-05,1.2808775849495076e-05,0.0001567660074099,downstairs,wiktor
1672842701970193700,0.0690170761128062,1.3148719015059789,0.2077098766927734,1.3329646908454986,0.0690170761128062,0.0622257685930629,0.0689999074079106,1.3148719015059789,1.3199332799446049,1.32023549344691,0.2077098766927734,0.2254167119498141,0.2643129884594237,0.0001700755348237,0.000160558581144,9.300084898942229e-06,2.1686878073245245e-07,downstairs,wiktor
1672842701980193700,0.0869368183622954,1.3105591100899832,0.208368464243115,1.3298648834817175,0.0869368183622954,0.0690170761128062,0.0622257685930629,1.3105591100899832,1.3148719015059789,1.3199332799446049,0.208368464243115,0.2077098766927734,0.2254167119498141,0.0004145086384025,0.0002536193916948,3.909885565885677e-06,0.0001569793611418,downstairs,wiktor
1672842701990193700,0.1094587806078382,1.3077627247210164,0.2260873446333584,1.3316681479352337,0.1094587806078382,0.0869368183622954,0.0690170761128062,1.3077627247210164,1.3105591100899832,1.3148719015059789,0.2260873446333584,0.208368464243115,0.2077098766927734,0.0006524419146242,0.0004972530991779,8.323144774639408e-07,0.0001543565009688,downstairs,wiktor
1672842702000193700,0.1409945729453691,1.3090529297260167,0.2436575751935311,1.3389802300159277,0.1409945729453691,0.1094587806078382,0.0869368183622954,1.3090529297260167,1.3077627247210164,1.3105591100899832,0.2436575751935311,0.2260873446333584,0.208368464243115,0.0015014098811578,0.0011428910210598,0.0003225967929681,3.592206712986769e-05,downstairs,wiktor
1672842702010193700,0.1888044259269424,1.3344535908578925,0.2521336671149142,1.3711254076472874,0.1888044259269424,0.1409945729453691,0.1094587806078382,1.3344535908578925,1.3090529297260167,1.3077627247210164,0.2521336671149142,0.2436575751935311,0.2260873446333584,0.0018649870294082,0.0011537469537083,0.0005382299932813,0.0001730100824186,downstairs,wiktor
1672842702020193700,0.2368408070085418,1.3672630405113486,0.2335320498508898,1.407138588810766,0.2368408070085418,0.1888044259269424,0.1409945729453691,1.3672630405113486,1.3344535908578925,1.3090529297260167,0.2335320498508898,0.2521336671149142,0.2436575751935311,0.0012418736324751,6.551583240696406e-05,0.0001482279975592,0.0010281298025089,downstairs,wiktor
1672842702030193700,0.2482877133510401,1.384480938034524,0.1881860510746158,1.4191012106967922,0.2482877133510401,0.2368408070085418,0.1888044259269424,1.384480938034524,1.3672630405113486,1.3344535908578925,0.1881860510746158,0.2335320498508898,0.2521336671149142,0.002059589988853,0.0013251756515969,6.790959215515427e-05,0.0006665047451009,downstairs,wiktor
1672842702040193700,0.1968061506009254,1.3961350868370024,0.1516756485816016,1.4180731095343315,0.1968061506009254,0.2482877133510401,0.2368408070085418,1.3961350868370024,1.384480938034524,1.3672630405113486,0.1516756485816016,0.1881860510746158,0.2335320498508898,0.0036786041671461,0.0031024199123816,0.0002576927801623,0.0003184914746021,downstairs,wiktor
1672842702050193700,0.1180353449381459,1.4188371915923907,0.1264371274441771,1.4293416897637825,0.1180353449381459,0.1968061506009254,0.2482877133510401,1.4188371915923907,1.3961350868370024,1.384480938034524,0.1264371274441771,0.1516756485816016,0.1881860510746158,0.000540441389611,0.0004366505512551,4.74313045813846e-06,9.904770789775806e-05,downstairs,wiktor
1672842702060193700,0.088483676584053,1.4219171690137815,0.1123624901204121,1.429091713552373,0.088483676584053,0.1180353449381459,0.1968061506009254,1.4219171690137815,1.4188371915923907,1.3961350868370024,0.1123624901204121,0.1264371274441771,0.1516756485816016,0.0043487599850707,0.0016546309333823,0.002248714163016,0.0004454148886723,downstairs,wiktor
1672842702070193700,0.1460098607679948,1.3548543005541631,0.1422092617606535,1.3700994596386462,0.1460098607679948,0.088483676584053,0.1180353449381459,1.3548543005541631,1.4219171690137815,1.4188371915923907,0.1422092617606535,0.1123624901204121,0.1264371274441771,0.0161256650659143,0.0093292720436519,0.0052127927820552,0.0015836002402071,downstairs,wiktor
1672842702080193700,0.2826061421496779,1.252748543791332,0.1984871480075122,1.2994777002612177,0.2826061421496779,0.1460098607679948,0.088483676584053,1.252748543791332,1.3548543005541631,1.4219171690137815,0.1984871480075122,0.1422092617606535,0.1123624901204121,0.0131431370417816,0.0111324050298822,0.0014473128553255,0.0005634191565738,downstairs,wiktor
1672842702090193700,0.4318201162263858,1.1989468178835965,0.232055560438661,1.2952960541982177,0.4318201162263858,0.2826061421496779,0.1460098607679948,1.1989468178835965,1.252748543791332,1.3548543005541631,0.232055560438661,0.1984871480075122,0.1422092617606535,0.0081076580884808,0.0077957623176331,2.209459435301977e-06,0.0003096863114124,downstairs,wiktor
1672842702100193700,0.5566861429721193,1.1968446954155647,0.2569427584092031,1.34475137769793,0.5566861429721193,0.4318201162263858,0.2826061421496779,1.1968446954155647,1.1989468178835965,1.252748543791332,0.2569427584092031,0.232055560438661,0.1984871480075122,0.0038378231899364,0.0020345263345659,0.0013471870235601,0.0004561098318103,downstairs,wiktor
1672842702110193700,0.6204752695465754,1.2487520556559035,0.2871457328259824,1.4236656659847884,0.6204752695465754,0.5566861429721193,0.4318201162263858,1.2487520556559035,1.1968446954155647,1.1989468178835965,0.2871457328259824,0.2569427584092031,0.232055560438661,0.0037951241770706,8.356141449810562e-05,0.0032946299366252,0.0004169328259472,downstairs,wiktor
1672842702120193700,0.6334028690529111,1.3299263118782465,0.3160224648414742,1.5065767115666613,0.6334028690529111,0.6204752695465754,0.5566861429721193,1.3299263118782465,1.2487520556559035,1.1968446954155647,0.3160224648414742,0.2871457328259824,0.2569427584092031,0.0033383105781703,0.0004770413252372,0.0028531665467902,8.102706142827796e-06,downstairs,wiktor
1672842702130193700,0.60251464070497,1.4054665865241636,0.3200480594914179,1.5623031007086767,0.60251464070497,0.6334028690529111,0.6204752695465754,1.4054665865241636,1.3299263118782465,1.2487520556559035,0.3200480594914179,0.3160224648414742,0.2871457328259824,0.0113699533558107,0.0100546923235569,0.0003416660842542,0.0009735949479994,downstairs,wiktor
1672842702140193700,0.4607070786812403,1.431607209479797,0.2759210847934069,1.529013623096637,0.4607070786812403,0.60251464070497,0.6334028690529111,1.431607209479797,1.4054665865241636,1.3299263118782465,0.2759210847934069,0.3200480594914179,0.3160224648414742,0.0352348438619047,0.0313354784899978,0.0001100941031256,0.0037892712687812,downstairs,wiktor
1672842702150193700,0.2103653982123344,1.416768469430476,0.1888662598980432,1.444699609214761,0.2103653982123344,0.4607070786812403,0.60251464070497,1.416768469430476,1.431607209479797,1.4054665865241636,0.1888662598980432,0.2759210847934069,0.3200480594914179,0.0492758441605359,0.0465380466798673,0.0008265709645074,0.0019112265161611,downstairs,wiktor
1672842702160193700,-0.0947183498958443,1.3761096213280657,0.1270402699559301,1.3852034095789467,-0.0947183498958443,0.2103653982123344,0.4607070786812403,1.3761096213280657,1.416768469430476,1.431607209479797,0.1270402699559301,0.1888662598980432,0.2759210847934069,0.0560212161862817,0.0557121852207116,0.0002836116842546,2.541928131536946e-05,downstairs,wiktor
1672842702170193700,-0.4285212414971954,1.3522931696924974,0.1199101533628625,1.4236241484643284,-0.4285212414971954,-0.0947183498958443,0.2103653982123344,1.3522931696924974,1.3761096213280657,1.416768469430476,0.1199101533628625,0.1270402699559301,0.1888662598980432,0.065520955355022,0.0648475503595741,0.000454025733207,0.0002193792622408,downstairs,wiktor
1672842702180193700,-0.7886533016073004,1.3221592773714903,0.140856716911132,1.5459365444851156,-0.7886533016073004,-0.4285212414971954,-0.0947183498958443,1.3221592773714903,1.3522931696924974,1.3761096213280657,0.140856716911132,0.1199101533628625,0.1270402699559301,0.0094093230660106,0.0072847696351661,6.73006125960692e-05,0.0020572528182484,downstairs,wiktor
1672842702190193700,-0.909357648133564,1.3105575005596335,0.205001129267134,1.6082654499469051,-0.909357648133564,-0.7886533016073004,-0.4285212414971954,1.3105575005596335,1.3221592773714903,1.3522931696924974,0.205001129267134,0.140856716911132,0.1199101533628625,0.0050975896322876,0.0043797287138708,0.000148199686487,0.0005696612319296,downstairs,wiktor
1672842702200193700,-0.8157656750389564,1.3277737537226817,0.2387549803638508,1.5765344012406224,-0.8157656750389564,-0.909357648133564,-0.7886533016073004,1.3277737537226817,1.3105575005596335,1.3221592773714903,0.2387549803638508,0.205001129267134,0.140856716911132,0.0353421496880431,0.0351259443675514,3.686053905864904e-05,0.000179344781433,downstairs,wiktor
1672842702210193700,-0.5507149464319537,1.3191876557662583,0.2198158789367472,1.446327087481376,-0.5507149464319537,-0.8157656750389564,-0.909357648133564,1.3191876557662583,1.3277737537226817,1.3105575005596335,0.2198158789367472,0.2387549803638508,0.205001129267134,0.0972872179193513,0.093650686454121,0.0001883440578037,0.0034481874074265,downstairs,wiktor
1672842702220193700,-0.1179316601231568,1.2997792010207734,0.1367714642247805,1.3122653242739422,-0.1179316601231568,-0.5507149464319537,-0.8157656750389564,1.2997792010207734,1.3191876557662583,1.3277737537226817,0.1367714642247805,0.2198158789367472,0.2387549803638508,0.0311337588980138,0.022997030819682,0.0008264092260406,0.0073103188522912,downstairs,wiktor
1672842702230193700,0.0965306014506781,1.2591243310531886,0.0158556352172329,1.262918698584636,0.0965306014506781,-0.1179316601231568,-0.5507149464319537,1.2591243310531886,1.2997792010207734,1.3191876557662583,0.0158556352172329,0.1367714642247805,0.2198158789367472,0.0148397429227543,3.23405451144329e-07,0.0080141981635053,0.0068252213537977,downstairs,wiktor
1672842702240193700,0.0973348469991822,1.1325210280670075,-0.1009794738364911,1.1411725573245268,0.0973348469991822,0.0965306014506781,-0.1179316601231568,1.1325210280670075,1.2591243310531886,1.2997792010207734,-0.1009794738364911,0.0158556352172329,0.1367714642247805,0.0191330394316031,0.0149934729272959,0.0028368961610916,0.0013026703432155,downstairs,wiktor
1672842702250193700,0.270502239583906,1.0571964482660996,-0.1520220118457945,1.101792396022049,0.270502239583906,0.0973348469991822,0.0965306014506781,1.0571964482660996,1.1325210280670075,1.2591243310531886,-0.1520220118457945,-0.1009794738364911,0.0158556352172329,0.0171613526684191,0.0168552189025929,0.00029692415763,9.209608196249906e-06,downstairs,wiktor
1672842702260193700,0.4541062640637248,1.0328274451010129,-0.1563137733014791,1.1390254721205957,0.4541062640637248,0.270502239583906,0.0973348469991822,1.0328274451010129,1.0571964482660996,1.1325210280670075,-0.1563137733014791,-0.1520220118457945,-0.1009794738364911,0.0011242078302584,0.0006790590261017,0.0002968947299701,0.0001482540741864,downstairs,wiktor
1672842702270193700,0.4172536108050571,1.0084596495515514,-0.1390943613378585,1.1001993827754508,0.4172536108050571,0.4541062640637248,0.270502239583906,1.0084596495515514,1.0328274451010129,1.0571964482660996,-0.1390943613378585,-0.1563137733014791,-0.1520220118457945,0.0083182556430919,0.0049974101088923,0.0002238126033328,0.0030970329308668,downstairs,wiktor
1672842702280193700,0.3172795130707708,0.9873024945758536,-0.0603919734342273,1.0387876085444074,0.3172795130707708,0.4172536108050571,0.4541062640637248,0.9873024945758536,1.0084596495515514,1.0328274451010129,-0.0603919734342273,-0.1390943613378585,-0.1563137733014791,0.0061139659001525,0.0010638503041979,0.0032317978278039,0.0018183177681506,downstairs,wiktor
1672842702290193700,0.2711525078742929,0.906906004256886,-8.745008563164743e-05,0.9465739224863672,0.2711525078742929,0.3172795130707708,0.4172536108050571,0.906906004256886,0.9873024945758536,1.0084596495515514,-8.745008563164743e-05,-0.0603919734342273,-0.1390943613378585,0.0204284866545421,0.0086864286390556,0.0114736504696604,0.000268407545826,downstairs,wiktor
1672842702300193700,0.139346372667652,0.7554223386710517,0.0230818203312818,0.7685135599120414,0.139346372667652,0.2711525078742929,0.3172795130707708,0.7554223386710517,0.906906004256886,0.9873024945758536,0.0230818203312818,-8.745008563164743e-05,-0.0603919734342273,0.0353075842935825,0.0192058494307883,0.0150500123751759,0.0010517224876181,downstairs,wiktor
1672842702310193700,-0.056642654733314,0.581928751612763,0.068945149639525,0.5887299006740212,-0.056642654733314,0.139346372667652,0.2711525078742929,0.581928751612763,0.7554223386710517,0.906906004256886,0.068945149639525,0.0230818203312818,-8.745008563164743e-05,0.0235435686229831,0.0112108736484171,0.0094605718326287,0.0028721231419372,downstairs,wiktor
1672842702320193700,-0.2063815851984214,0.4443746034918955,0.144735955703813,0.5108920079733962,-0.2063815851984214,-0.056642654733314,0.139346372667652,0.4443746034918955,0.581928751612763,0.7554223386710517,0.144735955703813,0.068945149639525,0.0230818203312818,0.0094970119258738,0.0006847576068176,0.0065960405276134,0.0022162137914426,downstairs,wiktor
1672842702330193700,-0.2433885468899112,0.3295178185150084,0.2113124349054452,0.4609478523886846,-0.2433885468899112,-0.2063815851984214,-0.056642654733314,0.3295178185150084,0.4443746034918955,0.581928751612763,0.2113124349054452,0.144735955703813,0.068945149639525,0.012863435454966,0.0092890599288308,0.0035191516600433,5.522386609187128e-05,downstairs,wiktor
1672842702340193700,-0.1070869700183958,0.2456232220258023,0.2218218465057082,0.3478553117795664,-0.1070869700183958,-0.2433885468899112,-0.2063815851984214,0.2456232220258023,0.3295178185150084,0.4443746034918955,0.2218218465057082,0.2113124349054452,0.144735955703813,0.0160707124608792,0.0131695100611835,0.0001046367438597,0.0027965656558359,downstairs,wiktor
1672842702350193700,0.0552060369855016,0.2311569340527427,0.1470346062058289,0.2794645059795819,0.0552060369855016,-0.1070869700183958,-0.2433885468899112,0.2311569340527427,0.2456232220258023,0.3295178185150084,0.1470346062058289,0.2218218465057082,0.2113124349054452,0.0194592040421121,0.0133930099461235,0.0008061964624778,0.0052599976335107,downstairs,wiktor
1672842702360193700,0.2188703883032125,0.2713115468009145,0.0444675780387738,0.3514136704798752,0.2188703883032125,0.0552060369855016,-0.1070869700183958,0.2713115468009145,0.2311569340527427,0.2456232220258023,0.0444675780387738,0.1470346062058289,0.2218218465057082,0.0107987809936376,0.0047316232061184,0.0020848841000338,0.0039822736874853,downstairs,wiktor
1672842702370193700,0.3161496071129711,0.335885289143044,-0.044776734805075,0.4634376522469838,0.3161496071129711,0.2188703883032125,0.0552060369855016,0.335885289143044,0.2713115468009145,0.2311569340527427,-0.044776734805075,0.0444675780387738,0.1470346062058289,0.006366726351847,0.0016393892247344,0.0017154958981615,0.0030118412289509,downstairs,wiktor
1672842702380193700,0.3734102257742193,0.3944599576980021,-0.12238912078761,0.5567880672455429,0.3734102257742193,0.3161496071129711,0.2188703883032125,0.3944599576980021,0.335885289143044,0.2713115468009145,-0.12238912078761,-0.044776734805075,0.0444675780387738,0.0008649848998148,0.0001538026313133,0.0003311566173747,0.0003800256511267,downstairs,wiktor
1672842702390193700,0.3909489048187398,0.4201954047457897,-0.1499581487402514,0.5932054203410936,0.3909489048187398,0.3734102257742193,0.3161496071129711,0.4201954047457897,0.3944599576980021,0.335885289143044,-0.1499581487402514,-0.12238912078761,-0.044776734805075,0.0010164366803485,0.0002637128768782,7.582545381446439e-06,0.0007451412580888,downstairs,wiktor
1672842702400193700,0.3679831530619078,0.4240896428950164,-0.1113539712956052,0.5724188440919014,0.3679831530619078,0.3909489048187398,0.3734102257742193,0.4240896428950164,0.4201954047457897,0.3944599576980021,-0.1113539712956052,-0.1499581487402514,-0.12238912078761,0.0040595043017641,0.0004471663150507,2.1513895241444235e-05,0.0035908240914719,downstairs,wiktor
1672842702410193700,0.3380777583963704,0.4175300857085222,-0.0266093656682035,0.5378996203153008,0.3380777583963704,0.3679831530619078,0.3909489048187398,0.4175300857085222,0.4240896428950164,0.4201954047457897,-0.0266093656682035,-0.1113539712956052,-0.1499581487402514,0.0029347428635197,4.218942881380081e-05,0.0003819132772816,0.0025106401574243,downstairs,wiktor
1672842702420193700,0.3288919618806837,0.3898926734822803,0.0442516272323239,0.5120004159545125,0.3288919618806837,0.3380777583963704,0.3679831530619078,0.3898926734822803,0.4175300857085222,0.4240896428950164,0.0442516272323239,-0.0266093656682035,-0.1113539712956052,0.0019879621983488,6.477942770221411e-05,0.0012858703715468,0.0006373123990997,downstairs,wiktor
1672842702430193700,0.3402743542216825,0.3391803402378541,0.0799535151123718,0.4870549290620862,0.3402743542216825,0.3288919618806837,0.3380777583963704,0.3391803402378541,0.3898926734822803,0.4175300857085222,0.0799535151123718,0.0442516272323239,-0.0266093656682035,0.0007519460102482,0.0001116489409065,0.0006351888287901,5.108240551541308e-06,downstairs,wiktor
1672842702440193700,0.3552175092370414,0.3035379826056726,0.0767571920524978,0.4735044374498229,0.3552175092370414,0.3402743542216825,0.3288919618806837,0.3035379826056726,0.3391803402378541,0.3898926734822803,0.0767571920524978,0.0799535151123718,0.0442516272323239,0.0020586510850218,4.97643598291002e-06,1.1647008839172516e-05,0.0020420276401997,downstairs,wiktor
1672842702450193700,0.3583723265005005,0.3083643702484491,0.0128505783071313,0.4729529010408242,0.3583723265005005,0.3552175092370414,0.3402743542216825,0.3083643702484491,0.3035379826056726,0.3391803402378541,0.0128505783071313,0.0767571920524978,0.0799535151123718,0.0070941943934862,0.0001520187822467,0.0040702105970929,0.0028719650141465,downstairs,wiktor
1672842702460193700,0.3758089994771189,0.3985886529786864,-0.0629381413567682,0.5514222773961907,0.3758089994771189,0.3583723265005005,0.3552175092370414,0.3985886529786864,0.3083643702484491,0.3035379826056726,-0.0629381413567682,0.0128505783071313,0.0767571920524978,0.0109131795298696,0.003283529476548,0.0053397028723153,0.0022899471810062,downstairs,wiktor
1672842702470193700,0.4568463917913836,0.5019298632707604,-0.1306130581429201,0.6911598833072247,0.4568463917913836,0.3758089994771189,0.3583723265005005,0.5019298632707604,0.3985886529786864,0.3083643702484491,-0.1306130581429201,-0.0629381413567682,0.0128505783071313,0.0070656992225099,0.0026855794174777,0.0024668251451181,0.0019132946599141,downstairs,wiktor
1672842702480193700,0.5301345820743719,0.5721698112365458,-0.192472490082021,0.803409377241769,0.5301345820743719,0.4568463917913836,0.3758089994771189,0.5721698112365458,0.5019298632707604,0.3985886529786864,-0.192472490082021,-0.1306130581429201,-0.0629381413567682,0.0021838978294387,0.00016266161082,0.0010432615765127,0.0009779746421059,downstairs,wiktor
1672842702490193700,0.5481713007792816,0.6178482870542167,-0.2366986054914931,0.8592173826544112,0.5481713007792816,0.5301345820743719,0.4568463917913836,0.6178482870542167,0.5721698112365458,0.5019298632707604,-0.2366986054914931,-0.192472490082021,-0.1306130581429201,0.000582332880276,0.0001324846620052,0.0001474514575873,0.0003023967606834,downstairs,wiktor
1672842702500193700,0.5318934224159774,0.6350210246104353,-0.2612911556107231,0.8685823982254393,0.5318934224159774,0.5481713007792816,0.5301345820743719,0.6350210246104353,0.6178482870542167,0.5721698112365458,-0.2612911556107231,-0.2366986054914931,-0.192472490082021,0.0002302806764418,8.45774538273947e-05,4.537098758805791e-06,0.0001411661238556,downstairs,wiktor
1672842702510193700,0.5188874657939219,0.6320086837403458,-0.2780939008540248,0.8637218280056671,0.5188874657939219,0.5318934224159774,0.5481713007792816,0.6320086837403458,0.6350210246104353,0.6178482870542167,-0.2780939008540248,-0.2612911556107231,-0.2366986054914931,0.0017701729041166,0.0017559999943081,1.3432965394192026e-05,7.399444142311015e-07,downstairs,wiktor
1672842702520193700,0.5781495952579933,0.6371919192924295,-0.2793104076680058,0.9045909574720604,0.5781495952579933,0.5188874657939219,0.5318934224159774,0.6371919192924295,0.6320086837403458,0.6350210246104353,-0.2793104076680058,-0.2780939008540248,-0.2612911556107231,0.0007477239539528,0.0003338040606222,2.3693490461499493e-05,0.0003902264028691,downstairs,wiktor
1672842702530193700,0.603987708990316,0.6440757395198177,-0.3072469931024904,0.9348986178297048,0.603987708990316,0.5781495952579933,0.5188874657939219,0.6440757395198177,0.6371919192924295,0.6320086837403458,-0.3072469931024904,-0.2793104076680058,-0.2780939008540248,0.0038441709133389,0.0019092899845603,0.0019340301033376,8.508254409449856e-07,downstairs,wiktor
1672842702540193700,0.542193049276707,0.7062694707688378,-0.3059425196907682,0.9414832411566358,0.542193049276707,0.603987708990316,0.5781495952579933,0.7062694707688378,0.6440757395198177,0.6371919192924295,-0.3059425196907682,-0.3072469931024904,-0.2793104076680058,0.0419467028168459,3.2219392995572667e-05,0.0276485510621377,0.0142659323617125,downstairs,wiktor
1672842702550193700,0.5502204265564382,0.941422829503676,-0.137028740728171,1.0989978787496384,0.5502204265564382,0.542193049276707,0.603987708990316,0.941422829503676,0.7062694707688378,0.6440757395198177,-0.137028740728171,-0.3059425196907682,-0.3072469931024904,0.1007945929811818,0.0086060026523216,0.0498574740778932,0.0423311162509669,downstairs,wiktor
1672842702560193700,0.6814149588534946,1.2571995673356235,0.1539390109247121,1.4382539126811604,0.6814149588534946,0.5502204265564382,0.542193049276707,1.2571995673356235,0.941422829503676,0.7062694707688378,0.1539390109247121,-0.137028740728171,-0.3059425196907682,0.029608714203746,0.0002703859174393,0.0222991271027739,0.0070392011835327,downstairs,wiktor
1672842702570193700,0.7046694602430892,1.4683825548264438,0.2725914545028596,1.6513668510012869,0.7046694602430892,0.6814149588534946,0.5502204265564382,1.4683825548264438,1.2571995673356235,0.941422829503676,0.2725914545028596,0.1539390109247121,-0.137028740728171,0.021770893385789,0.0018643695918109,0.0183598342555483,0.0015466895384296,downstairs,wiktor
1672842702580193700,0.6436060572620729,1.6600063229531998,0.216973300300663,1.793579427355364,0.6436060572620729,0.7046694602430892,0.6814149588534946,1.6600063229531998,1.4683825548264438,1.2571995673356235,0.216973300300663,0.2725914545028596,0.1539390109247121,0.0770741949970359,0.0428779549202238,0.0080917723242109,0.0261044677526011,downstairs,wiktor
1672842702590193700,0.3507649572770338,1.78722088441698,-0.0115194468603842,1.821353135063528,0.3507649572770338,0.6436060572620729,0.7046694602430892,1.78722088441698,1.6600063229531998,1.4683825548264438,-0.0115194468603842,0.216973300300663,0.2725914545028596,0.0194198404313703,0.0145131512438201,0.000952993179008,0.0039536960085421,downstairs,wiktor
1672842702600193700,0.1803938843578313,1.7435632807491643,-0.1004429646556465,1.7557458975145894,0.1803938843578313,0.3507649572770338,0.6436060572620729,1.7435632807491643,1.78722088441698,1.6600063229531998,-0.1004429646556465,-0.0115194468603842,0.216973300300663,0.0770270213422718,0.0015906711992427,0.0753983516228975,3.799852013151217e-05,downstairs,wiktor
1672842702610193700,0.2367972743134498,1.35523776878041,-0.0917253365227755,1.378824099155291,0.2367972743134498,0.1803938843578313,0.3507649572770338,1.35523776878041,1.7435632807491643,1.78722088441698,-0.0917253365227755,-0.1004429646556465,-0.0115194468603842,0.123711353024115,0.0256613263004542,0.0973486774329612,0.0007013492906994,downstairs,wiktor
1672842702620193700,0.0102522399363783,0.913992536663481,-0.0542727187050718,0.9156598677980256,0.0102522399363783,0.2367972743134498,0.1803938843578313,0.913992536663481,1.35523776878041,1.7435632807491643,-0.0542727187050718,-0.0917253365227755,-0.1004429646556465,0.0332160526064217,1.2947958362669896e-05,0.0331420132184165,6.109142964256855e-05,downstairs,wiktor
1672842702630193700,0.0153410430103181,0.6565356928297366,-0.0653263542737496,0.6599560562058402,0.0153410430103181,0.0102522399363783,0.2367972743134498,0.6565356928297366,0.913992536663481,1.35523776878041,-0.0653263542737496,-0.0542727187050718,-0.0917253365227755,0.0170698464610519,0.0155870385842471,0.0014797404683512,3.067408453561309e-06,downstairs,wiktor
1672842702640193700,0.1919028655215683,0.6021345812905174,-0.0628494980189131,0.6350927673832581,0.1919028655215683,0.0153410430103181,0.0102522399363783,0.6021345812905174,0.6565356928297366,0.913992536663481,-0.0628494980189131,-0.0653263542737496,-0.0542727187050718,0.0045778703972049,0.0003598467046201,0.0026979922710763,0.0015200314215084,downstairs,wiktor
1672842702650193700,0.2187299676617616,0.6755919467629644,-0.0077127331245449,0.7101596746764336,0.2187299676617616,0.1919028655215683,0.0153410430103181,0.6755919467629644,0.6021345812905174,0.6565356928297366,-0.0077127331245449,-0.0628494980189131,-0.0653263542737496,0.0180430485138548,0.0005251534808433,0.0150952290456113,0.0024226659874,downstairs,wiktor
1672842702660193700,0.2511384073293348,0.8493459628064007,0.0618956857254775,0.8878570493513435,0.2511384073293348,0.2187299676617616,0.1919028655215683,0.8493459628064007,0.6755919467629644,0.6021345812905174,0.0618956857254775,-0.0077127331245449,-0.0628494980189131,0.0251719194810964,0.0100071037474279,0.0147917070401316,0.0003731086935368,downstairs,wiktor
1672842702670193700,0.1096668289297994,1.0213442595429187,0.0892126655562303,1.0310818636579924,0.1096668289297994,0.2511384073293348,0.2187299676617616,1.0213442595429187,0.8493459628064007,0.6755919467629644,0.0892126655562303,0.0618956857254775,-0.0077127331245449,0.0159393761987629,0.0071487381048017,0.0087854732527714,5.164841189685656e-06,downstairs,wiktor
1672842702680193700,-0.0099052255378043,1.1538997064530438,0.0859986832321701,1.1571423506047311,-0.0099052255378043,0.1096668289297994,0.2511384073293348,1.1538997064530438,1.0213442595429187,0.8493459628064007,0.0859986832321701,0.0892126655562303,0.0618956857254775,0.0063454625737627,3.182454511069434e-05,0.0057983857615034,0.0005152522671486,downstairs,wiktor
1672842702690193700,-0.0178832635310322,1.261588013724571,0.0538972107690996,1.2628654072452523,-0.0178832635310322,-0.0099052255378043,0.1096668289297994,1.261588013724571,1.1538997064530438,1.0213442595429187,0.0538972107690996,0.0859986832321701,0.0892126655562303,0.0051310958267294,0.0017147866396652,0.0017708332312515,0.0016454759558126,downstairs,wiktor
1672842702700193700,0.0406792951505212,1.3210999155804446,-0.0034696081389185,1.3217306193703915,0.0406792951505212,-0.0178832635310322,-0.0099052255378043,1.3210999155804446,1.261588013724571,1.1538997064530438,-0.0034696081389185,0.0538972107690996,0.0859986832321701,0.0041408565958362,0.0017952201750717,7.815805248611181e-07,0.0023448548402395,downstairs,wiktor
1672842702710193700,0.1005995784454417,1.3223501799723725,-0.071951063150324,1.3281216921445218,0.1005995784454417,0.0406792951505212,-0.0178832635310322,1.3223501799723725,1.3210999155804446,1.261588013724571,-0.071951063150324,-0.0034696081389185,0.0538972107690996,0.0052988829309338,0.0005546152615887,0.002715540863839,0.002028726805506,downstairs,wiktor
1672842702720193700,0.1339046910135973,1.248654306765807,-0.1356492076367375,1.2631186609391531,0.1339046910135973,0.1005995784454417,0.0406792951505212,1.248654306765807,1.3223501799723725,1.3210999155804446,-0.1356492076367375,-0.071951063150324,-0.0034696081389185,0.0062419644520576,4.071091151796867e-05,0.0052180628802002,0.0009831906603394,downstairs,wiktor
1672842702730193700,0.1248812868313645,1.1464969489280057,-0.1799931059845239,1.1672395246494351,0.1248812868313645,0.1339046910135973,0.1005995784454417,1.1464969489280057,1.248654306765807,1.3223501799723725,-0.1799931059845239,-0.1356492076367375,-0.071951063150324,0.0071520024395215,0.0031915255081206,0.0033181039487038,0.0006423729826971,downstairs,wiktor
1672842702740193700,0.0449872882066785,1.06503402547563,-0.2158364591395261,1.0876151472901177,0.0449872882066785,0.1248812868313645,0.1339046910135973,1.06503402547563,1.1464969489280057,1.248654306765807,-0.2158364591395261,-0.1799931059845239,-0.1356492076367375,0.0017184202585369,0.0006846418418599,0.0003904794017653,0.0006432990149116,downstairs,wiktor
1672842702750193700,0.0079834548414726,1.037088385323171,-0.2517056385255006,1.0672262098491383,0.0079834548414726,0.0449872882066785,0.1248812868313645,1.037088385323171,1.06503402547563,1.1464969489280057,-0.2517056385255006,-0.2158364591395261,-0.1799931059845239,0.0004547732646831,1.3208101926348973e-05,1.8922618914060128e-08,0.0004415462401378,downstairs,wiktor
1672842702760193700,0.0131231244663316,1.0368938467978652,-0.2814225105055015,1.074485781824149,0.0131231244663316,0.0079834548414726,0.0449872882066785,1.0368938467978652,1.037088385323171,1.06503402547563,-0.2814225105055015,-0.2517056385255006,-0.2158364591395261,0.0003851840225039,1.222597319048134e-05,6.569905740918194e-06,0.0003663881435725,downstairs,wiktor
1672842702770193700,0.0180680154035477,1.0405187345867266,-0.3084923514201649,1.0854368802889132,0.0180680154035477,0.0131231244663316,0.0079834548414726,1.0405187345867266,1.0368938467978652,1.037088385323171,-0.3084923514201649,-0.2814225105055015,-0.2517056385255006,0.000190206240403,3.626216994203746e-05,0.0001246937677434,2.925030271758881e-05,downstairs,wiktor
1672842702780193700,0.026584137753777,1.0563107431824323,-0.3161409202689874,1.1029252848725777,0.026584137753777,0.0180680154035477,0.0131231244663316,1.0563107431824323,1.0405187345867266,1.0368938467978652,-0.3161409202689874,-0.3084923514201649,-0.2814225105055015,0.0004825102568716,0.0003872742455439,1.904155498669449e-05,7.619445634103619e-05,downstairs,wiktor
1672842702790193700,0.0544148490470193,1.0624818946125456,-0.3037963298471843,1.106400000996427,0.0544148490470193,0.026584137753777,0.0180680154035477,1.0624818946125456,1.0563107431824323,1.0405187345867266,-0.3037963298471843,-0.3161409202689874,-0.3084923514201649,0.0017648016849792,0.0002798510356926,9.42928225639012e-05,0.0013906578267226,downstairs,wiktor
1672842702800193700,0.0780728724510417,1.0487492457374086,-0.2510581496221769,1.0812032872403097,0.0780728724510417,0.0544148490470193,0.026584137753777,1.0487492457374086,1.0624818946125456,1.0563107431824323,-0.2510581496221769,-0.3037963298471843,-0.3161409202689874,0.0056754022647443,3.152191811886221e-05,0.000650519066638,0.0049933612799874,downstairs,wiktor
1672842702810193700,0.0860128873274588,1.0126793395374185,-0.1511245588732454,1.0275000213172654,0.0860128873274588,0.0780728724510417,0.0544148490470193,1.0126793395374185,1.0487492457374086,1.0624818946125456,-0.1511245588732454,-0.2510581496221769,-0.3037963298471843,0.0044660913352833,2.2586507223759008e-06,0.0008419892743597,0.0036218434102012,downstairs,wiktor
1672842702820193700,0.0881382817484432,0.9716430318487442,-0.0660147073846985,0.9778632213356198,0.0881382817484432,0.0860128873274588,0.0780728724510417,0.9716430318487442,1.0126793395374185,1.0487492457374086,-0.0660147073846985,-0.1511245588732454,-0.2510581496221769,0.0028448247675033,5.489973835566724e-06,0.0013943087918395,0.0014450260018282,downstairs,wiktor
1672842702830193700,0.0914518821575351,0.9188356688803186,-0.0122555034875379,0.923456891534538,0.0914518821575351,0.0881382817484432,0.0860128873274588,0.9188356688803186,0.9716430318487442,1.0126793395374185,-0.0122555034875379,-0.0660147073846985,-0.1511245588732454,0.0026661698992884,1.721611080416162e-05,0.001696528637248,0.0009524251512362,downstairs,wiktor
1672842702840193700,0.085583984611708,0.8605857137344473,0.0313890872709106,0.8654002911402018,0.085583984611708,0.0914518821575351,0.0881382817484432,0.8605857137344473,0.9188356688803186,0.9716430318487442,0.0313890872709106,-0.0122555034875379,-0.0660147073846985,0.0019925377161428,3.664654800997584e-06,0.0014953177752887,0.0004935552860531,downstairs,wiktor
1672842702850193700,0.082876714842735,0.8058990101349663,0.0628074031408967,0.812580170991728,0.082876714842735,0.085583984611708,0.0914518821575351,0.8058990101349663,0.8605857137344473,0.9188356688803186,0.0628074031408967,0.0313890872709106,-0.0122555034875379,0.001150711193064,1.2826459181333775e-06,0.0010109102906587,0.0001385182564871,downstairs,wiktor
1672842702860193700,0.0812750619976194,0.7609343508866466,0.0794518170078457,0.7693759245569407,0.0812750619976194,0.082876714842735,0.085583984611708,0.7609343508866466,0.8058990101349663,0.8605857137344473,0.0794518170078457,0.0628074031408967,0.0313890872709106,0.0001632538604786,3.0231637054300787e-05,7.941538316661661e-05,5.3606840257702414e-05,downstairs,wiktor
1672842702870193700,0.0734992485926693,0.7483315430116835,0.0898062209267299,0.7572763003865067,0.0734992485926693,0.0812750619976194,0.082876714842735,0.7483315430116835,0.7609343508866466,0.8058990101349663,0.0898062209267299,0.0794518170078457,0.0628074031408967,0.0012777480743673,0.0012745641517303,1.1424372058027256e-07,3.0696789163773343e-06,downstairs,wiktor
1672842702880193700,0.1239881414648723,0.7488095466112102,0.0873284481702499,0.7640124699112073,0.1239881414648723,0.0734992485926693,0.0812750619976194,0.7488095466112102,0.7483315430116835,0.7609343508866466,0.0873284481702499,0.0898062209267299,0.0794518170078457,0.0021609929498508,0.0009424735559977,1.8908498066622727e-05,0.0011996108957865,downstairs,wiktor
1672842702890193700,0.1674041190767544,0.742659994096332,0.0383465965150392,0.7622587929170218,0.1674041190767544,0.1239881414648723,0.0734992485926693,0.742659994096332,0.7488095466112102,0.7483315430116835,0.0383465965150392,0.0873284481702499,0.0898062209267299,0.0026769260423467,9.308462009642304e-05,0.0001266386355976,0.0024572027866526,downstairs,wiktor
1672842702900193700,0.1810485040094967,0.7585746813755526,-0.0317562249210863,0.7805271076966748,0.1810485040094967,0.1674041190767544,0.1239881414648723,0.7585746813755526,0.742659994096332,0.7488095466112102,-0.0317562249210863,0.0383465965150392,0.0873284481702499,0.0027458965667697,0.0001477565651644,0.0008674621245968,0.0017306778770084,downstairs,wiktor
1672842702910193700,0.1638580086609362,0.8002271032642464,-0.0905895127266884,0.8218389888640434,0.1638580086609362,0.1810485040094967,0.1674041190767544,0.8002271032642464,0.7585746813755526,0.742659994096332,-0.0905895127266884,-0.0317562249210863,0.0383465965150392,0.0036052540603963,7.249800669384232e-05,0.001553605763606,0.0019791502900964,downstairs,wiktor
1672842702920193700,0.151816579618348,0.8559694706988304,-0.1535045393911732,0.8827772381689202,0.151816579618348,0.1638580086609362,0.1810485040094967,0.8559694706988304,0.8002271032642464,0.7585746813755526,-0.1535045393911732,-0.0905895127266884,-0.0317562249210863,0.0069730778216177,0.000535371485043,0.0032777581301915,0.0031599482063831,downstairs,wiktor
1672842702930193700,0.1845387887443531,0.9369356133782444,-0.233002315540989,0.9829511621719376,0.1845387887443531,0.151816579618348,0.1638580086609362,0.9369356133782444,0.8559694706988304,0.8002271032642464,-0.233002315540989,-0.1535045393911732,-0.0905895127266884,0.0016356580137392,3.172990783068517e-06,0.0004654855556943,0.0011669994672618,downstairs,wiktor
1672842702940193700,0.1820196655702829,0.9674474325863588,-0.2813137938305592,1.023827692569212,0.1820196655702829,0.1845387887443531,0.151816579618348,0.9674474325863588,0.9369356133782444,0.8559694706988304,-0.2813137938305592,-0.233002315540989,-0.1535045393911732,0.0023330266573015,0.0022372728929937,9.455882284089449e-05,1.194941466815697e-06,downstairs,wiktor
1672842702950193700,0.1151276198100612,0.953695427435044,-0.2828597184515002,1.0013985008357578,0.1151276198100612,0.1820196655702829,0.1845387887443531,0.953695427435044,0.9674474325863588,0.9369356133782444,-0.2828597184515002,-0.2813137938305592,-0.233002315540989,0.0074790697248324,0.0058531679054567,0.0011143837512118,0.0005115180681638,downstairs,wiktor
1672842702960193700,0.0069317982136911,0.9064856032199125,-0.2508747823670288,0.9405861763279044,0.0069317982136911,0.1151276198100612,0.1820196655702829,0.9064856032199125,0.953695427435044,0.9674474325863588,-0.2508747823670288,-0.2828597184515002,-0.2813137938305592,0.0044406535927729,0.0015001223501805,0.0007759229366475,0.0021646083059448,downstairs,wiktor
1672842702970193700,-0.0478426912897365,0.8670921282107792,-0.1850779996805659,0.8879141556933885,-0.0478426912897365,0.0069317982136911,0.1151276198100612,0.8670921282107792,0.9064856032199125,0.953695427435044,-0.1850779996805659,-0.2508747823670288,-0.2828597184515002,0.0035529720655048,0.0001131319346469,5.342709960149978e-05,0.0033864130312564,downstairs,wiktor
1672842702980193700,-0.0328006213093833,0.8567550977279471,-0.1027808183040877,0.8635213227548951,-0.0328006213093833,-0.0478426912897365,0.0069317982136911,0.8567550977279471,0.8670921282107792,0.9064856032199125,-0.1027808183040877,-0.1850779996805659,-0.2508747823670288,0.004588171537817,0.0017066187654189,0.0001003461707218,0.0027812066016762,downstairs,wiktor
1672842702990193700,0.0256222982585221,0.8709216901708645,-0.0281992307415233,0.8717547184802258,0.0256222982585221,-0.0328006213093833,-0.0478426912897365,0.8709216901708645,0.8567550977279471,0.8670921282107792,-0.0281992307415233,-0.1027808183040877,-0.1850779996805659,0.0045520488402251,5.222322633848503e-05,0.0022484633798103,0.0022513622340762,downstairs,wiktor
1672842703000193700,0.0358422029878711,0.9379808190022229,0.0389031124973869,0.9394711983307892,0.0358422029878711,0.0256222982585221,-0.0328006213093833,0.9379808190022229,0.8709216901708645,0.8567550977279471,0.0389031124973869,-0.0281992307415233,-0.1027808183040877,0.0059173840741833,0.0001855790011141,0.0036978869801461,0.002033918092923,downstairs,wiktor
1672842703010193700,0.0165767416067286,1.023979504807834,0.1026827031659243,1.0292485376031653,0.0165767416067286,0.0358422029878711,0.0256222982585221,1.023979504807834,0.9379808190022229,0.8709216901708645,0.1026827031659243,0.0389031124973869,-0.0281992307415233,0.0051240144607132,0.0002765255595058,0.0029793541137436,0.0018681347874637,downstairs,wiktor
1672842703020193700,-0.00694029730151,1.1011721743269485,0.1638077354761616,1.1133109625977824,-0.00694029730151,0.0165767416067286,0.0358422029878711,1.1011721743269485,1.023979504807834,0.9379808190022229,0.1638077354761616,0.1026827031659243,0.0389031124973869,0.0033902016531728,6.757475656853173e-05,0.0014313210507642,0.0018913058458401,downstairs,wiktor
1672842703030193700,-0.0185656795806897,1.154675838701723,0.2253106759886298,1.17659928508149,-0.0185656795806897,-0.00694029730151,0.0165767416067286,1.154675838701723,1.1011721743269485,1.023979504807834,0.2253106759886298,0.1638077354761616,0.1026827031659243,0.0020459914540016,2.4602798915931085e-06,0.0005705619783499,0.00147296919576,downstairs,wiktor
1672842703040193700,-0.0163474460981216,1.1884563649957274,0.2795871754291809,1.2210097293458624,-0.0163474460981216,-0.0185656795806897,-0.00694029730151,1.1884563649957274,1.154675838701723,1.1011721743269485,0.2795871754291809,0.2253106759886298,0.1638077354761616,0.0015051674087059,0.0001418520802103,0.0008805714253186,0.000482743903177,downstairs,wiktor
1672842703050193700,0.0004960737365422,1.230422337528688,0.3106594750922899,1.2690345480889518,0.0004960737365422,-0.0163474460981216,-0.0185656795806897,1.230422337528688,1.1884563649957274,1.154675838701723,0.3106594750922899,0.2795871754291809,0.2253106759886298,0.0031263761222979,0.0001359447845614,0.0029852236891336,5.2076486027759015e-06,downstairs,wiktor
1672842703060193700,0.0169851479714101,1.3076910076238006,0.3074322011334275,1.3434503433195832,0.0169851479714101,0.0004960737365422,-0.0163474460981216,1.3076910076238006,1.230422337528688,1.1884563649957274,0.3074322011334275,0.3106594750922899,0.2795871754291809,0.005684753024115,0.0001991250130758,0.0034828186475676,0.0020028093634716,downstairs,wiktor
1672842703070193700,0.0369413506701105,1.391151401195454,0.2441422435813539,1.4128950136292309,0.0369413506701105,0.0169851479714101,0.0004960737365422,1.391151401195454,1.3076910076238006,1.230422337528688,0.2441422435813539,0.3074322011334275,0.3106594750922899,0.0035435973910836,0.0003643009013562,0.0002846165721496,0.0028946799175778,downstairs,wiktor
1672842703080193700,0.063933975639025,1.415010008537443,0.1680544006946245,1.4263881516245764,0.063933975639025,0.0369413506701105,0.0169851479714101,1.415010008537443,1.391151401195454,1.3076910076238006,0.1680544006946245,0.2441422435813539,0.3074322011334275,0.0017054777076908,0.0004330103929129,0.000190893933553,0.0010815733812248,downstairs,wiktor
1672842703090193700,0.0933622067415893,1.3954706158369,0.1215447590872143,1.403861770180186,0.0933622067415893,0.063933975639025,0.0369413506701105,1.3954706158369,1.415010008537443,1.391151401195454,0.1215447590872143,0.1680544006946245,0.2441422435813539,0.0015245753765093,0.0004398677839637,0.0008552481569216,0.000229459435624,downstairs,wiktor
1672842703100193700,0.1230225433534253,1.354112468950909,0.1001223672681852,1.3633706807647203,0.1230225433534253,0.0933622067415893,0.063933975639025,1.354112468950909,1.3954706158369,1.415010008537443,0.1001223672681852,0.1215447590872143,0.1680544006946245,0.0005841374491943,0.0004013878700387,0.0001751425168593,7.607062296168205e-06,downstairs,wiktor
1672842703110193700,0.1513558407273189,1.3353965657208002,0.0962218385101401,1.347386811746149,0.1513558407273189,0.1230225433534253,0.0933622067415893,1.3353965657208002,1.354112468950909,1.3954706158369,0.0962218385101401,0.1001223672681852,0.1215447590872143,0.0001420184883611,0.0001340035308839,6.793332580579119e-06,1.2216248966494409e-06,downstairs,wiktor
1672842703120193700,0.1677267619527055,1.3317105563392118,0.0977849283326708,1.3457886775974368,0.1677267619527055,0.1513558407273189,0.1230225433534253,1.3317105563392118,1.3353965657208002,1.354112468950909,0.0977849283326708,0.0962218385101401,0.1001223672681852,0.0001559531953258,0.0001002258955877,4.623133885820717e-05,9.495960879881016e-06,downstairs,wiktor
1672842703130193700,0.1535686621093087,1.3413263078811566,0.1021429005399894,1.3539471076548228,0.1535686621093087,0.1677267619527055,0.1513558407273189,1.3413263078811566,1.3317105563392118,1.3353965657208002,0.1021429005399894,0.0977849283326708,0.0962218385101401,0.0050428469010488,0.0030204579971637,0.001993062529442,2.932637444298513e-05,downstairs,wiktor
1672842703140193700,0.0758453323149183,1.4044620747560754,0.1098014088076595,1.4107879299307344,0.0758453323149183,0.1535686621093087,0.1677267619527055,1.4044620747560754,1.3413263078811566,1.3317105563392118,0.1098014088076595,0.1021429005399894,0.0977849283326708,0.0052310713579612,0.0037781740665259,0.0014084375996565,4.445969177868359e-05,downstairs,wiktor
1672842703150193700,-0.0110819253954913,1.457536317089934,0.119231116308816,1.4624469165760534,-0.0110819253954913,0.0758453323149183,0.1535686621093087,1.457536317089934,1.4044620747560754,1.3413263078811566,0.119231116308816,0.1098014088076595,0.1021429005399894,0.0038458359470573,0.0037693581596732,6.89113839801642e-05,7.566403403906647e-06,downstairs,wiktor
1672842703160193700,-0.0979077068163719,1.445796522885591,0.1153410254605435,1.4536908394828647,-0.0979077068163719,-0.0110819253954913,0.0758453323149183,1.445796522885591,1.457536317089934,1.4044620747560754,0.1153410254605435,0.119231116308816,0.1098014088076595,0.0053565590656143,0.0012133630895034,0.0041065136682303,3.668230788051212e-05,downstairs,wiktor
1672842703170193700,-0.147169519399822,1.355170768618602,0.1067757107692421,1.3673140575482223,-0.147169519399822,-0.0979077068163719,-0.0110819253954913,1.355170768618602,1.445796522885591,1.457536317089934,0.1067757107692421,0.1153410254605435,0.119231116308816,0.0029530974882261,4.125902820232775e-05,0.0027874371074884,0.0001244013525354,downstairs,wiktor
1672842703180193700,-0.1380855744195475,1.2805056883268295,0.1225491918394091,1.2937467867092989,-0.1380855744195475,-0.147169519399822,-0.0979077068163719,1.2805056883268295,1.355170768618602,1.445796522885591,0.1225491918394091,0.1067757107692421,0.1153410254605435,0.0063974608597783,0.0045000404435444,0.0011179817023977,0.0007794387138361,downstairs,wiktor
1672842703190193700,-0.0432168183030634,1.233219713611324,0.1620318136833594,1.244569348838929,-0.0432168183030634,-0.1380855744195475,-0.147169519399822,1.233219713611324,1.2805056883268295,1.355170768618602,0.1620318136833594,0.1225491918394091,0.1067757107692421,0.0154547928305927,0.0148087337067431,0.0003499192233862,0.0002961399004634,downstairs,wiktor
1672842703200193700,0.128880443190216,1.2067652537458793,0.1863686129989407,1.2278541469557416,0.128880443190216,-0.0432168183030634,-0.1380855744195475,1.2067652537458793,1.233219713611324,1.2805056883268295,0.1863686129989407,0.1620318136833594,0.1225491918394091,0.0299780951059125,0.029975412203466,1.0087132955861123e-06,1.674189150948944e-06,downstairs,wiktor
1672842703210193700,0.3737290176335482,1.2081856151756472,0.1845387555449575,1.2780611924461112,0.3737290176335482,0.128880443190216,-0.0432168183030634,1.2081856151756472,1.2067652537458793,1.233219713611324,0.1845387555449575,0.1863686129989407,0.1620318136833594,0.0349023935926546,0.0322143822294254,0.0010746939438886,0.0016133174193405,downstairs,wiktor
1672842703220193700,0.6275572360389314,1.2545471066074092,0.1277352799586784,1.408557002377954,0.6275572360389314,0.3737290176335482,0.128880443190216,1.2545471066074092,1.2081856151756472,1.2067652537458793,0.1277352799586784,0.1845387555449575,0.1863686129989407,0.0356114232043522,0.0262194035815753,0.002261763821105,0.0071302558016718,downstairs,wiktor
1672842703230193700,0.8565524481354961,1.3218042820031255,0.008317895950555,1.575092963517314,0.8565524481354961,0.6275572360389314,0.3737290176335482,1.3218042820031255,1.2545471066074092,1.2081856151756472,0.008317895950555,0.1277352799586784,0.1845387555449575,0.014152111248592,0.0055465359402489,0.0008661470391723,0.0077394282691707,downstairs,wiktor
1672842703240193700,0.9618761011318568,1.3634251190723723,-0.1160961568664059,1.672606351442348,0.9618761011318568,0.8565524481354961,0.6275572360389314,1.3634251190723723,1.3218042820031255,1.2545471066074092,-0.1160961568664059,0.008317895950555,0.1277352799586784,0.0032475855543179,0.0002877257701127,8.26344023990329e-05,0.0028772253818062,downstairs,wiktor
1672842703250193700,0.9378875300984372,1.376280810605622,-0.1919542530962246,1.6764928642965182,0.9378875300984372,0.9618761011318568,0.8565524481354961,1.376280810605622,1.3634251190723723,1.3218042820031255,-0.1919542530962246,-0.1160961568664059,0.008317895950555,0.0233119711140504,0.0225008057123996,1.0368416724306463e-06,0.0008101285599784,downstairs,wiktor
1672842703260193700,0.7257516976117981,1.3748407816667247,-0.2322066706628355,1.5718850592268812,0.7257516976117981,0.9378875300984372,0.9618761011318568,1.3748407816667247,1.376280810605622,1.3634251190723723,-0.2322066706628355,-0.1919542530962246,-0.1160961568664059,0.0568439340331886,0.0564237287002086,0.000194927851602,0.0002252774813778,downstairs,wiktor
1672842703270193700,0.3898239413896941,1.394585545610722,-0.253432950665598,1.4700543560664765,0.3898239413896941,0.7257516976117981,0.9378875300984372,1.394585545610722,1.3748407816667247,1.376280810605622,-0.253432950665598,-0.2322066706628355,-0.1919542530962246,0.1169229810190827,0.1152324697153353,0.0016812176403066,9.293663440697962e-06,downstairs,wiktor
1672842703280193700,-0.0902436990847193,1.4525720550815755,-0.2491216484398898,1.4765402453539198,-0.0902436990847193,0.3898239413896941,0.7257516976117981,1.4525720550815755,1.394585545610722,1.3748407816667247,-0.2491216484398898,-0.253432950665598,-0.2322066706628355,0.2094777115183536,0.2061103348401262,0.0003520885355396,0.0030152881426877,downstairs,wiktor
1672842703290193700,-0.7322878328327449,1.4791083900033275,-0.1714648632542058,1.6593394164015685,-0.7322878328327449,-0.0902436990847193,0.3898239413896941,1.4791083900033275,1.4525720550815755,1.394585545610722,-0.1714648632542058,-0.2491216484398898,-0.253432950665598,0.1223350526441909,0.114232371664365,1.838055410256118e-05,0.0080843004257233,downstairs,wiktor
1672842703300193700,-1.2102676894467346,1.4851714839499133,-0.044309049972049,1.91636257236624,-1.2102676894467346,-0.7322878328327449,-0.0902436990847193,1.4851714839499133,1.4791083900033275,1.4525720550815755,-0.044309049972049,-0.1714648632542058,-0.2491216484398898,0.0073507924373016,0.0005912355671403,0.0017828446670684,0.0049767122030928,downstairs,wiktor
1672842703310193700,-1.2446547674598594,1.4254580906939862,0.0554578002648188,1.8931909111591767,-1.2446547674598594,-1.2102676894467346,-0.7322878328327449,1.4254580906939862,1.4851714839499133,1.4791083900033275,0.0554578002648188,-0.044309049972049,-0.1714648632542058,0.0569930054734077,0.0494487251670996,0.002340071159598,0.0052042091467101,downstairs,wiktor
1672842703320193700,-0.9301751173484424,1.3570465250110104,0.1574794562669648,1.6527555170456356,-0.9301751173484424,-1.2446547674598594,-1.2102676894467346,1.3570465250110104,1.4254580906939862,1.4851714839499133,0.1574794562669648,0.0554578002648188,-0.044309049972049,0.0291043851297467,0.0255617538284486,0.0005838686085927,0.0029587626927053,downstairs,wiktor
1672842703330193700,-0.7040700363420719,1.3228743547962654,0.2344049096969622,1.5167916258808931,-0.7040700363420719,-0.9301751173484424,-1.2446547674598594,1.3228743547962654,1.3570465250110104,1.4254580906939862,0.2344049096969622,0.1574794562669648,0.0554578002648188,0.0114766583495174,0.0100339869965114,0.0013467009204254,9.59704325805682e-05,downstairs,wiktor
1672842703340193700,-0.5624085595990177,1.2709763602218027,0.248259182148489,1.4118487587818818,-0.5624085595990177,-0.7040700363420719,-0.9301751173484424,1.2709763602218027,1.3228743547962654,1.3570465250110104,0.248259182148489,0.2344049096969622,0.1574794562669648,0.0124991370088253,0.0084929091070241,0.0029040273485919,0.0011022005532092,downstairs,wiktor
1672842703350193700,-0.4320789075084507,1.1947657658324138,0.2013081320386296,1.2863445811848755,-0.4320789075084507,-0.5624085595990177,-0.7040700363420719,1.1947657658324138,1.2709763602218027,1.3228743547962654,0.2013081320386296,0.248259182148489,0.2344049096969622,0.0168021963141329,0.0116196027658698,0.0005628365296313,0.0046197570186317,downstairs,wiktor
1672842703360193700,-0.2796348012539296,1.1612147142950533,0.1051857411129793,1.1990326412992909,-0.2796348012539296,-0.4320789075084507,-0.5624085595990177,1.1612147142950533,1.1947657658324138,1.2709763602218027,0.1051857411129793,0.2013081320386296,0.248259182148489,0.9565498649446912,0.921083406539974,0.0226841948250649,0.0127822635796521,downstairs,wiktor
1672842703370193700,1.0776296582674814,1.3742132815440606,-0.0547033678322654,1.7472092839731526,1.0776296582674814,-0.2796348012539296,-0.4320789075084507,1.3742132815440606,1.1612147142950533,1.1947657658324138,-0.0547033678322654,0.1051857411129793,0.2013081320386296,0.9149724432434224,0.8267036647733804,0.048907583737982,0.0393611947320598,downstairs,wiktor
1672842703380193700,2.36347853334836,1.6869674461461712,-0.3352784726867763,2.923063734543369,2.36347853334836,1.0776296582674814,-0.2796348012539296,1.6869674461461712,1.3742132815440606,1.1612147142950533,-0.3352784726867763,-0.0547033678322654,0.1051857411129793,1.0699452480422402,1.0520819325277857,0.0040987939173817,0.013764521597073,downstairs,wiktor
1672842703390193700,0.9129049002446932,1.5964269146988492,-0.501197257621292,1.90608838774931,0.9129049002446932,2.36347853334836,1.0776296582674814,1.5964269146988492,1.6869674461461712,1.3742132815440606,-0.501197257621292,-0.3352784726867763,-0.0547033678322654,0.8962477048715374,0.8814396138609236,0.0146335599028175,0.0001745311077961,downstairs,wiktor
1672842703400193700,-0.4148297222314429,1.4253505580459351,-0.5198804644015076,1.5728902088304837,-0.4148297222314429,0.9129049002446932,2.36347853334836,1.4253505580459351,1.5964269146988492,1.6869674461461712,-0.5198804644015076,-0.501197257621292,-0.3352784726867763,0.0066479550895916,0.0036729671121455,6.138336210678647e-07,0.002974374143825,downstairs,wiktor
1672842703410193700,-0.5005381478632971,1.4242425565828785,-0.4427523353716258,1.57322437303939,-0.5005381478632971,-0.4148297222314429,0.9129049002446932,1.4242425565828785,1.4253505580459351,1.5964269146988492,-0.4427523353716258,-0.5198804644015076,-0.501197257621292,0.0901087701645897,0.0776003984369401,0.0001212546362541,0.0123871170913954,downstairs,wiktor
1672842703420193700,-0.1065828244142031,1.4398152658047283,-0.2853540057019913,1.4716843434224005,-0.1065828244142031,-0.5005381478632971,-0.4148297222314429,1.4398152658047283,1.4242425565828785,1.4253505580459351,-0.2853540057019913,-0.4427523353716258,-0.5198804644015076,0.0093662150313011,0.005914737001077,0.0012775465659412,0.0021739314642827,downstairs,wiktor
1672842703430193700,0.0021805609788334,1.3892673367484103,-0.2194156789976719,1.4064891496176617,0.0021805609788334,-0.1065828244142031,-0.5005381478632971,1.3892673367484103,1.4398152658047283,1.4242425565828785,-0.2194156789976719,-0.2853540057019913,-0.4427523353716258,0.0247595745034467,0.0099016766915929,0.013396151874998,0.0014617459368557,downstairs,wiktor
1672842703440193700,-0.1385438270396828,1.2255837891634558,-0.165346354295845,1.244423333576634,-0.1385438270396828,0.0021805609788334,-0.1065828244142031,1.2255837891634558,1.3892673367484103,1.4398152658047283,-0.165346354295845,-0.2194156789976719,-0.2853540057019913,0.0194832293351242,0.0004422881702502,0.0137310799951422,0.0053098611697317,downstairs,wiktor
1672842703450193700,-0.1682856551694473,1.0598666808424242,-0.0622943172491983,1.074950242968153,-0.1682856551694473,-0.1385438270396828,0.0021805609788334,1.0598666808424242,1.2255837891634558,1.3892673367484103,-0.0622943172491983,-0.165346354295845,-0.2194156789976719,0.0150126583432614,0.0038444943020516,0.0077830774354428,0.0033850866057669,downstairs,wiktor
1672842703460193700,-0.0805987769942991,0.9351022833931292,0.0199867450405774,0.9387821436506648,-0.0805987769942991,-0.1682856551694473,-0.1385438270396828,0.9351022833931292,1.0598666808424242,1.2255837891634558,0.0199867450405774,-0.0622943172491983,-0.165346354295845,0.0060178905459315,0.0006098425029204,0.0054025132374942,5.534805516817187e-06,downstairs,wiktor
1672842703470193700,-0.0456747880205152,0.8311550541131313,0.0166596425423615,0.8325757947046987,-0.0456747880205152,-0.0805987769942991,-0.1682856551694473,0.8311550541131313,0.9351022833931292,1.0598666808424242,0.0166596425423615,0.0199867450405774,-0.0622943172491983,0.0073356965545272,0.0001577663644625,0.0067082414493551,0.0004696887407094,downstairs,wiktor
1672842703480193700,-0.0279115470739658,0.7153255116867262,-0.0139896230511053,0.7160065304751423,-0.0279115470739658,-0.0456747880205152,-0.0805987769942991,0.7153255116867262,0.8311550541131313,0.9351022833931292,-0.0139896230511053,0.0166596425423615,0.0199867450405774,0.0110327165719098,0.0059454820113505,0.0049150164208649,0.0001722181396943,downstairs,wiktor
1672842703490193700,0.0811341498732364,0.6161789896008262,0.0045693715172636,0.621514421922139,0.0811341498732364,-0.0279115470739658,-0.0456747880205152,0.6161789896008262,0.7153255116867262,0.8311550541131313,0.0045693715172636,-0.0139896230511053,0.0166596425423615,0.0107415637841448,0.0017692233052655,0.0020881016980203,0.0068842387808589,downstairs,wiktor
1672842703500193700,0.1406189934094782,0.5515554381970176,0.1219085276490422,0.5821071995996582,0.1406189934094782,0.0811341498732364,-0.0279115470739658,0.5515554381970176,0.6161789896008262,0.7153255116867262,0.1219085276490422,0.0045693715172636,-0.0139896230511053,0.0115778053620229,0.001052312036952,0.0016134783356195,0.0089120149894513,downstairs,wiktor
1672842703510193700,0.0947428114203005,0.4947491298216351,0.2554151940702467,0.5647918405368739,0.0947428114203005,0.1406189934094782,0.0811341498732364,0.4947491298216351,0.5515554381970176,0.6161789896008262,0.2554151940702467,0.1219085276490422,0.0045693715172636,0.006868616071965,0.0021592107789081,0.0021201698840314,0.0025892354090254,downstairs,wiktor
1672842703520193700,0.0290281132332404,0.4296312385162279,0.3273767867294626,0.5409262361507138,0.0290281132332404,0.0947428114203005,0.1406189934094782,0.4296312385162279,0.4947491298216351,0.5515554381970176,0.3273767867294626,0.2554151940702467,0.1219085276490422,0.0037172372307578,0.0003840837317006,0.0032321239540693,0.0001010295449878,downstairs,wiktor
1672842703530193700,0.0013122790693301,0.3492306918256823,0.3415915357591059,0.4885167095316853,0.0013122790693301,0.0290281132332404,0.0947428114203005,0.3492306918256823,0.4296312385162279,0.4947491298216351,0.3415915357591059,0.3273767867294626,0.2554151940702467,0.0048661460086176,1.3014416322641156e-05,0.0048135106894697,3.962090282522135e-05,downstairs,wiktor
1672842703540193700,-0.0037895669343514,0.2511133061137736,0.3326897491041448,0.4168389646901049,-0.0037895669343514,0.0013122790693301,0.0290281132332404,0.2511133061137736,0.3492306918256823,0.4296312385162279,0.3326897491041448,0.3415915357591059,0.3273767867294626,0.0055651227649402,0.0001820327329798,0.0046282036840659,0.0007548863478943,downstairs,wiktor
1672842703550193700,0.0152909326911753,0.1549030812510705,0.2938339555105404,0.3325164215713444,0.0152909326911753,-0.0037895669343514,0.0013122790693301,0.1549030812510705,0.2511133061137736,0.3492306918256823,0.2938339555105404,0.3326897491041448,0.3415915357591059,0.0032574956887938,0.0011239841219811,0.0020640357244976,6.947584231511365e-05,downstairs,wiktor
1672842703560193700,0.0627036761676106,0.0906530116091222,0.2820461785941652,0.302819692850891,0.0627036761676106,0.0152909326911753,-0.0037895669343514,0.0906530116091222,0.1549030812510705,0.2511133061137736,0.2820461785941652,0.2938339555105404,0.3326897491041448,0.001741757340823,0.000911640260553,0.0006115882392789,0.000218528840991,downstairs,wiktor
1672842703570193700,0.1054035651733925,0.0556790716172101,0.3029521031607107,0.3255611269437952,0.1054035651733925,0.0627036761676106,0.0152909326911753,0.0556790716172101,0.0906530116091222,0.1549030812510705,0.3029521031607107,0.2820461785941652,0.2938339555105404,0.0011434709422237,0.0010754479270859,3.496194702111051e-05,3.306106811670939e-05,downstairs,wiktor
1672842703580193700,0.1517813168887563,0.0473170207896785,0.3110836550564695,0.3493558487505088,0.1517813168887563,0.1054035651733925,0.0627036761676106,0.0473170207896785,0.0556790716172101,0.0906530116091222,0.3110836550564695,0.3029521031607107,0.2820461785941652,0.0028825422707832,0.0023573663288301,2.0913052509657387e-05,0.0005042628894434,downstairs,wiktor
1672842703590193700,0.2204452277711129,0.0537843312831769,0.2793263601640046,0.3598778518068424,0.2204452277711129,0.1517813168887563,0.1054035651733925,0.0537843312831769,0.0473170207896785,0.0556790716172101,0.2793263601640046,0.3110836550564695,0.3029521031607107,0.0052256209347221,0.0025017850857797,4.2400441018251726e-06,0.0027195958048405,downstairs,wiktor
1672842703600193700,0.291181146310137,0.0566963903834787,0.2055754848493268,0.3609185789344143,0.291181146310137,0.2204452277711129,0.1517813168887563,0.0566963903834787,0.0537843312831769,0.0473170207896785,0.2055754848493268,0.2793263601640046,0.3110836550564695,0.0053537908296305,0.002364019890931,0.0002014175501297,0.0027883533885698,downstairs,wiktor
1672842703610193700,0.3599418893388597,0.0366256380244,0.1308981336835308,0.3847517673297341,0.3599418893388597,0.291181146310137,0.2204452277711129,0.0366256380244,0.0566963903834787,0.0537843312831769,0.1308981336835308,0.2055754848493268,0.2793263601640046,0.00684193683658,0.0033805923931538,6.799114863441572e-05,0.0033933532947916,downstairs,wiktor
1672842703620193700,0.4421683132323247,0.0249644932577473,0.0485166637428737,0.4455220643369691,0.4421683132323247,0.3599418893388597,0.291181146310137,0.0249644932577473,0.0366256380244,0.0566963903834787,0.0485166637428737,0.1308981336835308,0.2055754848493268,0.0091393063002623,0.0044891829199518,4.56282574771927e-05,0.0046044951228332,downstairs,wiktor
1672842703630193700,0.5369225523981994,0.0345173208472302,-0.0474468201750549,0.5401189438049658,0.5369225523981994,0.4421683132323247,0.3599418893388597,0.0345173208472302,0.0249644932577473,0.0366256380244,-0.0474468201750549,0.0485166637428737,0.1308981336835308,0.006248847984549,0.0028468650644071,0.0007435338276224,0.0026584490925194,downstairs,wiktor
1672842703640193700,0.6123793620896666,0.0730798370416489,-0.1203638839190024,0.6283602551462402,0.6123793620896666,0.5369225523981994,0.4421683132323247,0.0730798370416489,0.0345173208472302,0.0249644932577473,-0.1203638839190024,-0.0474468201750549,0.0485166637428737,0.0032395984177753,0.0012636577043596,0.0011046741518544,0.0008712665615612,downstairs,wiktor
1672842703650193700,0.6626517740938602,0.1200835422542052,-0.1621075435947238,0.6926805082578642,0.6626517740938602,0.6123793620896666,0.5369225523981994,0.1200835422542052,0.0730798370416489,0.0345173208472302,-0.1621075435947238,-0.1203638839190024,-0.0474468201750549,0.001753880750286,7.996306801484226e-06,0.001295098104821,0.0004507863386635,downstairs,wiktor
1672842703660193700,0.6666508506876464,0.1709775125222245,-0.1921337434429757,0.7145432400353818,0.6666508506876464,0.6626517740938602,0.6123793620896666,0.1709775125222245,0.1200835422542052,0.0730798370416489,-0.1921337434429757,-0.1621075435947238,-0.1203638839190024,0.002744232338828,0.0010770394396404,0.0012607712754563,0.0004064216237313,downstairs,wiktor
1672842703670193700,0.6202387953649088,0.2211924759386468,-0.2206441493934824,0.6944826242240734,0.6202387953649088,0.6666508506876464,0.6626517740938602,0.2211924759386468,0.1709775125222245,0.1200835422542052,-0.2206441493934824,-0.1921337434429757,-0.1621075435947238,0.0022336179901627,0.0002114004460067,0.0011860763519923,0.0008361411921637,downstairs,wiktor
1672842703680193700,0.5996766726142437,0.2698972262612247,-0.2615376988154571,0.7077136372311038,0.5996766726142437,0.6202387953649088,0.6666508506876464,0.2698972262612247,0.2211924759386468,0.1709775125222245,-0.2615376988154571,-0.2206441493934824,-0.1921337434429757,0.0044441249024994,0.0002641522044999,0.002048835017982,0.0021311376800174,downstairs,wiktor
1672842703690193700,0.6226615460966006,0.3339102720875564,-0.3268238026970258,0.7784711098058421,0.6226615460966006,0.5996766726142437,0.6202387953649088,0.3339102720875564,0.2698972262612247,0.2211924759386468,-0.3268238026970258,-0.2615376988154571,-0.2206441493934824,0.0057246709432977,0.0015775260052587,0.002546514684056,0.0016006302539829,downstairs,wiktor
1672842703700193700,0.6788313957538458,0.4052757355002754,-0.3834034855166205,0.8786687193434719,0.6788313957538458,0.6226615460966006,0.5996766726142437,0.4052757355002754,0.3339102720875564,0.2698972262612247,-0.3834034855166205,-0.3268238026970258,-0.2615376988154571,0.0022642908149441,0.0007734941637365,0.0013178597927931,0.0001729368584144,downstairs,wiktor
1672842703710193700,0.7181631682472516,0.4566149951909482,-0.4020011659319002,0.9412016401764114,0.7181631682472516,0.6788313957538458,0.6226615460966006,0.4566149951909482,0.4052757355002754,0.3339102720875564,-0.4020011659319002,-0.3834034855166205,-0.3268238026970258,0.0015387313510666,0.0003914618626982,0.0011297842833876,1.7485204980819048e-05,downstairs,wiktor
1672842703720193700,0.7461439424573508,0.5041499146373426,-0.4079147443715286,0.9885809819991116,0.7461439424573508,0.7181631682472516,0.6788313957538458,0.5041499146373426,0.4566149951909482,0.4052757355002754,-0.4079147443715286,-0.4020011659319002,-0.3834034855166205,0.002168956098979,0.0003493036944171,0.0018186339988797,1.0184056822010985e-06,downstairs,wiktor
1672842703730193700,0.772575124588202,0.5644596816552933,-0.4093419133749764,1.0406958524911865,0.772575124588202,0.7461439424573508,0.7181631682472516,0.5644596816552933,0.5041499146373426,0.4566149951909482,-0.4093419133749764,-0.4079147443715286,-0.4020011659319002,0.0021767781908652,0.0011300445778137,0.0010000762759323,4.66573371190711e-05,downstairs,wiktor
1672842703740193700,0.8201155195763334,0.6091827467544645,-0.3996819612923757,1.097013561710061,0.8201155195763334,0.772575124588202,0.7461439424573508,0.6091827467544645,0.5644596816552933,0.5041499146373426,-0.3996819612923757,-0.4093419133749764,-0.4079147443715286,0.0031434253987005,0.0027757907484522,0.0002680036106769,9.963103957124996e-05,downstairs,wiktor
1672842703750193700,0.8946244552612871,0.6323345765170112,-0.3855659392201876,1.1614047641099323,0.8946244552612871,0.8201155195763334,0.772575124588202,0.6323345765170112,0.6091827467544645,0.5644596816552933,-0.3855659392201876,-0.3996819612923757,-0.4093419133749764,0.0036197222494118,0.0032046874898833,0.0003984722824754,1.656247705306297e-05,downstairs,wiktor
1672842703760193700,0.9746830274429508,0.6605647831218331,-0.3913213674497919,1.2407599483014131,0.9746830274429508,0.8946244552612871,0.8201155195763334,0.6605647831218331,0.6323345765170112,0.6091827467544645,-0.3913213674497919,-0.3855659392201876,-0.3996819612923757,0.0056039530243493,0.0035607756595056,0.0015406323014581,0.0005025450633854,downstairs,wiktor
1672842703770193700,1.0590723118279448,0.7160739229360689,-0.4230245238663216,1.3466052771996575,1.0590723118279448,0.9746830274429508,0.8946244552612871,0.7160739229360689,0.6605647831218331,0.6323345765170112,-0.4230245238663216,-0.3913213674497919,-0.3855659392201876,0.0059840837432765,0.0023157587224423,0.0026605459126462,0.0010077791081879,downstairs,wiktor
1672842703780193700,1.127127564710325,0.7890197372456816,-0.4679194925863903,1.4532437319442937,1.127127564710325,1.0590723118279448,0.9746830274429508,0.7890197372456816,0.7160739229360689,0.6605647831218331,-0.4679194925863903,-0.4230245238663216,-0.3913213674497919,0.0040085572021174,0.0011055540777092,0.0019953179387574,0.0009076851856507,downstairs,wiktor
1672842703790193700,1.1741499865473426,0.8521912171833467,-0.5105266559665261,1.5380167515361862,1.1741499865473426,1.127127564710325,1.0590723118279448,0.8521912171833467,0.7890197372456816,0.7160739229360689,-0.5105266559665261,-0.4679194925863903,-0.4230245238663216,0.0009169026504264,0.0002937115955472,2.276003091895992e-05,0.0006004310239601,downstairs,wiktor
1672842703800193700,1.1983868013358936,0.8589380728834428,-0.5451801124740722,1.5719818363142877,1.1983868013358936,1.1741499865473426,1.127127564710325,0.8589380728834428,0.8521912171833467,0.7890197372456816,-0.5451801124740722,-0.5105266559665261,-0.4679194925863903,0.0040275035726726,4.520663814461987e-05,0.0032505050465607,0.0007317918879672,downstairs,wiktor
1672842703810193700,1.188878211730214,0.7783092313121949,-0.5834369259317371,1.5360974280342006,1.188878211730214,1.1983868013358936,1.1741499865473426,0.7783092313121949,0.8589380728834428,0.8521912171833467,-0.5834369259317371,-0.5451801124740722,-0.5105266559665261,0.0223957978157665,0.002719781727547,0.0192358774939411,0.0004401385942783,downstairs,wiktor
1672842703820193700,1.11512481550269,0.5821670507699098,-0.613106391524441,1.3994003274546438,1.11512481550269,1.188878211730214,1.1983868013358936,0.5821670507699098,0.7783092313121949,0.8589380728834428,-0.613106391524441,-0.5834369259317371,-0.5451801124740722,0.0355778237733415,0.0095844859991215,0.0259883506407023,4.987133517681492e-06,downstairs,wiktor
1672842703830193700,0.9766727588251416,0.3541830572936031,-0.6099481852241239,1.2047290585700832,0.9766727588251416,1.11512481550269,1.188878211730214,0.3541830572936031,0.5821670507699098,0.7783092313121949,-0.6099481852241239,-0.613106391524441,-0.5834369259317371,0.0338460239966402,0.0130396617991422,0.0200523356624616,0.0007540265350364,downstairs,wiktor
1672842703840193700,0.8151818191465192,0.1539215499465263,-0.5711145262402885,1.0071668401449874,0.8151818191465192,0.9766727588251416,1.11512481550269,0.1539215499465263,0.3541830572936031,0.5821670507699098,-0.5711145262402885,-0.6099481852241239,-0.613106391524441,0.0223284718419152,0.0063368360797757,0.0145993342305123,0.001392301531627,downstairs,wiktor
1672842703850193700,0.7026044139554619,-0.016954628794177,-0.5183451879532285,0.8732824032473768,0.7026044139554619,0.8151818191465192,0.9766727588251416,-0.016954628794177,0.1539215499465263,0.3541830572936031,-0.5183451879532285,-0.5711145262402885,-0.6099481852241239,0.0215262074478959,0.0067800286949953,0.0001810425144625,0.014565136238438,downstairs,wiktor
1672842703860193700,0.5861567545114406,-0.0359831607639607,-0.3476692597240958,0.6824576491439238,0.5861567545114406,0.7026044139554619,0.8151818191465192,-0.0359831607639607,-0.016954628794177,0.1539215499465263,-0.3476692597240958,-0.5183451879532285,-0.5711145262402885,0.252066917099808,0.0148922771466754,0.0678009180231951,0.1693737219299374,downstairs,wiktor
1672842703870193700,0.7587387764411623,0.3322583850268289,0.2343508807005074,0.8608138594267474,0.7587387764411623,0.5861567545114406,0.7026044139554619,0.3322583850268289,-0.0359831607639607,-0.016954628794177,0.2343508807005074,-0.3476692597240958,-0.5183451879532285,1.3193543634317286,0.3330696521714238,0.917699745689923,0.0685849655703818,downstairs,wiktor
1672842703880193700,1.5749123513275634,1.687027550375615,0.6047154728806504,2.385810485606879,1.5749123513275634,0.7587387764411623,0.5861567545114406,1.687027550375615,0.3322583850268289,-0.0359831607639607,0.6047154728806504,0.2343508807005074,-0.3476692597240958,1.2160119231146165,0.0082912975213604,1.0784854614970691,0.1292351640961868,downstairs,wiktor
1672842703890193700,1.7036857765469031,3.155690521582467,0.096315700858304,3.587506739707324,1.7036857765469031,1.5749123513275634,0.7587387764411623,3.155690521582467,1.687027550375615,0.3322583850268289,0.096315700858304,0.6047154728806504,0.2343508807005074,0.6699738020693398,0.1025437042449925,0.0036227464917627,0.5638073513325844,downstairs,wiktor
1672842703900193700,1.2508200033977446,3.240810983185571,-0.9655763382234328,3.605515798685832,1.2508200033977446,1.7036857765469031,1.5749123513275634,3.240810983185571,3.155690521582467,1.687027550375615,-0.9655763382234328,0.096315700858304,0.6047154728806504,0.9371523682704436,0.3368699616439904,0.5766381644360405,0.0236442421904127,downstairs,wiktor
1672842703910193700,0.4300033836293697,2.166903943972176,-1.183035493884503,2.5059825602197283,0.4300033836293697,1.2508200033977446,1.7036857765469031,2.166903943972176,3.240810983185571,3.155690521582467,-1.183035493884503,-0.9655763382234328,0.096315700858304,1.2774931039596558,0.3089858367856887,0.9685062877536436,9.794203235270836e-07,downstairs,wiktor
1672842703920193700,-0.3561083600632031,0.7751379523244105,-1.1844350797686325,1.4596364161759978,-0.3561083600632031,0.4300033836293697,1.2508200033977446,0.7751379523244105,2.166903943972176,3.240810983185571,-1.1844350797686325,-1.183035493884503,-0.9655763382234328,0.5648824317344558,0.06745148395955,0.4536040709558516,0.0438268768190541,downstairs,wiktor
1672842703930193700,0.0111830336817362,-0.1773367937511498,-0.8883713135997404,0.9059674329064996,0.0111830336817362,-0.3561083600632031,0.4300033836293697,-0.1773367937511498,0.7751379523244105,2.166903943972176,-0.8883713135997404,-1.1844350797686325,-1.183035493884503,0.7715228059822217,0.3459859921790991,0.0809021851005303,0.3446346287025922,downstairs,wiktor
1672842703940193700,0.8430315681867856,-0.5795859332170543,-0.0581488991798546,1.0246967226542611,0.8430315681867856,0.0111830336817362,-0.3561083600632031,-0.5795859332170543,-0.1773367937511498,0.7751379523244105,-0.0581488991798546,-0.8883713135997404,-1.1844350797686325,0.0968546101583259,0.0259654286438436,0.0011165226250262,0.069772658889456,downstairs,wiktor
1672842703950193700,0.6151481390224707,-0.6268410414070955,0.315408750693511,0.9331771558226136,0.6151481390224707,0.8430315681867856,0.0111830336817362,-0.6268410414070955,-0.5795859332170543,-0.1773367937511498,0.315408750693511,-0.0581488991798546,-0.8883713135997404,0.1274914137372339,0.1074716440166981,0.0185305693193875,0.0014892004011482,downstairs,wiktor
1672842703960193700,0.1515283723672986,-0.434328344062803,0.2608340239209794,0.5288065299553603,0.1515283723672986,0.6151481390224707,0.8430315681867856,-0.434328344062803,-0.6268410414070955,-0.5795859332170543,0.2608340239209794,0.315408750693511,-0.0581488991798546,0.16346175416063,0.0065200460584103,0.1477176839440377,0.0092240241581818,downstairs,wiktor
1672842703970193700,0.0373351496401126,0.1092113213601314,0.1250104312856651,0.1701429811720234,0.0373351496401126,0.1515283723672986,0.6151481390224707,0.1092113213601314,-0.434328344062803,-0.6268410414070955,0.1250104312856651,0.2608340239209794,0.315408750693511,0.1299083927535719,0.0002155975537264,0.1296228293772687,6.996582257675619e-05,downstairs,wiktor
1672842703980193700,0.0165699116821014,0.6183730429717796,0.1131811605915981,0.628863862342393,0.0165699116821014,0.0373351496401126,0.1515283723672986,0.6183730429717796,0.1092113213601314,-0.434328344062803,0.1131811605915981,0.1250104312856651,0.2608340239209794,0.0705690383361458,0.0038483593340392,0.0663180418850128,0.0004026371170937,downstairs,wiktor
1672842703990193700,0.1043008564398006,0.9825654148990698,0.0848038063423469,0.9917182809548322,0.1043008564398006,0.0165699116821014,0.0373351496401126,0.9825654148990698,0.6183730429717796,0.1092113213601314,0.0848038063423469,0.1131811605915981,0.1250104312856651,0.059681740537102,0.0007953001988707,0.0491151234261066,0.0097713169121246,downstairs,wiktor
1672842704000193700,0.1441831883392963,1.2959824642952589,-0.0549911643263051,1.3051372984151743,0.1441831883392963,0.1043008564398006,0.0165699116821014,1.2959824642952589,0.9825654148990698,0.6183730429717796,-0.0549911643263051,0.0848038063423469,0.1131811605915981,0.0512848102640266,0.0055491290586493,0.0251755932346692,0.020560087970708,downstairs,wiktor
1672842704010193700,0.0388349177445744,1.5203731647918224,-0.2577722678379884,1.5425593191581546,0.0388349177445744,0.1441831883392963,0.1043008564398006,1.5203731647918224,1.2959824642952589,0.9825654148990698,-0.2577722678379884,-0.0549911643263051,0.0848038063423469,0.0240321679350042,0.0007048122642315,0.0006822288312481,0.0226451268395245,downstairs,wiktor
1672842704020193700,0.001289950991851,1.5573117308508384,-0.4705873370390418,1.6268601454337408,0.001289950991851,0.0388349177445744,0.1441831883392963,1.5573117308508384,1.5203731647918224,1.2959824642952589,-0.4705873370390418,-0.2577722678379884,-0.0549911643263051,0.0258962954568187,0.0013404032283839,0.0055393192010414,0.0190165730273932,downstairs,wiktor
1672842704030193700,0.053066455863926,1.4520566198011466,-0.6656082232404601,1.5982236335042763,0.053066455863926,0.001289950991851,0.0388349177445744,1.4520566198011466,1.5573117308508384,1.5203731647918224,-0.6656082232404601,-0.4705873370390418,-0.2577722678379884,0.0362490832299149,0.0001585140112784,0.0294984481924578,0.0065921210261785,downstairs,wiktor
1672842704040193700,0.0708717366131003,1.209163852545891,-0.7804308780275582,1.4408929109177555,0.0708717366131003,0.053066455863926,0.001289950991851,1.209163852545891,1.4520566198011466,1.5573117308508384,-0.7804308780275582,-0.6656082232404601,-0.4705873370390418,0.0231648273670404,0.0011027993732501,0.0219455177116853,0.0001165102821048,downstairs,wiktor
1672842704050193700,0.0239079340998847,0.9996619780354924,-0.7956958891382582,1.277899686060796,0.0239079340998847,0.0708717366131003,0.053066455863926,0.9996619780354924,1.209163852545891,1.4520566198011466,-0.7956958891382582,-0.7804308780275582,-0.6656082232404601,0.0112673418429677,0.0024374490455122,0.0084291121470293,0.0004007806504261,downstairs,wiktor
1672842704060193700,-0.0459125363298145,0.8698227532455286,-0.7673840311834669,1.160852201777322,-0.0459125363298145,0.0239079340998847,0.0708717366131003,0.8698227532455286,0.9996619780354924,1.209163852545891,-0.7673840311834669,-0.7956958891382582,-0.7804308780275582,0.004288648145787,0.0007465217662051,0.0010173437229265,0.0025247826566553,downstairs,wiktor
1672842704070193700,-0.084552457815376,0.8247152433846072,-0.696323737676399,1.0826685081063288,-0.084552457815376,-0.0459125363298145,0.0239079340998847,0.8247152433846072,0.8698227532455286,0.9996619780354924,-0.696323737676399,-0.7673840311834669,-0.7956958891382582,0.0070015508866715,6.42621576813095e-06,0.0002189910147274,0.0067761336561759,downstairs,wiktor
1672842704080193700,-0.0809674290098764,0.8456432635837291,-0.5799095318750798,1.0285734387804226,-0.0809674290098764,-0.084552457815376,-0.0459125363298145,0.8456432635837291,0.8247152433846072,0.8698227532455286,-0.5799095318750798,-0.696323737676399,-0.7673840311834669,0.0121744555633161,2.735945424949277e-05,0.0037679648667564,0.0083791312423101,downstairs,wiktor
1672842704090193700,-0.0735702059837006,0.9324529965260256,-0.4504558239922215,1.038167431249584,-0.0735702059837006,-0.0809674290098764,-0.084552457815376,0.9324529965260256,0.8456432635837291,0.8247152433846072,-0.4504558239922215,-0.5799095318750798,-0.696323737676399,0.0068567364887054,9.77491942793377e-06,0.0027991338235726,0.0040478277457048,downstairs,wiktor
1672842704100193700,-0.069148686012484,1.007274568596822,-0.3604799633883372,1.072067815636503,-0.069148686012484,-0.0735702059837006,-0.0809674290098764,1.007274568596822,0.9324529965260256,0.8456432635837291,-0.3604799633883372,-0.4504558239922215,-0.5799095318750798,0.0022132101127079,0.0006588386571149,0.0007453114482003,0.0008090600073925,downstairs,wiktor
1672842704110193700,-0.0328488607480299,1.0458831543828973,-0.3202541008769481,1.094309512616456,-0.0328488607480299,-0.069148686012484,-0.0735702059837006,1.0458831543828973,1.007274568596822,0.9324529965260256,-0.3202541008769481,-0.3604799633883372,-0.4504558239922215,0.0024631996820108,0.0023349520737104,0.000113465125948,1.478248235226182e-05,downstairs,wiktor
1672842704120193700,0.0354878361828356,1.0609473587062646,-0.3148167334344698,1.1072390257361275,0.0354878361828356,-0.0328488607480299,-0.069148686012484,1.0609473587062646,1.0458831543828973,1.007274568596822,-0.3148167334344698,-0.3202541008769481,-0.3604799633883372,0.0007102465339123,0.0006802967639709,8.491859194782335e-07,2.9100584021990995e-05,downstairs,wiktor
1672842704130193700,0.0723740602772291,1.0596441427460506,-0.3224457024371583,1.1099797047141071,0.0723740602772291,0.0354878361828356,-0.0328488607480299,1.0596441427460506,1.0609473587062646,1.0458831543828973,-0.3224457024371583,-0.3148167334344698,-0.3202541008769481,0.0004432648446807,3.161920247413744e-05,0.0001977382751215,0.000213907367085,downstairs,wiktor
1672842704140193700,0.0803263181294541,1.0397575505230696,-0.3431293852371381,1.097855116245848,0.0803263181294541,0.0723740602772291,0.0354878361828356,1.0397575505230696,1.0596441427460506,1.0609473587062646,-0.3431293852371381,-0.3224457024371583,-0.3148167334344698,0.0012019310061101,0.000163688915824,0.0008674972674662,0.0001707448228199,downstairs,wiktor
1672842704150193700,0.0984199035023987,0.998104284925611,-0.3616088236928904,1.0661423837203183,0.0984199035023987,0.0803263181294541,0.0723740602772291,0.998104284925611,1.0397575505230696,1.0596441427460506,-0.3616088236928904,-0.3431293852371381,-0.3224457024371583,0.0017721081036118,0.000225411065972,0.0015346377786327,1.2059259007037435e-05,downstairs,wiktor
1672842704160193700,0.1196524759311957,0.9427032419998184,-0.3566977629099154,1.0150070992551588,0.1196524759311957,0.0984199035023987,0.0803263181294541,0.9427032419998184,0.998104284925611,1.0397575505230696,-0.3566977629099154,-0.3616088236928904,-0.3431293852371381,0.0020830611148541,4.942409878984629e-05,0.001161700161122,0.0008719368549421,downstairs,wiktor
1672842704170193700,0.1097102328452672,0.8945015789346901,-0.3149380489515515,0.9546493516391378,0.1097102328452672,0.1196524759311957,0.0984199035023987,0.8945015789346901,0.9427032419998184,0.998104284925611,-0.3149380489515515,-0.3566977629099154,-0.3616088236928904,0.0024753565421804,0.0001149586235657,0.0001836222954219,0.0021767756231927,downstairs,wiktor
1672842704180193700,0.0945472104838921,0.8753379521682398,-0.2489566027231942,0.914950870569479,0.0945472104838921,0.1097102328452672,0.1196524759311957,0.8753379521682398,0.8945015789346901,0.9427032419998184,-0.2489566027231942,-0.3149380489515515,-0.3566977629099154,0.0025396855909064,8.758357134459303e-05,1.024479079744516e-06,0.0024510775404821,downstairs,wiktor
1672842704190193700,0.1077822829313397,0.8767693704018421,-0.1789412109799194,0.9013109931514728,0.1077822829313397,0.0945472104838921,0.1097102328452672,0.8767693704018421,0.8753379521682398,0.8945015789346901,-0.1789412109799194,-0.2489566027231942,-0.3149380489515515,0.0027186792679973,0.0003814994239736,0.000102896443562,0.0022342834004616,downstairs,wiktor
1672842704200193700,0.1354047167116429,0.8911148535628999,-0.1120938714597619,0.90828693460108,0.1354047167116429,0.1077822829313397,0.0945472104838921,0.8911148535628999,0.8767693704018421,0.8753379521682398,-0.1120938714597619,-0.1789412109799194,-0.2489566027231942,0.001151269943433,7.366843443446711e-06,8.234221352581891e-05,0.0010615608864638,downstairs,wiktor
1672842704210193700,0.1392431652116092,0.9039477966022668,-0.0660165259098321,0.9169888002224696,0.1392431652116092,0.1354047167116429,0.1077822829313397,0.9039477966022668,0.8911148535628999,0.8767693704018421,-0.0660165259098321,-0.1120938714597619,-0.1789412109799194,0.0001000612651364,5.6193746930322094e-09,3.405106769902754e-05,6.600457806275642e-05,downstairs,wiktor
1672842704220193700,0.1391371522436002,0.91220019839799,-0.054527002154449,0.9243600721881828,0.1391371522436002,0.1392431652116092,0.1354047167116429,0.91220019839799,0.9039477966022668,0.8911148535628999,-0.054527002154449,-0.0660165259098321,-0.1120938714597619,0.0003742951276596,0.0002874077008211,2.67261599952528e-05,6.016126684323125e-05,downstairs,wiktor
1672842704230193700,0.1151618440778592,0.9195113077522882,-0.0654961650070309,0.929006481703096,0.1151618440778592,0.1391371522436002,0.1392431652116092,0.9195113077522882,0.91220019839799,0.9039477966022668,-0.0654961650070309,-0.054527002154449,-0.0660165259098321,0.0040169677902703,0.0025621460975241,2.393916899368561e-06,0.0014524277758468,downstairs,wiktor
1672842704240193700,0.0435776824563925,0.9216994196778387,-0.119392876889053,0.9304211378158708,0.0435776824563925,0.1151618440778592,0.1391371522436002,0.9216994196778387,0.9195113077522882,0.91220019839799,-0.119392876889053,-0.0654961650070309,-0.054527002154449,0.0020311701079438,5.106168494055513e-05,9.991538866044184e-05,0.0018801930343428,downstairs,wiktor
1672842704250193700,0.0334720716445163,0.9358355711102792,-0.1807148637182951,0.9537119364379372,0.0334720716445163,0.0435776824563925,0.1151618440778592,0.9358355711102792,0.9216994196778387,0.9195113077522882,-0.1807148637182951,-0.119392876889053,-0.0654961650070309,0.002758404396183,4.959815580063925e-06,0.001661042060922,0.0010924025196809,downstairs,wiktor
1672842704260193700,0.0366216162401885,0.993473094667802,-0.2274567618329616,1.0198365119510089,0.0366216162401885,0.0334720716445163,0.0435776824563925,0.993473094667802,0.9358355711102792,0.9216994196778387,-0.2274567618329616,-0.1807148637182951,-0.119392876889053,0.0036283923128932,0.0002604633247554,0.0019382996492555,0.0014296293388821,downstairs,wiktor
1672842704270193700,0.013797798647354,1.0557354372073435,-0.2809287982423258,1.0925606080693058,0.013797798647354,0.0366216162401885,0.0334720716445163,1.0557354372073435,0.993473094667802,0.9358355711102792,-0.2809287982423258,-0.2274567618329616,-0.1807148637182951,0.0048852359694914,0.001645474344552,6.481523100060808e-05,0.0031749463939388,downstairs,wiktor
1672842704280193700,-0.0435689921736785,1.0671209746123682,-0.360615012783347,1.127248250822069,-0.0435689921736785,0.013797798647354,0.0366216162401885,1.0671209746123682,1.0557354372073435,0.993473094667802,-0.360615012783347,-0.2809287982423258,-0.2274567618329616,0.0040219748991417,9.719750769646596e-05,6.27030322177222e-05,0.0038620743592275,downstairs,wiktor
1672842704290193700,-0.0575115534661,1.0559224896954054,-0.4485021490346499,1.1486662094426416,-0.0575115534661,-0.0435689921736785,0.013797798647354,1.0559224896954054,1.0671209746123682,1.0557354372073435,-0.4485021490346499,-0.360615012783347,-0.2809287982423258,0.0002706689652604,5.6732209138966336e-05,5.076808641898146e-05,0.0001631686697024,downstairs,wiktor
1672842704300193700,-0.0468595856536283,1.0458459737877135,-0.4665669584553163,1.146156336796096,-0.0468595856536283,-0.0575115534661,-0.0435689921736785,1.0458459737877135,1.0559224896954054,1.0671209746123682,-0.4665669584553163,-0.4485021490346499,-0.360615012783347,0.001377578197789,0.0002206001912303,2.4518433889763336e-05,0.0011324595726689,downstairs,wiktor
1672842704310193700,-0.0678643561227538,1.052848606705376,-0.4189757917818889,1.1351812514187627,-0.0678643561227538,-0.0468595856536283,-0.0575115534661,1.052848606705376,1.0458459737877135,1.0559224896954054,-0.4189757917818889,-0.4665669584553163,-0.4485021490346499,0.0080059517760261,0.0001009285350769,0.0003610704942904,0.0075439527466587,downstairs,wiktor
1672842704320193700,-0.082071997382086,1.079721287788231,-0.2961429562153453,1.122601675828664,-0.082071997382086,-0.0678643561227538,-0.0468595856536283,1.079721287788231,1.052848606705376,1.0458459737877135,-0.2961429562153453,-0.4189757917818889,-0.4665669584553163,0.0039654189319262,0.000245131480499,9.158668212333528e-06,0.0037111287832148,downstairs,wiktor
1672842704330193700,-0.0599301148740846,1.0840011635369726,-0.2099904312005224,1.1057785141763756,-0.0599301148740846,-0.082071997382086,-0.0678643561227538,1.0840011635369726,1.079721287788231,1.052848606705376,-0.2099904312005224,-0.2961429562153453,-0.4189757917818889,0.0009902205090921,0.0006911621671127,0.0001093922616841,0.0001896660802952,downstairs,wiktor
1672842704340193700,-0.0227504923070717,1.0692097970224053,-0.1905139797631961,1.086288521265929,-0.0227504923070717,-0.0599301148740846,-0.082071997382086,1.0692097970224053,1.0840011635369726,1.079721287788231,-0.1905139797631961,-0.2099904312005224,-0.2961429562153453,0.0009968555718555,0.0001045042373571,0.0008823430934057,1.0008241092710562e-05,downstairs,wiktor
1672842704350193700,-0.0082933669111218,1.027201628926051,-0.186040001423349,1.0439458072776835,-0.0082933669111218,-0.0227504923070717,-0.0599301148740846,1.027201628926051,1.0692097970224053,1.0840011635369726,-0.186040001423349,-0.1905139797631961,-0.2099904312005224,0.0020807690150603,4.716188327373066e-05,0.0018166650277102,0.0002169421040763,downstairs,wiktor
1672842704360193700,-0.0180054092579952,0.9669245183829892,-0.1652101140460072,0.9811022376877032,-0.0180054092579952,-0.0082933669111218,-0.0227504923070717,0.9669245183829892,1.027201628926051,1.0692097970224053,-0.1652101140460072,-0.186040001423349,-0.1905139797631961,0.0022513224747918,0.0008032271765609,0.000281497659798,0.0011665976384328,downstairs,wiktor
1672842704370193700,-0.0580860074711187,0.9431969959755384,-0.1169069539333834,0.9521878981373356,-0.0580860074711187,-0.0180054092579952,-0.0082933669111218,0.9431969959755384,0.9669245183829892,1.027201628926051,-0.1169069539333834,-0.1652101140460072,-0.186040001423349,0.002642711219595,3.693199335291398e-05,0.0002450259723283,0.0023607532539137,downstairs,wiktor
1672842704380193700,-0.066680423490013,0.921059879075258,-0.0481937346242317,0.9247271034072524,-0.066680423490013,-0.0580860074711187,-0.0180054092579952,0.921059879075258,0.9431969959755384,0.9669245183829892,-0.0481937346242317,-0.1169069539333834,-0.1652101140460072,0.0037686422583849,4.034068409913901e-05,0.0011097644174314,0.0026185371568543,downstairs,wiktor
1672842704390193700,-0.0576981426995747,0.8739480033445797,0.0241738984288719,0.8761840934336843,-0.0576981426995747,-0.066680423490013,-0.0580860074711187,0.8739480033445797,0.921059879075258,0.9431969959755384,0.0241738984288719,-0.0481937346242317,-0.1169069539333834,0.0029873233273592,1.636882053624682e-05,0.0014819825383833,0.0014889719684396,downstairs,wiktor
1672842704400193700,-0.0519764610348459,0.819505693724518,0.0787444393541673,0.8249192816741602,-0.0519764610348459,-0.0576981426995747,-0.066680423490013,0.819505693724518,0.8739480033445797,0.921059879075258,0.0787444393541673,0.0241738984288719,-0.0481937346242317,0.0019333006016677,9.799212649454676e-05,0.0012047866401222,0.0006305218350509,downstairs,wiktor
1672842704410193700,-0.0379770234393889,0.770418289227596,0.1142556160468919,0.7797697996742029,-0.0379770234393889,-0.0519764610348459,-0.0576981426995747,0.770418289227596,0.819505693724518,0.8739480033445797,0.1142556160468919,0.0787444393541673,0.0241738984288719,0.0010247220451912,0.0002777444535622,0.0006413294742761,0.0001056481173528,downstairs,wiktor
1672842704420193700,-0.0144082112689704,0.7346040609299997,0.1287916483358546,0.7459477271014937,-0.0144082112689704,-0.0379770234393889,-0.0519764610348459,0.7346040609299997,0.770418289227596,0.819505693724518,0.1287916483358546,0.1142556160468919,0.0787444393541673,7.883289939048771e-05,3.214980634647709e-06,2.7036128300197537e-05,4.858179045564246e-05,downstairs,wiktor
1672842704430193700,-0.0118724744393101,0.7272506769062733,0.138648807201942,0.7404444573689954,-0.0118724744393101,-0.0144082112689704,-0.0379770234393889,0.7272506769062733,0.7346040609299997,0.770418289227596,0.138648807201942,0.1287916483358546,0.1142556160468919,0.0003921188532753,0.0001450255103835,1.2705709486190709e-05,0.0002343876334056,downstairs,wiktor
1672842704440193700,-0.0289033587606585,0.7322916509165596,0.1603000258007012,0.7501883526298267,-0.0289033587606585,-0.0118724744393101,-0.0144082112689704,0.7322916509165596,0.7272506769062733,0.7346040609299997,0.1603000258007012,0.138648807201942,0.1287916483358546,0.0008826997873511,0.0001505398910227,0.0002517388654946,0.0004804210308338,downstairs,wiktor
1672842704450193700,-0.046255009461541,0.7547299603668995,0.1912974783035709,0.7799689507801026,-0.046255009461541,-0.0289033587606585,-0.0118724744393101,0.7547299603668995,0.7322916509165596,0.7272506769062733,0.1912974783035709,0.1603000258007012,0.138648807201942,0.0011307844103514,6.830752833888749e-06,0.0009672499365191,0.0001567037209984,downstairs,wiktor
1672842704460193700,-0.0425588620527141,0.7987129101660921,0.209000795563251,0.8267012169770176,-0.0425588620527141,-0.046255009461541,-0.0289033587606585,0.7987129101660921,0.7547299603668995,0.7322916509165596,0.209000795563251,0.1912974783035709,0.1603000258007012,0.0007013521652832,0.0002167485730846,0.0004344386694693,5.016492272924246e-05,downstairs,wiktor
1672842704470193700,-0.0217382677727873,0.8281896355428812,0.1989843168676971,0.8520360221643893,-0.0217382677727873,-0.0425588620527141,-0.046255009461541,0.8281896355428812,0.7987129101660921,0.7547299603668995,0.1989843168676971,0.209000795563251,0.1912974783035709,0.0017176372835382,3.499942836498877e-06,1.1619176621005647e-05,0.0017025181640807,downstairs,wiktor
1672842704480193700,-0.0190925380675835,0.8233690180262127,0.1406316277423324,0.8355108135606444,-0.0190925380675835,-0.0217382677727873,-0.0425588620527141,0.8233690180262127,0.8281896355428812,0.7987129101660921,0.1406316277423324,0.1989843168676971,0.209000795563251,0.0044505960505961,0.0002141704445794,0.0004811097111258,0.0037553158948908,downstairs,wiktor
1672842704490193700,-0.0397889360430496,0.792349356160684,0.053967726435146,0.7951812228267637,-0.0397889360430496,-0.0190925380675835,-0.0217382677727873,0.792349356160684,0.8233690180262127,0.8281896355428812,0.053967726435146,0.1406316277423324,0.1989843168676971,0.0037193932815696,0.0007010107967433,1.4142286009741884e-05,0.0030042401988165,downstairs,wiktor
1672842704500193700,-0.0772325148448512,0.7870310319867093,-0.023546661891364,0.7911618999582519,-0.0772325148448512,-0.0397889360430496,-0.0190925380675835,0.7870310319867093,0.792349356160684,0.8233690180262127,-0.023546661891364,0.053967726435146,0.1406316277423324,0.0024931386749062,0.0006850339968378,0.0003404527862277,0.0014676518918406,downstairs,wiktor
1672842704510193700,-0.1142469443781513,0.8131251993897045,-0.0777251057937252,0.8247824842059492,-0.1142469443781513,-0.0772325148448512,-0.0397889360430496,0.8131251993897045,0.7870310319867093,0.792349356160684,-0.0777251057937252,-0.023546661891364,0.053967726435146,0.0030857348348552,0.0006142396703053,0.0017086551403052,0.0007628400242446,downstairs,wiktor
1672842704520193700,-0.149296614000143,0.8715829643196985,-0.1167850603314529,0.8919557685002333,-0.149296614000143,-0.1142469443781513,-0.0772325148448512,0.8715829643196985,0.8131251993897045,0.7870310319867093,-0.1167850603314529,-0.0777251057937252,-0.023546661891364,0.0064004419469539,0.0019974389214619,0.0039736183541035,0.0004293846713884,downstairs,wiktor
1672842704530193700,-0.2125016600243639,0.9607302397026688,-0.1460898268853247,0.9947370439023784,-0.2125016600243639,-0.149296614000143,-0.1142469443781513,0.9607302397026688,0.8715829643196985,0.8131251993897045,-0.1460898268853247,-0.1167850603314529,-0.0777251057937252,0.016922222783331,0.0098196733562381,0.0064254746560431,0.0006770747710497,downstairs,wiktor
1672842704540193700,-0.3526421135432403,1.0740922673489943,-0.1828885978172383,1.1451981916833012,-0.3526421135432403,-0.2125016600243639,-0.149296614000143,1.0740922673489943,0.9607302397026688,0.8715829643196985,-0.1828885978172383,-0.1460898268853247,-0.1167850603314529,0.0180714678804803,0.0112973389478535,0.005453687499777,0.0013204414328496,downstairs,wiktor
1672842704550193700,-0.5029573752291622,1.178530646307853,-0.2342781187889239,1.3026077086089622,-0.5029573752291622,-0.3526421135432403,-0.2125016600243639,1.178530646307853,1.0740922673489943,0.9607302397026688,-0.2342781187889239,-0.1828885978172383,-0.1460898268853247,0.0051901115095499,8.916127674655012e-05,0.0027798014117468,0.0023211488210565,downstairs,wiktor
1672842704560193700,-0.5163111220252153,1.2530933905136143,-0.3024125274391285,1.3886228994323708,-0.5163111220252153,-0.5029573752291622,-0.3526421135432403,1.2530933905136143,1.178530646307853,1.0740922673489943,-0.3024125274391285,-0.2342781187889239,-0.1828885978172383,0.0092054143246098,0.0044208301985192,0.0003520562540572,0.0044325278720333,downstairs,wiktor
1672842704570193700,-0.4222810183507081,1.2796285089063115,-0.3965669524231228,1.404647901439811,-0.4222810183507081,-0.5163111220252153,-0.5029573752291622,1.2796285089063115,1.2530933905136143,1.178530646307853,-0.3965669524231228,-0.3024125274391285,-0.2342781187889239,0.0147407058298351,0.0106594850162583,5.293394818864369e-06,0.0040759274187579,downstairs,wiktor
1672842704580193700,-0.2762708473607502,1.2763747741848372,-0.4868545752598983,1.3937307927746725,-0.2762708473607502,-0.4222810183507081,-0.5163111220252153,1.2763747741848372,1.2796285089063115,1.2530933905136143,-0.4868545752598983,-0.3965669524231228,-0.3024125274391285,0.0008815364946199,0.0005310428187615,7.473511297188666e-05,0.0002757585628865,downstairs,wiktor
1672842704590193700,-0.243681191984802,1.2886005758331454,-0.5103389770145319,1.4072376625236005,-0.243681191984802,-0.2762708473607502,-0.4222810183507081,1.2886005758331454,1.2763747741848372,1.2796285089063115,-0.5103389770145319,-0.4868545752598983,-0.3965669524231228,0.0037636711210742,0.0010263684939442,0.0024356554104345,0.0003016472166954,downstairs,wiktor
1672842704600193700,-0.2889883325686931,1.3583953522914816,-0.4857769243032671,1.471302623416907,-0.2889883325686931,-0.243681191984802,-0.2762708473607502,1.3583953522914816,1.2886005758331454,1.2763747741848372,-0.4857769243032671,-0.5103389770145319,-0.4868545752598983,0.0113858720064038,0.0049425182436253,0.0050718667303084,0.00137148703247,downstairs,wiktor
1672842704610193700,-0.3884118533635772,1.4591114555750024,-0.4334035143995747,1.5708942083786015,-0.3884118533635772,-0.2889883325686931,-0.243681191984802,1.4591114555750024,1.3583953522914816,1.2886005758331454,-0.4334035143995747,-0.4857769243032671,-0.5103389770145319,0.0024561216851197,5.362508719370742e-05,0.0023183215776163,8.41750203096622e-05,downstairs,wiktor
1672842704620193700,-0.3987680193716815,1.527204356491564,-0.4204285369190808,1.633440918557003,-0.3987680193716815,-0.3884118533635772,-0.2889883325686931,1.527204356491564,1.4591114555750024,1.3583953522914816,-0.4204285369190808,-0.4334035143995747,-0.4857769243032671,0.0031767774994773,0.0031677367817989,8.693100926959826e-06,3.476167514917609e-07,downstairs,wiktor
1672842704630193700,-0.3191723312749143,1.5230346800228294,-0.4195947302850322,1.6116964203244588,-0.3191723312749143,-0.3987680193716815,-0.3884118533635772,1.5230346800228294,1.527204356491564,1.4591114555750024,-0.4195947302850322,-0.4204285369190808,-0.4334035143995747,0.0019460724440519,0.0010895607927474,0.0007533172942141,0.0001031943570903,downstairs,wiktor
1672842704640193700,-0.2724912688888144,1.484219288894718,-0.4052284950725364,1.5624879271106484,-0.2724912688888144,-0.3191723312749143,-0.3987680193716815,1.484219288894718,1.5230346800228294,1.527204356491564,-0.4052284950725364,-0.4195947302850322,-0.4204285369190808,0.0046970416435278,0.0028819732376216,6.572999218310493e-06,0.0018084954066879,downstairs,wiktor
1672842704650193700,-0.3484119279694842,1.4878450299826365,-0.3450870716326492,1.5665754982775144,-0.3484119279694842,-0.2724912688888144,-0.3191723312749143,1.4878450299826365,1.484219288894718,1.5230346800228294,-0.3450870716326492,-0.4052284950725364,-0.4195947302850322,0.0321655202618844,0.0285052280882046,0.0010962743776292,0.0025640177960506,downstairs,wiktor
1672842704660193700,-0.5871805527433628,1.5346696896744956,-0.2734767679599143,1.6657675709832434,-0.5871805527433628,-0.3484119279694842,-0.2724912688888144,1.5346696896744956,1.4878450299826365,1.484219288894718,-0.2734767679599143,-0.3450870716326492,-0.4052284950725364,0.0184297504402992,0.0181788311297491,0.0002191710515936,3.174825895644487e-05,downstairs,wiktor
1672842704670193700,-0.7778574057158679,1.5137330685720507,-0.2814452381965965,1.7250105415965191,-0.7778574057158679,-0.5871805527433628,-0.3484119279694842,1.5137330685720507,1.5346696896744956,1.4878450299826365,-0.2814452381965965,-0.2734767679599143,-0.3450870716326492,0.0134810451259155,5.896634945147516e-05,0.0120862209273697,0.0013358578490942,downstairs,wiktor
1672842704680193700,-0.7669977234505827,1.3582581771755955,-0.3331338800648885,1.5950325907923748,-0.7669977234505827,-0.7778574057158679,-0.5871805527433628,1.3582581771755955,1.5137330685720507,1.5346696896744956,-0.3331338800648885,-0.2814452381965965,-0.2734767679599143,0.0261492771057182,0.0164756633673952,0.0088515805563256,0.0008220331819973,downstairs,wiktor
1672842704690193700,-0.5854727203937294,1.2252049505606375,-0.2925867918341084,1.3890689356397343,-0.5854727203937294,-0.7669977234505827,-0.7778574057158679,1.2252049505606375,1.3582581771755955,1.5137330685720507,-0.2925867918341084,-0.3331338800648885,-0.2814452381965965,0.0606301418634696,0.0473131525796903,0.0016087074246908,0.0117082818590885,downstairs,wiktor
1672842704700193700,-0.2778588306563174,1.2819272111765692,-0.1395620757971981,1.3190983577919635,-0.2778588306563174,-0.5854727203937294,-0.7669977234505827,1.2819272111765692,1.2252049505606375,1.3582581771755955,-0.1395620757971981,-0.2925867918341084,-0.3331338800648885,0.0622225702409771,0.0422113172185417,0.019469867228742,0.0005413857936933,downstairs,wiktor
1672842704710193700,0.012696903131683,1.4792587455482558,-0.1066565810070165,1.483153152544349,0.012696903131683,-0.2778588306563174,-0.5854727203937294,1.4792587455482558,1.2819272111765692,1.2252049505606375,-0.1066565810070165,-0.1395620757971981,-0.2925867918341084,0.0252091113573443,0.0164511947193892,0.0066365151601165,0.0021214014778386,downstairs,wiktor
1672842704720193700,0.1940870611854718,1.594467383767067,-0.1717933828603259,1.615397471711283,0.1940870611854718,0.012696903131683,-0.2778588306563174,1.594467383767067,1.4792587455482558,1.2819272111765692,-0.1717933828603259,-0.1066565810070165,-0.1395620757971981,0.0249026671083952,0.0153794699697701,0.0006979978083985,0.0088251993302265,downstairs,wiktor
1672842704730193700,0.3694693292160235,1.5571043590394429,-0.304648185786126,1.629077066094097,0.3694693292160235,0.1940870611854718,0.012696903131683,1.5571043590394429,1.594467383767067,1.4792587455482558,-0.304648185786126,-0.1717933828603259,-0.1066565810070165,0.0339985196114883,0.0100015803273694,0.0177093771887227,0.0062875620953961,downstairs,wiktor
1672842704740193700,0.5109018596138741,1.3689056492206837,-0.4167870469841616,1.519419240749239,0.5109018596138741,0.3694693292160235,0.1940870611854718,1.3689056492206837,1.5571043590394429,1.594467383767067,-0.4167870469841616,-0.304648185786126,-0.1717933828603259,0.0258837476022772,0.002628647617462,0.0190934594677676,0.0041616405170475,downstairs,wiktor
1672842704750193700,0.4383946514554839,1.1734909135031968,-0.5080190645771923,1.3517966431653945,0.4383946514554839,0.5109018596138741,0.3694693292160235,1.1734909135031968,1.3689056492206837,1.5571043590394429,-0.5080190645771923,-0.4167870469841616,-0.304648185786126,0.0589318305743356,0.0580766962812513,0.0005399174910078,0.0003152168020764,downstairs,wiktor
1672842704760193700,0.0975818104965456,1.1406300708174744,-0.5331275014889747,1.2628476159207558,0.0975818104965456,0.4383946514554839,0.5109018596138741,1.1406300708174744,1.1734909135031968,1.3689056492206837,-0.5331275014889747,-0.5080190645771923,-0.4167870469841616,0.0856177266680687,0.0848789631973669,0.000207222861137,0.0005315406095647,downstairs,wiktor
1672842704770193700,-0.3144350901212978,1.1609880108476944,-0.5005225751874236,1.3027990771810998,-0.3144350901212978,0.0975818104965456,0.4383946514554839,1.1609880108476944,1.1406300708174744,1.1734909135031968,-0.5005225751874236,-0.5331275014889747,-0.5080190645771923,0.04944200231897,0.041374055782263,0.0001823410856371,0.0078856054510699,downstairs,wiktor
1672842704780193700,-0.6020948050007472,1.1800846642527874,-0.3749390933829291,1.3768432346350523,-0.6020948050007472,-0.3144350901212978,0.0975818104965456,1.1800846642527874,1.1609880108476944,1.1406300708174744,-0.3749390933829291,-0.5005225751874236,-0.5331275014889747,0.030052926963755,0.0169199978719232,0.0010141868241827,0.012118742267649,downstairs,wiktor
1672842704790193700,-0.7860513100334492,1.22512213363513,-0.2192551682805018,1.472030479693171,-0.7860513100334492,-0.6020948050007472,-0.3144350901212978,1.22512213363513,1.1800846642527874,1.1609880108476944,-0.2192551682805018,-0.3749390933829291,-0.5005225751874236,0.0105463076275802,0.000670670362994,0.0053370298379922,0.0045386074265939,downstairs,wiktor
1672842704800193700,-0.8226756288119348,1.3284374745869192,-0.1239807496090248,1.5674541589474316,-0.8226756288119348,-0.7860513100334492,-0.6020948050007472,1.3284374745869192,1.22512213363513,1.1800846642527874,-0.1239807496090248,-0.2192551682805018,-0.3749390933829291,0.006496188665184,0.0010023685700076,0.0049926346231601,0.0005011854720161,downstairs,wiktor
1672842704810193700,-0.7779013377509321,1.4283637936741362,-0.0923205072847416,1.6290723416776716,-0.7779013377509321,-0.8226756288119348,-0.7860513100334492,1.4283637936741362,1.3284374745869192,1.22512213363513,-0.0923205072847416,-0.1239807496090248,-0.2192551682805018,0.0120399222080788,0.0078152530415401,0.0042203305088792,4.338657659453654e-06,downstairs,wiktor
1672842704820193700,-0.6528793153585537,1.5202368638185395,-0.0952662356019676,1.6572408328850856,-0.6528793153585537,-0.7779013377509321,-0.8226756288119348,1.5202368638185395,1.4283637936741362,1.3284374745869192,-0.0952662356019676,-0.0923205072847416,-0.1239807496090248,0.0092077024717197,0.0074174927080281,0.0016095917059948,0.0001806180576967,downstairs,wiktor
1672842704830193700,-0.5310803604531179,1.5769747119623467,-0.1142724481492764,1.667918997983346,-0.5310803604531179,-0.6528793153585537,-0.7779013377509321,1.5769747119623467,1.5202368638185395,1.4283637936741362,-0.1142724481492764,-0.0952662356019676,-0.0923205072847416,0.002889889354305,0.0026331277599241,5.940485239218943e-05,0.0001973567419886,downstairs,wiktor
1672842704840193700,-0.4585113896746344,1.5878746984203371,-0.1341398456632246,1.6581834188470814,-0.4585113896746344,-0.5310803604531179,-0.6528793153585537,1.5878746984203371,1.5769747119623467,1.5202368638185395,-0.1341398456632246,-0.1142724481492764,-0.0952662356019676,0.0012768755485487,0.0011613243041611,3.3844882619636203e-06,0.0001121667561256,downstairs,wiktor
1672842704850193700,-0.4103175248335338,1.5904764241022509,-0.1191620783979983,1.6468683395277022,-0.4103175248335338,-0.4585113896746344,-0.5310803604531179,1.5904764241022509,1.5878746984203371,1.5769747119623467,-0.1191620783979983,-0.1341398456632246,-0.1142724481492764,0.0008122410615051,0.0001294981806985,4.102539793689019e-05,0.0006417174828696,downstairs,wiktor
1672842704860193700,-0.3942241609403908,1.5995346135390962,-0.0833370178155045,1.649505600935384,-0.3942241609403908,-0.4103175248335338,-0.4585113896746344,1.5995346135390962,1.5904764241022509,1.5878746984203371,-0.0833370178155045,-0.1191620783979983,-0.1341398456632246,0.0001272283392488,4.0779119266537886e-05,1.049617530661062e-06,8.539960245163108e-05,downstairs,wiktor
1672842704870193700,-0.4032551209410262,1.5980857398174344,-0.070268000832454,1.6496758215825278,-0.4032551209410262,-0.3942241609403908,-0.4103175248335338,1.5980857398174344,1.5995346135390962,1.5904764241022509,-0.070268000832454,-0.0833370178155045,-0.1191620783979983,0.0006057907962536,0.000103410780189,0.0004622924531321,4.008756293245318e-05,downstairs,wiktor
1672842704880193700,-0.4176364129684511,1.567678752030672,-0.0613139444408007,1.623513548692615,-0.4176364129684511,-0.4032551209410262,-0.3942241609403908,1.567678752030672,1.5980857398174344,1.5995346135390962,-0.0613139444408007,-0.070268000832454,-0.0833370178155045,0.0017032031449778,3.425672539696298e-05,0.0013009707294154,0.0003679756901654,downstairs,wiktor
1672842704890193700,-0.4259136981993662,1.5166695228772047,-0.0341855205954898,1.5757085929056849,-0.4259136981993662,-0.4176364129684511,-0.4032551209410262,1.5166695228772047,1.567678752030672,1.5980857398174344,-0.0341855205954898,-0.0613139444408007,-0.070268000832454,0.0094612466353882,0.0065717987957517,8.70108991790887e-05,0.0028024369404574,downstairs,wiktor
1672842704900193700,-0.3112681680139137,1.5298612550742354,0.0406801850441075,1.561735640129685,-0.3112681680139137,-0.4259136981993662,-0.4176364129684511,1.5298612550742354,1.5166695228772047,1.567678752030672,0.0406801850441075,-0.0341855205954898,-0.0613139444408007,0.1206607695525078,0.1021160693376637,0.0075126706502419,0.0110320295646021,downstairs,wiktor
1672842704910193700,0.1406523323789402,1.6524391539813543,0.189219941100203,1.6691741737530614,0.1406523323789402,-0.3112681680139137,-0.4259136981993662,1.6524391539813543,1.5298612550742354,1.5166695228772047,0.189219941100203,0.0406801850441075,-0.0341855205954898,0.006145923006777,0.0039198806100903,0.0003861925194295,0.001839849877257,downstairs,wiktor
1672842704920193700,0.2291947584818023,1.680230970022398,0.2498804699020037,1.7141022720877497,0.2291947584818023,0.1406523323789402,-0.3112681680139137,1.680230970022398,1.6524391539813543,1.5298612550742354,0.2498804699020037,0.189219941100203,0.0406801850441075,0.0269235075491929,0.0137417015764662,0.0089635918503182,0.0042182141224084,downstairs,wiktor
1672842704930193700,0.0634135678933268,1.54633853670133,0.1580304386291903,1.555685627051271,0.0634135678933268,0.2291947584818023,0.1406523323789402,1.54633853670133,1.680230970022398,1.6524391539813543,0.1580304386291903,0.2498804699020037,0.189219941100203,0.0685793261346254,0.0206541404685774,0.0308712701598227,0.0170539155062252,downstairs,wiktor
1672842704940193700,-0.1398308193284483,1.2978580740495445,-0.0266526169347962,1.3056410687471236,-0.1398308193284483,0.0634135678933268,0.2291947584818023,1.2978580740495445,1.54633853670133,1.680230970022398,-0.0266526169347962,0.1580304386291903,0.2498804699020037,0.0147400381877131,7.664827963769011e-07,0.0089994659515746,0.0057398057533421,downstairs,wiktor
1672842704950193700,-0.1385926894512731,1.1636979760205504,-0.1337955658707119,1.1795347245462198,-0.1385926894512731,-0.1398308193284483,0.0634135678933268,1.1636979760205504,1.2978580740495445,1.54633853670133,-0.1337955658707119,-0.0266526169347962,0.1580304386291903,0.0031237162067943,0.0018100556948364,0.0001043568197348,0.0012093036922229,downstairs,wiktor
1672842704960193700,-0.0784253279529248,1.1492510511065852,-0.1829749048703974,1.166365434307124,-0.0784253279529248,-0.1385926894512731,-0.1398308193284483,1.1492510511065852,1.1636979760205504,1.2978580740495445,-0.1829749048703974,-0.1337955658707119,-0.0266526169347962,0.0028715462067092,0.0027777391628433,9.193006390026536e-05,1.8769799656023068e-06,downstairs,wiktor
1672842704970193700,-0.0038902467784419,1.135691547878202,-0.1849124187235619,1.150653305101142,-0.0038902467784419,-0.0784253279529248,-0.1385926894512731,1.135691547878202,1.1492510511065852,1.1636979760205504,-0.1849124187235619,-0.1829749048703974,-0.1337955658707119,0.0017398340088278,0.000403760236244,0.001317402583831,1.8671188752789604e-05,downstairs,wiktor
1672842704980193700,-0.0323071514742036,1.0843611946000289,-0.178801577741702,1.0994784930109824,-0.0323071514742036,-0.0038902467784419,-0.0784253279529248,1.0843611946000289,1.135691547878202,1.1492510511065852,-0.178801577741702,-0.1849124187235619,-0.1829749048703974,0.0154260113676853,0.01190515416339,0.003519089274263,1.7679300322865785e-06,downstairs,wiktor
1672842704990193700,-0.1866130435418107,1.0004673417350778,-0.176921189466751,1.0329861747287428,-0.1866130435418107,-0.0323071514742036,-0.0038902467784419,1.0004673417350778,1.0843611946000289,1.135691547878202,-0.176921189466751,-0.178801577741702,-0.1849124187235619,0.0162144759526854,0.0109784251375833,0.0051110732631302,0.0001249775519718,downstairs,wiktor
1672842705000193700,-0.3347914841975508,0.8993627101583765,-0.1611112209676157,0.9730855295585762,-0.3347914841975508,-0.1866130435418107,-0.0323071514742036,0.8993627101583765,1.0004673417350778,1.0843611946000289,-0.1611112209676157,-0.176921189466751,-0.178801577741702,0.0107381829190087,0.0026507119523119,0.0068505150811632,0.0012369558855334,downstairs,wiktor
1672842705010193700,-0.4076023618507147,0.7823113104985409,-0.1113727874270738,0.8891313568306437,-0.4076023618507147,-0.3347914841975508,-0.1866130435418107,0.7823113104985409,0.8993627101583765,1.0004673417350778,-0.1113727874270738,-0.1611112209676157,-0.176921189466751,0.0137111862453876,2.930086058011757e-05,0.0111981824016195,0.002483702983188,downstairs,wiktor
1672842705020193700,-0.4152575379532113,0.6326571598603472,-0.0408929607645741,0.7578694735834243,-0.4152575379532113,-0.4076023618507147,-0.3347914841975508,0.6326571598603472,0.7823113104985409,0.8993627101583765,-0.0408929607645741,-0.1113727874270738,-0.1611112209676157,0.0197218200992436,0.0006056234006499,0.0160733128610841,0.0030428838375096,downstairs,wiktor
1672842705030193700,-0.3804545667970032,0.4533623587026776,0.0371183696626095,0.593010015979124,-0.3804545667970032,-0.4152575379532113,-0.4076023618507147,0.4533623587026776,0.6326571598603472,0.7823113104985409,0.0371183696626095,-0.0408929607645741,-0.1113727874270738,0.0225398229305576,0.0038540896189884,0.0161858184708088,0.0024999148407603,downstairs,wiktor
1672842705040193700,-0.292658329759321,0.2734411622259485,0.1078278434374912,0.414784053451158,-0.292658329759321,-0.3804545667970032,-0.4152575379532113,0.2734411622259485,0.4533623587026776,0.6326571598603472,0.1078278434374912,0.0371183696626095,-0.0408929607645741,0.0212449112740394,0.0078885465321468,0.0126536864700536,0.0007026782718388,downstairs,wiktor
1672842705050193700,-0.1670514308074967,0.1143582500697171,0.1453159287937452,0.2492001385533898,-0.1670514308074967,-0.292658329759321,-0.3804545667970032,0.1143582500697171,0.2734411622259485,0.4533623587026776,0.1453159287937452,0.1078278434374912,0.0371183696626095,0.0126932344958998,0.0051426810045035,0.0075462753426421,4.278148754156139e-06,downstairs,wiktor
1672842705060193700,-0.0656346570025338,-0.0084934926337719,0.1482410437501721,0.1623436314399202,-0.0656346570025338,-0.1670514308074967,-0.292658329759321,-0.0084934926337719,0.1143582500697171,0.2734411622259485,0.1482410437501721,0.1453159287937452,0.1078278434374912,0.0069449088742616,0.0031009838790848,0.0037040747202025,0.0001398502749743,downstairs,wiktor
1672842705070193700,0.013117916023175,-0.094564099930369,0.1315167933948132,0.1625149705759007,0.013117916023175,-0.0656346570025338,-0.1670514308074967,-0.094564099930369,-0.0084934926337719,0.1143582500697171,0.1315167933948132,0.1482410437501721,0.1453159287937452,0.0062005840562371,0.0031449098344868,0.0024169424154779,0.0006387318062724,downstairs,wiktor
1672842705080193700,0.092426299369286,-0.1640902448756759,0.0957751704246002,0.2112844351776093,0.092426299369286,0.013117916023175,-0.0656346570025338,-0.1640902448756759,-0.094564099930369,-0.0084934926337719,0.0957751704246002,0.1315167933948132,0.1482410437501721,0.005410093857608,0.0039437754229995,0.0007964798892759,0.0006698385453324,downstairs,wiktor
1672842705090193700,0.1812381839681341,-0.2040021450879177,0.0591735708603058,0.2792233264197293,0.1812381839681341,0.092426299369286,0.013117916023175,-0.2040021450879177,-0.1640902448756759,-0.094564099930369,0.0591735708603058,0.0957751704246002,0.1315167933948132,0.0054622546984785,0.0043934965232189,0.0001295201495999,0.0009392380256596,downstairs,wiktor
1672842705100193700,0.2749771462327008,-0.1879074161619653,0.0158321812734531,0.3334250829839016,0.2749771462327008,0.1812381839681341,0.092426299369286,-0.1879074161619653,-0.2040021450879177,-0.1640902448756759,0.0158321812734531,0.0591735708603058,0.0957751704246002,0.0086709740909414,0.0011859911356815,0.0048237977577603,0.0026611851974995,downstairs,wiktor
1672842705110193700,0.3236801468729387,-0.0896852419062472,-0.0571223963416573,0.3406981776577072,0.3236801468729387,0.2749771462327008,0.1812381839681341,-0.0896852419062472,-0.1879074161619653,-0.2040021450879177,-0.0571223963416573,0.0158321812734531,0.0591735708603058,0.0181546574674785,0.0002712945965582,0.0135064441177909,0.0043769187531292,downstairs,wiktor
1672842705120193700,0.34697369089519,0.0746707383183308,-0.1506843410962344,0.3855803833003461,0.34697369089519,0.3236801468729387,0.2749771462327008,0.0746707383183308,-0.0896852419062472,-0.1879074161619653,-0.1506843410962344,-0.0571223963416573,0.0158321812734531,0.018888844059478,0.0002798186314481,0.0152252592153748,0.003383766212655,downstairs,wiktor
1672842705130193700,0.3706303445659069,0.2491715074591852,-0.23294935446954,0.5037049674068156,0.3706303445659069,0.34697369089519,0.3236801468729387,0.2491715074591852,0.0746707383183308,-0.0896852419062472,-0.23294935446954,-0.1506843410962344,-0.0571223963416573,0.0143178849968467,0.00028374282916,0.0117573537027413,0.0022767884649453,downstairs,wiktor
1672842705140193700,0.394452302048869,0.4025165673909703,-0.3004295510452072,0.6386471018935939,0.394452302048869,0.3706303445659069,0.34697369089519,0.4025165673909703,0.2491715074591852,0.0746707383183308,-0.3004295510452072,-0.23294935446954,-0.1506843410962344,0.0093897103883365,0.0010866977255379,0.0077164104891881,0.0005866021736104,downstairs,wiktor
1672842705150193700,0.4410719915703139,0.526745472957977,-0.3346816217449601,0.7642101039395923,0.4410719915703139,0.394452302048869,0.3706303445659069,0.526745472957977,0.4025165673909703,0.2491715074591852,-0.3346816217449601,-0.3004295510452072,-0.23294935446954,0.0057043588962029,0.0021324650634581,0.0035514878037123,2.0406029032461897e-05,downstairs,wiktor
1672842705160193700,0.5063784240782707,0.611024625821687,-0.3282931901639753,0.8588053449068455,0.5063784240782707,0.4410719915703139,0.394452302048869,0.611024625821687,0.526745472957977,0.4025165673909703,-0.3282931901639753,-0.3346816217449601,-0.3004295510452072,0.002423895030177,1.6044165238004053e-05,0.0014332822551032,0.0009745686098358,downstairs,wiktor
1672842705170193700,0.5120430803322731,0.6645649331630389,-0.2841441559766715,0.8857610105902449,0.5120430803322731,0.5063784240782707,0.4410719915703139,0.6645649331630389,0.611024625821687,0.526745472957977,-0.2841441559766715,-0.3282931901639753,-0.3346816217449601,0.0037770394563225,0.001354278303136,0.0005066876888736,0.0019160734643128,downstairs,wiktor
1672842705180193700,0.4599992852528204,0.6963984905788748,-0.222239819063773,0.863690185941197,0.4599992852528204,0.5120430803322731,0.5063784240782707,0.6963984905788748,0.6645649331630389,0.611024625821687,-0.222239819063773,-0.2841441559766715,-0.3282931901639753,0.0288750176457386,0.0273841643784819,9.660565512259884e-05,0.0013942476121341,downstairs,wiktor
1672842705190193700,0.2259729432377305,0.7102985377099171,-0.169433614653038,0.764392264169885,0.2259729432377305,0.4599992852528204,0.5120430803322731,0.7102985377099171,0.6963984905788748,0.6645649331630389,-0.169433614653038,-0.222239819063773,-0.2841441559766715,0.113088334427848,0.1099831971644832,7.24775658788036e-07,0.003104412487706,downstairs,wiktor
1672842705200193700,-0.2430328076107707,0.7090945645716885,-0.0906375171899524,0.7550464930073151,-0.2430328076107707,0.2259729432377305,0.4599992852528204,0.7090945645716885,0.7102985377099171,0.6963984905788748,-0.0906375171899524,-0.169433614653038,-0.222239819063773,0.026772584725598,0.0177650735082414,0.0005198524000043,0.0084876588173522,downstairs,wiktor
1672842705210193700,-0.4315272293226159,0.6768501107848937,0.0396518439824181,0.8036878068302283,-0.4315272293226159,-0.2430328076107707,0.2259729432377305,0.6768501107848937,0.7090945645716885,0.7102985377099171,0.0396518439824181,-0.0906375171899524,-0.169433614653038,0.0502323020890104,0.029941044558116,0.0006359846775622,0.0196552728533321,downstairs,wiktor
1672842705220193700,-0.1868190579914728,0.6411854314070478,0.2379207162409357,0.7089614835053193,-0.1868190579914728,-0.4315272293226159,-0.2430328076107707,0.6411854314070478,0.6768501107848937,0.7090945645716885,0.2379207162409357,0.0396518439824181,-0.0906375171899524,0.5514055400863896,0.471351183651191,0.0317219171366881,0.0483324392985105,downstairs,wiktor
1672842705230193700,0.7841095528251938,0.893066026676664,0.5488304758127784,1.3090491243710642,0.7841095528251938,-0.1868190579914728,-0.4315272293226159,0.893066026676664,0.6411854314070478,0.6768501107848937,0.5488304758127784,0.2379207162409357,0.0396518439824181,0.5734207856774498,0.1115027295138163,0.4615100261521701,0.0004080300114632,downstairs,wiktor
1672842705240193700,1.256344090981429,1.8538053525629008,0.5202637115065691,2.299058304968668,1.256344090981429,0.7841095528251938,-0.1868190579914728,1.8538053525629008,0.893066026676664,0.6411854314070478,0.5202637115065691,0.5488304758127784,0.2379207162409357,1.2915472535354795,0.8488681086928582,0.3707779866124788,0.0719011582301426,downstairs,wiktor
1672842705250193700,-0.046627979857281,2.714941795424865,0.1410509526754807,2.719003216677212,-0.046627979857281,1.256344090981429,0.7841095528251938,2.714941795424865,1.8538053525629008,0.893066026676664,0.1410509526754807,0.5202637115065691,0.5488304758127784,0.2364136719094158,0.0233199424566695,0.1570644428657968,0.0560292865869495,downstairs,wiktor
1672842705260193700,0.1693347134796446,3.275413815896533,-0.1937005569161849,3.285502977674006,0.1693347134796446,-0.046627979857281,1.256344090981429,3.275413815896533,2.714941795424865,1.8538053525629008,-0.1937005569161849,0.1410509526754807,0.5202637115065691,0.5880652034263035,0.3215292160049266,0.1957993491950259,0.070736638226351,downstairs,wiktor
1672842705270193700,0.9712439552332568,2.649635342001776,-0.569829891657178,2.878990859934785,0.9712439552332568,0.1693347134796446,-0.046627979857281,2.649635342001776,3.275413815896533,2.714941795424865,-0.569829891657178,-0.1937005569161849,0.1410509526754807,1.170882924284242,0.1825993936340659,0.9616548049762444,0.0266287256739314,downstairs,wiktor
1672842705280193700,0.3669271614337365,1.2628009575302592,-0.3390541317778899,1.358035163172448,0.3669271614337365,0.9712439552332568,0.1693347134796446,1.2628009575302592,2.649635342001776,3.275413815896533,-0.3390541317778899,-0.569829891657178,-0.1937005569161849,0.3859781585121911,0.1206288595129285,0.2211228903681953,0.0442264086310671,downstairs,wiktor
1672842705290193700,-0.1242527638745532,0.5977853330999826,-0.0416439482566556,0.6119806142569597,-0.1242527638745532,0.3669271614337365,0.9712439552332568,0.5977853330999826,1.2628009575302592,2.649635342001776,-0.0416439482566556,-0.3390541317778899,-0.569829891657178,0.0562789725597091,5.05207634010737e-05,0.0561778424411646,5.0609355143355326e-05,downstairs,wiktor
1672842705300193700,-0.1343047053189782,0.2625903377878071,-0.0315831972764002,0.2966292934295806,-0.1343047053189782,-0.1242527638745532,0.3669271614337365,0.2625903377878071,0.5977853330999826,1.2628009575302592,-0.0315831972764002,-0.0416439482566556,-0.3390541317778899,0.0069320354814607,0.0013790043720257,0.004914774605139,0.0006382565042958,downstairs,wiktor
1672842705310193700,-0.186821452591173,0.1634462547052641,-0.0673115194954983,0.2571920954894353,-0.186821452591173,-0.1343047053189782,-0.1242527638745532,0.1634462547052641,0.2625903377878071,0.5977853330999826,-0.0673115194954983,-0.0315831972764002,-0.0416439482566556,0.0082409843237927,0.0001130789966454,0.0058156592189315,0.0023122461082156,downstairs,wiktor
1672842705320193700,-0.2018600028301745,0.2712948450431219,-0.1353151386376542,0.3642232013945531,-0.2018600028301745,-0.186821452591173,-0.1343047053189782,0.2712948450431219,0.1634462547052641,0.2625903377878071,-0.1353151386376542,-0.0673115194954983,-0.0315831972764002,0.0519153943488162,1.4867488270987846e-05,0.0506611835982878,0.0012393432622574,downstairs,wiktor
1672842705330193700,-0.1964070241449076,0.5896065903441328,-0.1851015476717972,0.6484398456766726,-0.1964070241449076,-0.2018600028301745,-0.186821452591173,0.5896065903441328,0.2712948450431219,0.1634462547052641,-0.1851015476717972,-0.1353151386376542,-0.0673115194954983,0.0634481073664368,3.568900768938153e-06,0.0632493651669668,0.000195173298701,downstairs,wiktor
1672842705340193700,-0.1937353577102873,0.9452731903137302,-0.1653443566416396,0.9789859801990364,-0.1937353577102873,-0.1964070241449076,-0.2018600028301745,0.9452731903137302,0.5896065903441328,0.2712948450431219,-0.1653443566416396,-0.1851015476717972,-0.1353151386376542,0.0506780628606681,0.000418671960587,0.048858120628653,0.001401270271428,downstairs,wiktor
1672842705350193700,-0.1647984622103538,1.257869161588643,-0.112405329989688,1.273588755852023,-0.1647984622103538,-0.1937353577102873,-0.1964070241449076,1.257869161588643,0.9452731903137302,0.5896065903441328,-0.112405329989688,-0.1653443566416396,-0.1851015476717972,0.0390713237092703,0.0041745032707047,0.0331543012100623,0.0017425192285032,downstairs,wiktor
1672842705360193700,-0.0734255639231181,1.515373729354197,-0.0533711156982586,1.518090026660195,-0.0734255639231181,-0.1647984622103538,-0.1937353577102873,1.515373729354197,1.257869161588643,0.9452731903137302,-0.0533711156982586,-0.112405329989688,-0.1653443566416396,0.027407501981021,0.0138806391806321,0.011174628549272,0.0023522342511168,downstairs,wiktor
1672842705370193700,0.0931915971415943,1.66487040857666,0.0152180124652751,1.6675460230636543,0.0931915971415943,-0.0734255639231181,-0.1647984622103538,1.66487040857666,1.515373729354197,1.257869161588643,0.0152180124652751,-0.0533711156982586,-0.112405329989688,0.0149562480029785,0.0144712956323848,0.0004279012514466,5.705111914711896e-05,downstairs,wiktor
1672842705380193700,0.2633168194478992,1.6356163062507771,0.0258998773911313,1.6568787681440271,0.2633168194478992,0.0931915971415943,-0.0734255639231181,1.6356163062507771,1.66487040857666,1.515373729354197,0.0258998773911313,0.0152180124652751,-0.0533711156982586,0.0249156223686523,9.843044023424992e-06,0.0234442957262144,0.0014614835984145,downstairs,wiktor
1672842705390193700,0.2588799187225223,1.4190785694647174,-0.028164595202514,1.4427737324524348,0.2588799187225223,0.2633168194478992,0.0931915971415943,1.4190785694647174,1.6356163062507771,1.66487040857666,-0.028164595202514,0.0258998773911313,0.0152180124652751,0.0442346561629576,0.0032067155386079,0.0368147207994412,0.0042132198249084,downstairs,wiktor
1672842705400193700,0.1787960184852345,1.1477311139784303,-0.1199602358932186,1.1677521930683317,0.1787960184852345,0.2588799187225223,0.2633168194478992,1.1477311139784303,1.4190785694647174,1.6356163062507771,-0.1199602358932186,-0.028164595202514,0.0258998773911313,0.0136273464791563,0.0014728736607013,0.0119478160399318,0.0002066567785231,downstairs,wiktor
1672842705410193700,0.1245212792283515,0.9931489931498438,-0.1402903504292046,1.010708590048963,0.1245212792283515,0.1787960184852345,0.2588799187225223,0.9931489931498438,1.1477311139784303,1.4190785694647174,-0.1402903504292046,-0.1199602358932186,-0.028164595202514,0.0017109527909327,4.490995674615314e-05,0.0012224371260263,0.0004436057081602,downstairs,wiktor
1672842705420193700,0.1150439423929158,0.9437033234501354,-0.1105042560843517,0.9570905192221326,0.1150439423929158,0.1245212792283515,0.1787960184852345,0.9437033234501354,0.9931489931498438,1.1477311139784303,-0.1105042560843517,-0.1402903504292046,-0.1199602358932186,0.001941098871149,0.0003873197387316,8.931173745067104e-06,0.0015448479586723,downstairs,wiktor
1672842705430193700,0.0872115965078979,0.9479297104993932,-0.0549192228708628,0.9535159776603952,0.0872115965078979,0.1150439423929158,0.1245212792283515,0.9479297104993932,0.9437033234501354,0.9931489931498438,-0.0549192228708628,-0.1105042560843517,-0.1402903504292046,0.0021919561623473,0.0008923462089953,0.0002054834689214,0.0010941264844305,downstairs,wiktor
1672842705440193700,0.0449659764036701,0.968202029997736,-0.0081404566530469,0.9692798238693472,0.0449659764036701,0.0872115965078979,0.1150439423929158,0.968202029997736,0.9479297104993932,0.9437033234501354,-0.0081404566530469,-0.0549192228708628,-0.1105042560843517,0.0015394665364805,0.0001360412401178,0.0003706141093049,0.0010328111870578,downstairs,wiktor
1672842705450193700,0.0284710535412959,0.9954275367627132,0.0373086618655298,0.9965332498644642,0.0284710535412959,0.0449659764036701,0.0872115965078979,0.9954275367627132,0.968202029997736,0.9479297104993932,0.0373086618655298,-0.0081404566530469,-0.0549192228708628,0.0019469604857465,2.4128837467760444e-08,0.0004985103251103,0.0014484260317987,downstairs,wiktor
1672842705460193700,0.0282513772454979,1.02700317056824,0.0911310741451501,1.0314254822081594,0.0282513772454979,0.0284710535412959,0.0449659764036701,1.02700317056824,0.9954275367627132,0.968202029997736,0.0911310741451501,0.0373086618655298,-0.0081404566530469,0.0010245481600634,0.0001093114445651,0.0001244353750233,0.000790801340475,downstairs,wiktor
1672842705470193700,0.0430372789471262,1.04277880843321,0.1309004427716449,1.0518435133680153,0.0430372789471262,0.0282513772454979,0.0284710535412959,1.04277880843321,1.02700317056824,0.9954275367627132,0.1309004427716449,0.0911310741451501,0.0373086618655298,7.173352756025336e-05,8.332060558610922e-06,7.443486221336613e-06,5.595798078030582e-05,downstairs,wiktor
1672842705480193700,0.047119450074997,1.0389204444738778,0.1414794768277679,1.0495677085755968,0.047119450074997,0.0430372789471262,0.0282513772454979,1.0389204444738778,1.04277880843321,1.02700317056824,0.1414794768277679,0.1309004427716449,0.0911310741451501,0.0004252268301482,0.0001464582422305,0.0001591255586692,0.0001196430292484,downstairs,wiktor
1672842705490193700,0.0300046469951738,1.0210808503826858,0.1569483506877793,1.033508184120062,0.0300046469951738,0.047119450074997,0.0430372789471262,1.0210808503826858,1.0389204444738778,1.04277880843321,0.1569483506877793,0.1414794768277679,0.1309004427716449,0.0006497871179691,6.184782226859404e-06,0.0006381423141299,5.4600216123387305e-06,downstairs,wiktor
1672842705500193700,0.0264876078350679,0.9853557243750716,0.1602528995563358,0.9986533376220996,0.0264876078350679,0.0300046469951738,0.047119450074997,0.9853557243750716,1.0210808503826858,1.0389204444738778,0.1602528995563358,0.1569483506877793,0.1414794768277679,0.0019817610489215,2.623941856830025e-05,0.0018597594822528,9.576214810040944e-05,downstairs,wiktor
1672842705510193700,0.0337318356846458,0.9243678652184684,0.1464136692236612,0.9364991988906026,0.0337318356846458,0.0264876078350679,0.0300046469951738,0.9243678652184684,0.9853557243750716,1.0210808503826858,0.1464136692236612,0.1602528995563358,0.1569483506877793,0.0037462019139474,1.4824646524736446e-05,0.0031044344827114,0.0006269427847113,downstairs,wiktor
1672842705520193700,0.039176952125042,0.845571488617619,0.1110034225509449,0.8537257965874334,0.039176952125042,0.0337318356846458,0.0264876078350679,0.845571488617619,0.9243678652184684,0.9853557243750716,0.1110034225509449,0.1464136692236612,0.1602528995563358,0.0016843728690786,2.3236736647636268e-05,0.0014086311828154,0.0002525049496155,downstairs,wiktor
1672842705530193700,0.045994097663702,0.792493599005927,0.0885309972427775,0.7987485830710849,0.045994097663702,0.039176952125042,0.0337318356846458,0.792493599005927,0.845571488617619,0.9243678652184684,0.0885309972427775,0.1110034225509449,0.1464136692236612,0.0012838505894697,0.0008023067163032,0.0004188838460143,6.266002715219728e-05,downstairs,wiktor
1672842705540193700,0.0860517240612622,0.7635493821046414,0.0773363532419888,0.7722651550206477,0.0860517240612622,0.045994097663702,0.039176952125042,0.7635493821046414,0.792493599005927,0.845571488617619,0.0773363532419888,0.0885309972427775,0.1110034225509449,0.0018075827890009,0.0006985042173803,0.0006112457592992,0.0004978328123213,downstairs,wiktor
1672842705550193700,0.1234283000783454,0.7285852359174625,0.0457821835548835,0.7403830087111586,0.1234283000783454,0.0860517240612622,0.045994097663702,0.7285852359174625,0.7635493821046414,0.792493599005927,0.0457821835548835,0.0773363532419888,0.0885309972427775,0.0014114084572392,2.4559593914674043e-05,0.0001273477634921,0.0012595010998323,downstairs,wiktor
1672842705560193700,0.1304368083239957,0.7126260527621642,-0.0044074787239636,0.7244784868509456,0.1304368083239957,0.1234283000783454,0.0860517240612622,0.7126260527621642,0.7285852359174625,0.7635493821046414,-0.0044074787239636,0.0457821835548835,0.0773363532419888,0.0015422791512474,7.064551643745919e-06,1.0391617007998423e-06,0.0015341754379029,downstairs,wiktor
1672842705570193700,0.1341956782721971,0.7140676918992577,-0.0598001756776765,0.7290248347569163,0.1341956782721971,0.1304368083239957,0.1234283000783454,0.7140676918992577,0.7126260527621642,0.7285852359174625,-0.0598001756776765,-0.0044074787239636,0.0457821835548835,0.0008606196871723,0.0002695525823014,6.193572069760959e-05,0.0005291313841732,downstairs,wiktor
1672842705580193700,0.1574143165742796,0.7251974466762157,-0.0923311266066992,0.7478072215943843,0.1574143165742796,0.1341956782721971,0.1304368083239957,0.7251974466762157,0.7140676918992577,0.7126260527621642,-0.0923311266066992,-0.0598001756776765,-0.0044074787239636,0.0028109980216315,0.0019471999688136,0.0003059024308358,0.0005578956219821,downstairs,wiktor
1672842705590193700,0.2198194440689595,0.7499321361157784,-0.1257345881633144,0.7915352066904915,0.2198194440689595,0.1574143165742796,0.1341956782721971,0.7499321361157784,0.7251974466762157,0.7140676918992577,-0.1257345881633144,-0.0923311266066992,-0.0598001756776765,0.0012171976458028,0.0003118671222361,4.210279053310814e-05,0.0008632277330336,downstairs,wiktor
1672842705600193700,0.1948447720096063,0.7591084960186056,-0.1672852255358897,0.8013704140968135,0.1948447720096063,0.2198194440689595,0.1574143165742796,0.7591084960186056,0.7499321361157784,0.7251974466762157,-0.1672852255358897,-0.1257345881633144,-0.0923311266066992,0.0057544420995416,0.0052538757834358,1.412257479981394e-06,0.0004991540586258,downstairs,wiktor
1672842705610193700,0.0923374475548552,0.7607891253531,-0.1988812397980028,0.7917575670747147,0.0923374475548552,0.1948447720096063,0.2198194440689595,0.7607891253531,0.7591084960186056,0.7499321361157784,-0.1988812397980028,-0.1672852255358897,-0.1257345881633144,0.0014717813393592,0.0014438057631369,2.5937344526253862e-05,2.0382316960078626e-06,downstairs,wiktor
1672842705620193700,0.0386009466799938,0.7535867167939784,-0.1968622144410507,0.7798318435967807,0.0386009466799938,0.0923374475548552,0.1948447720096063,0.7535867167939784,0.7607891253531,0.7591084960186056,-0.1968622144410507,-0.1988812397980028,-0.1672852255358897,0.0005905601295523,0.0002064528443582,7.54284259590493e-05,0.000308678859235,downstairs,wiktor
1672842705630193700,0.0182808657570119,0.7413043370604699,-0.1720155301860018,0.7612198452632852,0.0182808657570119,0.0386009466799938,0.0923374475548552,0.7413043370604699,0.7535867167939784,0.7607891253531,-0.1720155301860018,-0.1968622144410507,-0.1988812397980028,0.0013719411134021,0.0004950280592439,0.000117488702745,0.0007594243514131,downstairs,wiktor
1672842705640193700,-0.0131842914567689,0.7566333098078558,-0.1330431206784251,0.7683542561942777,-0.0131842914567689,0.0182808657570119,0.0386009466799938,0.7566333098078558,0.7413043370604699,0.7535867167939784,-0.1330431206784251,-0.1720155301860018,-0.1968622144410507,0.0049179029307738,6.65931913247443e-05,0.0030027196168816,0.0018485901225674,downstairs,wiktor
1672842705650193700,-0.0247249319350737,0.8341280788814094,-0.0722386780353513,0.8376153059978547,-0.0247249319350737,-0.0131842914567689,0.0182808657570119,0.8341280788814094,0.7566333098078558,0.7413043370604699,-0.0722386780353513,-0.1330431206784251,-0.1720155301860018,0.0088101983720555,0.0005106041623813,0.0058591167187948,0.0024404774908793,downstairs,wiktor
1672842705660193700,0.0072314183690927,0.942378868428598,-0.0023748463213755,0.9424096057274904,0.0072314183690927,-0.0247249319350737,-0.0131842914567689,0.942378868428598,0.8341280788814094,0.7566333098078558,-0.0023748463213755,-0.0722386780353513,-0.1330431206784251,0.0106438550427386,0.0008465478851071,0.0076954333615182,0.0021018737961132,downstairs,wiktor
1672842705670193700,0.0483786633584521,1.06643880040922,0.0624614675176021,1.0693613257505898,0.0483786633584521,0.0072314183690927,-0.0247249319350737,1.06643880040922,0.942378868428598,0.8341280788814094,0.0624614675176021,-0.0023748463213755,-0.0722386780353513,0.0122735012716751,9.59165342715518e-05,0.0104788035968986,0.0016987811405049,downstairs,wiktor
1672842705680193700,0.0622290448890491,1.2112062249003577,0.120750079450037,1.2188000471580107,0.0622290448890491,0.0483786633584521,0.0072314183690927,1.2112062249003577,1.06643880040922,0.942378868428598,0.120750079450037,0.0624614675176021,-0.0023748463213755,0.0098986563586451,9.024421527942358e-06,0.0088468052551983,0.0010428266819189,downstairs,wiktor
1672842705690193700,0.0579806518921755,1.344223556516943,0.1664190334980313,1.355726381169637,0.0579806518921755,0.0622290448890491,0.0483786633584521,1.344223556516943,1.2112062249003577,1.06643880040922,0.1664190334980313,0.120750079450037,0.0624614675176021,0.0042724946549139,4.941392303097436e-06,0.0039793140066943,0.0002882392559165,downstairs,wiktor
1672842705700193700,0.0611243415406928,1.433434699393764,0.1904290004249773,1.4473197389511865,0.0611243415406928,0.0579806518921755,0.0622290448890491,1.433434699393764,1.344223556516943,1.2112062249003577,0.1904290004249773,0.1664190334980313,0.120750079450037,0.0007770966040337,0.0002959471516978,0.0004664543628717,1.4695089464132768e-05,downstairs,wiktor
1672842705710193700,0.0854532195130894,1.4639782539633204,0.1958502713948022,1.479490422276556,0.0854532195130894,0.0611243415406928,0.0579806518921755,1.4639782539633204,1.433434699393764,1.344223556516943,0.1958502713948022,0.1904290004249773,0.1664190334980313,0.0009213797686615,0.0008801074731992,2.66911782009972e-05,1.4581117261314956e-05,downstairs,wiktor
1672842705720193700,0.1274081351535538,1.4566719309207774,0.1904500644985222,1.4745837291599495,0.1274081351535538,0.0854532195130894,0.0611243415406928,1.4566719309207774,1.4639782539633204,1.433434699393764,0.1904500644985222,0.1958502713948022,0.1904290004249773,0.0002610828593699,0.0001310767544983,0.0001297518354793,2.542693921547158e-07,downstairs,wiktor
1672842705730193700,0.1435992904241547,1.440562813286382,0.1897369454451311,1.4600829030232307,0.1435992904241547,0.1274081351535538,0.0854532195130894,1.440562813286382,1.4566719309207774,1.4639782539633204,0.1897369454451311,0.1904500644985222,0.1958502713948022,0.000507569103366,0.0002722382956782,4.621972012205097e-07,0.0002348686104866,downstairs,wiktor
1672842705740193700,0.1669333126097208,1.4415242676027389,0.2114103674401291,1.4664764875058984,0.1669333126097208,0.1435992904241547,0.1274081351535538,1.4415242676027389,1.440562813286382,1.4566719309207774,0.2114103674401291,0.1897369454451311,0.1904500644985222,0.0025711019056613,0.0010622433219522,0.0002290942178332,0.0012797643658759,downstairs,wiktor
1672842705750193700,0.2130254664312162,1.4629296042192568,0.2620021526601811,1.501395352413187,0.2130254664312162,0.1669333126097208,0.1435992904241547,1.4629296042192568,1.4415242676027389,1.440562813286382,0.2620021526601811,0.2114103674401291,0.1897369454451311,0.0029251837548306,0.0010276634614393,0.0008198865160563,0.0010776337773349,downstairs,wiktor
1672842705760193700,0.2583611799789119,1.50342371529868,0.3084270118917377,1.5563292031916154,0.2583611799789119,0.2130254664312162,0.1669333126097208,1.50342371529868,1.4629296042192568,1.4415242676027389,0.3084270118917377,0.2620021526601811,0.2114103674401291,0.0017150590755901,1.1089507852463898e-06,0.0016879469210819,2.6003203722947262e-05,downstairs,wiktor
1672842705770193700,0.2568719178896567,1.5615261579509805,0.3156385587054175,1.6136836195199773,0.2568719178896567,0.2583611799789119,0.2130254664312162,1.5615261579509805,1.50342371529868,1.4629296042192568,0.3156385587054175,0.3084270118917377,0.2620021526601811,0.0034708463072143,0.0009053444739191,0.0025249410885519,4.0560744743224445e-05,downstairs,wiktor
1672842705780193700,0.2143197270196398,1.6325886809649,0.3066318118184195,1.674903523974898,0.2143197270196398,0.2568719178896567,0.2583611799789119,1.6325886809649,1.5615261579509805,1.50342371529868,0.3066318118184195,0.3156385587054175,0.3084270118917377,0.0048092506880994,0.0037726298540203,0.0008832966312972,0.0001533242027819,downstairs,wiktor
1672842705790193700,0.12745627263265,1.6746195418006538,0.2891204325019913,1.7041673438087523,0.12745627263265,0.2143197270196398,0.2568719178896567,1.6746195418006538,1.6325886809649,1.5615261579509805,0.2891204325019913,0.3066318118184195,0.3156385587054175,0.0064447559430894,0.0043845000135419,0.0013361737803131,0.0007240821492342,downstairs,wiktor
1672842705800193700,0.0338133336191611,1.6229247880955986,0.2510656785483979,1.6425779081342082,0.0338133336191611,0.12745627263265,0.2143197270196398,1.6229247880955986,1.6746195418006538,1.6325886809649,0.2510656785483979,0.2891204325019913,0.3066318118184195,0.0150493759714739,4.5375511314075104e-05,0.0129989404594459,0.0020050600007139,downstairs,wiktor
1672842705810193700,0.0242870005036255,1.4616862042550929,0.1877401702485983,1.4738937511327257,0.0242870005036255,0.0338133336191611,0.12745627263265,1.4616862042550929,1.6229247880955986,1.6746195418006538,0.1877401702485983,0.2510656785483979,0.2891204325019913,0.016963062952519,0.0014727608633514,0.0145740307810721,0.0009162713080954,downstairs,wiktor
1672842705820193700,0.078559661454632,1.2909581703469373,0.1449319629024495,1.301441466937386,0.078559661454632,0.0242870005036255,0.0338133336191611,1.2909581703469373,1.4616862042550929,1.6229247880955986,0.1449319629024495,0.1877401702485983,0.2510656785483979,0.0120260728076036,0.0059832521913876,0.0060152139976103,2.7606618605664e-05,downstairs,wiktor
1672842705830193700,0.1879511802427688,1.1812748626140797,0.1375014018730704,1.2040110392831214,0.1879511802427688,0.078559661454632,0.0242870005036255,1.1812748626140797,1.2909581703469373,1.4616862042550929,0.1375014018730704,0.1449319629024495,0.1877401702485983,0.0128154632319433,0.0119607190166815,0.0006772325216015,0.0001775116936602,downstairs,wiktor
1672842705840193700,0.3426167485938506,1.1444718050888805,0.1186593375668316,1.200534042604466,0.3426167485938506,0.1879511802427688,0.078559661454632,1.1444718050888805,1.1812748626140797,1.2909581703469373,0.1186593375668316,0.1375014018730704,0.1449319629024495,0.011648200313579,0.0098656488374465,0.000569546827388,0.0012130046487444,downstairs,wiktor
1672842705850193700,0.4830848861727806,1.1782222666379616,0.0694048017605842,1.2753022164794865,0.4830848861727806,0.3426167485938506,0.1879511802427688,1.1782222666379616,1.1444718050888805,1.1812748626140797,0.0694048017605842,0.1186593375668316,0.1375014018730704,0.010681315680662,0.0054079155198185,0.0032009067277448,0.0020724934330986,downstairs,wiktor
1672842705860193700,0.5870840738601717,1.2582335999319996,0.0050232293489289,1.388468485278361,0.5870840738601717,0.4830848861727806,0.3426167485938506,1.2582335999319996,1.1782222666379616,1.1444718050888805,0.0050232293489289,0.0694048017605842,0.1186593375668316,0.0091351680594163,0.0035086688326852,0.0031049384013978,0.0025215608253332,downstairs,wiktor
1672842705870193700,0.6708536248042382,1.3370363714746023,-0.0659917102811699,1.4973529144409443,0.6708536248042382,0.5870840738601717,0.4830848861727806,1.3370363714746023,1.2582335999319996,1.1782222666379616,-0.0659917102811699,0.0050232293489289,0.0694048017605842,0.001890414556656,0.0009764081016946,9.525631749061612e-06,0.0009044808232123,downstairs,wiktor
1672842705880193700,0.6266629447530178,1.3326715961655946,-0.1085236000396171,1.4766507377571163,0.6266629447530178,0.6708536248042382,0.5870840738601717,1.3326715961655946,1.3370363714746023,1.2582335999319996,-0.1085236000396171,-0.0659917102811699,0.0050232293489289,0.0291387582763065,0.0267927236904327,0.0019785799653057,0.000367454620568,downstairs,wiktor
1672842705890193700,0.3951776377012192,1.2697656351554365,-0.0814143905134039,1.3323282015117273,0.3951776377012192,0.6266629447530178,0.6708536248042382,1.2697656351554365,1.3326715961655946,1.3370363714746023,-0.0814143905134039,-0.1085236000396171,-0.0659917102811699,0.05332674998327,0.0500426066726493,0.001223455350426,0.0020606879601946,downstairs,wiktor
1672842705900193700,0.07881516624593,1.220299376949948,-0.0172164472411358,1.2229631253109847,0.07881516624593,0.3951776377012192,0.6266629447530178,1.220299376949948,1.2697656351554365,1.3326715961655946,-0.0172164472411358,-0.0814143905134039,-0.1085236000396171,0.035924972845275,0.0347479862701598,2.339499157536912e-06,0.0011746470759576,downstairs,wiktor
1672842705910193700,-0.1848057216600164,1.2224624761883265,0.0312530705191566,1.2367475145977247,-0.1848057216600164,0.07881516624593,0.3951776377012192,1.2224624761883265,1.220299376949948,1.2697656351554365,0.0312530705191566,-0.0172164472411358,-0.0814143905134039,0.0055814670418796,0.0054903852402041,8.593586386748012e-05,5.145937808016323e-06,downstairs,wiktor
1672842705920193700,-0.2895948932399483,1.2355724619905677,0.0280449751938845,1.2693663898393224,-0.2895948932399483,-0.1848057216600164,0.07881516624593,1.2355724619905677,1.2224624761883265,1.220299376949948,0.0280449751938845,0.0312530705191566,-0.0172164472411358,0.0010333046122051,7.674466193495903e-05,3.0575862632277283e-08,0.0009565293744075,downstairs,wiktor
1672842705930193700,-0.2772058124076219,1.23581975073933,-0.0156935518596773,1.2666253614703764,-0.2772058124076219,-0.2895948932399483,-0.1848057216600164,1.23581975073933,1.2355724619905677,1.2224624761883265,-0.0156935518596773,0.0280449751938845,0.0312530705191566,0.001565110942193,0.0012537763874252,7.309048002976594e-05,0.000238244074738,downstairs,wiktor
1672842705940193700,-0.2271303416175183,1.247910282574594,-0.0375221603695221,1.2689665787393654,-0.2271303416175183,-0.2772058124076219,-0.2895948932399483,1.247910282574594,1.23581975073933,1.2355724619905677,-0.0375221603695221,-0.0156935518596773,0.0280449751938845,0.003105591385856,4.462662885674198e-08,1.991190316073669e-06,0.0031035555689111,downstairs,wiktor
1672842705950193700,-0.2268315887803544,1.245914692277928,0.0412630612004035,1.2670669399531551,-0.2268315887803544,-0.2271303416175183,-0.2772058124076219,1.245914692277928,1.247910282574594,1.23581975073933,0.0412630612004035,-0.0375221603695221,-0.0156935518596773,0.0161301043695341,0.0047005716866824,0.0006120545403512,0.0108174781425004,downstairs,wiktor
1672842705960193700,-0.3237910822472911,1.2109274220114077,0.188351321387955,1.2675417573360868,-0.3237910822472911,-0.2268315887803544,-0.2271303416175183,1.2109274220114077,1.245914692277928,1.247910282574594,0.188351321387955,0.0412630612004035,-0.0375221603695221,0.0071265640527548,0.0025867902918567,0.0030008429753135,0.0015389307855846,downstairs,wiktor
1672842705970193700,-0.3957186887952187,1.133456873087142,0.2438297998383347,1.225059482269939,-0.3957186887952187,-0.3237910822472911,-0.2268315887803544,1.133456873087142,1.2109274220114077,1.245914692277928,0.2438297998383347,0.188351321387955,0.0412630612004035,0.0073194419773355,0.0022711393122647,0.0037363636835151,0.0013119389815556,downstairs,wiktor
1672842705980193700,-0.3283222599244735,1.0470119347331217,0.2950536025389475,1.1362597089603763,-0.3283222599244735,-0.3957186887952187,-0.3237910822472911,1.0470119347331217,1.133456873087142,1.2109274220114077,0.2950536025389475,0.2438297998383347,0.188351321387955,0.0162235684516618,0.0156854131675788,0.0003368158960643,0.0002013393880187,downstairs,wiktor
1672842705990193700,-0.1512041458447509,1.0210575171490444,0.3151204601912412,1.0792228923991334,-0.1512041458447509,-0.3283222599244735,-0.3957186887952187,1.0210575171490444,1.0470119347331217,1.133456873087142,0.3151204601912412,0.2950536025389475,0.2438297998383347,0.0457680015524547,0.0393356398631558,6.714887497698137e-05,0.0063652128143219,downstairs,wiktor
1672842706000193700,0.1292798639068063,1.0094688265433736,0.2022912723511976,1.0376234161988078,0.1292798639068063,-0.1512041458447509,-0.3283222599244735,1.0094688265433736,1.0210575171490444,1.0470119347331217,0.2022912723511976,0.3151204601912412,0.2950536025389475,0.1075774904522033,0.0760092021021767,7.40699493020462e-05,0.0314942184007245,downstairs,wiktor
1672842706010193700,0.5191752398788143,1.0216401000430568,-0.0486837001091038,1.147022897058086,0.5191752398788143,0.1292798639068063,-0.1512041458447509,1.0216401000430568,1.0094688265433736,1.0210575171490444,-0.0486837001091038,0.2022912723511976,0.3151204601912412,0.0288133170098595,0.0218688565190078,0.0004295803027954,0.0065148801880563,downstairs,wiktor
1672842706020193700,0.7283108729928672,1.0509515415905282,-0.1628316758954164,1.288972468738588,0.7283108729928672,0.5191752398788143,0.1292798639068063,1.0509515415905282,1.0216401000430568,1.0094688265433736,-0.1628316758954164,-0.0486837001091038,0.2022912723511976,0.0136907365322383,0.0117949101476745,0.0006166284955267,0.001279197889037,downstairs,wiktor
1672842706030193700,0.5747210937256613,1.0158337826777846,-0.112251088926955,1.1725284288954207,0.5747210937256613,0.7283108729928672,0.5191752398788143,1.0158337826777846,1.0509515415905282,1.0216401000430568,-0.112251088926955,-0.1628316758954164,-0.0486837001091038,0.0668443479737046,0.0595189633948078,0.0053527463511644,0.0019726382277322,downstairs,wiktor
1672842706040193700,0.2297023597565973,0.9123664317774696,-0.0494396532208308,0.9421358496643132,0.2297023597565973,0.5747210937256613,0.7283108729928672,0.9123664317774696,1.0158337826777846,1.0509515415905282,-0.0494396532208308,-0.112251088926955,-0.1628316758954164,0.0649144154269178,0.0577605991465347,0.0057618721268393,0.0013919441535437,downstairs,wiktor
1672842706050193700,-0.1101817356245628,0.8050177277625692,0.0033229121744136,0.8125297524537608,-0.1101817356245628,0.2297023597565973,0.5747210937256613,0.8050177277625692,0.9123664317774696,1.0158337826777846,0.0033229121744136,-0.0494396532208308,-0.112251088926955,0.0221243058567314,0.0159008557109114,0.0038903074409236,0.0023331427048963,downstairs,wiktor
1672842706060193700,-0.2885120791497825,0.7168099339921356,0.0716331267092309,0.7760070915444528,-0.2885120791497825,-0.1101817356245628,0.2297023597565973,0.7168099339921356,0.8050177277625692,0.9123664317774696,0.0716331267092309,0.0033229121744136,-0.0494396532208308,0.0080417493746674,0.0009572489060494,0.0046591634146937,0.0024253370539242,downstairs,wiktor
1672842706070193700,-0.2447571044371971,0.6202784529645069,0.1412799077392865,0.6816240985435773,-0.2447571044371971,-0.2885120791497825,-0.1101817356245628,0.6202784529645069,0.7168099339921356,0.8050177277625692,0.1412799077392865,0.0716331267092309,0.0033229121744136,0.0171137497552917,0.0069247566784463,0.0081745786106932,0.0020144144661521,downstairs,wiktor
1672842706080193700,-0.1270731490444052,0.4924146300066954,0.2047529644823191,0.5482185052668236,-0.1270731490444052,-0.2447571044371971,-0.2885120791497825,0.4924146300066954,0.6202784529645069,0.7168099339921356,0.2047529644823191,0.1412799077392865,0.0716331267092309,0.0106986768785877,0.0049933183777435,0.0056175965804349,8.776192040921623e-05,downstairs,wiktor
1672842706090193700,-0.0271399876039347,0.3864184359199737,0.1915044233996779,0.43212235619975,-0.0271399876039347,-0.1270731490444052,-0.2447571044371971,0.3864184359199737,0.4924146300066954,0.6202784529645069,0.1915044233996779,0.2047529644823191,0.1412799077392865,0.0129820687881056,0.0079444334535473,0.0009230655196493,0.0041145698149089,downstairs,wiktor
1672842706100193700,0.0989110612100067,0.3434518088787608,0.1007898180165424,0.3713504146592411,0.0989110612100067,-0.0271399876039347,-0.1270731490444052,0.3434518088787608,0.3864184359199737,0.4924146300066954,0.1007898180165424,0.1915044233996779,0.2047529644823191,0.0132755363734502,0.0045925998254264,0.0002009412521574,0.0084819952958664,downstairs,wiktor
1672842706110193700,0.1947505084687049,0.3634988162443236,-0.0294560671074521,0.4134329568978293,0.1947505084687049,0.0989110612100067,-0.0271399876039347,0.3634988162443236,0.3434518088787608,0.3864184359199737,-0.0294560671074521,0.1007898180165424,0.1915044233996779,0.0066193113289932,0.0007428667632175,0.0016868527508626,0.004189591814913,downstairs,wiktor
1672842706120193700,0.233295722522269,0.4215824241016644,-0.1209939479537227,0.4967878520053115,0.233295722522269,0.1947505084687049,0.0989110612100067,0.4215824241016644,0.3634988162443236,0.3434518088787608,-0.1209939479537227,-0.0294560671074521,0.1007898180165424,0.0020785633393381,0.0005557672395881,0.0013220838168197,0.0002007122829302,downstairs,wiktor
1672842706130193700,0.2666354057717581,0.4730038946527827,-0.1410295304473882,0.5609959468890855,0.2666354057717581,0.233295722522269,0.1947505084687049,0.4730038946527827,0.4215824241016644,0.3634988162443236,-0.1410295304473882,-0.1209939479537227,-0.0294560671074521,0.0018082954568082,0.0017588178906469,2.424969832856691e-06,4.705259632841478e-05,downstairs,wiktor
1672842706140193700,0.3259450658727396,0.4752061525091005,-0.1313287473523577,0.591023107188227,0.3259450658727396,0.2666354057717581,0.233295722522269,0.4752061525091005,0.4730038946527827,0.4215824241016644,-0.1313287473523577,-0.1410295304473882,-0.1209939479537227,0.0019147812167714,0.0007992105320247,0.0004160281263593,0.0006995425583872,downstairs,wiktor
1672842706150193700,0.365925324301739,0.4463607672158053,-0.0939244011239501,0.5847743758077194,0.365925324301739,0.3259450658727396,0.2666354057717581,0.4463607672158053,0.4752061525091005,0.4730038946527827,-0.0939244011239501,-0.1313287473523577,-0.1410295304473882,0.0032629165498721,9.01523628298326e-06,0.001390658378811,0.0018632429347781,downstairs,wiktor
1672842706160193700,0.3701715546965676,0.3936225765223222,-0.0328794515412351,0.5413379452691246,0.3701715546965676,0.365925324301739,0.3259450658727396,0.3936225765223222,0.4463607672158053,0.4752061525091005,-0.0328794515412351,-0.0939244011239501,-0.1313287473523577,0.0028176380674299,0.000130138730265,0.0011337857194465,0.0015537136177184,downstairs,wiktor
1672842706170193700,0.3863046715848198,0.3460035526044267,0.022864850727578,0.5191074639243152,0.3863046715848198,0.3701715546965676,0.365925324301739,0.3460035526044267,0.3936225765223222,0.4463607672158053,0.022864850727578,-0.0328794515412351,-0.0939244011239501,0.0016324691863889,0.0005450207100604,0.0006460672774274,0.0004413811989009,downstairs,wiktor
1672842706180193700,0.4193204469069433,0.3100572794338332,0.0525761683995013,0.5241463604831398,0.4193204469069433,0.3863046715848198,0.3701715546965676,0.3100572794338332,0.3460035526044267,0.3936225765223222,0.0525761683995013,0.022864850727578,-0.0328794515412351,0.0001116251054369,3.5539964133874963e-05,5.386297361391514e-05,2.222216768920104e-05,downstairs,wiktor
1672842706190193700,0.4277513382161555,0.299678168333752,0.0459095099127928,0.5242956179694975,0.4277513382161555,0.4193204469069433,0.3863046715848198,0.299678168333752,0.3100572794338332,0.3460035526044267,0.0459095099127928,0.0525761683995013,0.022864850727578,0.001797473859304,6.812663275514386e-05,0.0005182877187001,0.0012110595078487,downstairs,wiktor
1672842706200193700,0.4160785808079726,0.3318740599567585,-0.0033055184393011,0.5322336925933113,0.4160785808079726,0.4277513382161555,0.4193204469069433,0.3318740599567585,0.299678168333752,0.3100572794338332,-0.0033055184393011,0.0459095099127928,0.0525761683995013,0.0039101578606829,7.603341121931509e-05,0.0021060122255759,0.0017281122238876,downstairs,wiktor
1672842706210193700,0.403747043092074,0.3967741712906529,-0.0620951812022001,0.5694710083380115,0.403747043092074,0.4160785808079726,0.4277513382161555,0.3967741712906529,0.3318740599567585,0.299678168333752,-0.0620951812022001,-0.0033055184393011,0.0459095099127928,0.0053146045930304,1.1672192655471892e-05,0.0021156887289932,0.0031872436713817,downstairs,wiktor
1672842706220193700,0.408578645860405,0.461823210161235,-0.1419355678668668,0.6327423588811172,0.408578645860405,0.403747043092074,0.4160785808079726,0.461823210161235,0.3967741712906529,0.3318740599567585,-0.1419355678668668,-0.0620951812022001,-0.0033055184393011,0.0137736501676578,0.0034147131290385,0.0045152795065309,0.0058436575320883,downstairs,wiktor
1672842706230193700,0.4912189886602575,0.5568524636206931,-0.2500434540925099,0.7835192977810786,0.4912189886602575,0.408578645860405,0.403747043092074,0.5568524636206931,0.461823210161235,0.3967741712906529,-0.2500434540925099,-0.1419355678668668,-0.0620951812022001,0.0239861150066564,0.0036739089115899,0.0031711292029829,0.0171410768920835,downstairs,wiktor
1672842706240193700,0.5769384019992437,0.6364907609779693,-0.4351978593443618,0.9630034191474454,0.5769384019992437,0.4912189886602575,0.408578645860405,0.6364907609779693,0.5568524636206931,0.461823210161235,-0.4351978593443618,-0.2500434540925099,-0.1419355678668668,0.0169735984275537,0.0022843922434537,1.5230249809432657e-06,0.014687683159119,downstairs,wiktor
1672842706250193700,0.5093456177178763,0.6347454673173246,-0.6065902930111903,1.0150303198149777,0.5093456177178763,0.5769384019992437,0.4912189886602575,0.6347454673173246,0.6364907609779693,0.5568524636206931,-0.6065902930111903,-0.4351978593443618,-0.2500434540925099,0.0536734866111505,0.0509233164972123,0.002747013954773,3.1561591651436622e-06,downstairs,wiktor
1672842706260193700,0.1902114249487142,0.5606237572078964,-0.6091027257625863,0.8494030338174753,0.1902114249487142,0.5093456177178763,0.5769384019992437,0.5606237572078964,0.6347454673173246,0.6364907609779693,-0.6091027257625863,-0.6065902930111903,-0.4351978593443618,0.0120990774271738,0.0062422417112596,0.0009664832453886,0.0048903524705255,downstairs,wiktor
1672842706270193700,0.0784774398657534,0.5166582424175822,-0.5102052791774947,0.7303450382706063,0.0784774398657534,0.1902114249487142,0.5093456177178763,0.5166582424175822,0.5606237572078964,0.6347454673173246,-0.5102052791774947,-0.6091027257625863,-0.6065902930111903,0.0495768741926699,0.0001724861588051,0.0125934771270072,0.0368109109068574,downstairs,wiktor
1672842706280193700,0.0970508702869297,0.6753622255245433,-0.2388718646968692,0.7229057855852822,0.0970508702869297,0.0784774398657534,0.1902114249487142,0.6753622255245433,0.5166582424175822,0.5606237572078964,-0.2388718646968692,-0.5102052791774947,-0.6091027257625863,0.1468879625415785,0.011241411427549,0.074721207976322,0.0609253431377075,downstairs,wiktor
1672842706290193700,0.2469936022051458,1.0619400520390034,0.1101993118207789,1.095840500246568,0.2469936022051458,0.0970508702869297,0.0784774398657534,1.0619400520390034,0.6753622255245433,0.5166582424175822,0.1101993118207789,-0.2388718646968692,-0.5102052791774947,0.1043778204398142,0.0159657427349609,0.0740816055242953,0.014330472180558,downstairs,wiktor
1672842706300193700,0.425687433855603,1.4468597982830622,0.2794947469663137,1.5338612651775374,0.425687433855603,0.2469936022051458,0.0970508702869297,1.4468597982830622,1.0619400520390034,0.6753622255245433,0.2794947469663137,0.1101993118207789,-0.2388718646968692,0.141332255337435,2.201890421318701e-07,0.1412045547509461,0.0001274803974468,downstairs,wiktor
1672842706310193700,0.426351043744215,1.9782815794530595,0.2954622387823009,2.0451579779203666,0.426351043744215,0.425687433855603,0.2469936022051458,1.9782815794530595,1.4468597982830622,1.0619400520390034,0.2954622387823009,0.2794947469663137,0.1101993118207789,0.0780402267567305,0.0022635954677783,0.0551654867906217,0.0206111444983304,downstairs,wiktor
1672842706320193700,0.3590666403838767,2.3104426451745605,0.0924295099018051,2.340003692983939,0.3590666403838767,0.426351043744215,0.425687433855603,2.3104426451745605,1.9782815794530595,1.4468597982830622,0.0924295099018051,0.2954622387823009,0.2794947469663137,0.060482437500064,4.2233831463548125e-05,0.0150159787847736,0.0454242248838268,downstairs,wiktor
1672842706330193700,0.3498760113016486,2.1371453354160206,-0.2089812559438322,2.1756554353368247,0.3498760113016486,0.3590666403838767,0.426351043744215,2.1371453354160206,2.3104426451745605,1.9782815794530595,-0.2089812559438322,0.0924295099018051,0.2954622387823009,0.1887548721898383,0.011617035339281,0.1693164030211068,0.0078214338294504,downstairs,wiktor
1672842706340193700,0.1974487477345227,1.5552236860144764,-0.3340527061589029,1.6029029702431996,0.1974487477345227,0.3498760113016486,0.3590666403838767,1.5552236860144764,2.1371453354160206,2.3104426451745605,-0.3340527061589029,-0.2089812559438322,0.0924295099018051,0.2044063240390264,0.012951725171015,0.1912473817372665,0.0002072171307448,downstairs,wiktor
1672842706350193700,0.0365032590061023,0.9367620756662406,-0.3136950476125528,0.9885647460946764,0.0365032590061023,0.1974487477345227,0.3498760113016486,0.9367620756662406,1.5552236860144764,2.1371453354160206,-0.3136950476125528,-0.3340527061589029,-0.2089812559438322,0.0621715924898542,8.742830865033414e-05,0.0617628322998385,0.0003213318813653,downstairs,wiktor
1672842706360193700,0.0232799229179335,0.5852998947709457,-0.2883442337650492,0.6528861453389085,0.0232799229179335,0.0365032590061023,0.1974487477345227,0.5852998947709457,0.9367620756662406,1.5552236860144764,-0.2883442337650492,-0.3136950476125528,-0.3340527061589029,0.0152292269849916,0.0091118994174266,0.0044283896890202,0.0016889378785447,downstairs,wiktor
1672842706370193700,0.1582754740848264,0.4911894310698216,-0.2302247382657814,0.5650854917629891,0.1582754740848264,0.0232799229179335,0.0365032590061023,0.4911894310698216,0.5852998947709457,0.9367620756662406,-0.2302247382657814,-0.2883442337650492,-0.3136950476125528,0.0099643595552826,0.0006481331529106,0.0051440429418477,0.0041721834605242,downstairs,wiktor
1672842706380193700,0.1222717755828498,0.5926196330990768,-0.1388772318901365,0.6208343596935771,0.1222717755828498,0.1582754740848264,0.0232799229179335,0.5926196330990768,0.4911894310698216,0.5852998947709457,-0.1388772318901365,-0.2302247382657814,-0.2883442337650492,0.0409367748561308,0.0008425427133536,0.0331461149966415,0.0069481171461355,downstairs,wiktor
1672842706390193700,0.0812219835406565,0.8500924083458652,-0.0209949419044428,0.8542218101424963,0.0812219835406565,0.1222717755828498,0.1582754740848264,0.8500924083458652,0.5926196330990768,0.4911894310698216,-0.0209949419044428,-0.1388772318901365,-0.2302247382657814,0.0355761427543417,0.0003818237829359,0.030982141718881,0.0042121772525246,downstairs,wiktor
1672842706400193700,0.053587809663517,1.0990186693907018,0.0707893405465812,1.1025991201469652,0.053587809663517,0.0812219835406565,0.1222717755828498,1.0990186693907018,0.8500924083458652,0.5926196330990768,0.0707893405465812,-0.0209949419044428,-0.1388772318901365,0.0166133878086813,0.0004617566416077,0.0149415269027414,0.0012101042643322,downstairs,wiktor
1672842706410193700,0.0231984483142634,1.271885825916986,0.1199849554798699,1.2777433669224152,0.0231984483142634,0.053587809663517,0.0812219835406565,1.271885825916986,1.0990186693907018,0.8500924083458652,0.1199849554798699,0.0707893405465812,-0.0209949419044428,0.0040727920031617,0.0001635167050928,0.0039085136299366,7.616681322779635e-07,downstairs,wiktor
1672842706420193700,0.0051143832240897,1.3602997799054444,0.121219190572774,1.3656997255215664,0.0051143832240897,0.0231984483142634,0.053587809663517,1.3602997799054444,1.271885825916986,1.0990186693907018,0.121219190572774,0.1199849554798699,0.0707893405465812,0.0012644206029759,0.0007091058225833,4.329242077783657e-05,0.0005120223596148,downstairs,wiktor
1672842706430193700,0.0427735341062671,1.3509946822941523,0.0892184918424389,1.3546129137482992,0.0427735341062671,0.0051143832240897,0.0231984483142634,1.3509946822941523,1.3602997799054444,1.271885825916986,0.0892184918424389,0.121219190572774,0.1199849554798699,0.0068658897834932,0.0016068823648582,0.0030158893190195,0.0022431180996154,downstairs,wiktor
1672842706440193700,0.099463610219432,1.2733301560415635,0.0222391203969634,1.277402549910852,0.099463610219432,0.0427735341062671,0.0051143832240897,1.2733301560415635,1.3509946822941523,1.3602997799054444,0.0222391203969634,0.0892184918424389,0.121219190572774,0.0103931542610881,0.000253512503064,0.0070661679097642,0.0030734738482599,downstairs,wiktor
1672842706450193700,0.1219808259915487,1.1544506547828166,-0.0561633521183841,1.1622348980990151,0.1219808259915487,0.099463610219432,0.0427735341062671,1.1544506547828166,1.2733301560415635,1.3509946822941523,-0.0561633521183841,0.0222391203969634,0.0892184918424389,0.0072527665860664,0.0004689150975266,0.0049543740533514,0.0018294774351883,downstairs,wiktor
1672842706460193700,0.0913568126188166,1.0549079598891034,-0.116652647620785,1.0652627428227268,0.0913568126188166,0.1219808259915487,0.099463610219432,1.0549079598891034,1.1544506547828166,1.2733301560415635,-0.116652647620785,-0.0561633521183841,0.0222391203969634,0.0039820607810431,0.001487355879368,0.0018294183198649,0.0006652865818102,downstairs,wiktor
1672842706470193700,0.0368158944129766,0.9944196416802968,-0.1531296700269574,1.0068140492084734,0.0368158944129766,0.0913568126188166,0.1219808259915487,0.9944196416802968,1.0549079598891034,1.1544506547828166,-0.1531296700269574,-0.116652647620785,-0.0561633521183841,0.0002814622188672,3.4832679086221895e-05,0.000162966097298,8.366344248296214e-05,downstairs,wiktor
1672842706480193700,0.0284693167806506,0.9763660493896718,-0.16606515938631,0.990797053669798,0.0284693167806506,0.0368158944129766,0.0913568126188166,0.9763660493896718,0.9944196416802968,1.0549079598891034,-0.16606515938631,-0.1531296700269574,-0.116652647620785,0.0002828182449203,5.280117708194658e-05,0.0001482787787114,8.173828912695839e-05,downstairs,wiktor
1672842706490193700,0.0181930161737253,0.9935868959839288,-0.1532793634293147,1.0055050815196171,0.0181930161737253,0.0284693167806506,0.0368158944129766,0.9935868959839288,0.9763660493896718,0.9944196416802968,-0.1532793634293147,-0.16606515938631,-0.1531296700269574,0.0013273597908996,4.386576845539947e-05,0.0003831454283042,0.00090034859414,downstairs,wiktor
1672842706500193700,0.0088265047147669,1.0212688550296398,-0.1108447409109037,1.0273045011225428,0.0088265047147669,0.0181930161737253,0.0284693167806506,1.0212688550296398,0.9935868959839288,0.9763660493896718,-0.1108447409109037,-0.1532793634293147,-0.16606515938631,0.0013662763282478,5.490053342156343e-05,3.88636101018323e-05,0.0012725121847244,downstairs,wiktor
1672842706510193700,0.0193051051386368,1.0300851592555422,-0.0603965063585536,1.0320348154898886,0.0193051051386368,0.0088265047147669,0.0181930161737253,1.0300851592555422,1.0212688550296398,0.9935868959839288,-0.0603965063585536,-0.1108447409109037,-0.1532793634293147,0.0015762817121274,0.0003426580125843,4.593746555250336e-05,0.0011876862339906,downstairs,wiktor
1672842706520193700,0.0454836464495794,1.0205000180930446,-0.0116587133434687,1.02157964673298,0.0454836464495794,0.0193051051386368,0.0088265047147669,1.0205000180930446,1.0300851592555422,1.0212688550296398,-0.0116587133434687,-0.0603965063585536,-0.1108447409109037,0.0010521757684413,1.2801050097343893e-05,0.0003719866282371,0.0006673880901069,downstairs,wiktor
1672842706530193700,0.0505434982453031,0.9932241449360912,0.0248758754760851,0.9948204141851956,0.0505434982453031,0.0454836464495794,0.0193051051386368,0.9932241449360912,1.0205000180930446,1.0300851592555422,0.0248758754760851,-0.0116587133434687,-0.0603965063585536,0.0009582603780013,1.47177757000392e-08,0.0004297748422159,0.0005284708180097,downstairs,wiktor
1672842706540193700,0.0507150661659645,0.9639060671609052,0.057386514288934,0.966943708944867,0.0507150661659645,0.0505434982453031,0.0454836464495794,0.9639060671609052,0.9932241449360912,1.0205000180930446,0.057386514288934,0.0248758754760851,-0.0116587133434687,0.0009741198117897,1.4693958477243474e-05,0.000241036878732,0.0007183889745804,downstairs,wiktor
1672842706550193700,0.056136128511528,0.9419498890448464,0.0952913681886784,0.9484204253637368,0.056136128511528,0.0507150661659645,0.0505434982453031,0.9419498890448464,0.9639060671609052,0.9932241449360912,0.0952913681886784,0.057386514288934,0.0248758754760851,0.0004626505461542,1.9734776032926765e-07,0.0002795654873718,0.0001828877110221,downstairs,wiktor
1672842706560193700,0.0555078805344851,0.9183039385512916,0.1144166243188404,0.927067641696529,0.0555078805344851,0.056136128511528,0.0507150661659645,0.9183039385512916,0.9419498890448464,0.9639060671609052,0.1144166243188404,0.0952913681886784,0.057386514288934,0.0004912950892854,3.1330287421862284e-05,0.0003980835962742,6.188120558931181e-05,downstairs,wiktor
1672842706570193700,0.0475920372538406,0.8900875037561499,0.1032917687611883,0.8973237742568954,0.0475920372538406,0.0555078805344851,0.056136128511528,0.8900875037561499,0.9183039385512916,0.9419498890448464,0.1032917687611883,0.1144166243188404,0.0952913681886784,0.0006893319805958,5.933320534660162e-05,0.0004475052428016,0.0001824935324476,downstairs,wiktor
1672842706580193700,0.0584854485970886,0.8601707779058289,0.0841871341168077,0.8662573453723338,0.0584854485970886,0.0475920372538406,0.0555078805344851,0.8601707779058289,0.8900875037561499,0.9183039385512916,0.0841871341168077,0.1032917687611883,0.1144166243188404,0.0008896757348712,0.0002385990416622,0.000505333634467,0.000145743058742,downstairs,wiktor
1672842706590193700,0.0803303126004305,0.8283797843866882,0.0671141695973099,0.8349672676600894,0.0803303126004305,0.0584854485970886,0.0475920372538406,0.8283797843866882,0.8601707779058289,0.8900875037561499,0.0671141695973099,0.0841871341168077,0.1032917687611883,0.0009446370282952,5.287726000122722e-05,0.0006175603517386,0.0002741994165553,downstairs,wiktor
1672842706600193700,0.0700466109321374,0.7932355003069509,0.0436962526722126,0.7975201872980338,0.0700466109321374,0.0803303126004305,0.0584854485970886,0.7932355003069509,0.8283797843866882,0.8601707779058289,0.0436962526722126,0.0671141695973099,0.0841871341168077,0.0005843391201232,0.0003825564540545,0.0001528174998722,4.896516619648119e-05,downstairs,wiktor
1672842706610193700,0.0977072853293583,0.7757530805732741,0.0338002771067132,0.7826123014352944,0.0977072853293583,0.0700466109321374,0.0803303126004305,0.7757530805732741,0.7932355003069509,0.8283797843866882,0.0338002771067132,0.0436962526722126,0.0671141695973099,0.0019350851103499,0.0018832796987869,6.6657808224420945e-09,5.179874578210598e-05,downstairs,wiktor
1672842706620193700,0.1590795868796011,0.775637618191327,0.0236219918108388,0.792135107296988,0.1590795868796011,0.0977072853293583,0.0700466109321374,0.775637618191327,0.7757530805732741,0.7932355003069509,0.0236219918108388,0.0338002771067132,0.0436962526722126,0.0004887178615377,4.204385721920598e-05,0.0001537972984554,0.000292876705863,downstairs,wiktor
1672842706630193700,0.1682495222358843,0.7580992432121284,-0.0005803512932084,0.7765453631945971,0.1682495222358843,0.1590795868796011,0.0977072853293583,0.7580992432121284,0.775637618191327,0.7757530805732741,-0.0005803512932084,0.0236219918108388,0.0338002771067132,0.001448080402156,4.892699419369608e-05,0.0004793921577812,0.0009197612501811,downstairs,wiktor
1672842706640193700,0.1583574047483394,0.7271350006804187,-0.043470006227263,0.7454475288674182,0.1583574047483394,0.1682495222358843,0.1590795868796011,0.7271350006804187,0.7580992432121284,0.775637618191327,-0.043470006227263,-0.0005803512932084,0.0236219918108388,0.0006808356328817,3.6727536017295e-06,7.376689721769299e-05,0.0006033959820623,downstairs,wiktor
1672842706650193700,0.1556471451291407,0.7149886516637229,-0.0782089176109655,0.7359017873253463,0.1556471451291407,0.1583574047483394,0.1682495222358843,0.7149886516637229,0.7271350006804187,0.7580992432121284,-0.0782089176109655,-0.043470006227263,-0.0005803512932084,3.99966101148107e-05,1.0339385929717007e-05,2.697388854117195e-05,2.6833356439217413e-06,downstairs,wiktor
1672842706660193700,0.1510997533646856,0.7223335667130849,-0.0758923098997111,0.7418602023085139,0.1510997533646856,0.1556471451291407,0.1583574047483394,0.7223335667130849,0.7149886516637229,0.7271350006804187,-0.0758923098997111,-0.0782089176109655,-0.043470006227263,0.0006977425786461,0.0006620087649255,5.633130615227314e-06,3.0100683105469176e-05,downstairs,wiktor
1672842706670193700,0.1147127016862245,0.7256900918851125,-0.0681333559617799,0.7378531477082619,0.1147127016862245,0.1510997533646856,0.1556471451291407,0.7256900918851125,0.7223335667130849,0.7149886516637229,-0.0681333559617799,-0.0758923098997111,-0.0782089176109655,0.0010714982465882,0.0009633133374579,1.0538170526716537e-05,9.76467386035956e-05,downstairs,wiktor
1672842706680193700,0.0708193459827018,0.7302809895155801,-0.054158611699104,0.7357029690265269,0.0708193459827018,0.1147127016862245,0.1510997533646856,0.7302809895155801,0.7256900918851125,0.7223335667130849,-0.054158611699104,-0.0681333559617799,-0.0758923098997111,0.0008412198131795,0.0004589889581814,2.5192292602362816e-05,0.0003570385623957,downstairs,wiktor
1672842706690193700,0.0405211956041236,0.7373791995156241,-0.02743639014491,0.7390012223776589,0.0405211956041236,0.0708193459827018,0.1147127016862245,0.7373791995156241,0.7302809895155801,0.7256900918851125,-0.02743639014491,-0.054158611699104,-0.0681333559617799,0.0010481367710794,1.97472390577696e-05,0.000466965492158,0.0005614240398635,downstairs,wiktor
1672842706700193700,0.0468056588362174,0.7679394839435577,0.0060725352291923,0.769388521088468,0.0468056588362174,0.0405211956041236,0.0708193459827018,0.7679394839435577,0.7373791995156241,0.7302809895155801,0.0060725352291923,-0.02743639014491,-0.054158611699104,0.0034754550455023,0.0009741496228265,0.0023262540617288,0.0001750513609469,downstairs,wiktor
1672842706710193700,0.0909452017161927,0.8361487804027478,0.0247835673197506,0.8414452078972784,0.0909452017161927,0.0468056588362174,0.0405211956041236,0.8361487804027478,0.7679394839435577,0.7373791995156241,0.0247835673197506,0.0060725352291923,-0.02743639014491,0.0026993920060569,0.0001858585590238,0.0024616415021198,5.189194491317215e-05,downstairs,wiktor
1672842706720193700,0.07166523496187,0.9063148904861752,0.0145961294757024,0.9092610371146338,0.07166523496187,0.0909452017161927,0.0468056588362174,0.9063148904861752,0.8361487804027478,0.7679394839435577,0.0145961294757024,0.0247835673197506,0.0060725352291923,0.0050355212287536,0.0032106474024018,0.0016577024024124,0.0001671714239393,downstairs,wiktor
1672842706730193700,-0.00846774704182,0.9638944424540824,-0.0036889149015671,0.963938694641408,-0.00846774704182,0.07166523496187,0.0909452017161927,0.9638944424540824,0.9063148904861752,0.8361487804027478,-0.0036889149015671,0.0145961294757024,0.0247835673197506,0.0043941273847094,0.0025717818977848,0.0018223128394275,3.2647497074887074e-08,downstairs,wiktor
1672842706740193700,-0.0801863903332939,1.0242651777391123,-0.003433386049674,1.0274048859448668,-0.0801863903332939,-0.00846774704182,0.07166523496187,1.0242651777391123,0.9638944424540824,0.9063148904861752,-0.003433386049674,-0.0036889149015671,0.0145961294757024,0.0021739292011248,3.0240686777247533e-06,0.0018202964613207,0.0003506086711263,downstairs,wiktor
1672842706750193700,-0.0826456864430476,1.084602503853563,0.0230471226737744,1.0879908412834185,-0.0826456864430476,-0.0801863903332939,-0.00846774704182,1.084602503853563,1.0242651777391123,0.9638944424540824,0.0230471226737744,-0.003433386049674,-0.0036889149015671,0.002865935650054,0.0001728718863277,0.0022080929470782,0.000484970816648,downstairs,wiktor
1672842706760193700,-0.0640514999145801,1.151056893431352,0.0541910086435137,1.154110580479593,-0.0640514999145801,-0.0826456864430476,-0.0801863903332939,1.151056893431352,1.084602503853563,1.0242651777391123,0.0541910086435137,0.0230471226737744,-0.003433386049674,0.0028745331929279,5.0602805257977616e-05,0.0028177757634787,6.154624191269341e-06,downstairs,wiktor
1672842706770193700,-0.0539913999888361,1.2261272039872395,0.0506825547985075,1.2283613934796325,-0.0539913999888361,-0.0640514999145801,-0.0826456864430476,1.2261272039872395,1.151056893431352,1.084602503853563,0.0506825547985075,0.0541910086435137,0.0230471226737744,0.0037057924932031,6.028137249986388e-05,0.0036031207204818,4.239040022145824e-05,downstairs,wiktor
1672842706780193700,-0.043011293204304,1.3110167878062435,0.0414749057802773,1.3123776731803962,-0.043011293204304,-0.0539913999888361,-0.0640514999145801,1.3110167878062435,1.2261272039872395,1.151056893431352,0.0414749057802773,0.0506825547985075,0.0541910086435137,0.00611917145156,0.0002420139643299,0.0057196684753173,0.0001574890119127,downstairs,wiktor
1672842706790193700,-0.0210106584711886,1.4179716238382565,0.0592225260101964,1.419363336629111,-0.0210106584711886,-0.043011293204304,-0.0539913999888361,1.4179716238382565,1.3110167878062435,1.2261272039872395,0.0592225260101964,0.0414749057802773,0.0506825547985075,0.0079594239974693,0.0009378677628661,0.0050479914555617,0.0019735647790413,downstairs,wiktor
1672842706800193700,0.0222991040048672,1.5184503922976855,0.1220487113001109,1.523510660231307,0.0222991040048672,-0.0210106584711886,-0.043011293204304,1.5184503922976855,1.4179716238382565,1.3110167878062435,0.1220487113001109,0.0592225260101964,0.0414749057802773,0.0093418768332929,0.0023298807786102,0.0024598808720194,0.0045521151826633,downstairs,wiktor
1672842706810193700,0.0905615501756608,1.5885914055783537,0.2174648020045964,1.60596232470084,0.0905615501756608,0.0222991040048672,-0.0210106584711886,1.5885914055783537,1.5184503922976855,1.4179716238382565,0.2174648020045964,0.1220487113001109,0.0592225260101964,0.0082651312289685,0.0040807389757273,0.0006991687955736,0.0034852234576676,downstairs,wiktor
1672842706820193700,0.1809024487291656,1.6259857579747683,0.3009540043923017,1.6634688737252503,0.1809024487291656,0.0905615501756608,0.0222991040048672,1.6259857579747683,1.5885914055783537,1.5184503922976855,0.3009540043923017,0.2174648020045964,0.1220487113001109,0.0041987354337248,0.0024959355542146,0.0003443445259458,0.0013584553535642,downstairs,wiktor
1672842706830193700,0.2515556235228664,1.6522286437134177,0.3530779979761453,1.7081580124472973,0.2515556235228664,0.1809024487291656,0.0905615501756608,1.6522286437134177,1.6259857579747683,1.5885914055783537,0.3530779979761453,0.3009540043923017,0.2174648020045964,0.0007154828012808,0.0003169163086118,9.308905767654148e-05,0.0003054774349924,downstairs,wiktor
1672842706840193700,0.276731656117851,1.6658733538735158,0.3777954992654132,1.7304461505371171,0.276731656117851,0.2515556235228664,0.1809024487291656,1.6658733538735158,1.6522286437134177,1.6259857579747683,0.3777954992654132,0.3530779979761453,0.3009540043923017,0.0005081307433633,0.0001662451128331,0.0002791621326906,6.272349783958247e-05,downstairs,wiktor
1672842706850193700,0.2584973416073939,1.6422444676242376,0.3665951869626618,1.702404123046198,0.2584973416073939,0.276731656117851,0.2515556235228664,1.6422444676242376,1.6658733538735158,1.6522286437134177,0.3665951869626618,0.3777954992654132,0.3530779979761453,0.0047885535631611,0.0009140886002205,0.0019259880252703,0.0019484769376702,downstairs,wiktor
1672842706860193700,0.2157401527329938,1.5801801779679407,0.3041696002586466,1.623586263204254,0.2157401527329938,0.2584973416073939,0.276731656117851,1.5801801779679407,1.6422444676242376,1.6658733538735158,0.3041696002586466,0.3665951869626618,0.3777954992654132,0.0072668762662203,0.0003535754776446,0.0028967211855254,0.0040165796030502,downstairs,wiktor
1672842706870193700,0.1891478426549028,1.5040655120286437,0.2145417072448052,1.531018652728472,0.1891478426549028,0.2157401527329938,0.2584973416073939,1.5040655120286437,1.5801801779679407,1.6422444676242376,0.2145417072448052,0.3041696002586466,0.3665951869626618,0.0062925447702534,9.08288613437196e-06,0.0035983826165414,0.0026850792675776,downstairs,wiktor
1672842706880193700,0.1934099750166138,1.4192317614744987,0.1412603417065228,1.4392986817728206,0.1934099750166138,0.1891478426549028,0.2157401527329938,1.4192317614744987,1.5040655120286437,1.5801801779679407,0.1412603417065228,0.2145417072448052,0.3041696002586466,0.0023640961338556,2.9899943115899724e-05,0.0022342893108866,9.990687985307542e-05,downstairs,wiktor
1672842706890193700,0.2011430136323068,1.352384333537641,0.1271247922051362,1.3731578970840663,0.2011430136323068,0.1934099750166138,0.1891478426549028,1.352384333537641,1.4192317614744987,1.5040655120286437,0.1271247922051362,0.1412603417065228,0.2145417072448052,0.0021562939341168,0.0002015476810989,0.0017728573627782,0.0001818888902396,downstairs,wiktor
1672842706900193700,0.2212202485564163,1.2928384291817872,0.1461977516105183,1.3197512587289184,0.2212202485564163,0.2011430136323068,0.1934099750166138,1.2928384291817872,1.352384333537641,1.4192317614744987,0.1461977516105183,0.1271247922051362,0.1412603417065228,0.0034554467353292,0.0014544565988614,0.0019606651884738,4.032494799402808e-05,downstairs,wiktor
1672842706910193700,0.2751545900998413,1.2302179023798852,0.155178280324801,1.2701285110072678,0.2751545900998413,0.2212202485564163,0.2011430136323068,1.2302179023798852,1.2928384291817872,1.352384333537641,0.155178280324801,0.1461977516105183,0.1271247922051362,0.0070302029038974,0.0066751137793653,0.0003286856063985,2.6403518133489704e-05,downstairs,wiktor
1672842706920193700,0.3906977749214948,1.2045786509712135,0.1624451253256923,1.2767313329147665,0.3906977749214948,0.2751545900998413,0.2212202485564163,1.2045786509712135,1.2302179023798852,1.2928384291817872,0.1624451253256923,0.155178280324801,0.1461977516105183,0.0197421099515075,0.0172656102294905,0.0024512345097022,2.5265212314768305e-05,downstairs,wiktor
1672842706930193700,0.5765235547772003,1.2745962846030672,0.1695536008746083,1.409157025141779,0.5765235547772003,0.3906977749214948,0.2751545900998413,1.2745962846030672,1.2045786509712135,1.2302179023798852,0.1695536008746083,0.1624451253256923,0.155178280324801,0.0286056781709816,0.0181511954506292,0.0100109813362975,0.0004435013840548,downstairs,wiktor
1672842706940193700,0.7670554179950317,1.4160952693082416,0.1397710091789607,1.6165505748474494,0.7670554179950317,0.5765235547772003,0.3906977749214948,1.4160952693082416,1.2745962846030672,1.2045786509712135,0.1397710091789607,0.1695536008746083,0.1624451253256923,0.0134023039040635,0.0052446491084271,0.0042171279406957,0.0039405268549406,downstairs,wiktor
1672842706950193700,0.8694726929873605,1.5079334742198771,0.0509957101939321,1.741392169783046,0.8694726929873605,0.7670554179950317,0.5765235547772003,1.5079334742198771,1.4160952693082416,1.2745962846030672,0.0509957101939321,0.1397710091789607,0.1695536008746083,0.0047410988003713,0.0005516812633458,2.589689453050154e-06,0.0041868278475724,downstairs,wiktor
1672842706960193700,0.8362557917668706,1.5056576493351157,-0.0405119708779039,1.7227797090891783,0.8362557917668706,0.8694726929873605,0.7670554179950317,1.5056576493351157,1.5079334742198771,1.4160952693082416,-0.0405119708779039,0.0509957101939321,0.1397710091789607,0.0213950143254239,0.0178550191767883,0.0029653427858008,0.0005746523628346,downstairs,wiktor
1672842706970193700,0.6472847930565481,1.428646704842779,-0.0744133679828815,1.5702058336138431,0.6472847930565481,0.8362557917668706,0.8694726929873605,1.428646704842779,1.5056576493351157,1.5079334742198771,-0.0744133679828815,-0.0405119708779039,0.0509957101939321,0.0661055574221535,0.0623981334994824,0.0037055131034248,1.910819246280678e-06,downstairs,wiktor
1672842706980193700,0.2940196419321201,1.342559387502478,-0.0724584668363881,1.3762861214984334,0.2940196419321201,0.6472847930565481,0.8362557917668706,1.342559387502478,1.428646704842779,1.5056576493351157,-0.0724584668363881,-0.0744133679828815,-0.0405119708779039,0.0791926956737255,0.0780267262871747,0.0008221241795212,0.0003438452070294,downstairs,wiktor
1672842706990193700,-0.1010163723429704,1.3020100550906788,-0.0462346148298877,1.306741034270767,-0.1010163723429704,0.2940196419321201,0.6472847930565481,1.3020100550906788,1.342559387502478,1.428646704842779,-0.0462346148298877,-0.0724584668363881,-0.0744133679828815,0.0897989584430792,0.0863749420751923,0.0002100699008979,0.0032139464669889,downstairs,wiktor
1672842707000193700,-0.5166482817897605,1.2815127430279718,0.0339395264750106,1.3821549294766982,-0.5166482817897605,-0.1010163723429704,0.2940196419321201,1.2815127430279718,1.3020100550906788,1.342559387502478,0.0339395264750106,-0.0462346148298877,-0.0724584668363881,0.0712204315730164,0.0696931857324856,0.0001824046142671,0.0013448412262636,downstairs,wiktor
1672842707010193700,-0.8899931243481805,1.2624127632234212,0.0858016750279517,1.5469763002625578,-0.8899931243481805,-0.5166482817897605,-0.1010163723429704,1.2624127632234212,1.2815127430279718,1.3020100550906788,0.0858016750279517,0.0339395264750106,-0.0462346148298877,0.0025375956088354,0.0008619985257208,0.0002259252831539,0.0014496717999605,downstairs,wiktor
1672842707020193700,-0.8484720808709059,1.2411559862732822,0.1396472282326611,1.509925297037067,-0.8484720808709059,-0.8899931243481805,-0.5166482817897605,1.2411559862732822,1.2624127632234212,1.2815127430279718,0.1396472282326611,0.0858016750279517,0.0339395264750106,0.0269463358651913,0.0229903995621442,3.71134620757864e-06,0.0039522249568395,downstairs,wiktor
1672842707030193700,-0.6340407419199761,1.2438804481311831,0.2285542016019028,1.4147378749179476,-0.6340407419199761,-0.8484720808709059,-0.8899931243481805,1.2438804481311831,1.2411559862732822,1.2624127632234212,0.2285542016019028,0.1396472282326611,0.0858016750279517,0.0159721552147849,0.0114649561536456,0.0002135626889121,0.0042936363722271,downstairs,wiktor
1672842707040193700,-0.4826144816237804,1.2232134363049822,0.3212217403868207,1.353643695780825,-0.4826144816237804,-0.6340407419199761,-0.8484720808709059,1.2232134363049822,1.2438804481311831,1.2411559862732822,0.3212217403868207,0.2285542016019028,0.1396472282326611,0.0076341468955368,0.0039060363703748,0.0034711924668589,0.0002569180583029,downstairs,wiktor
1672842707050193700,-0.3942285509518134,1.139892460952326,0.343889693902873,1.2542053637638966,-0.3942285509518134,-0.4826144816237804,-0.6340407419199761,1.139892460952326,1.2232134363049822,1.2438804481311831,0.343889693902873,0.3212217403868207,0.2285542016019028,0.0202566044694982,0.0152874436059885,0.0041404917513728,0.0008286691121367,downstairs,wiktor
1672842707060193700,-0.2193717889665325,1.0488925515966252,0.3031792747908873,1.1136504115978156,-0.2193717889665325,-0.3942285509518134,-0.4826144816237804,1.0488925515966252,1.139892460952326,1.2232134363049822,0.3031792747908873,0.343889693902873,0.3212217403868207,0.0369597756264025,0.032481286941725,0.0011517449520261,0.0033267437326513,downstairs,wiktor
1672842707070193700,0.0355057774912673,1.0008978653902103,0.2216103624204093,1.0257525773353164,0.0355057774912673,-0.2193717889665325,-0.3942285509518134,1.0008978653902103,1.0488925515966252,1.139892460952326,0.2216103624204093,0.3031792747908873,0.343889693902873,0.1394465184907407,0.130737079521802,0.0033352121083761,0.0053742268605625,downstairs,wiktor
1672842707080193700,0.5468512175253053,0.9192252003378664,0.1179356127408221,1.0760715737336677,0.5468512175253053,0.0355057774912673,-0.2193717889665325,0.9192252003378664,1.0008978653902103,1.0488925515966252,0.1179356127408221,0.2216103624204093,0.3031792747908873,0.1094968513504353,0.0963381567908819,0.0029177843624003,0.0102409101971531,downstairs,wiktor
1672842707090193700,0.985800318881902,0.8428343060846856,-0.0251790978737972,1.2972300964711894,0.985800318881902,0.5468512175253053,0.0355057774912673,0.8428343060846856,0.9192252003378664,1.0008978653902103,-0.0251790978737972,0.1179356127408221,0.2216103624204093,0.0746722832574553,0.0671171839564645,2.537795355330385e-05,0.0075297213474375,downstairs,wiktor
1672842707100193700,0.6194202322056075,0.8499586240946152,-0.147896018854056,1.0620660615664823,0.6194202322056075,0.985800318881902,0.5468512175253053,0.8499586240946152,0.8428343060846856,0.9192252003378664,-0.147896018854056,-0.0251790978737972,0.1179356127408221,0.0384158300765952,0.0376695567262913,0.0007307015624247,1.5571787879091572e-05,downstairs,wiktor
1672842707110193700,0.3449405181053068,0.8117303214269642,-0.1423153759020134,0.8933889085794672,0.3449405181053068,0.6194202322056075,0.985800318881902,0.8117303214269642,0.8499586240946152,0.8428343060846856,-0.1423153759020134,-0.147896018854056,-0.0251790978737972,0.0302238828389948,0.0257705197517857,0.00153757976133,0.002915783325879,downstairs,wiktor
1672842707120193700,0.1179140009237858,0.7562762005461846,-0.0659506808410224,0.7682492404355645,0.1179140009237858,0.3449405181053068,0.6194202322056075,0.7562762005461846,0.8117303214269642,0.8499586240946152,-0.0659506808410224,-0.1423153759020134,-0.147896018854056,0.0268524010691309,0.0240637403938808,0.0027716719531766,1.6988722073477126e-05,downstairs,wiktor
1672842707130193700,-0.1014657629282194,0.6818225645949875,-0.0601216634155077,0.691947920763795,-0.1014657629282194,0.1179140009237858,0.3449405181053068,0.6818225645949875,0.7562762005461846,0.8117303214269642,-0.0601216634155077,-0.0659506808410224,-0.1423153759020134,0.0128949694458481,0.0109992816849914,0.0018526174466578,4.307031419881368e-05,downstairs,wiktor
1672842707140193700,-0.249784889712269,0.6209519239435554,-0.0508404658420462,0.6712365722640637,-0.249784889712269,-0.1014657629282194,0.1179140009237858,0.6209519239435554,0.6818225645949875,0.7562762005461846,-0.0508404658420462,-0.0601216634155077,-0.0659506808410224,0.0075770568006696,0.0037641855441746,0.0034707889057084,0.0003420823507864,downstairs,wiktor
1672842707150193700,-0.3365510760313031,0.5376357921837517,-0.0246839236093098,0.6347662309068028,-0.3365510760313031,-0.249784889712269,-0.1014657629282194,0.5376357921837517,0.6209519239435554,0.6818225645949875,-0.0246839236093098,-0.0508404658420462,-0.0601216634155077,0.0065665950216188,6.230997540179448e-05,0.006391625204685,0.000112659841532,downstairs,wiktor
1672842707160193700,-0.3253877453991132,0.4245727548577974,-0.0096732712895731,0.5350072721009492,-0.3253877453991132,-0.3365510760313031,-0.249784889712269,0.4245727548577974,0.5376357921837517,0.6209519239435554,-0.0096732712895731,-0.0246839236093098,-0.0508404658420462,0.0077321204633799,0.0061635592107728,0.0015351874230867,3.3373829520341e-05,downstairs,wiktor
1672842707170193700,-0.2143601883623771,0.369161791626922,-0.0015033472360288,0.4268875481960851,-0.2143601883623771,-0.3253877453991132,-0.3365510760313031,0.369161791626922,0.4245727548577974,0.5376357921837517,-0.0015033472360288,-0.0096732712895731,-0.0246839236093098,0.0303626683598828,0.0289396435975597,3.529628242220047e-05,0.0013877284799009,downstairs,wiktor
1672842707180193700,0.0262209563583168,0.3775637297869182,-0.0541859530922486,0.3823323503386408,0.0262209563583168,-0.2143601883623771,-0.3253877453991132,0.3775637297869182,0.369161791626922,0.4245727548577974,-0.0541859530922486,-0.0015033472360288,-0.0096732712895731,0.020988137617428,0.0172580728972542,0.0004613478196518,0.0032687169005219,downstairs,wiktor
1672842707190193700,0.212006170502254,0.4079396353586658,-0.1350403518658703,0.4791630819039068,0.212006170502254,0.0262209563583168,-0.2143601883623771,0.4079396353586658,0.3775637297869182,0.369161791626922,-0.1350403518658703,-0.0541859530922486,-0.0015033472360288,0.0016402960858111,0.0004678532036274,0.0005278705412106,0.000644572340973,downstairs,wiktor
1672842707200193700,0.2425954890179518,0.4404318049141351,-0.1709450128717353,0.5310884516702464,0.2425954890179518,0.212006170502254,0.0262209563583168,0.4404318049141351,0.4079396353586658,0.3775637297869182,-0.1709450128717353,-0.1350403518658703,-0.0541859530922486,0.0014504343092957,0.0007887618015771,0.0004185474160165,0.000243125091702,downstairs,wiktor
1672842707210193700,0.282313540369374,0.4693643960879838,-0.1488939316419144,0.5676030957198128,0.282313540369374,0.2425954890179518,0.212006170502254,0.4693643960879838,0.4404318049141351,0.4079396353586658,-0.1488939316419144,-0.1709450128717353,-0.1350403518658703,0.0023239549623011,0.0012263877004722,4.689919238742558e-05,0.0010506680694415,downstairs,wiktor
1672842707220193700,0.3318390429003371,0.4790493527102331,-0.1030535985401245,0.5917985103877622,0.3318390429003371,0.282313540369374,0.2425954890179518,0.4790493527102331,0.4693643960879838,0.4404318049141351,-0.1030535985401245,-0.1488939316419144,-0.1709450128717353,0.0018409505777117,0.0004461338003869,0.0005954729448044,0.0007993438325203,downstairs,wiktor
1672842707230193700,0.3617098915788377,0.444539268827274,-0.0630700060922117,0.576564855730848,0.3617098915788377,0.3318390429003371,0.282313540369374,0.444539268827274,0.4790493527102331,0.4693643960879838,-0.0630700060922117,-0.1030535985401245,-0.1488939316419144,0.002945071668995,0.000237624295135,0.0014528880958701,0.0012545592779898,downstairs,wiktor
1672842707240193700,0.3399096945551847,0.3906340168406612,-0.0129789035291838,0.5179787519797397,0.3399096945551847,0.3617098915788377,0.3318390429003371,0.3906340168406612,0.444539268827274,0.4790493527102331,-0.0129789035291838,-0.0630700060922117,-0.1030535985401245,0.0033279823166642,0.0005515577696162,0.000955833098286,0.0018205914487619,downstairs,wiktor
1672842707250193700,0.306696511340797,0.346911411742474,0.047363311358272,0.4654605900917848,0.306696511340797,0.3399096945551847,0.3617098915788377,0.346911411742474,0.3906340168406612,0.444539268827274,0.047363311358272,-0.0129789035291838,-0.0630700060922117,0.0009630508835994,1.1846267057534742e-05,0.0001881818609034,0.0007630227556384,downstairs,wiktor
1672842707260193700,0.3018290136145449,0.3275113158198512,0.0864279438444091,0.4536895468563848,0.3018290136145449,0.306696511340797,0.3399096945551847,0.3275113158198512,0.346911411742474,0.3906340168406612,0.0864279438444091,0.047363311358272,-0.0129789035291838,0.0001523373213881,2.882469078908234e-05,1.2619262745309368e-05,0.0001108933678537,downstairs,wiktor
1672842707270193700,0.3094217325990829,0.3224875198953914,0.071535437819314,0.4526116745698235,0.3094217325990829,0.3018290136145449,0.306696511340797,0.3224875198953914,0.3275113158198512,0.346911411742474,0.071535437819314,0.0864279438444091,0.047363311358272,0.0023367755301045,0.0003846245296336,5.399432252474219e-05,0.0018981566779461,downstairs,wiktor
1672842707280193700,0.3371570721367078,0.31209576137965,0.0099212076781178,0.4595400808686148,0.3371570721367078,0.3094217325990829,0.3018290136145449,0.31209576137965,0.3224875198953914,0.3275113158198512,0.0099212076781178,0.071535437819314,0.0864279438444091,0.0054867809326828,0.002162193169938,1.0762933251267111e-05,0.0033138248294935,downstairs,wiktor
1672842707290193700,0.4029171385895032,0.3167353590456696,-0.0714891704010139,0.5174690422852052,0.4029171385895032,0.3371570721367078,0.3094217325990829,0.3167353590456696,0.31209576137965,0.3224875198953914,-0.0714891704010139,0.0099212076781178,0.071535437819314,0.0072402248136118,0.0013330929352871,0.0014679232863096,0.0044392085920151,downstairs,wiktor
1672842707300193700,0.4545522610409345,0.3709188119867591,-0.1657145235923404,0.6096390952297359,0.4545522610409345,0.4029171385895032,0.3371570721367078,0.3709188119867591,0.3167353590456696,0.31209576137965,-0.1657145235923404,-0.0714891704010139,0.0099212076781178,0.0124644547364509,0.0021057567072394,0.0029467352310486,0.0074119627981627,downstairs,wiktor
1672842707310193700,0.5194484351537354,0.4476877540277785,-0.2874680680841768,0.7435649884563892,0.5194484351537354,0.4545522610409345,0.4029171385895032,0.4476877540277785,0.3709188119867591,0.3167353590456696,-0.2874680680841768,-0.1657145235923404,-0.0714891704010139,0.015422675108668,0.0043414766387453,0.0033694474822887,0.007711750987634,downstairs,wiktor
1672842707320193700,0.6126308008539614,0.5297785267405349,-0.4116594606010016,0.908540201120812,0.6126308008539614,0.5194484351537354,0.4545522610409345,0.5297785267405349,0.4476877540277785,0.3709188119867591,-0.4116594606010016,-0.2874680680841768,-0.1657145235923404,0.0065496322835651,0.0014161039457899,0.0025333668842711,0.002600161453504,downstairs,wiktor
1672842707330193700,0.5594123088462027,0.6009595197691685,-0.4837727250327835,0.9529588265898344,0.5594123088462027,0.6126308008539614,0.5194484351537354,0.6009595197691685,0.5297785267405349,0.4476877540277785,-0.4837727250327835,-0.4116594606010016,-0.2874680680841768,0.0537140080714382,0.0536122388994033,5.691521329002693e-05,4.485395874487848e-05,downstairs,wiktor
1672842707340193700,0.2319608196164135,0.6116286540630114,-0.4932441514031755,0.819258948807694,0.2319608196164135,0.5594123088462027,0.6126308008539614,0.6116286540630114,0.6009595197691685,0.5297785267405349,-0.4932441514031755,-0.4837727250327835,-0.4116594606010016,0.0357293001172864,0.0304177499710871,0.000597001070124,0.0047145490760753,downstairs,wiktor
1672842707350193700,-0.0146877156360265,0.6461829901186792,-0.3961406079449129,0.7580867806341746,-0.0146877156360265,0.2319608196164135,0.5594123088462027,0.6461829901186792,0.6116286540630114,0.6009595197691685,-0.3961406079449129,-0.4932441514031755,-0.4837727250327835,0.0984004145140151,0.0350518264243015,0.0265348804631584,0.036813707626555,downstairs,wiktor
1672842707360193700,0.2500832284809652,0.8765517400096247,-0.1247968863423851,0.9200319760324188,0.2500832284809652,-0.0146877156360265,0.2319608196164135,0.8765517400096247,0.6461829901186792,0.6116286540630114,-0.1247968863423851,-0.3961406079449129,-0.4932441514031755,0.2781153468696071,0.1206203240289504,0.1124218357111382,0.0450731871295185,downstairs,wiktor
1672842707370193700,0.7412457759720181,1.350728575612416,0.1754469716448134,1.5507077820245958,0.7412457759720181,0.2500832284809652,-0.0146877156360265,1.350728575612416,0.8765517400096247,0.6461829901186792,0.1754469716448134,-0.1247968863423851,-0.3961406079449129,0.167485825086541,0.0113702737952886,0.1551409657240885,0.0009745855671638,downstairs,wiktor
1672842707380193700,0.5904460823696198,1.907758136271612,0.2195963899232878,2.009076966460844,0.5904460823696198,0.7412457759720181,0.2500832284809652,1.907758136271612,1.350728575612416,0.8765517400096247,0.2195963899232878,0.1754469716448134,-0.1247968863423851,0.4091061807345895,0.2651549753681333,0.1362671975285526,0.0076840078379034,downstairs,wiktor
1672842707390193700,-0.1377777504841715,2.429806405167416,0.0956285889594613,2.435587547625307,-0.1377777504841715,0.5904460823696198,0.7412457759720181,2.429806405167416,1.907758136271612,1.350728575612416,0.0956285889594613,0.2195963899232878,0.1754469716448134,0.0348935733882068,0.0073046126836094,0.0110262663263445,0.0165626943782527,downstairs,wiktor
1672842707400193700,-0.0169091219355735,2.5783073568569224,-0.086375226265675,2.5798091837458847,-0.0169091219355735,-0.1377777504841715,0.5904460823696198,2.5783073568569224,2.429806405167416,1.907758136271612,-0.086375226265675,0.0956285889594613,0.2195963899232878,0.1932584406957,0.0729113580496122,0.1019761353997578,0.0183709472463299,downstairs,wiktor
1672842707410193700,0.3649582845018237,2.126696605435396,-0.2780569794208981,2.1756260443379567,0.3649582845018237,-0.0169091219355735,-0.1377777504841715,2.126696605435396,2.5783073568569224,2.429806405167416,-0.2780569794208981,-0.086375226265675,0.0956285889594613,0.383631636182615,0.0030827478702522,0.3793647581222608,0.0011841301901019,downstairs,wiktor
1672842707420193700,0.2864376137169631,1.25564579391834,-0.2293922038619382,1.3081718730844674,0.2864376137169631,0.3649582845018237,-0.0169091219355735,1.25564579391834,2.126696605435396,2.5783073568569224,-0.2293922038619382,-0.2780569794208981,-0.086375226265675,0.2185182285794275,0.0120564248851244,0.2053717462214817,0.0010900574728214,downstairs,wiktor
1672842707430193700,0.1311544859462713,0.6147530630787998,-0.1827005028258568,0.6546008718917341,0.1311544859462713,0.2864376137169631,0.3649582845018237,0.6147530630787998,1.25564579391834,2.126696605435396,-0.1827005028258568,-0.2293922038619382,-0.2780569794208981,0.0544681908821596,0.0061308698440807,0.0482110701708675,0.0001262508672113,downstairs,wiktor
1672842707440193700,0.0204217460354325,0.304233916580979,-0.1985908059829001,0.3638868394573726,0.0204217460354325,0.1311544859462713,0.2864376137169631,0.304233916580979,0.6147530630787998,1.25564579391834,-0.1985908059829001,-0.1827005028258568,-0.2293922038619382,0.0063893028103548,9.275322275461024e-06,0.0057565478842171,0.0006234796038622,downstairs,wiktor
1672842707450193700,0.0161147001161368,0.1969348216713089,-0.1632784964050141,0.2563257203926783,0.0161147001161368,0.0204217460354325,0.1311544859462713,0.1969348216713089,0.304233916580979,0.6147530630787998,-0.1632784964050141,-0.1985908059829001,-0.1827005028258568,0.0087012726932382,3.413110412789976e-05,0.0079281537732448,0.0007389878158654,downstairs,wiktor
1672842707460193700,0.0243767947812807,0.3228566527669921,-0.1248340477585455,0.3470074723107524,0.0243767947812807,0.0161147001161368,0.0204217460354325,0.3228566527669921,0.1969348216713089,0.304233916580979,-0.1248340477585455,-0.1632784964050141,-0.1985908059829001,0.0829678290148191,0.0019474071140592,0.0789547622451209,0.0020656596556389,downstairs,wiktor
1672842707470193700,-0.0380316519877143,0.7202349668333763,-0.0605587079206421,0.7237763267110958,-0.0380316519877143,0.0243767947812807,0.0161147001161368,0.7202349668333763,0.3228566527669921,0.1969348216713089,-0.0605587079206421,-0.1248340477585455,-0.1632784964050141,0.0792425481566032,0.0020249200898771,0.0752625042795708,0.0019551237871552,downstairs,wiktor
1672842707480193700,-0.1016700066156768,1.108210492555221,0.0019732644959579,1.1128662003257572,-0.1016700066156768,-0.0380316519877143,0.0243767947812807,1.108210492555221,0.7202349668333763,0.3228566527669921,0.0019732644959579,-0.0605587079206421,-0.1248340477585455,0.0422930961410944,0.001249379777984,0.0403520670380224,0.0006916493250879,downstairs,wiktor
1672842707490193700,-0.1516576006362753,1.3922952230073256,0.0391659875769021,1.4010781528603764,-0.1516576006362753,-0.1016700066156768,-0.0380316519877143,1.3922952230073256,1.108210492555221,0.7202349668333763,0.0391659875769021,0.0019732644959579,-0.0605587079206421,0.0231437734600119,0.0011159121149669,0.0219871837324971,4.0677612547803405e-05,downstairs,wiktor
1672842707500193700,-0.104415413663888,1.6019958845823292,0.0481857007151126,1.6061180699384234,-0.104415413663888,-0.1516576006362753,-0.1016700066156768,1.6019958845823292,1.3922952230073256,1.108210492555221,0.0481857007151126,0.0391659875769021,0.0019732644959579,0.0107290140293314,0.0084926170895151,0.0017354901001807,0.0005009068396355,downstairs,wiktor
1672842707510193700,0.0259119978005861,1.660910909833631,0.0165342603170666,1.6611953117555531,0.0259119978005861,-0.104415413663888,-0.1516576006362753,1.660910909833631,1.6019958845823292,1.3922952230073256,0.0165342603170666,0.0481857007151126,0.0391659875769021,0.0170343957436247,0.0053521929213578,0.007063505316507,0.0046186975057598,downstairs,wiktor
1672842707520193700,0.1293739997274561,1.5420538080979158,-0.0795771074368038,1.5495160841058646,0.1293739997274561,0.0259119978005861,-0.104415413663888,1.5420538080979158,1.660910909833631,1.6019958845823292,-0.0795771074368038,0.0165342603170666,0.0481857007151126,0.0281894727155803,1.3404317342524645e-05,0.0219643775938396,0.0062116908043981,downstairs,wiktor
1672842707530193700,0.1345517052699768,1.3324619304220875,-0.191037331771749,1.3527949658191682,0.1345517052699768,0.1293739997274561,0.0259119978005861,1.3324619304220875,1.5420538080979158,1.660910909833631,-0.191037331771749,-0.0795771074368038,0.0165342603170666,0.0224644541146642,0.0021781023731696,0.018517219414932,0.0017691323265625,downstairs,wiktor
1672842707540193700,0.0685501541795722,1.1400185911508514,-0.2505206458448999,1.1692314167016558,0.0685501541795722,0.1345517052699768,0.1293739997274561,1.1400185911508514,1.3324619304220875,1.5420538080979158,-0.2505206458448999,-0.191037331771749,-0.0795771074368038,0.0125200895513231,0.0037397711250177,0.0087287033797016,5.161504660378444e-05,downstairs,wiktor
1672842707550193700,-0.0179341926702215,1.007892110991107,-0.2606808669649135,1.0412121095465714,-0.0179341926702215,0.0685501541795722,0.1345517052699768,1.007892110991107,1.1400185911508514,1.3324619304220875,-0.2606808669649135,-0.2505206458448999,-0.191037331771749,0.0028295596345821,0.0007758790910885,0.0019923343344222,6.134620907135835e-05,downstairs,wiktor
1672842707560193700,-0.057326554647858,0.944767878965327,-0.2496042059994999,0.9788641063217496,-0.057326554647858,-0.0179341926702215,0.0685501541795722,0.944767878965327,1.007892110991107,1.1400185911508514,-0.2496042059994999,-0.2606808669649135,-0.2505206458448999,0.0017372824558926,0.0002859397575912,1.4512625141346845e-07,0.0014511975720499,downstairs,wiktor
1672842707570193700,-0.0334125521559591,0.9442291280926344,-0.1957303241633078,0.9648810314112434,-0.0334125521559591,-0.057326554647858,-0.0179341926702215,0.9442291280926344,0.944767878965327,1.007892110991107,-0.1957303241633078,-0.2496042059994999,-0.2606808669649135,0.0093825763004364,0.0029329886520303,0.0003227158418952,0.0061268718065108,downstairs,wiktor
1672842707580193700,0.043177116233849,0.969634475635827,-0.0850336954295395,0.9743130960149516,0.043177116233849,-0.0334125521559591,-0.057326554647858,0.969634475635827,0.9442291280926344,0.944767878965327,-0.0850336954295395,-0.1957303241633078,-0.2496042059994999,0.0066666191173202,0.0008531467618177,7.295853777306345e-08,0.0058133993969647,downstairs,wiktor
1672842707590193700,0.0844844221691867,0.9700164665722982,0.0227939392191414,0.973955402816676,0.0844844221691867,0.043177116233849,-0.0334125521559591,0.9700164665722982,0.969634475635827,0.9442291280926344,0.0227939392191414,-0.0850336954295395,-0.1957303241633078,0.0033526210765424,6.974594595720485e-05,0.0001710564023102,0.0031118187282749,downstairs,wiktor
1672842707600193700,0.0962950907325835,0.9515201749271992,0.1016839731686198,0.9617707721656138,0.0962950907325835,0.0844844221691867,0.043177116233849,0.9515201749271992,0.9700164665722982,0.969634475635827,0.1016839731686198,0.0227939392191414,-0.0850336954295395,0.001353962500193,8.003368483953167e-06,0.0005752220130759,0.0007707371186331,downstairs,wiktor
1672842707610193700,0.1002959327649445,0.9176019788349554,0.1409455859381713,0.9337656686163132,0.1002959327649445,0.0962950907325835,0.0844844221691867,0.9176019788349554,0.9515201749271992,0.9700164665722982,0.1409455859381713,0.1016839731686198,0.0227939392191414,0.0008892873338369,3.4833505890375547e-06,0.0008143675479476,7.143643530025552e-05,downstairs,wiktor
1672842707620193700,0.0976564818413479,0.8772443885216671,0.1528985299521166,0.8958082753021996,0.0976564818413479,0.1002959327649445,0.0962950907325835,0.8772443885216671,0.9176019788349554,0.9515201749271992,0.1528985299521166,0.1409455859381713,0.1016839731686198,0.0010210913337693,6.477226522951521e-06,0.0010109003776902,3.713729556105109e-06,downstairs,wiktor
1672842707630193700,0.101255711348604,0.8322799497352161,0.1556238664656888,0.8527376042052421,0.101255711348604,0.0976564818413479,0.1002959327649445,0.8322799497352161,0.8772443885216671,0.9176019788349554,0.1556238664656888,0.1528985299521166,0.1409455859381713,0.0017267581260876,0.0003458560768046,0.0013357886488573,4.511340042555002e-05,downstairs,wiktor
1672842707640193700,0.074955290180695,0.780592646674264,0.1461250875520021,0.7976814632295807,0.074955290180695,0.101255711348604,0.0976564818413479,0.780592646674264,0.8322799497352161,0.8772443885216671,0.1461250875520021,0.1556238664656888,0.1528985299521166,0.0034517893423482,0.0009270283628323,0.0022567522602664,0.0002680087192493,downstairs,wiktor
1672842707650193700,0.0318965311917885,0.7134100260009608,0.1229730371352734,0.7246334395837896,0.0318965311917885,0.074955290180695,0.101255711348604,0.7134100260009608,0.780592646674264,0.8322799497352161,0.1229730371352734,0.1461250875520021,0.1556238664656888,0.0020148511784298,0.000200501180874,0.0018009715969539,1.3378400601928643e-05,downstairs,wiktor
1672842707660193700,0.0118714878273405,0.6533938349029923,0.1178003394634722,0.6640341525028534,0.0118714878273405,0.0318965311917885,0.074955290180695,0.6533938349029923,0.7134100260009608,0.780592646674264,0.1178003394634722,0.1229730371352734,0.1461250875520021,0.0005405281595417,1.040671698597364e-06,0.0005039244501408,3.5563037702379675e-05,downstairs,wiktor
1672842707670193700,0.013314174001529,0.6216471988562925,0.1262339671173801,0.6344742087188491,0.013314174001529,0.0118714878273405,0.0318965311917885,0.6216471988562925,0.6533938349029923,0.7134100260009608,0.1262339671173801,0.1178003394634722,0.1229730371352734,0.0007125047041222,0.0005737952315294,6.622376168905393e-05,7.248571090381834e-05,downstairs,wiktor
1672842707680193700,0.0471902786043135,0.6101386140876032,0.1141935592419119,0.6225240716372581,0.0471902786043135,0.013314174001529,0.0118714878273405,0.6101386140876032,0.6216471988562925,0.6533938349029923,0.1141935592419119,0.1262339671173801,0.1178003394634722,0.0022303141209281,0.0003158266538428,4.872864270804301e-06,0.0019096146028144,downstairs,wiktor
1672842707690193700,0.0723229924984753,0.613260429031127,0.0523936465750724,0.6197290240587494,0.0723229924984753,0.0471902786043135,0.013314174001529,0.613260429031127,0.6101386140876032,0.6216471988562925,0.0523936465750724,0.1141935592419119,0.1262339671173801,0.0026653818398025,0.0005661731608206,8.221433943967778e-05,0.0020169943395422,downstairs,wiktor
1672842707700193700,0.1059733464585949,0.6260834036813147,-0.0111200423359365,0.6350861625530558,0.1059733464585949,0.0723229924984753,0.0471902786043135,0.6260834036813147,0.613260429031127,0.6101386140876032,-0.0111200423359365,0.0523936465750724,0.1141935592419119,0.0009164238099729,2.297204125068288e-05,0.0003214712613928,0.0005719805073293,downstairs,wiktor
1672842707710193700,0.1127515528955047,0.6514397149821671,-0.0449425350687127,0.6626510743934528,0.1127515528955047,0.1059733464585949,0.0723229924984753,0.6514397149821671,0.6260834036813147,0.613260429031127,-0.0449425350687127,-0.0111200423359365,0.0523936465750724,0.0020828369025864,0.0003794981220367,0.0005906475183496,0.0011126912622,downstairs,wiktor
1672842707720193700,0.140301439357585,0.6858096878756571,-0.0921164953052676,0.706048773511605,0.140301439357585,0.1127515528955047,0.1059733464585949,0.6858096878756571,0.6514397149821671,0.6260834036813147,-0.0921164953052676,-0.0449425350687127,-0.0111200423359365,0.0015419863198993,0.0008349476079681,0.0007043087177479,2.729994183251354e-06,downstairs,wiktor
1672842707730193700,0.1811657907648483,0.7233412404081048,-0.089779833505498,0.7510685803059954,0.1811657907648483,0.140301439357585,0.1127515528955047,0.7233412404081048,0.6858096878756571,0.6514397149821671,-0.089779833505498,-0.0921164953052676,-0.0449425350687127,0.000969936399663,1.05502933331182e-05,0.0005093288719352,0.0004500572343946,downstairs,wiktor
1672842707740193700,0.1765722532754795,0.7552576585008448,-0.0597779257530015,0.7779237056153323,0.1765722532754795,0.1811657907648483,0.140301439357585,0.7552576585008448,0.7233412404081048,0.6858096878756571,-0.0597779257530015,-0.089779833505498,-0.0921164953052676,0.0046273867679041,0.0023828037305271,0.0021965564171198,4.802662025723707e-05,downstairs,wiktor
1672842707750193700,0.1075388739502991,0.8215382200120426,-0.0695786012661727,0.8314630708006283,0.1075388739502991,0.1765722532754795,0.1811657907648483,0.8215382200120426,0.7552576585008448,0.7233412404081048,-0.0695786012661727,-0.0597779257530015,-0.089779833505498,0.006977759231204,0.0033152993052856,0.0036493552872099,1.3104638708474116e-05,downstairs,wiktor
1672842707760193700,0.0261103862413204,0.9069707113395218,-0.0746981009894805,0.9104160750935936,0.0261103862413204,0.1075388739502991,0.1765722532754795,0.9069707113395218,0.8215382200120426,0.7552576585008448,-0.0746981009894805,-0.0695786012661727,-0.0597779257530015,0.0037789902152599,0.0003951115232411,0.0030643357424943,0.0003195429495244,downstairs,wiktor
1672842707770193700,-0.0020005199426203,0.9852565432951744,-0.0494179526701201,0.9864971323993308,-0.0020005199426203,0.0261103862413204,0.1075388739502991,0.9852565432951744,0.9069707113395218,0.8215382200120426,-0.0494179526701201,-0.0746981009894805,-0.0695786012661727,0.003192276088583,1.4601783960584654e-05,0.0026193126262557,0.0005583616783666,downstairs,wiktor
1672842707780193700,-0.0074045525036963,1.0576348912489062,-0.0160005416882174,1.057781833800894,-0.0074045525036963,-0.0020005199426203,0.0261103862413204,1.0576348912489062,0.9852565432951744,0.9069707113395218,-0.0160005416882174,-0.0494179526701201,-0.0746981009894805,0.0033517594922231,0.0006020186074809,0.0027421755021853,7.565382556849857e-06,downstairs,wiktor
1672842707790193700,-0.0421037919040337,1.1316912954579323,-0.0121107132712175,1.1325390001602105,-0.0421037919040337,-0.0074045525036963,-0.0020005199426203,1.1316912954579323,1.0576348912489062,0.9852565432951744,-0.0121107132712175,-0.0160005416882174,-0.0494179526701201,0.0046473347046824,0.0030204484378287,0.0014518840647968,0.0001750022020568,downstairs,wiktor
1672842707800193700,-0.1198269987064907,1.1855779183767396,-0.0308191179096052,1.1920164966099482,-0.1198269987064907,-0.0421037919040337,-0.0074045525036963,1.1855779183767396,1.1316912954579323,1.0576348912489062,-0.0308191179096052,-0.0121107132712175,-0.0160005416882174,0.0021050962633231,0.001260643073181,0.0008368281668635,7.625023278565206e-06,downstairs,wiktor
1672842707810193700,-0.1700394089888311,1.2264882634465024,-0.0269139871106267,1.238511697031352,-0.1700394089888311,-0.1198269987064907,-0.0421037919040337,1.2264882634465024,1.1855779183767396,1.1316912954579323,-0.0269139871106267,-0.0308191179096052,-0.0121107132712175,0.001128194151056,1.1773302192964189e-05,0.0006406742039952,0.0004757466448678,downstairs,wiktor
1672842707820193700,-0.1651869246368802,1.2622841907007372,0.0039322977505314,1.2730528508783931,-0.1651869246368802,-0.1700394089888311,-0.1198269987064907,1.2622841907007372,1.2264882634465024,1.1855779183767396,0.0039322977505314,-0.0269139871106267,-0.0308191179096052,0.0032439331064387,0.0021032550335418,8.658842106956983e-05,0.0010540896518273,downstairs,wiktor
1672842707830193700,-0.1003293108426326,1.275443857951057,0.0498472114894747,1.2803545407005477,-0.1003293108426326,-0.1651869246368802,-0.1700394089888311,1.275443857951057,1.2622841907007372,1.2264882634465024,0.0498472114894747,0.0039322977505314,-0.0269139871106267,0.0060965127809637,0.0043087752900907,9.02428743397317e-05,0.0016974946165332,downstairs,wiktor
1672842707840193700,-0.0074985477294194,1.2620093594982131,0.1081137476235759,1.2666540309430807,-0.0074985477294194,-0.1003293108426326,-0.1651869246368802,1.2620093594982131,1.275443857951057,1.2622841907007372,0.1081137476235759,0.0498472114894747,0.0039322977505314,0.0055129712203544,0.0038151770378597,0.0002577533841313,0.0014400407983632,downstairs,wiktor
1672842707850193700,0.079853350222025,1.2393045853689084,0.1617801393107992,1.252367847852022,0.079853350222025,-0.0074985477294194,-0.1003293108426326,1.2393045853689084,1.2620093594982131,1.275443857951057,0.1617801393107992,0.1081137476235759,0.0498472114894747,0.0012875762684113,0.0004528376716757,3.648434461443708e-06,0.0008310901622741,downstairs,wiktor
1672842707860193700,0.109947790628044,1.2366033136456478,0.2025499850861805,1.2578961675916644,0.109947790628044,0.079853350222025,-0.0074985477294194,1.2366033136456478,1.2393045853689084,1.2620093594982131,0.2025499850861805,0.1617801393107992,0.1081137476235759,0.001637512553599,0.0002582989824008,0.0004303654769585,0.0009488480942396,downstairs,wiktor
1672842707870193700,0.0872189990895191,1.2659415302567016,0.246112539975434,1.292589066240318,0.0872189990895191,0.109947790628044,0.079853350222025,1.2659415302567016,1.2366033136456478,1.2393045853689084,0.246112539975434,0.2025499850861805,0.1617801393107992,0.0037433973437653,0.0004151533367136,0.0015980734349406,0.001730170572111,downstairs,wiktor
1672842707880193700,0.0584039566042592,1.322476005312912,0.3049372043962546,1.358433106708031,0.0584039566042592,0.0872189990895191,0.109947790628044,1.322476005312912,1.2659415302567016,1.2366033136456478,0.3049372043962546,0.246112539975434,0.2025499850861805,0.0044347598142986,1.1883236060608008e-05,0.0030625098820778,0.0013603666961601,downstairs,wiktor
1672842707890193700,0.0632790434877122,1.400738510793862,0.3570978542419032,1.446924839260802,0.0632790434877122,0.0584039566042592,0.0872189990895191,1.400738510793862,1.322476005312912,1.2659415302567016,0.3570978542419032,0.3049372043962546,0.246112539975434,0.0049667106229169,0.0004542764059221,0.0041002548654711,0.0004121793515236,downstairs,wiktor
1672842707900193700,0.0934212532913139,1.4912951766497904,0.3858095017572816,1.543223187394374,0.0934212532913139,0.0632790434877122,0.0584039566042592,1.4912951766497904,1.400738510793862,1.322476005312912,0.3858095017572816,0.3570978542419032,0.3049372043962546,0.0041671870658386,3.402870242685556e-05,0.0041307017886236,2.4565747881464244e-06,downstairs,wiktor
1672842707910193700,0.1016709444887898,1.5821874402218197,0.3880260643159054,1.6322433346585945,0.1016709444887898,0.0934212532913139,0.0632790434877122,1.5821874402218197,1.4912951766497904,1.400738510793862,0.3880260643159054,0.3858095017572816,0.3570978542419032,0.0033962207077227,7.784189799288043e-05,0.0029474869890117,0.000370891820718,downstairs,wiktor
1672842707920193700,0.0891936132041856,1.658966174113592,0.3607903590480745,1.7000864538815506,0.0891936132041856,0.1016709444887898,0.0934212532913139,1.658966174113592,1.5821874402218197,1.4912951766497904,0.3607903590480745,0.3880260643159054,0.3858095017572816,0.0016792284310654,5.934523739054352e-05,0.0005329430116284,0.0010869401820464,downstairs,wiktor
1672842707930193700,0.0782990973920402,1.691614084050629,0.3141654690847406,1.7223207889287326,0.0782990973920402,0.0891936132041856,0.1016709444887898,1.691614084050629,1.658966174113592,1.5821874402218197,0.3141654690847406,0.3607903590480745,0.3880260643159054,0.0021040237226867,8.107943319982643e-05,0.0005321407906303,0.0014908034988566,downstairs,wiktor
1672842707940193700,0.0910332587856952,1.658990755261852,0.2595613758525183,1.6816389291652014,0.0910332587856952,0.0782990973920402,0.0891936132041856,1.658990755261852,1.691614084050629,1.658966174113592,0.2595613758525183,0.3141654690847406,0.3607903590480745,0.0054640408328553,0.0006738813467679,0.0034813504695809,0.0013088090165064,downstairs,wiktor
1672842707950193700,0.1277451464181217,1.57554795485845,0.2083987133630347,1.5943965015714878,0.1277451464181217,0.0910332587856952,0.0782990973920402,1.57554795485845,1.658990755261852,1.691614084050629,0.2083987133630347,0.2595613758525183,0.3141654690847406,0.0049869067060427,0.0008279729672552,0.0039301813036456,0.0002287524351419,downstairs,wiktor
1672842707960193700,0.1684384620179895,1.4868892688356397,0.1870093498782597,1.5080396911910037,0.1684384620179895,0.1277451464181217,0.0910332587856952,1.4868892688356397,1.57554795485845,1.658990755261852,0.1870093498782597,0.2083987133630347,0.2595613758525183,0.0072321734155354,0.0027152447826564,0.0044571387458368,5.978988704219384e-05,downstairs,wiktor
1672842707970193700,0.2421303175063189,1.3924738172841395,0.1760740961507787,1.4242936880478294,0.2421303175063189,0.1684384620179895,0.1277451464181217,1.3924738172841395,1.4868892688356397,1.57554795485845,0.1760740961507787,0.1870093498782597,0.2083987133630347,0.0129476746940277,0.0083523986256665,0.0039091614024637,0.0006861146658975,downstairs,wiktor
1672842707980193700,0.3713773571294108,1.3040525370122078,0.1390304822369741,1.3630127056148256,0.3713773571294108,0.2421303175063189,0.1684384620179895,1.3040525370122078,1.3924738172841395,1.4868892688356397,0.1390304822369741,0.1760740961507787,0.1870093498782597,0.0151992148466368,0.0119431940031152,0.0010537428998844,0.002202277943637,downstairs,wiktor
1672842707990193700,0.5259295748625463,1.2581451759492044,0.0726636540223148,1.365580904998026,0.5259295748625463,0.3713773571294108,0.2421303175063189,1.2581451759492044,1.3040525370122078,1.3924738172841395,0.0726636540223148,0.1390304822369741,0.1760740961507787,0.0133091664883189,0.0107684950488967,0.0001815247165846,0.0023591467228375,downstairs,wiktor
1672842708000193700,0.6726844388289361,1.2771990320725524,0.0039738189251548,1.4435226056444406,0.6726844388289361,0.5259295748625463,0.3713773571294108,1.2771990320725524,1.2581451759492044,1.3040525370122078,0.0039738189251548,0.0726636540223148,0.1390304822369741,0.0068200911777212,0.0038539665011885,0.0016035877721947,0.0013625369043379,downstairs,wiktor
1672842708010193700,0.760479273542472,1.3338309625039748,-0.0482284205735101,1.5361509504514788,0.760479273542472,0.6726844388289361,0.5259295748625463,1.3338309625039748,1.2771990320725524,1.2581451759492044,-0.0482284205735101,0.0039738189251548,0.0726636540223148,0.0019354240327299,0.0002678920186445,0.0006831074316833,0.000984424582402,downstairs,wiktor
1672842708020193700,0.7373322642909694,1.3707933063604814,-0.0926001363934335,1.5592651929634136,0.7373322642909694,0.760479273542472,0.6726844388289361,1.3707933063604814,1.3338309625039748,1.2771990320725524,-0.0926001363934335,-0.0482284205735101,0.0039738189251548,0.0130828258552199,0.0128196816436634,0.0002453509127901,1.7793298766312417e-05,downstairs,wiktor
1672842708030193700,0.5772093012677764,1.392945096933262,-0.0866346860724079,1.5102887768143265,0.5772093012677764,0.7373322642909694,0.760479273542472,1.392945096933262,1.3707933063604814,1.3338309625039748,-0.0866346860724079,-0.0926001363934335,-0.0482284205735101,0.0208370787904758,0.0198973994765759,0.0001045645881781,0.0008351147257217,downstairs,wiktor
1672842708040193700,0.3777229635071368,1.4074063961956456,-0.0457662452966274,1.4579307083745712,0.3777229635071368,0.5772093012677764,0.7373322642909694,1.4074063961956456,1.392945096933262,1.3707933063604814,-0.0457662452966274,-0.0866346860724079,-0.0926001363934335,0.0267976500105904,0.0266202530653757,0.0001644198885978,1.2977056616909774e-05,downstairs,wiktor
1672842708050193700,0.1469839201469993,1.4255403361204289,-0.0406717273377014,1.4336748976294302,0.1469839201469993,0.3777229635071368,0.5772093012677764,1.4255403361204289,1.4074063961956456,1.392945096933262,-0.0406717273377014,-0.0457662452966274,-0.0866346860724079,0.0362175131116698,0.0356274557947047,0.0005320384686662,5.801884829884344e-05,downstairs,wiktor
1672842708060193700,-0.1199522362451414,1.458160528292342,-0.0514438068304311,1.4639901401687168,-0.1199522362451414,0.1469839201469993,0.3777229635071368,1.458160528292342,1.4255403361204289,1.4074063961956456,-0.0514438068304311,-0.0406717273377014,-0.0457662452966274,0.0448397460228169,0.0443604353386235,0.0004792438185252,6.686566824007788e-08,downstairs,wiktor
1672842708070193700,-0.4178127248589335,1.4891199797902357,-0.0518094997842601,1.5474915222812735,-0.4178127248589335,-0.1199522362451414,0.1469839201469993,1.4891199797902357,1.458160528292342,1.4255403361204289,-0.0518094997842601,-0.0514438068304311,-0.0406717273377014,0.0349026084587907,0.0328435524434275,0.0007806122820881,0.001278443733275,downstairs,wiktor
1672842708080193700,-0.674107681670134,1.4496076454606075,-0.0012438249983922,1.5986822821827844,-0.674107681670134,-0.4178127248589335,-0.1199522362451414,1.4496076454606075,1.4891199797902357,1.458160528292342,-0.0012438249983922,-0.0518094997842601,-0.0514438068304311,0.0136363467758243,0.0004100489476091,8.15530485578634e-06,0.0132181425233593,downstairs,wiktor
1672842708090193700,-0.7027450330703306,1.4455690058738688,0.1613485642660464,1.6154113072028746,-0.7027450330703306,-0.674107681670134,-0.4178127248589335,1.4455690058738688,1.4496076454606075,1.4891199797902357,0.1613485642660464,-0.0012438249983922,-0.0518094997842601,0.0132691734183892,3.367060469327243e-05,9.07002789995234e-05,0.0131448025346964,downstairs,wiktor
1672842708100193700,-0.6945388640867827,1.432100503433024,0.3234892595568738,1.6241740629343682,-0.6945388640867827,-0.7027450330703306,-0.674107681670134,1.432100503433024,1.4455690058738688,1.4496076454606075,0.3234892595568738,0.1613485642660464,-0.0012438249983922,0.0113489451569645,0.0006379698179772,0.0069887807248687,0.0037221946141185,downstairs,wiktor
1672842708110193700,-0.6588185668322176,1.3138737659759767,0.4097701336150162,1.5258498416704118,-0.6588185668322176,-0.6945388640867827,-0.7027450330703306,1.3138737659759767,1.432100503433024,1.4455690058738688,0.4097701336150162,0.3234892595568738,0.1613485642660464,0.0194360663486585,0.008007151571555,0.0111762978885061,0.0002526168885973,downstairs,wiktor
1672842708120193700,-0.5322709349179457,1.1643659207737522,0.4322475395417417,1.3512580364451572,-0.5322709349179457,-0.6588185668322176,-0.6945388640867827,1.1643659207737522,1.3138737659759767,1.432100503433024,0.4322475395417417,0.4097701336150162,0.3234892595568738,0.042428938762997,0.0345036319451575,0.0067096786271093,0.00121562819073,downstairs,wiktor
1672842708130193700,-0.269578597971633,1.0485239713158,0.3829397675229193,1.148354476831399,-0.269578597971633,-0.5322709349179457,-0.6588185668322176,1.0485239713158,1.1643659207737522,1.3138737659759767,0.3829397675229193,0.4322475395417417,0.4097701336150162,0.0746647690922799,0.0628978260828517,0.0038387816474025,0.0079281613620255,downstairs,wiktor
1672842708140193700,0.0850982298106503,0.9609022657012368,0.2570178761614444,0.99831511138178,0.0850982298106503,-0.269578597971633,-0.5322709349179457,0.9609022657012368,1.0485239713158,1.1643659207737522,0.2570178761614444,0.3829397675229193,0.4322475395417417,0.2119501408117109,0.1883474780993808,0.004143261805213,0.0194594009071169,downstairs,wiktor
1672842708150193700,0.6988530311757897,0.8698719212526621,0.0597393881952346,1.1174262897700804,0.6988530311757897,0.0850982298106503,-0.269578597971633,0.8698719212526621,0.9609022657012368,1.0485239713158,0.0597393881952346,0.2570178761614444,0.3829397675229193,0.081850440147223,0.073900607351047,0.0009345101800925,0.0070153226160834,downstairs,wiktor
1672842708160193700,1.0833022667090315,0.8266397531346369,-0.0587116364190207,1.363936999560617,1.0833022667090315,0.6988530311757897,0.0850982298106503,0.8266397531346369,0.8698719212526621,0.9609022657012368,-0.0587116364190207,0.0597393881952346,0.2570178761614444,0.1521611135591226,0.1517451408584118,5.542405150217764e-06,0.0004104302955605,downstairs,wiktor
1672842708170193700,0.5324027461820813,0.8233103672602697,-0.0300609716602209,0.9809160550208252,0.5324027461820813,1.0833022667090315,0.6988530311757897,0.8233103672602697,0.8266397531346369,0.8698719212526621,-0.0300609716602209,-0.0587116364190207,0.0597393881952346,0.0901870643707944,0.0869946813270541,0.0024103643477857,0.0007820186959545,downstairs,wiktor
1672842708180193700,0.1152824246271272,0.7538788996423992,0.0094869409510555,0.7627014060578049,0.1152824246271272,0.5324027461820813,1.0833022667090315,0.7538788996423992,0.8233103672602697,0.8266397531346369,0.0094869409510555,-0.0300609716602209,-0.0587116364190207,0.0293076945763841,0.0260069414474909,0.0032452145055667,5.553862332637432e-05,downstairs,wiktor
1672842708190193700,-0.1127830986221836,0.6733157007788142,0.0200262600302346,0.6829898325311186,-0.1127830986221836,0.1152824246271272,0.5324027461820813,0.6733157007788142,0.7538788996423992,0.8233103672602697,0.0200262600302346,0.0094869409510555,-0.0300609716602209,0.0070068223090701,0.0048334713402462,0.0021700478810911,3.3030877327180715e-06,downstairs,wiktor
1672842708200193700,-0.2111037102989446,0.6074362976076988,0.0225965081632825,0.643470461120402,-0.2111037102989446,-0.1127830986221836,0.1152824246271272,0.6074362976076988,0.6733157007788142,0.7538788996423992,0.0225965081632825,0.0200262600302346,0.0094869409510555,0.0053740502155712,0.0001176825263577,0.0051640520985503,9.231559066322434e-05,downstairs,wiktor
1672842708210193700,-0.2264453221019924,0.5058090168357491,0.0361844138638108,0.5553643463717217,-0.2264453221019924,-0.2111037102989446,-0.1127830986221836,0.5058090168357491,0.6074362976076988,0.6733157007788142,0.0361844138638108,0.0225965081632825,0.0200262600302346,0.0102325907667959,0.0005944175308836,0.009302329063709,0.0003358441722032,downstairs,wiktor
1672842708220193700,-0.2609248096528148,0.3694101234112857,0.062101364772558,0.4565108707114358,-0.2609248096528148,-0.2264453221019924,-0.2111037102989446,0.3694101234112857,0.5058090168357491,0.6074362976076988,0.062101364772558,0.0361844138638108,0.0225965081632825,0.0034887967424826,0.0001911226571758,0.003272586106798,2.508797850872131e-05,downstairs,wiktor
1672842708230193700,-0.2413737146872702,0.2885078847920974,0.0550178658477721,0.3801644845216151,-0.2413737146872702,-0.2609248096528148,-0.2264453221019924,0.2885078847920974,0.3694101234112857,0.5058090168357491,0.0550178658477721,0.062101364772558,0.0361844138638108,0.0208937414044221,0.0190848047543032,2.617910572244854e-06,0.0018063187395466,downstairs,wiktor
1672842708240193700,-0.0460032729397877,0.2862196931164527,-0.0050873542174874,0.2899377433549885,-0.0460032729397877,-0.2413737146872702,-0.2609248096528148,0.2862196931164527,0.2885078847920974,0.3694101234112857,-0.0050873542174874,0.0550178658477721,0.062101364772558,0.020386573761636,0.0156361937430603,0.000672323275443,0.0040780567431325,downstairs,wiktor
1672842708250193700,0.1308367323930575,0.3228891156764836,-0.0953985577653594,0.3612153324394533,0.1308367323930575,-0.0460032729397877,-0.2413737146872702,0.3228891156764836,0.2862196931164527,0.2885078847920974,-0.0953985577653594,-0.0050873542174874,0.0550178658477721,0.0052181930708941,0.0035613767823392,0.0006901785736453,0.0009666377149095,downstairs,wiktor
1672842708260193700,0.2152331396902791,0.3600422736484597,-0.1393675858398928,0.4420170440353261,0.2152331396902791,0.1308367323930575,-0.0460032729397877,0.3600422736484597,0.3228891156764836,0.2862196931164527,-0.1393675858398928,-0.0953985577653594,-0.0050873542174874,0.0020310197660293,0.0011802280336459,0.0007198217213094,0.0001309700110739,downstairs,wiktor
1672842708270193700,0.2638176646678047,0.3979849072236211,-0.1231830246117352,0.4931184483682028,0.2638176646678047,0.2152331396902791,0.1308367323930575,0.3979849072236211,0.3600422736484597,0.3228891156764836,-0.1231830246117352,-0.1393675858398928,-0.0953985577653594,0.0035772155880019,0.0027288662382161,0.0001769980672319,0.0006713512825538,downstairs,wiktor
1672842708280193700,0.3376941323448152,0.4167996922201049,-0.0865401185437442,0.5433677415640876,0.3376941323448152,0.2638176646678047,0.2152331396902791,0.4167996922201049,0.3979849072236211,0.3600422736484597,-0.0865401185437442,-0.1231830246117352,-0.1393675858398928,0.0016555194697314,0.0011581332700681,5.131611035675165e-05,0.0004460700893065,downstairs,wiktor
1672842708290193700,0.3858217391847188,0.4066689360433181,-0.056671402826241,0.5634267351381363,0.3858217391847188,0.3376941323448152,0.2638176646678047,0.4066689360433181,0.4167996922201049,0.3979849072236211,-0.056671402826241,-0.0865401185437442,-0.1231830246117352,0.0016111761046212,0.000535194020686,0.0005338202075069,0.0005421618764282,downstairs,wiktor
1672842708300193700,0.3531049538693466,0.3739941687906836,-0.0237423312806232,0.514896538181358,0.3531049538693466,0.3858217391847188,0.3376941323448152,0.3739941687906836,0.4066689360433181,0.4167996922201049,-0.0237423312806232,-0.056671402826241,-0.0865401185437442,0.0020760742708745,0.0004614182629272,9.993031145777288e-05,0.0015147256964895,downstairs,wiktor
1672842708310193700,0.3227267293350759,0.3598569617498447,0.0312981210519931,0.4843853291838325,0.3227267293350759,0.3531049538693466,0.3858217391847188,0.3598569617498447,0.3739941687906836,0.4066689360433181,0.0312981210519931,-0.0237423312806232,-0.056671402826241,0.0011232119296936,0.0001052191474299,1.1949582607653233e-06,0.0010167978240029,downstairs,wiktor
1672842708320193700,0.3082202378619523,0.3583110262655729,0.076393527115205,0.4787718429025125,0.3082202378619523,0.3227267293350759,0.3531049538693466,0.3583110262655729,0.3598569617498447,0.3739941687906836,0.076393527115205,0.0312981210519931,-0.0237423312806232,0.0002702544838099,0.0001019086780484,2.154659129043289e-05,0.000146799214471,downstairs,wiktor
1672842708330193700,0.2939437762521224,0.3648755660499649,0.0935282412634488,0.4777914337987591,0.2939437762521224,0.3082202378619523,0.3227267293350759,0.3648755660499649,0.3583110262655729,0.3598569617498447,0.0935282412634488,0.076393527115205,0.0312981210519931,0.0008490478341435,0.0002344570464737,4.624207682093567e-05,0.0005683487108489,downstairs,wiktor
1672842708340193700,0.2722893519248067,0.374492434232584,0.0598132976672064,0.4668658319548598,0.2722893519248067,0.2939437762521224,0.3082202378619523,0.374492434232584,0.3648755660499649,0.3583110262655729,0.0598132976672064,0.0935282412634488,0.076393527115205,0.0023158933427319,9.516758246963048e-05,5.455114679942911e-05,0.0021661746134629,downstairs,wiktor
1672842708350193700,0.2860855530301567,0.384937638567534,-0.0060072859440456,0.479643635132307,0.2860855530301567,0.2722893519248067,0.2939437762521224,0.384937638567534,0.374492434232584,0.3648755660499649,-0.0060072859440456,0.0598132976672064,0.0935282412634488,0.0108846670690434,0.0040949955717913,0.0001280087960207,0.0066616627012313,downstairs,wiktor
1672842708360193700,0.3765841228729047,0.4009381883093873,-0.1214339960351797,0.5633056433569974,0.3765841228729047,0.2860855530301567,0.2722893519248067,0.4009381883093873,0.384937638567534,0.374492434232584,-0.1214339960351797,-0.0060072859440456,0.0598132976672064,0.0214442496057867,0.0101280001278435,0.0006090667548051,0.010707182723138,downstairs,wiktor
1672842708370193700,0.518907698768422,0.4358399577431908,-0.2677704762657635,0.7286444239588468,0.518907698768422,0.3765841228729047,0.2860855530301567,0.4358399577431908,0.4009381883093873,0.384937638567534,-0.2677704762657635,-0.1214339960351797,-0.0060072859440456,0.0126294615606679,0.0049248293263465,0.0002236527367916,0.0074809794975297,downstairs,wiktor
1672842708380193700,0.6181531452770307,0.4569895552236014,-0.3900895630636113,0.862045608892308,0.6181531452770307,0.518907698768422,0.3765841228729047,0.4569895552236014,0.4358399577431908,0.4009381883093873,-0.3900895630636113,-0.2677704762657635,-0.1214339960351797,0.0028779910980762,0.0010134911392505,6.950296370382599e-06,0.0018575496624553,downstairs,wiktor
1672842708390193700,0.6631751652061839,0.4607179050919434,-0.4510411776846427,0.9249326633791822,0.6631751652061839,0.6181531452770307,0.518907698768422,0.4607179050919434,0.4569895552236014,0.4358399577431908,-0.4510411776846427,-0.3900895630636113,-0.2677704762657635,0.0066189420512154,0.0063909650642382,9.868377399518144e-05,0.000129293212982,downstairs,wiktor
1672842708400193700,0.5501179667247229,0.4466691489907662,-0.4671218003704727,0.8487319260843381,0.5501179667247229,0.6631751652061839,0.6181531452770307,0.4466691489907662,0.4607179050919434,0.4569895552236014,-0.4671218003704727,-0.4510411776846427,-0.3900895630636113,0.0313423225116603,0.0250303271587766,5.25458565603784e-06,0.0063067407672276,downstairs,wiktor
1672842708410193700,0.3263755829045059,0.4499109341952601,-0.3548120432945385,0.6594182708202383,0.3263755829045059,0.5501179667247229,0.6631751652061839,0.4499109341952601,0.4466691489907662,0.4607179050919434,-0.3548120432945385,-0.4671218003704727,-0.4510411776846427,0.0376145308073939,0.0060539051994191,0.0081473432883106,0.023413282319664,downstairs,wiktor
1672842708420193700,0.21634008681875,0.5775615768752769,-0.138417577932487,0.6320916342810564,0.21634008681875,0.3263755829045059,0.5501179667247229,0.5775615768752769,0.4499109341952601,0.4466691489907662,-0.138417577932487,-0.3548120432945385,-0.4671218003704727,0.0942827378859504,0.0046709614199057,0.0618580431425198,0.0277537333235248,downstairs,wiktor
1672842708430193700,0.3129937098228125,0.9292945527035886,0.097182648398155,0.985392254497106,0.3129937098228125,0.21634008681875,0.3263755829045059,0.9292945527035886,0.5775615768752769,0.4499109341952601,0.097182648398155,-0.138417577932487,-0.3548120432945385,0.2078971067304966,0.025347120302395,0.1742355846062858,0.0083144018218158,downstairs,wiktor
1672842708440193700,0.5381475252574838,1.5196090190794107,0.2261353670342179,1.6278671733381516,0.5381475252574838,0.3129937098228125,0.21634008681875,1.5196090190794107,0.9292945527035886,0.5775615768752769,0.2261353670342179,0.097182648398155,-0.138417577932487,0.2565123709527591,0.0143836987414577,0.2412044234452866,0.0009242487660147,downstairs,wiktor
1672842708450193700,0.3685379810598898,2.214165602008817,0.1831412100820288,2.2520857575663227,0.3685379810598898,0.5381475252574838,0.3129937098228125,2.214165602008817,1.5196090190794107,0.9292945527035886,0.1831412100820288,0.2261353670342179,0.097182648398155,0.2017899309036505,0.0313497978794285,0.1524076524734191,0.0180324805508028,downstairs,wiktor
1672842708460193700,0.1181391077420232,2.7662664125016456,-0.0067665599054199,2.768796218584127,0.1181391077420232,0.3685379810598898,0.5381475252574838,2.7662664125016456,2.214165602008817,1.5196090190794107,-0.0067665599054199,0.1831412100820288,0.2261353670342179,0.0938323419659256,0.0585577815223845,0.0005194771567197,0.0347550832868213,downstairs,wiktor
1672842708470193700,0.4603606194048191,2.798499226735584,-0.270414367735568,2.848974157870912,0.4603606194048191,0.1181391077420232,0.3685379810598898,2.798499226735584,2.7662664125016456,2.214165602008817,-0.270414367735568,-0.0067665599054199,0.1831412100820288,0.4271964706804479,0.0024554698748051,0.4209040521145053,0.0038369486911375,downstairs,wiktor
1672842708480193700,0.5304387169076067,1.8809982162571148,-0.3580151518774637,1.986880562824771,0.5304387169076067,0.4603606194048191,0.1181391077420232,1.8809982162571148,2.798499226735584,2.7662664125016456,-0.3580151518774637,-0.270414367735568,-0.0067665599054199,0.579386901081401,0.1251620375937659,0.444162508851757,0.010062354635878,downstairs,wiktor
1672842708490193700,0.0301147466767852,0.9384882599683156,-0.2161535669724725,0.9635296967819348,0.0301147466767852,0.5304387169076067,0.4603606194048191,0.9384882599683156,1.8809982162571148,2.798499226735584,-0.2161535669724725,-0.3580151518774637,-0.270414367735568,0.1217813486673775,0.0004465351228114,0.1212889696519957,4.584389257040182e-05,downstairs,wiktor
1672842708500193700,0.0002304657648607,0.4459662408625792,-0.2065781930820804,0.4914880374542457,0.0002304657648607,0.0301147466767852,0.5304387169076067,0.4459662408625792,0.9384882599683156,1.8809982162571148,-0.2065781930820804,-0.2161535669724725,-0.3580151518774637,0.0354354732129556,0.0054807611223475,0.0282219728617047,0.0017327392289034,downstairs,wiktor
1672842708510193700,0.1049277543863672,0.2083868946992196,-0.1477098785333618,0.2761397105439381,0.1049277543863672,0.0002304657648607,0.0301147466767852,0.2083868946992196,0.4459662408625792,0.9384882599683156,-0.1477098785333618,-0.2065781930820804,-0.2161535669724725,0.008435736738532,0.0021574172494592,0.0024216875407368,0.0038566319483359,downstairs,wiktor
1672842708520193700,0.1706151542353375,0.1387925337101733,-0.0598846891132875,0.2279453317324851,0.1706151542353375,0.1049277543863672,0.0002304657648607,0.1387925337101733,0.2083868946992196,0.4459662408625792,-0.0598846891132875,-0.1477098785333618,-0.2065781930820804,0.040103052906669,0.0028560358859142,0.029664673949803,0.0075823430709517,downstairs,wiktor
1672842708530193700,0.0950369049050672,0.3823686981836416,0.0632602910600977,0.3990484921279566,0.0950369049050672,0.1706151542353375,0.1049277543863672,0.3823686981836416,0.1387925337101733,0.2083868946992196,0.0632602910600977,-0.0598846891132875,-0.1477098785333618,0.1072994689029036,0.0073101266402906,0.0974593055677896,0.0025300366948232,downstairs,wiktor
1672842708540193700,-0.0258773344573062,0.8238645771401494,0.134394483890596,0.8351552880783023,-0.0258773344573062,0.0950369049050672,0.1706151542353375,0.8238645771401494,0.3823686981836416,0.1387925337101733,0.134394483890596,0.0632602910600977,-0.0598846891132875,0.0623375604079171,0.0015929022518815,0.0607324825404494,1.2175615586106874e-05,downstairs,wiktor
1672842708550193700,-0.0823202658461264,1.1723828192464971,0.1393291805552567,1.1834993542826888,-0.0823202658461264,-0.0258773344573062,0.0950369049050672,1.1723828192464971,0.8238645771401494,0.3823686981836416,0.1393291805552567,0.134394483890596,0.0632602910600977,0.0321750024017274,3.926527037357983e-05,0.0321262266877345,9.510443619276097e-06,downstairs,wiktor
1672842708560193700,-0.0911820117659302,1.4258634957791851,0.1349678863392525,1.4351366479217949,-0.0911820117659302,-0.0823202658461264,-0.0258773344573062,1.4258634957791851,1.1723828192464971,0.8238645771401494,0.1349678863392525,0.1393291805552567,0.134394483890596,0.0103877030085948,5.062756950678006e-05,0.0101425047575429,0.0001945706815451,downstairs,wiktor
1672842708570193700,-0.0811194505107845,1.5682889482625313,0.1152412200448594,1.5746082462920723,-0.0811194505107845,-0.0911820117659302,-0.0823202658461264,1.5682889482625313,1.4258634957791851,1.1723828192464971,0.1152412200448594,0.1349678863392525,0.1393291805552567,0.0035168297290966,0.0009690362925933,0.0003221234578203,0.0022256699786829,downstairs,wiktor
1672842708580193700,-0.037095904706447,1.5936709677968548,0.0485228570750894,1.5948409724493795,-0.037095904706447,-0.0811194505107845,-0.0911820117659302,1.5936709677968548,1.5682889482625313,1.4258634957791851,0.0485228570750894,0.1152412200448594,0.1349678863392525,0.0109770555818049,0.0001907926369191,0.0059558196999042,0.0048304432449815,downstairs,wiktor
1672842708590193700,-0.0175616969201499,1.4845305105877675,-0.0497669516029373,1.4854682761797853,-0.0175616969201499,-0.037095904706447,-0.0811194505107845,1.4845305105877675,1.5936709677968548,1.5682889482625313,-0.0497669516029373,0.0485228570750894,0.1152412200448594,0.0229373157194727,0.0002513105097443,0.0167692490846774,0.0059167561250509,downstairs,wiktor
1672842708600193700,-0.0399809078672063,1.3013953196239476,-0.1585488997841589,1.3116272353667295,-0.0399809078672063,-0.0175616969201499,-0.037095904706447,1.3013953196239476,1.4845305105877675,1.5936709677968548,-0.1585488997841589,-0.0497669516029373,0.0485228570750894,0.017919546280122,0.0002802299847698,0.0124350987160835,0.0052042175792686,downstairs,wiktor
1672842708610193700,-0.0636549436351047,1.1436924425665929,-0.2605706384408653,1.1747261011191537,-0.0636549436351047,-0.0399809078672063,-0.0175616969201499,1.1436924425665929,1.3013953196239476,1.4845305105877675,-0.2605706384408653,-0.1585488997841589,-0.0497669516029373,0.0073720310209596,1.4337730946856246e-07,0.0036995317041504,0.0036723559394997,downstairs,wiktor
1672842708620193700,-0.0631194488928923,1.057674633897104,-0.346271932941004,1.1147035245125112,-0.0631194488928923,-0.0636549436351047,-0.0399809078672063,1.057674633897104,1.1436924425665929,1.3013953196239476,-0.346271932941004,-0.2605706384408653,-0.1585488997841589,0.0016277214991001,7.935113651514235e-05,0.0001399738083352,0.0014083965542496,downstairs,wiktor
1672842708630193700,-0.0505217398539326,1.0409429986909864,-0.3993454019109079,1.1160607164258745,-0.0505217398539326,-0.0631194488928923,-0.0636549436351047,1.0409429986909864,1.057674633897104,1.1436924425665929,-0.3993454019109079,-0.346271932941004,-0.2605706384408653,0.0017918765607859,0.0011465451183302,0.0005333288646617,0.0001120025777939,downstairs,wiktor
1672842708640193700,-0.0026355180708299,1.073602725103243,-0.4143122036931153,1.150775546939392,-0.0026355180708299,-0.0505217398539326,-0.0631194488928923,1.073602725103243,1.0409429986909864,1.057674633897104,-0.4143122036931153,-0.3993454019109079,-0.346271932941004,0.0017022497512664,0.0014781742760554,5.63031625613697e-05,0.0001677723126496,downstairs,wiktor
1672842708650193700,0.0517367961351231,1.0842143378516775,-0.3959943264880667,1.1554258665480086,0.0517367961351231,-0.0026355180708299,-0.0505217398539326,1.0842143378516775,1.073602725103243,1.0409429986909864,-0.3959943264880667,-0.4143122036931153,-0.3993454019109079,0.00604062931842,3.180911252184193e-07,0.0003348416586715,0.0057054695686232,downstairs,wiktor
1672842708660193700,0.0525344064725918,1.0583360976228071,-0.2891723290472471,1.0983878164298388,0.0525344064725918,0.0517367961351231,-0.0026355180708299,1.0583360976228071,1.0842143378516775,1.073602725103243,-0.2891723290472471,-0.3959943264880667,-0.4143122036931153,0.014176180005842,8.468994063748459e-05,0.0008881276478345,0.01320336241737,downstairs,wiktor
1672842708670193700,0.0395198038557245,1.01619045377117,-0.1266708680238456,1.0248172334803731,0.0395198038557245,0.0525344064725918,0.0517367961351231,1.01619045377117,1.0583360976228071,1.0842143378516775,-0.1266708680238456,-0.2891723290472471,-0.3959943264880667,0.0082879354730764,4.855595678976922e-05,0.0025997553942568,0.0056396241220297,downstairs,wiktor
1672842708680193700,0.0493743415708859,0.944082820413017,-0.0204670627998352,0.9455945738339492,0.0493743415708859,0.0395198038557245,0.0525344064725918,0.944082820413017,1.01619045377117,1.0583360976228071,-0.0204670627998352,-0.1266708680238456,-0.2891723290472471,0.0044250887960802,0.0001516779811746,0.0027444258670672,0.0015289849478383,downstairs,wiktor
1672842708690193700,0.0667914585065112,0.86999603526118,0.0348318512552952,0.8732510854052632,0.0667914585065112,0.0493743415708859,0.0395198038557245,0.86999603526118,0.944082820413017,1.01619045377117,0.0348318512552952,-0.0204670627998352,-0.1266708680238456,0.0031738469694119,0.0001824022867372,0.0020730630035811,0.0009183816790935,downstairs,wiktor
1672842708700193700,0.0858913164503435,0.8056056166636723,0.0776893285280777,0.8138878052955286,0.0858913164503435,0.0667914585065112,0.0493743415708859,0.8056056166636723,0.86999603526118,0.944082820413017,0.0776893285280777,0.0348318512552952,-0.0204670627998352,0.0022775164427992,1.706940413051167e-05,0.0018408987919104,0.0004195482467583,downstairs,wiktor
1672842708710193700,0.0917341589316212,0.7449277987742584,0.1066564908591838,0.7580951050784783,0.0917341589316212,0.0858913164503435,0.0667914585065112,0.7449277987742584,0.8056056166636723,0.86999603526118,0.1066564908591838,0.0776893285280777,0.0348318512552952,0.0015263801208259,0.0001221361664266,0.0012157863846109,0.0001884575697883,downstairs,wiktor
1672842708720193700,0.0761049448485872,0.6956168185647565,0.1260707933080658,0.7110334491610679,0.0761049448485872,0.0917341589316212,0.0858913164503435,0.6956168185647565,0.7449277987742584,0.8056056166636723,0.1260707933080658,0.1066564908591838,0.0776893285280777,0.0013266710691841,0.0001953945089618,0.0010914765219208,3.980003830154162e-05,downstairs,wiktor
1672842708730193700,0.0563365605462807,0.6488947355221352,0.1349926808103314,0.6651775775797667,0.0563365605462807,0.0761049448485872,0.0917341589316212,0.6488947355221352,0.6956168185647565,0.7449277987742584,0.1349926808103314,0.1260707933080658,0.1066564908591838,0.0013083648544301,0.0003845983358433,0.0008890456283835,3.4720890203252604e-05,downstairs,wiktor
1672842708740193700,0.0286021654440489,0.6067273161468989,0.1266595073208075,0.6204665589873941,0.0286021654440489,0.0563365605462807,0.0761049448485872,0.6067273161468989,0.6488947355221352,0.6956168185647565,0.1266595073208075,0.1349926808103314,0.1260707933080658,0.0018285251406533,0.0016120401883568,0.0002048067893192,1.1678162977237495e-05,downstairs,wiktor
1672842708750193700,-0.0281788206051001,0.5864884036603403,0.1218266690290295,0.5996702684354607,-0.0281788206051001,0.0286021654440489,0.0563365605462807,0.5864884036603403,0.6067273161468989,0.6488947355221352,0.1218266690290295,0.1266595073208075,0.1349926808103314,0.0002347926863325,0.000157409083873,1.022746377255865e-06,7.636085608218949e-05,downstairs,wiktor
1672842708760193700,-0.0104357045386892,0.5879186109021454,0.1341847316670153,0.6031274651239785,-0.0104357045386892,-0.0281788206051001,0.0286021654440489,0.5879186109021454,0.5864884036603403,0.6067273161468989,0.1341847316670153,0.1218266690290295,0.1266595073208075,0.0065037780392527,0.0063698889440304,0.0001243233923606,9.56570286161814e-06,downstairs,wiktor
1672842708770193700,0.1024349200190803,0.603687148713915,0.1298107854255491,0.6259248568114626,0.1024349200190803,-0.0104357045386892,-0.0281788206051001,0.603687148713915,0.5879186109021454,0.5864884036603403,0.1298107854255491,0.1341847316670153,0.1218266690290295,0.0079268616732497,0.007316202058766,8.890822005740063e-05,0.0005217513944263,downstairs,wiktor
1672842708780193700,0.2233993946284961,0.6170219318060692,0.0975074916484022,0.6634237445084668,0.2233993946284961,0.1024349200190803,-0.0104357045386892,0.6170219318060692,0.603687148713915,0.5879186109021454,0.0975074916484022,0.1298107854255491,0.1341847316670153,0.0021053597472534,0.0007514409086376,9.164717497206337e-05,0.0012622716636437,downstairs,wiktor
1672842708790193700,0.2621664143395246,0.6305605561802118,0.0472626578116029,0.684522901473251,0.2621664143395246,0.2233993946284961,0.1024349200190803,0.6305605561802118,0.6170219318060692,0.603687148713915,0.0472626578116029,0.0975074916484022,0.1298107854255491,0.0023456709801134,0.0005279820158996,0.0004969760295412,0.0013207129346725,downstairs,wiktor
1672842708800193700,0.229670814148124,0.66208756141513,-0.0041321461022658,0.7008036076416175,0.229670814148124,0.2621664143395246,0.2233993946284961,0.66208756141513,0.6305605561802118,0.6170219318060692,-0.0041321461022658,0.0472626578116029,0.0975074916484022,0.0029329371637865,0.0022175910666686,0.0006798135099045,3.5532587213372265e-05,downstairs,wiktor
1672842708810193700,0.1630736510453517,0.6989606819748145,-0.0125621623790439,0.7178418060656515,0.1630736510453517,0.229670814148124,0.2621664143395246,0.6989606819748145,0.66208756141513,0.6305605561802118,-0.0125621623790439,-0.0041321461022658,0.0472626578116029,0.0047699579070553,0.0021694272286176,0.0025883977740016,1.2132904435989813e-05,downstairs,wiktor
1672842708820193700,0.0972036695876698,0.7709106336634942,-0.0076361285919105,0.7770521661617263,0.0972036695876698,0.1630736510453517,0.229670814148124,0.7709106336634942,0.6989606819748145,0.66208756141513,-0.0076361285919105,-0.0125621623790439,-0.0041321461022658,0.0062027388903852,0.002558319525554,0.0032072902114419,0.0004371291533892,downstairs,wiktor
1672842708830193700,0.0256729835074422,0.8510017094640095,-0.03720398794592,0.8522013543241527,0.0256729835074422,0.0972036695876698,0.1630736510453517,0.8510017094640095,0.7709106336634942,0.6989606819748145,-0.03720398794592,-0.0076361285919105,-0.0125621623790439,0.0054070667521296,0.0015591456874369,0.0037668796611263,8.104140356636071e-05,downstairs,wiktor
1672842708840193700,-0.0301686799247466,0.9377989405388122,-0.049935162563084,0.9396118999801578,-0.0301686799247466,0.0256729835074422,0.0972036695876698,0.9377989405388122,0.8510017094640095,0.7709106336634942,-0.049935162563084,-0.03720398794592,-0.0076361285919105,0.0047327111700344,0.00056094704245,0.0041271993957319,4.456473185250161e-05,downstairs,wiktor
1672842708850193700,-0.0636633673378284,1.0286526624849377,-0.0593760027643057,1.0323298087735375,-0.0636633673378284,-0.0301686799247466,0.0256729835074422,1.0286526624849377,0.9377989405388122,0.8510017094640095,-0.0593760027643057,-0.049935162563084,-0.03720398794592,0.0036992595463583,1.6085685363443853e-05,0.0036790899860593,4.083874935593123e-06,downstairs,wiktor
1672842708860193700,-0.0693353485372761,1.114432496782508,-0.0565180752160312,1.1180167589387044,-0.0693353485372761,-0.0636633673378284,-0.0301686799247466,1.114432496782508,1.0286526624849377,0.9377989405388122,-0.0565180752160312,-0.0593760027643057,-0.049935162563084,0.0045689419762223,4.612760404341732e-05,0.0039382745304711,0.0005845398417078,downstairs,wiktor
1672842708870193700,-0.0789403060117699,1.2031824210694744,-0.0223262679602622,1.205975941934526,-0.0789403060117699,-0.0693353485372761,-0.0636633673378284,1.2031824210694744,1.114432496782508,1.0286526624849377,-0.0223262679602622,-0.0565180752160312,-0.0593760027643057,0.0066775886787473,0.0002534111574595,0.0043900476861668,0.0020341298351209,downstairs,wiktor
1672842708880193700,-0.1014530205286631,1.2968845841839605,0.0414566425271235,1.3015072006247277,-0.1014530205286631,-0.0789403060117699,-0.0693353485372761,1.2968845841839605,1.2031824210694744,1.114432496782508,0.0414566425271235,-0.0223262679602622,-0.0565180752160312,0.0037295615979592,1.4482905379191372e-05,0.0021158134061986,0.0015992652863814,downstairs,wiktor
1672842708890193700,-0.0960710310490763,1.3619355396911426,0.0980121955061442,1.3688332432216026,-0.0960710310490763,-0.1014530205286631,-0.0789403060117699,1.3619355396911426,1.2968845841839605,1.2031824210694744,0.0980121955061442,0.0414566425271235,-0.0223262679602622,0.0018244408662006,0.0010554689468359,0.0001196143841053,0.0006493575352592,downstairs,wiktor
1672842708900193700,-0.0501260868911837,1.377402561647899,0.1340498850896696,1.3848176100533134,-0.0501260868911837,-0.0960710310490763,-0.1014530205286631,1.377402561647899,1.3619355396911426,1.2968845841839605,0.1340498850896696,0.0980121955061442,0.0414566425271235,0.0030949075921135,0.0020592209206031,0.0004471385489157,0.0005885481225946,downstairs,wiktor
1672842708910193700,0.0140490004964171,1.3474980954625353,0.1683587213449171,1.3580475509874474,0.0140490004964171,-0.0501260868911837,-0.0960710310490763,1.3474980954625353,1.377402561647899,1.3619355396911426,0.1683587213449171,0.1340498850896696,0.0980121955061442,0.0034170612105866,0.0026969309469976,0.0004581778449911,0.0002619524185978,downstairs,wiktor
1672842708920193700,0.0874919163834876,1.3172267279681136,0.191247688931851,1.3339103293804315,0.0874919163834876,0.0140490004964171,-0.0501260868911837,1.3172267279681136,1.3474980954625353,1.377402561647899,0.191247688931851,0.1683587213449171,0.1340498850896696,0.000686467010953,0.0005601962643034,1.673331363091898e-05,0.0001095374330186,downstairs,wiktor
1672842708930193700,0.1209641814488658,1.32301176273567,0.2060488667916487,1.3444138473835583,0.1209641814488658,0.0874919163834876,0.0140490004964171,1.32301176273567,1.3172267279681136,1.3474980954625353,0.2060488667916487,0.191247688931851,0.1683587213449171,0.0015627225945145,3.1838536187139164e-06,0.0010661173965697,0.000493421344326,downstairs,wiktor
1672842708940193700,0.1184407498097229,1.3691878906930852,0.2374629191990056,1.394665669338205,0.1184407498097229,0.1209641814488658,0.0874919163834876,1.3691878906930852,1.32301176273567,1.3172267279681136,0.2374629191990056,0.2060488667916487,0.191247688931851,0.0021825461917929,1.6409003897239514e-05,0.0011935365880707,0.0009726005998248,downstairs,wiktor
1672842708950193700,0.1127120494514846,1.4180455735704136,0.2815673543461622,1.4501163504518162,0.1127120494514846,0.1184407498097229,0.1209641814488658,1.4180455735704136,1.3691878906930852,1.32301176273567,0.2815673543461622,0.2374629191990056,0.2060488667916487,0.0017625846147977,8.525668288911465e-05,0.0008826318579878,0.0007946960739208,downstairs,wiktor
1672842708960193700,0.1257701261007554,1.46006061511479,0.3214345356842209,1.5003050640317486,0.1257701261007554,0.1127120494514846,0.1184407498097229,1.46006061511479,1.4180455735704136,1.3691878906930852,0.3214345356842209,0.2815673543461622,0.2374629191990056,0.0014393303773477,0.0001659369855596,0.0009285659919354,0.0003448273998525,downstairs,wiktor
1672842708970193700,0.1439875345640726,1.5031550693272624,0.3476958151600038,1.5495483059375292,0.1439875345640726,0.1257701261007554,0.1127120494514846,1.5031550693272624,1.46006061511479,1.4180455735704136,0.3476958151600038,0.3214345356842209,0.2815673543461622,0.0008494208925793,4.809557721265809e-05,0.0007778844553326,2.344086003400316e-05,downstairs,wiktor
1672842708980193700,0.1537952434925287,1.542598305891537,0.3545428378756085,1.5902714026697629,0.1537952434925287,0.1439875345640726,0.1257701261007554,1.542598305891537,1.5031550693272624,1.46006061511479,0.3545428378756085,0.3476958151600038,0.3214345356842209,0.0018379129640258,0.0002253603418264,0.0009404182163755,0.0006721344058239,downstairs,wiktor
1672842708990193700,0.1325650601760138,1.5859669170377448,0.317878566279845,1.6229329437835098,0.1325650601760138,0.1537952434925287,0.1439875345640726,1.5859669170377448,1.542598305891537,1.5031550693272624,0.317878566279845,0.3545428378756085,0.3476958151600038,0.0079734852798254,0.0030126643235951,0.0008379932450758,0.0041228277111544,downstairs,wiktor
1672842709000193700,0.0549420697209284,1.62690573101851,0.227072974919462,1.643594543853461,0.0549420697209284,0.1325650601760138,0.1537952434925287,1.62690573101851,1.5859669170377448,1.542598305891537,0.227072974919462,0.317878566279845,0.3545428378756085,0.0141967044554489,0.0085993064691724,1.1393989123572894e-05,0.0055860039971529,downstairs,wiktor
1672842709010193700,-0.0762014125355104,1.6221320554695071,0.1213752550088321,1.6284504945446132,-0.0762014125355104,0.0549420697209284,0.1325650601760138,1.6221320554695071,1.62690573101851,1.5859669170377448,0.1213752550088321,0.227072974919462,0.317878566279845,0.0139628340827557,0.0063029914975707,0.0038142747328641,0.0038455678523208,downstairs,wiktor
1672842709020193700,-0.1884777813543385,1.5347904876697005,0.0336761346903152,1.5466867159038158,-0.1884777813543385,-0.0762014125355104,0.0549420697209284,1.5347904876697005,1.6221320554695071,1.62690573101851,0.0336761346903152,0.1213752550088321,0.227072974919462,0.0052911872672719,0.0001591073717428,0.0043450041941224,0.0007870757014065,downstairs,wiktor
1672842709030193700,-0.2063163559466584,1.4415702731867628,-0.005999442215549,1.456271706988007,-0.2063163559466584,-0.1884777813543385,-0.0762014125355104,1.4415702731867628,1.5347904876697005,1.6221320554695071,-0.005999442215549,0.0336761346903152,0.1213752550088321,0.0171692885691883,0.0124807378917264,0.004642789329309,4.57613481528934e-05,downstairs,wiktor
1672842709040193700,-0.0483243441756424,1.345208565757836,0.0035673073006548,1.3460809980493882,-0.0483243441756424,-0.2063163559466584,-0.1884777813543385,1.345208565757836,1.4415702731867628,1.5347904876697005,0.0035673073006548,-0.005999442215549,0.0336761346903152,0.0374065197738445,0.0343496218942069,0.002485031926433,0.0005718659532046,downstairs,wiktor
1672842709050193700,0.213781061698433,1.274709885962637,0.0373864129424262,1.2930527365828854,0.213781061698433,-0.0483243441756424,-0.2063163559466584,1.274709885962637,1.345208565757836,1.4415702731867628,0.0373864129424262,0.0035673073006548,-0.005999442215549,0.0323044813317136,0.0321541672857997,0.0001487954933486,1.5185525653136435e-06,downstairs,wiktor
1672842709060193700,0.4673719419989663,1.2574590602810287,0.0356436837234632,1.3419799896571154,0.4673719419989663,0.213781061698433,-0.0483243441756424,1.2574590602810287,1.274709885962637,1.345208565757836,0.0356436837234632,0.0373864129424262,0.0035673073006548,0.0226977926069838,0.01890519196882,0.0017004039009375,0.0020921967372262,downstairs,wiktor
1672842709070193700,0.6618208657235272,1.3157755056620282,-0.0290432042404246,1.4731312050593983,0.6618208657235272,0.4673719419989663,0.213781061698433,1.3157755056620282,1.2574590602810287,1.274709885962637,-0.0290432042404246,0.0356436837234632,0.0373864129424262,0.0221573182559867,0.0137608820449826,0.0055506020286491,0.002845834182355,downstairs,wiktor
1672842709080193700,0.8277177134632152,1.421137757238664,-0.1044863508125953,1.6479279522285692,0.8277177134632152,0.6618208657235272,0.4673719419989663,1.421137757238664,1.3157755056620282,1.2574590602810287,-0.1044863508125953,-0.0290432042404246,0.0356436837234632,0.0074621432861005,0.0041794962567294,0.0015920826783105,0.0016905643510605,downstairs,wiktor
1672842709090193700,0.9191452394795026,1.4775661663658144,-0.1626338245506791,1.7477069285594715,0.9191452394795026,0.8277177134632152,0.6618208657235272,1.4775661663658144,1.421137757238664,1.3157755056620282,-0.1626338245506791,-0.1044863508125953,-0.0290432042404246,0.0035001925919534,0.0018051639221952,0.0015849676230008,0.0001100610467574,downstairs,wiktor
1672842709100193700,0.8590592357482635,1.421263988379509,-0.1774703367255406,1.670170594761594,0.8590592357482635,0.9191452394795026,0.8277177134632152,1.421263988379509,1.4775661663658144,1.421137757238664,-0.1774703367255406,-0.1626338245506791,-0.1044863508125953,0.0513753636475537,0.0459285464019708,0.0042187032330111,0.0012281140125717,downstairs,wiktor
1672842709110193700,0.5559798850759657,1.3294086321610372,-0.1279099894190153,1.446651965493614,0.5559798850759657,0.8590592357482635,0.9191452394795026,1.3294086321610372,1.421263988379509,1.4775661663658144,-0.1279099894190153,-0.1774703367255406,-0.1626338245506791,0.0707214134178725,0.0653181974419155,3.848570061296525e-05,0.005364730275344,downstairs,wiktor
1672842709120193700,0.1945433140377943,1.320635297491373,-0.0243268800300419,1.3351091667384098,0.1945433140377943,0.5559798850759657,0.8590592357482635,1.320635297491373,1.3294086321610372,1.421263988379509,-0.0243268800300419,-0.1279099894190153,-0.1774703367255406,0.0572439434016269,0.0496143862788291,0.0060730902821927,0.0015564668406049,downstairs,wiktor
1672842709130193700,-0.1204626740920479,1.43084500924304,0.0314667905895714,1.4362516684881974,-0.1204626740920479,0.1945433140377943,0.5559798850759657,1.43084500924304,1.320635297491373,1.3294086321610372,0.0314667905895714,-0.0243268800300419,-0.1279099894190153,0.0467050554030231,0.0447950950057288,0.0019099158711792,4.452611510975936e-08,downstairs,wiktor
1672842709140193700,-0.4197788781496594,1.492649796617146,0.0317652067925824,1.5508793474169325,-0.4197788781496594,-0.1204626740920479,0.1945433140377943,1.492649796617146,1.43084500924304,1.320635297491373,0.0317652067925824,0.0314667905895714,-0.0243268800300419,0.0526488814805327,0.0526375718919132,9.365602335863794e-06,1.943986283701315e-06,downstairs,wiktor
1672842709150193700,-0.7442401913810313,1.4883218404399503,0.0337370010433608,1.6643718179652152,-0.7442401913810313,-0.4197788781496594,-0.1204626740920479,1.4883218404399503,1.492649796617146,1.43084500924304,0.0337370010433608,0.0317652067925824,0.0314667905895714,0.0228033849387115,0.0146708128592445,0.0001633093878701,0.0079692626915968,downstairs,wiktor
1672842709160193700,-0.9155341659349808,1.4702492430687837,0.1599848738301674,1.7393765565837225,-0.9155341659349808,-0.7442401913810313,-0.4197788781496594,1.4702492430687837,1.4883218404399503,1.492649796617146,0.1599848738301674,0.0337370010433608,0.0317652067925824,0.0127123282484254,0.0048268626371545,0.0049921740697832,0.0028932915414876,downstairs,wiktor
1672842709170193700,-1.0137875387743351,1.370327533017532,0.2360544675123691,1.7208382937256443,-1.0137875387743351,-0.9155341659349808,-0.7442401913810313,1.370327533017532,1.4702492430687837,1.4883218404399503,0.2360544675123691,0.1599848738301674,0.0337370010433608,0.0080460318183672,2.0660260962507004e-05,0.0073993815244242,0.0006259900329804,downstairs,wiktor
1672842709180193700,-1.0073594347050925,1.2486773663557122,0.2714377978525297,1.6271590807420866,-1.0073594347050925,-1.0137875387743351,-0.9155341659349808,1.2486773663557122,1.370327533017532,1.4702492430687837,0.2714377978525297,0.2360544675123691,0.1599848738301674,0.0263023513379099,0.0228008556969724,0.0031769726299015,0.0003245230110359,downstairs,wiktor
1672842709190193700,-0.7938138625338463,1.1689657281853474,0.2969141795044012,1.443876501648799,-0.7938138625338463,-1.0073594347050925,-1.0137875387743351,1.1689657281853474,1.2486773663557122,1.370327533017532,0.2969141795044012,0.2714377978525297,0.2360544675123691,0.0223371643906545,0.0171107217246099,0.0045950077942211,0.0006314348718235,downstairs,wiktor
1672842709200193700,-0.608823475082985,1.0731011591911552,0.2613773008619677,1.261162247720495,-0.608823475082985,-0.7938138625338463,-1.0073594347050925,1.0731011591911552,1.1689657281853474,1.2486773663557122,0.2613773008619677,0.2969141795044012,0.2714377978525297,0.044407873212447,0.0384894109577922,0.0018520810302679,0.0040663812243868,downstairs,wiktor
1672842709210193700,-0.3313728994562898,1.012239331576994,0.171195470936124,1.0787698327977795,-0.3313728994562898,-0.608823475082985,-0.7938138625338463,1.012239331576994,1.0731011591911552,1.1689657281853474,0.171195470936124,0.2613773008619677,0.2969141795044012,0.4191168152235083,0.4070499122652243,0.0005076940737047,0.0115592088845792,downstairs,wiktor
1672842709220193700,0.570901905982967,1.0441044872710976,0.0191480514606243,1.190146971793553,0.570901905982967,-0.3313728994562898,-0.608823475082985,1.0441044872710976,1.012239331576994,1.0731011591911552,0.0191480514606243,0.171195470936124,0.2613773008619677,0.131552632182467,0.1117044592521308,2.639737842462926e-05,0.0198217755519115,downstairs,wiktor
1672842709230193700,1.0435634323464544,1.0513704873295382,-0.1799588321567513,1.4922431840117365,1.0435634323464544,0.570901905982967,-0.3313728994562898,1.0513704873295382,1.0441044872710976,1.012239331576994,-0.1799588321567513,0.0191480514606243,0.171195470936124,0.0319320747356991,0.0184649165046102,0.0088756196056053,0.0045915386254835,downstairs,wiktor
1672842709240193700,0.8513920686909386,0.9181367107891628,-0.2757872060914434,1.282147439794778,0.8513920686909386,1.0435634323464544,0.570901905982967,0.9181367107891628,1.0513704873295382,1.0441044872710976,-0.2757872060914434,-0.1799588321567513,0.0191480514606243,0.324780203387714,0.3174914316544254,0.0065897103457577,0.0006990613875308,downstairs,wiktor
1672842709250193700,0.054533948754365,0.8033350527370445,-0.3131786860710006,0.8639456278794009,0.054533948754365,0.8513920686909386,1.0435634323464544,0.8033350527370445,0.9181367107891628,1.0513704873295382,-0.3131786860710006,-0.2757872060914434,-0.1799588321567513,0.1068795999842625,0.1007444211312518,0.0043147627572665,0.0018204160957441,downstairs,wiktor
1672842709260193700,-0.3943411366118243,0.7104398132759558,-0.2528393772293482,0.8509743891502288,-0.3943411366118243,0.054533948754365,0.8513920686909386,0.7104398132759558,0.8033350527370445,0.9181367107891628,-0.2528393772293482,-0.3131786860710006,-0.2757872060914434,0.0334274775694258,0.023504301331992,0.0002400384947545,0.0096831377426792,downstairs,wiktor
1672842709270193700,-0.177526463067841,0.732350472542832,-0.1136766110691483,0.7620861051267458,-0.177526463067841,-0.3943411366118243,0.054533948754365,0.732350472542832,0.7104398132759558,0.8033350527370445,-0.1136766110691483,-0.2528393772293482,-0.3131786860710006,0.0082161427921998,0.0072961090964087,1.606311085725912e-05,0.0009039705849339,downstairs,wiktor
1672842709280193700,-0.056728208971114,0.7380184723412193,-0.071156719608,0.7436078495788684,-0.056728208971114,-0.177526463067841,-0.3943411366118243,0.7380184723412193,0.732350472542832,0.7104398132759558,-0.071156719608,-0.1136766110691483,-0.2528393772293482,0.009791574492509,0.0054260122483434,0.0043651166946655,4.455495000134186e-07,downstairs,wiktor
1672842709290193700,-0.1609012596929154,0.6445827543885487,-0.0702127392056468,0.6680613530003479,-0.1609012596929154,-0.056728208971114,-0.177526463067841,0.6445827543885487,0.7380184723412193,0.732350472542832,-0.0702127392056468,-0.071156719608,-0.1136766110691483,0.0292305186701316,0.0199098264166054,0.0064845942556277,0.0028360979978985,downstairs,wiktor
1672842709300193700,-0.3604498824223417,0.5307004093509818,0.0051012435319365,0.6415551924107167,-0.3604498824223417,-0.1609012596929154,-0.056728208971114,0.5307004093509818,0.6445827543885487,0.7380184723412193,0.0051012435319365,-0.0702127392056468,-0.071156719608,0.0171265083510519,0.0124286763130798,0.0013728279248103,0.0033250041131617,downstairs,wiktor
1672842709310193700,-0.2027877353287551,0.4783014031617344,0.0866488261222465,0.5266907222788461,-0.2027877353287551,-0.3604498824223417,-0.1609012596929154,0.4783014031617344,0.5307004093509818,0.6445827543885487,0.0866488261222465,0.0051012435319365,-0.0702127392056468,0.048579924594941,0.0479259063218198,0.0001775669372576,0.0004764513358635,downstairs,wiktor
1672842709320193700,0.1068117036947024,0.4594564071544283,0.0557797044676356,0.4749950584499985,0.1068117036947024,-0.2027877353287551,-0.3604498824223417,0.4594564071544283,0.4783014031617344,0.5307004093509818,0.0557797044676356,0.0866488261222465,0.0051012435319365,0.0113245419265028,0.0042219728520531,3.3661134808044e-06,0.0070992029609689,downstairs,wiktor
1672842709330193700,0.1987026483198734,0.4620510606884495,-0.0633773596198023,0.5069424176817622,0.1987026483198734,0.1068117036947024,-0.2027877353287551,0.4620510606884495,0.4594564071544283,0.4783014031617344,-0.0633773596198023,0.0557797044676356,0.0866488261222465,0.001683404903206,0.0003374121556959,0.0006005298474602,0.0007454629000498,downstairs,wiktor
1672842709340193700,0.2246800290845297,0.4967073688432494,-0.1019898679571231,0.5546181198793638,0.2246800290845297,0.1987026483198734,0.1068117036947024,0.4967073688432494,0.4620510606884495,0.4594564071544283,-0.1019898679571231,-0.0633773596198023,0.0557797044676356,0.0015663140968326,0.000925531988742,2.135497550780393e-05,0.0006194271325827,downstairs,wiktor
1672842709350193700,0.2677040221289243,0.5032426539185624,-0.0667925063349,0.5739162404824412,0.2677040221289243,0.2246800290845297,0.1987026483198734,0.5032426539185624,0.4967073688432494,0.4620510606884495,-0.0667925063349,-0.1019898679571231,-0.0633773596198023,0.0054781437569143,0.0001759471607482,0.0025744771503878,0.0027277194457782,downstairs,wiktor
1672842709360193700,0.2864628686152213,0.4314864395481281,0.0070684366021927,0.5179686143051345,0.2864628686152213,0.2677040221289243,0.2246800290845297,0.4314864395481281,0.5032426539185624,0.4967073688432494,0.0070684366021927,-0.0667925063349,-0.1019898679571231,0.0087307178823308,0.0002238338795397,0.0043435158834456,0.0041633681193453,downstairs,wiktor
1672842709370193700,0.2653047080363909,0.338282191968464,0.0983193885900529,0.4410080857331135,0.2653047080363909,0.2864628686152213,0.2677040221289243,0.338282191968464,0.4314864395481281,0.5032426539185624,0.0983193885900529,0.0070684366021927,-0.0667925063349,0.0047679264031831,0.0001771367758987,0.0030037817929096,0.0015870078343746,downstairs,wiktor
1672842709380193700,0.246482552160999,0.2607737176845556,0.1546577917334629,0.3907372683769686,0.246482552160999,0.2653047080363909,0.2864628686152213,0.2607737176845556,0.338282191968464,0.4314864395481281,0.1546577917334629,0.0983193885900529,0.0070684366021927,0.0005991850234531,2.0946666031136143e-05,0.0005385572447071,3.968111271479528e-05,downstairs,wiktor
1672842709390193700,0.2529550580174871,0.2279542952427401,0.1635663396190384,0.377760995276928,0.2529550580174871,0.246482552160999,0.2653047080363909,0.2279542952427401,0.2607737176845556,0.338282191968464,0.1635663396190384,0.1546577917334629,0.0983193885900529,0.0011065941145677,0.0005160839331877,5.760184972019898e-05,0.0005329083316597,downstairs,wiktor
1672842709400193700,0.2208276885892958,0.2386875938708599,0.1309194919409001,0.3505375142343755,0.2208276885892958,0.2529550580174871,0.246482552160999,0.2386875938708599,0.2279542952427401,0.2607737176845556,0.1309194919409001,0.1635663396190384,0.1546577917334629,0.0049304729690286,0.0003307631078824,0.0019691539706459,0.0026305558905002,downstairs,wiktor
1672842709410193700,0.1951075366503021,0.3014435333610148,0.0583859701664789,0.3637912535716097,0.1951075366503021,0.2208276885892958,0.2529550580174871,0.3014435333610148,0.2386875938708599,0.2279542952427401,0.0583859701664789,0.1309194919409001,0.1635663396190384,0.0106421739665235,0.0012532962833365,0.0041918859232471,0.0051969917599399,downstairs,wiktor
1672842709420193700,0.2451734189123077,0.393006472624094,-0.0435649176171976,0.4652547634496351,0.2451734189123077,0.1951075366503021,0.2208276885892958,0.393006472624094,0.3014435333610148,0.2386875938708599,-0.0435649176171976,0.0583859701664789,0.1309194919409001,0.0125887567590329,0.0033840211199808,0.003098262964352,0.0061064726747,downstairs,wiktor
1672842709430193700,0.3274415308388722,0.4717244878982615,-0.1540771130953445,0.5945432746073046,0.3274415308388722,0.2451734189123077,0.1951075366503021,0.4717244878982615,0.393006472624094,0.3014435333610148,-0.1540771130953445,-0.0435649176171976,0.0583859701664789,0.0057081424937662,0.0021062943677486,0.0004049674728726,0.0031968806531449,downstairs,wiktor
1672842709440193700,0.392345989356738,0.5001838439300701,-0.2340381117527524,0.6774164825613356,0.392345989356738,0.3274415308388722,0.2451734189123077,0.5001838439300701,0.4717244878982615,0.393006472624094,-0.2340381117527524,-0.1540771130953445,-0.0435649176171976,0.0009348841249302,0.0002243185251338,2.134046107507389e-05,0.0006892251387212,downstairs,wiktor
1672842709450193700,0.4135270433972663,0.493650780165637,-0.2711655985710465,0.6987320589663971,0.4135270433972663,0.392345989356738,0.3274415308388722,0.493650780165637,0.5001838439300701,0.4717244878982615,-0.2711655985710465,-0.2340381117527524,-0.1540771130953445,0.0004671845113948,0.000117931244663,6.192298381779808e-05,0.0002873302829139,downstairs,wiktor
1672842709460193700,0.3981692281448882,0.4825221698464824,-0.2951376774510238,0.6917171584441419,0.3981692281448882,0.4135270433972663,0.392345989356738,0.4825221698464824,0.493650780165637,0.5001838439300701,-0.2951376774510238,-0.2711655985710465,-0.2340381117527524,0.0007817745191167,0.0003481914338189,8.508306578588362e-05,0.0003485000195119,downstairs,wiktor
1672842709470193700,0.3717801609458032,0.4955669439561313,-0.3215384357549797,0.6979928722291266,0.3717801609458032,0.3981692281448882,0.4135270433972663,0.4955669439561313,0.4825221698464824,0.493650780165637,-0.3215384357549797,-0.2951376774510238,-0.2711655985710465,0.0006638650071144,2.753019740477097e-05,0.0002969706489681,0.0003393641607414,downstairs,wiktor
1672842709480193700,0.3643598917586684,0.5199378548528609,-0.3475908506427208,0.723818280428115,0.3643598917586684,0.3717801609458032,0.3981692281448882,0.5199378548528609,0.4955669439561313,0.4825221698464824,-0.3475908506427208,-0.3215384357549797,-0.2951376774510238,0.0004624360222638,2.9806947754589705e-05,0.0001244141284118,0.0003082149460974,downstairs,wiktor
1672842709490193700,0.3720808952885976,0.5357121458614521,-0.3724188568493187,0.751084216848683,0.3720808952885976,0.3643598917586684,0.3717801609458032,0.5357121458614521,0.5199378548528609,0.4955669439561313,-0.3724188568493187,-0.3475908506427208,-0.3215384357549797,0.0002011792066182,8.034454387346478e-05,7.726937584330546e-05,4.356528690151659e-05,downstairs,wiktor
1672842709500193700,0.3847572152493326,0.5481435074798192,-0.3817532327686308,0.7708663633912173,0.3847572152493326,0.3720808952885976,0.3643598917586684,0.5481435074798192,0.5357121458614521,0.5199378548528609,-0.3817532327686308,-0.3724188568493187,-0.3475908506427208,0.0047129070681714,0.0043142295281268,9.764028702661476e-05,0.0003010372530179,downstairs,wiktor
1672842709510193700,0.2918677160782541,0.5621177900751165,-0.3572160262031748,0.7271632987053571,0.2918677160782541,0.3847572152493326,0.3720808952885976,0.5621177900751165,0.5481435074798192,0.5357121458614521,-0.3572160262031748,-0.3817532327686308,-0.3724188568493187,0.0308033566253385,0.0259175125487477,2.1163619838367665e-05,0.0048646804567524,downstairs,wiktor
1672842709520193700,0.0641946498242601,0.5686237288756845,-0.2585785033556046,0.6279464471626317,0.0641946498242601,0.2918677160782541,0.3847572152493326,0.5686237288756845,0.5621177900751165,0.5481435074798192,-0.2585785033556046,-0.3572160262031748,-0.3817532327686308,0.0189727955901647,0.0077969235254252,4.9871336916206655e-05,0.0111260007278232,downstairs,wiktor
1672842709530193700,-0.0606806762047458,0.5786108542795438,-0.1094074557101367,0.5919819731374717,-0.0606806762047458,0.0641946498242601,0.2918677160782541,0.5786108542795438,0.5686237288756845,0.5621177900751165,-0.1094074557101367,-0.2585785033556046,-0.3572160262031748,0.0576162739398264,0.0413861422467342,0.0096631310094659,0.0065670006836262,downstairs,wiktor
1672842709540193700,0.2270210521415894,0.7176297811166181,0.0051962151178629,0.7527005124965113,0.2270210521415894,-0.0606806762047458,0.0641946498242601,0.7176297811166181,0.5786108542795438,0.5686237288756845,0.0051962151178629,-0.1094074557101367,-0.2585785033556046,0.7739273863498002,0.5557201366444637,0.2181882205835018,1.9029121834617024e-05,downstairs,wiktor
1672842709550193700,1.2812697292993689,1.3782177322381957,0.0113653514973923,1.881825020529096,1.2812697292993689,0.2270210521415894,-0.0606806762047458,1.3782177322381957,0.7176297811166181,0.5786108542795438,0.0113653514973923,0.0051962151178629,-0.1094074557101367,0.4235537098265944,0.0122820633659042,0.382774794436973,0.0284968520237171,downstairs,wiktor
1672842709560193700,1.4379991991887564,2.253174639105012,-0.2273681904430613,2.6825983570409595,1.4379991991887564,1.2812697292993689,0.2270210521415894,2.253174639105012,1.3782177322381957,0.7176297811166181,-0.2273681904430613,0.0113653514973923,0.0051962151178629,1.308674735281352,1.1309368858749913,0.1711595409590086,0.006578308447352,downstairs,wiktor
1672842709570193700,-0.0659535167401661,2.838255045474954,-0.3420704872583566,2.85955482335758,-0.0659535167401661,1.4379991991887564,1.2812697292993689,2.838255045474954,2.253174639105012,1.3782177322381957,-0.3420704872583566,-0.2273681904430613,0.0113653514973923,0.1156650873628939,0.0500734923227445,0.0558913602389869,0.0097002348011623,downstairs,wiktor
1672842709580193700,0.2505065670705557,3.1725942751175045,-0.2027849187226149,3.1889229683256968,0.2505065670705557,-0.0659535167401661,1.4379991991887564,3.1725942751175045,2.838255045474954,2.253174639105012,-0.2027849187226149,-0.3420704872583566,-0.2273681904430613,0.4802500855210654,0.0063267686557116,0.4735453132838499,0.0003780035815038,downstairs,wiktor
1672842709590193700,0.3629945100307826,2.199408462146672,-0.2302805031500757,2.241024700400674,0.3629945100307826,0.2505065670705557,-0.0659535167401661,2.199408462146672,3.1725942751175045,2.838255045474954,-0.2302805031500757,-0.2027849187226149,-0.3420704872583566,0.8755217313641585,5.914372025934032e-05,0.8706091373272267,0.0048534503166724,downstairs,wiktor
1672842709600193700,0.3738705129968855,0.8798561613057948,-0.1317568987024875,0.965031556702692,0.3738705129968855,0.3629945100307826,0.2505065670705557,0.8798561613057948,2.199408462146672,3.1725942751175045,-0.1317568987024875,-0.2302805031500757,-0.2027849187226149,0.1408369646731213,0.0210651161482745,0.1172432144424934,0.0025286340823533,downstairs,wiktor
1672842709610193700,0.1686140093324485,0.3956181734475652,-0.0606424264432726,0.434306259671765,0.1686140093324485,0.3738705129968855,0.3629945100307826,0.3956181734475652,0.8798561613057948,2.199408462146672,-0.0606424264432726,-0.1317568987024875,-0.2302805031500757,0.0249256385374704,1.984651836196013e-05,0.0248998277832227,5.964235885674661e-06,downstairs,wiktor
1672842709620193700,0.1749142503376736,0.1724598091265172,-0.0571886644695186,0.2522061142774939,0.1749142503376736,0.1686140093324485,0.3738705129968855,0.1724598091265172,0.3956181734475652,0.8798561613057948,-0.0571886644695186,-0.0606424264432726,-0.1317568987024875,0.0014609163848665,0.0002322306492866,0.0011948386128023,3.384712277753384e-05,downstairs,wiktor
1672842709630193700,0.1533628861448146,0.1235754841786907,-0.0654163157476822,0.2075340201091514,0.1533628861448146,0.1749142503376736,0.1686140093324485,0.1235754841786907,0.1724598091265172,0.3956181734475652,-0.0654163157476822,-0.0571886644695186,-0.0606424264432726,0.0399485121767286,0.0009935077110838,0.0387692982092913,0.0001857062563534,downstairs,wiktor
1672842709640193700,0.1087869349809003,0.4020330149056988,-0.0461442501420724,0.4190398956160125,0.1087869349809003,0.1533628861448146,0.1749142503376736,0.4020330149056988,0.1235754841786907,0.1724598091265172,-0.0461442501420724,-0.0654163157476822,-0.0571886644695186,0.0924384727553908,0.0026838974382952,0.0881667831651509,0.0015877921519447,downstairs,wiktor
1672842709650193700,0.1820521714617202,0.8219539197560074,0.0102080728259243,0.8419355344009493,0.1820521714617202,0.1087869349809003,0.1533628861448146,0.8219539197560074,0.4020330149056988,0.1235754841786907,0.0102080728259243,-0.0461442501420724,-0.0654163157476822,0.0396440292854046,1.3470459005961667e-05,0.0393111465775416,0.000319412248857,downstairs,wiktor
1672842709660193700,0.1872426356039645,1.1023505908401756,0.0354830505255001,1.1187026756865286,0.1872426356039645,0.1820521714617202,0.1087869349809003,1.1023505908401756,0.8219539197560074,0.4020330149056988,0.0354830505255001,0.0102080728259243,-0.0461442501420724,0.0231722764774129,0.0061070214519298,0.0167324946523368,0.0003327603731462,downstairs,wiktor
1672842709670193700,0.0767254744756595,1.2852849760843763,0.0612807393036159,1.2890304873009517,0.0767254744756595,0.1872426356039645,0.1820521714617202,1.2852849760843763,1.1023505908401756,0.8219539197560074,0.0612807393036159,0.0354830505255001,0.0102080728259243,0.0045363966349921,0.0014795742774382,0.0028291964224499,0.0002276259351038,downstairs,wiktor
1672842709680193700,0.0223274179398185,1.360507265632754,0.082617371423229,1.3631963040927952,0.0223274179398185,0.0767254744756595,0.1872426356039645,1.360507265632754,1.2852849760843763,1.1023505908401756,0.082617371423229,0.0612807393036159,0.0354830505255001,0.0011853200994177,0.0007889551518305,7.509641462920041e-05,0.000321268532958,downstairs,wiktor
1672842709690193700,0.0620503370629279,1.348251947225695,0.0572690565696526,1.3508935199962575,0.0620503370629279,0.0223274179398185,0.0767254744756595,1.348251947225695,1.360507265632754,1.2852849760843763,0.0572690565696526,0.082617371423229,0.0612807393036159,0.0236283286517444,0.0040463263281055,0.0113974585966169,0.0081845437270219,downstairs,wiktor
1672842709700193700,0.1520095092256988,1.197272090313477,-0.0706726780365496,1.2089507750770907,0.1520095092256988,0.0620503370629279,0.0223274179398185,1.197272090313477,1.348251947225695,1.360507265632754,-0.0706726780365496,0.0572690565696526,0.082617371423229,0.0240617413032125,0.0003863424955131,0.0153107966516684,0.008364602156031,downstairs,wiktor
1672842709710193700,0.1798067211547084,1.022281824003214,-0.200014103388453,1.0570696411372489,0.1798067211547084,0.1520095092256988,0.0620503370629279,1.022281824003214,1.197272090313477,1.348251947225695,-0.200014103388453,-0.0706726780365496,0.0572690565696526,0.0113500694838203,0.0022031758282856,0.0064619882517227,0.0026849054038119,downstairs,wiktor
1672842709720193700,0.1134263652007726,0.908598155416009,-0.2732930963374828,0.9555654163131698,0.1134263652007726,0.1798067211547084,0.1520095092256988,0.908598155416009,1.022281824003214,1.197272090313477,-0.2732930963374828,-0.200014103388453,-0.0706726780365496,0.0079069029039605,0.0058138258501122,0.0011084172468531,0.0009846598069951,downstairs,wiktor
1672842709730193700,0.0055947756723576,0.8615148835064838,-0.3176701130690101,0.9182339008963304,0.0055947756723576,0.1134263652007726,0.1798067211547084,0.8615148835064838,0.908598155416009,1.022281824003214,-0.3176701130690101,-0.2732930963374828,-0.200014103388453,0.0025784209705426,0.0015835991394253,4.036195443184147e-07,0.0009944182115729,downstairs,wiktor
1672842709740193700,-0.0506830910147398,0.8606164186553978,-0.3622664853782684,0.9351290831764216,-0.0506830910147398,0.0055947756723576,0.1134263652007726,0.8606164186553978,0.8615148835064838,0.908598155416009,-0.3622664853782684,-0.3176701130690101,-0.2732930963374828,0.0021169189384971,0.000281435843778,0.0009867898132129,0.0008486932815061,downstairs,wiktor
1672842709750193700,-0.0744080080336916,0.9050414074165206,-0.4034658368660318,0.993690687445558,-0.0744080080336916,-0.0506830910147398,0.0055947756723576,0.9050414074165206,0.8606164186553978,0.8615148835064838,-0.4034658368660318,-0.3622664853782684,-0.3176701130690101,0.0020468612758134,0.0003622122635762,0.0015642332881313,0.0001204157241058,downstairs,wiktor
1672842709760193700,-0.1013231436854501,0.9609741042606984,-0.4189845819252085,1.053226323444774,-0.1013231436854501,-0.0744080080336916,-0.0506830910147398,0.9609741042606984,0.9050414074165206,0.8606164186553978,-0.4189845819252085,-0.4034658368660318,-0.3622664853782684,0.0028798941601563,5.843999687626277e-05,0.0022370744315623,0.0005843797317176,downstairs,wiktor
1672842709770193700,-0.0905120385729962,1.0278631830637794,-0.3847974576905595,1.1012557539780494,-0.0905120385729962,-0.1013231436854501,-0.0744080080336916,1.0278631830637794,0.9609741042606984,0.9050414074165206,-0.3847974576905595,-0.4189845819252085,-0.4034658368660318,0.009175409307758,0.0052355220357578,0.0013275386616657,0.0026123486103344,downstairs,wiktor
1672842709780193700,0.011816081079012,1.0793906254933374,-0.3125153906153233,1.1237836142008888,0.011816081079012,-0.0905120385729962,-0.1013231436854501,1.0793906254933374,1.0278631830637794,0.9609741042606984,-0.3125153906153233,-0.3847974576905595,-0.4189845819252085,0.0079657525610555,0.0037168170971781,0.0002523718805453,0.003996563583332,downstairs,wiktor
1672842709790193700,0.0980346068977494,1.1018571285832854,-0.223111100076982,1.1284850370904171,0.0980346068977494,0.011816081079012,-0.0905120385729962,1.1018571285832854,1.0793906254933374,1.0278631830637794,-0.223111100076982,-0.3125153906153233,-0.3847974576905595,0.0045904032237561,0.0001118720272099,1.921852455851514e-07,0.0044783390113006,downstairs,wiktor
1672842709800193700,0.1129926834592551,1.1012371523811857,-0.1284713725699713,1.114448520960012,0.1129926834592551,0.0980346068977494,0.011816081079012,1.1012371523811857,1.1018571285832854,1.0793906254933374,-0.1284713725699713,-0.223111100076982,-0.3125153906153233,0.0014241666957788,0.000116577840971,0.0004209302424167,0.0008866586123911,downstairs,wiktor
1672842709810193700,0.0977232472567585,1.07222232022876,-0.0863605993072748,1.0801243864314252,0.0977232472567585,0.1129926834592551,0.0980346068977494,1.07222232022876,1.1012371523811857,1.1018571285832854,-0.0863605993072748,-0.1284713725699713,-0.223111100076982,0.0010924607071304,5.270201300123527e-05,0.0010205356396626,1.922305446652324e-05,downstairs,wiktor
1672842709820193700,0.1079898935447374,1.0270441033612774,-0.0925610919435938,1.036845679500457,0.1079898935447374,0.0977232472567585,0.1129926834592551,1.0270441033612774,1.07222232022876,1.1012371523811857,-0.0925610919435938,-0.0863605993072748,-0.1284713725699713,0.0030209291738513,1.950031196001227e-05,0.0019629703502488,0.0010384585116424,downstairs,wiktor
1672842709830193700,0.1142349414965168,0.964386775773056,-0.1381342970457687,0.980903950020078,0.1142349414965168,0.1079898935447374,0.0977232472567585,0.964386775773056,1.0270441033612774,1.07222232022876,-0.1381342970457687,-0.0925610919435938,-0.0863605993072748,0.0017157942532795,0.0004168880686088,0.0010294841647539,0.0002694220199167,downstairs,wiktor
1672842709840193700,0.0853597594673453,0.9190109195331144,-0.1613473114952859,0.9369633470334794,0.0853597594673453,0.1142349414965168,0.1079898935447374,0.9190109195331144,0.964386775773056,1.0270441033612774,-0.1613473114952859,-0.1381342970457687,-0.0925610919435938,0.001246369667139,0.0006390142189031,0.0004797099875492,0.0001276454606866,downstairs,wiktor
1672842709850193700,0.0496102358648362,0.8880364142893105,-0.1773251374229061,0.9069256049800518,0.0496102358648362,0.0853597594673453,0.1142349414965168,0.8880364142893105,0.9190109195331144,0.964386775773056,-0.1773251374229061,-0.1613473114952859,-0.1381342970457687,0.0012869130793461,0.0002273663553091,0.0009946075326334,6.493919140355477e-05,downstairs,wiktor
1672842709860193700,0.0282857731372967,0.8434357969699631,-0.1887215571592579,0.8647542163580044,0.0282857731372967,0.0496102358648362,0.0853597594673453,0.8434357969699631,0.8880364142893105,0.9190109195331144,-0.1887215571592579,-0.1773251374229061,-0.1613473114952859,0.00103015725706,0.0004563944806479,0.0004401969827165,0.0001335657936955,downstairs,wiktor
1672842709870193700,0.0584981706140915,0.8137643634785879,-0.1723773965080906,0.8338755554996287,0.0584981706140915,0.0282857731372967,0.0496102358648362,0.8137643634785879,0.8434357969699631,0.8880364142893105,-0.1723773965080906,-0.1887215571592579,-0.1773251374229061,0.0034313576399495,0.0023303856132128,1.3914223633137708e-05,0.0010870578031035,downstairs,wiktor
1672842709880193700,0.1267680118796586,0.8084890959719798,-0.1257499839034109,0.8279721043569153,0.1267680118796586,0.0584981706140915,0.0282857731372967,0.8084890959719798,0.8137643634785879,0.8434357969699631,-0.1257499839034109,-0.1723773965080906,-0.1887215571592579,0.0074166774561614,0.0044311956675665,0.0007940927377777,0.0021913890508171,downstairs,wiktor
1672842709890193700,0.2209082866568926,0.8483411407821966,-0.0595474303149411,0.8786518415814283,0.2209082866568926,0.1267680118796586,0.0584981706140915,0.8483411407821966,0.8084890959719798,0.8137643634785879,-0.0595474303149411,-0.1257499839034109,-0.1723773965080906,0.0052277390919234,0.0015047163196682,0.0030245187303453,0.0006985040419098,downstairs,wiktor
1672842709900193700,0.27576658265063,0.9261166990295708,-0.0221708589925237,0.9665562039098924,0.27576658265063,0.2209082866568926,0.1267680118796586,0.9261166990295708,0.8483411407821966,0.8084890959719798,-0.0221708589925237,-0.0595474303149411,-0.1257499839034109,0.0017392464589309,6.44993287223917e-05,0.0007306748393412,0.0009440722908673,downstairs,wiktor
1672842709910193700,0.2871243402393789,0.9643443026515924,-0.0656236446539139,1.0083187906372408,0.2871243402393789,0.27576658265063,0.2209082866568926,0.9643443026515924,0.9261166990295708,0.8483411407821966,-0.0656236446539139,-0.0221708589925237,-0.0595474303149411,0.0048529373618771,0.0035870951440193,1.2738130467038429e-05,0.0012531040873907,downstairs,wiktor
1672842709920193700,0.3718249322564286,0.9592969012474958,-0.1156856879080745,1.0353200004719845,0.3718249322564286,0.2871243402393789,0.27576658265063,0.9592969012474958,0.9643443026515924,0.9261166990295708,-0.1156856879080745,-0.0656236446539139,-0.0221708589925237,0.0009605464322528,0.0001380981033737,0.0005637026374458,0.0002587456914332,downstairs,wiktor
1672842709930193700,0.3552057804505279,0.9928737574864532,-0.138434124840456,1.0635475784801918,0.3552057804505279,0.3718249322564286,0.2871243402393789,0.9928737574864532,0.9592969012474958,0.9643443026515924,-0.138434124840456,-0.1156856879080745,-0.0656236446539139,0.0276253307097504,0.0258378209600284,0.0016675338026754,0.0001199759470465,downstairs,wiktor
1672842709940193700,0.1278830100995202,1.0506238016886085,-0.1539245055360066,1.0695125947604556,0.1278830100995202,0.3552057804505279,0.3718249322564286,1.0506238016886085,0.9928737574864532,0.9592969012474958,-0.1539245055360066,-0.138434124840456,-0.1156856879080745,0.0230213460150721,0.0226155463640238,9.424348366933162e-06,0.0003963753026813,downstairs,wiktor
1672842709950193700,-0.0847930175294715,1.0549653102667258,-0.1820803327368325,1.0739156900136426,-0.0847930175294715,0.1278830100995202,0.3552057804505279,1.0549653102667258,1.0506238016886085,0.9928737574864532,-0.1820803327368325,-0.1539245055360066,-0.138434124840456,0.0063897819491814,0.0021936544411987,0.003058003573434,0.0011381239345486,downstairs,wiktor
1672842709960193700,-0.1510297813574057,0.9767604053894224,-0.2297903722368932,1.0147287812840162,-0.1510297813574057,-0.0847930175294715,0.1278830100995202,0.9767604053894224,1.0549653102667258,1.0506238016886085,-0.2297903722368932,-0.1820803327368325,-0.1539245055360066,0.0170299035411463,0.0054163614501,0.0115470390525988,6.650303844740347e-05,downstairs,wiktor
1672842709970193700,-0.0469494138513283,0.8247930467060599,-0.2413231982953581,0.8606536489152584,-0.0469494138513283,-0.1510297813574057,-0.0847930175294715,0.8247930467060599,0.9767604053894224,1.0549653102667258,-0.2413231982953581,-0.2297903722368932,-0.1820803327368325,0.0186544471207342,0.0085676590548235,0.0091994286541735,0.000887359411737,downstairs,wiktor
1672842709980193700,0.0839525269656325,0.6891506591262654,-0.1991957865130739,0.7222573081130045,0.0839525269656325,-0.0469494138513283,-0.1510297813574057,0.6891506591262654,0.8247930467060599,0.9767604053894224,-0.1991957865130739,-0.2413231982953581,-0.2297903722368932,0.0054422643533145,0.0002406255361816,0.0023803592202403,0.0028212795968925,downstairs,wiktor
1672842709990193700,0.1058899623755276,0.6201526994428037,-0.1240788164345013,0.6412469161297181,0.1058899623755276,0.0839525269656325,-0.0469494138513283,0.6201526994428037,0.6891506591262654,0.8247930467060599,-0.1240788164345013,-0.1991957865130739,-0.2413231982953581,0.0040661032381161,0.0013562460064118,5.732827330159571e-05,0.0026525289584027,downstairs,wiktor
1672842710000193700,0.0538083724149309,0.6094449197194814,-0.0512429879103096,0.6139578934453122,0.0538083724149309,0.1058899623755276,0.0839525269656325,0.6094449197194814,0.6201526994428037,0.6891506591262654,-0.0512429879103096,-0.1240788164345013,-0.1991957865130739,0.0133660136743921,0.0129076741081394,0.0002189802313766,0.000239359334876,downstairs,wiktor
1672842710010193700,-0.1068631814341522,0.6303724246532577,-0.0293633473796204,0.6400401077110651,-0.1068631814341522,0.0538083724149309,0.1058899623755276,0.6303724246532577,0.6094449197194814,0.6201526994428037,-0.0293633473796204,-0.0512429879103096,-0.1240788164345013,0.0331639876496517,0.0321535145950752,6.750420253251852e-07,0.0010097980125511,downstairs,wiktor
1672842710020193700,-0.3604514879274731,0.631534355826198,-0.0743032631016416,0.7309458889996523,-0.3604514879274731,-0.1068631814341522,0.0538083724149309,0.631534355826198,0.6303724246532577,0.6094449197194814,-0.0743032631016416,-0.0293633473796204,-0.0512429879103096,0.0050137915147406,0.0023839630509927,0.0022246917796374,0.0004051366841104,downstairs,wiktor
1672842710030193700,-0.4295016588322985,0.5648306560841684,-0.1027685642281161,0.7169844648147383,-0.4295016588322985,-0.3604514879274731,-0.1068631814341522,0.5648306560841684,0.631534355826198,0.6303724246532577,-0.1027685642281161,-0.0743032631016416,-0.0293633473796204,0.0247182309457064,0.0182152728739246,0.0026253282966823,0.0038776297750994,downstairs,wiktor
1672842710040193700,-0.2386337837253299,0.4923692415702029,-0.0147046127485302,0.5473479500423553,-0.2386337837253299,-0.4295016588322985,-0.3604514879274731,0.4923692415702029,0.5648306560841684,0.631534355826198,-0.0147046127485302,-0.1027685642281161,-0.0743032631016416,0.0552081768115588,0.03121056680966,4.898212320486177e-05,0.0239486278786938,downstairs,wiktor
1672842710050193700,0.0112084337226428,0.5022669305130685,0.2041498040617954,0.5422866778485379,0.0112084337226428,-0.2386337837253299,-0.4295016588322985,0.5022669305130685,0.4923692415702029,0.5648306560841684,0.2041498040617954,-0.0147046127485302,-0.1027685642281161,0.0334115962754823,0.0026946105728353,0.0100293454977257,0.0206876402049212,downstairs,wiktor
1672842710060193700,0.0846197485567383,0.6438956387450212,0.4075589494064492,0.7667244568174105,0.0846197485567383,0.0112084337226428,-0.2386337837253299,0.6438956387450212,0.5022669305130685,0.4923692415702029,0.4075589494064492,0.2041498040617954,-0.0147046127485302,0.0269572672837,0.0153572494708167,0.0097645053940121,0.0018355124188711,downstairs,wiktor
1672842710070193700,-0.0906357761539921,0.7836418758608172,0.4681479322147314,0.9173177856984056,-0.0906357761539921,0.0846197485567383,0.0112084337226428,0.7836418758608172,0.6438956387450212,0.5022669305130685,0.4681479322147314,0.4075589494064492,0.2041498040617954,0.0424766776010813,0.0382939038482913,0.0005318671664311,0.0036509065863588,downstairs,wiktor
1672842710080193700,-0.3673807990479596,0.8162568161928552,0.3826972846296034,0.9734993852865472,-0.3673807990479596,-0.0906357761539921,0.0846197485567383,0.8162568161928552,0.7836418758608172,0.6438956387450212,0.3826972846296034,0.4681479322147314,0.4075589494064492,0.0085053823210961,0.0033917515111705,0.0003623034844281,0.0047513273254974,downstairs,wiktor
1672842710090193700,-0.449742823199513,0.7893382915517028,0.2852157240604632,0.952193023908789,-0.449742823199513,-0.3673807990479596,-0.0906357761539921,0.7893382915517028,0.8162568161928552,0.7836418758608172,0.2852157240604632,0.3826972846296034,0.4681479322147314,0.0005340080646684,0.0001453474170763,0.0002407605951837,0.0001479000524082,downstairs,wiktor
1672842710100193700,-0.4326930480058995,0.8112818826517847,0.2680168838432717,0.9577236641833164,-0.4326930480058995,-0.449742823199513,-0.3673807990479596,0.8112818826517847,0.7893382915517028,0.8162568161928552,0.2680168838432717,0.2852157240604632,0.3826972846296034,0.0201262798360475,0.0079035020923981,0.0120433096542263,0.0001794680894229,downstairs,wiktor
1672842710110193700,-0.3069671390420094,0.9664805273251604,0.2490712727724739,1.044198224989325,-0.3069671390420094,-0.4326930480058995,-0.449742823199513,0.9664805273251604,0.8112818826517847,0.7893382915517028,0.2490712727724739,0.2680168838432717,0.2852157240604632,0.0289535527153317,0.0137275132422309,0.009399505676213,0.0058265337968877,downstairs,wiktor
1672842710120193700,-0.141271555261204,1.1035900140590331,0.1411218976294215,1.121509679604802,-0.141271555261204,-0.3069671390420094,-0.4326930480058995,1.1035900140590331,0.9664805273251604,0.8112818826517847,0.1411218976294215,0.2490712727724739,0.2680168838432717,0.0250783902091512,0.0121115705444953,0.0088442581558616,0.0041225615087942,downstairs,wiktor
1672842710130193700,0.0143662971044422,1.236588195669623,0.0503192378798941,1.237694947013504,0.0143662971044422,-0.141271555261204,-0.3069671390420094,1.236588195669623,1.1035900140590331,0.9664805273251604,0.0503192378798941,0.1411218976294215,0.2490712727724739,0.0168671913194218,0.0018357227676573,0.0148037522639985,0.0002277162877659,downstairs,wiktor
1672842710140193700,0.0749587515465161,1.4086565092197856,0.0289783715541842,1.4109471008576533,0.0749587515465161,0.0143662971044422,-0.141271555261204,1.4086565092197856,1.236588195669623,1.1035900140590331,0.0289783715541842,0.0503192378798941,0.1411218976294215,0.0153003792028698,0.0059278865459801,0.0093606227785124,1.1869878377311553e-05,downstairs,wiktor
1672842710150193700,-0.0339254671996376,1.545482111930042,0.0338507176784475,1.546225005200667,-0.0339254671996376,0.0749587515465161,0.0143662971044422,1.545482111930042,1.4086565092197856,1.236588195669623,0.0338507176784475,0.0289783715541842,0.0503192378798941,0.0173433895110735,0.0158122413557411,0.0015310811288083,6.702652393733739e-08,downstairs,wiktor
1672842710160193700,-0.2117582052190539,1.600818919369727,0.0334845851233876,1.615111131634768,-0.2117582052190539,-0.0339254671996376,0.0749587515465161,1.600818919369727,1.545482111930042,1.4086565092197856,0.0334845851233876,0.0338507176784475,0.0289783715541842,0.0002386133568474,0.0001845846314891,7.508201878340932e-10,5.402797453805843e-05,downstairs,wiktor
1672842710170193700,-0.2309719831655775,1.6007801683648928,0.0438795814714445,1.6179526019348909,-0.2309719831655775,-0.2117582052190539,-0.0339254671996376,1.6007801683648928,1.600818919369727,1.545482111930042,0.0438795814714445,0.0334845851233876,0.0338507176784475,0.0111236115092775,0.0033102623155386,0.0060263397562328,0.001787009437506,downstairs,wiktor
1672842710180193700,-0.1496053768022948,1.4909954721979606,0.1036626800446372,1.5020636531508953,-0.1496053768022948,-0.2309719831655775,-0.2117582052190539,1.4909954721979606,1.6007801683648928,1.600818919369727,0.1036626800446372,0.0438795814714445,0.0334845851233876,0.0148942853382148,5.008153733602248e-06,0.0139648645350673,0.0009244126494138,downstairs,wiktor
1672842710190193700,-0.1527702318490868,1.323873573363204,0.1466606485876715,1.3407047877265297,-0.1527702318490868,-0.1496053768022948,-0.2309719831655775,1.323873573363204,1.4909954721979606,1.6007801683648928,0.1466606485876715,0.1036626800446372,0.0438795814714445,0.0048700712491647,0.0008055647595748,0.004061825442924,2.681046665882286e-06,downstairs,wiktor
1672842710200193700,-0.1929091097500665,1.233742275326129,0.1489762680149014,1.2575881102265176,-0.1929091097500665,-0.1527702318490868,-0.1496053768022948,1.233742275326129,1.323873573363204,1.4909954721979606,0.1489762680149014,0.1466606485876715,0.1036626800446372,0.0001949258481786,3.874556646015638e-06,0.0001384125225684,5.263876896414387e-05,downstairs,wiktor
1672842710210193700,-0.1956928326694734,1.2171042151886922,0.1387157837218338,1.2405161925754324,-0.1956928326694734,-0.1929091097500665,-0.1527702318490868,1.2171042151886922,1.233742275326129,1.323873573363204,0.1387157837218338,0.1489762680149014,0.1466606485876715,0.0003648158149106,4.303607239137287e-05,0.000227124014732,9.46557277872713e-05,downstairs,wiktor
1672842710220193700,-0.1864153252034162,1.2384173104463996,0.1249567337700914,1.2585874199269906,-0.1864153252034162,-0.1956928326694734,-0.1929091097500665,1.2384173104463996,1.2171042151886922,1.233742275326129,0.1249567337700914,0.1387157837218338,0.1489762680149014,0.0023338025041824,0.0005198266716289,0.0018021858686263,1.1789963927103596e-05,downstairs,wiktor
1672842710230193700,-0.1541716693427994,1.2984537305366477,0.1201008169818621,1.3130785202005986,-0.1541716693427994,-0.1864153252034162,-0.1956928326694734,1.2984537305366477,1.2384173104463996,1.2171042151886922,0.1201008169818621,0.1249567337700914,0.1387157837218338,0.0052270746832912,0.0008320821130988,0.0040842404840551,0.0003107520861372,downstairs,wiktor
1672842710240193700,-0.1133775003207727,1.388833379618232,0.1450308023864815,1.4009805664468202,-0.1133775003207727,-0.1541716693427994,-0.1864153252034162,1.388833379618232,1.2984537305366477,1.2384173104463996,0.1450308023864815,0.1201008169818621,0.1249567337700914,0.0123814761176253,0.0001266438171861,0.0104093314559826,0.0018455008444564,downstairs,wiktor
1672842710250193700,-0.1292925131819794,1.5331201181355516,0.2057844170025102,1.552263211210632,-0.1292925131819794,-0.1133775003207727,-0.1541716693427994,1.5331201181355516,1.388833379618232,1.2984537305366477,0.2057844170025102,0.1450308023864815,0.1201008169818621,0.0377217853559033,0.0058050978777071,0.0316659203031113,0.0002507671750848,downstairs,wiktor
1672842710260193700,-0.2370431315347961,1.784778300212397,0.2281793796095289,1.8148522960273832,-0.2370431315347961,-0.1292925131819794,-0.1133775003207727,1.784778300212397,1.5331201181355516,1.388833379618232,0.2281793796095289,0.2057844170025102,0.1450308023864815,0.0067826735139816,0.0004706328478757,0.0043136078175289,0.001998432848577,downstairs,wiktor
1672842710270193700,-0.2677231852464749,1.877661106129627,0.1649586101017633,1.9038115128439472,-0.2677231852464749,-0.2370431315347961,-0.1292925131819794,1.877661106129627,1.784778300212397,1.5331201181355516,0.1649586101017633,0.2281793796095289,0.2057844170025102,0.0500740963345989,0.0038584709380725,0.031793105343537,0.0144225200529892,downstairs,wiktor
1672842710280193700,-0.179877059115921,1.6254980424444907,-0.0048796662259789,1.6354276057134236,-0.179877059115921,-0.2677231852464749,-0.2370431315347961,1.6254980424444907,1.877661106129627,1.784778300212397,-0.0048796662259789,0.1649586101017633,0.2281793796095289,0.0652880472678629,0.005035066456458,0.0539230446430144,0.0063299361683903,downstairs,wiktor
1672842710290193700,-0.0795270072329442,1.2970987591230605,-0.1173957643487841,1.3048262341342802,-0.0795270072329442,-0.179877059115921,-0.2677231852464749,1.2970987591230605,1.6254980424444907,1.877661106129627,-0.1173957643487841,-0.0048796662259789,0.1649586101017633,0.004808207867382,7.847888579786263e-05,0.0047182616656258,1.1467315958337947e-05,downstairs,wiktor
1672842710300193700,-0.0669987283569084,1.1999569898821631,-0.1126067527684393,1.2070898425293608,-0.0669987283569084,-0.0795270072329442,-0.179877059115921,1.1999569898821631,1.2970987591230605,1.6254980424444907,-0.1126067527684393,-0.1173957643487841,-0.0048796662259789,0.0018058075611079,0.0011730295529682,1.6051424316524388e-07,0.0006326174938965,downstairs,wiktor
1672842710310193700,-0.1154348626570007,1.199390396124405,-0.0770366109667387,1.207392715424993,-0.1154348626570007,-0.0669987283569084,-0.0795270072329442,1.199390396124405,1.1999569898821631,1.2970987591230605,-0.0770366109667387,-0.1126067527684393,-0.1173957643487841,0.004618756279323,0.0001936727707966,0.0040150346363731,0.0004100488721533,downstairs,wiktor
1672842710320193700,-0.0957537666104584,1.2890010499148237,-0.1056739597320602,1.2968652498494442,-0.0957537666104584,-0.1154348626570007,-0.0669987283569084,1.2890010499148237,1.199390396124405,1.1999569898821631,-0.1056739597320602,-0.0770366109667387,-0.1126067527684393,0.0345616340024724,0.0193555722330671,0.0095087479341302,0.0056973138352751,downstairs,wiktor
1672842710330193700,0.1009977123322276,1.4269049870169257,-0.2124195810499873,1.4461605921485925,0.1009977123322276,-0.0957537666104584,-0.1154348626570007,1.4269049870169257,1.2890010499148237,1.199390396124405,-0.2124195810499873,-0.1056739597320602,-0.0770366109667387,0.0336389025287655,0.0291999424982034,0.00070656415314,0.0037323958774221,downstairs,wiktor
1672842710340193700,0.3426583938598747,1.4644965858959311,-0.2988186074035535,1.533446309824399,0.3426583938598747,0.1009977123322276,-0.0957537666104584,1.4644965858959311,1.4269049870169257,1.2890010499148237,-0.2988186074035535,-0.2124195810499873,-0.1056739597320602,0.0106189072369847,0.0080242069008479,0.0006153013008316,0.0019793990353052,downstairs,wiktor
1672842710350193700,0.4693407280730391,1.4294166400341823,-0.361737587613109,1.5473741409649102,0.4693407280730391,0.3426583938598747,0.1009977123322276,1.4294166400341823,1.4644965858959311,1.4269049870169257,-0.361737587613109,-0.2988186074035535,-0.2124195810499873,0.0079729486915989,9.753445498803837e-05,0.0074548867069767,0.0004205275296341,downstairs,wiktor
1672842710360193700,0.4553740208742726,1.3073110569761028,-0.3907385368953004,1.438438147017194,0.4553740208742726,0.4693407280730391,0.3426583938598747,1.3073110569761028,1.4294166400341823,1.4644965858959311,-0.3907385368953004,-0.361737587613109,-0.2988186074035535,0.0302661540973612,0.0257146795233916,0.0043981075263346,0.0001533670476349,downstairs,wiktor
1672842710370193700,0.2285936005404542,1.2135229177863889,-0.3732247110634081,1.2900347247842607,0.2285936005404542,0.4553740208742726,0.4693407280730391,1.2135229177863889,1.3073110569761028,1.4294166400341823,-0.3732247110634081,-0.3907385368953004,-0.361737587613109,0.0622288248666119,0.0563348812168182,0.0001250656673635,0.00576887798243,downstairs,wiktor
1672842710380193700,-0.1070695675814542,1.1977073768621216,-0.2658107642740822,1.2315121661177348,-0.1070695675814542,0.2285936005404542,0.4553740208742726,1.1977073768621216,1.2135229177863889,1.3073110569761028,-0.2658107642740822,-0.3732247110634081,-0.3907385368953004,0.0529676409734509,0.0464243843961896,0.0001634377284183,0.0063798188488428,downstairs,wiktor
1672842710390193700,-0.4117805270042806,1.215787074227862,-0.152852197986767,1.2926968734815032,-0.4117805270042806,-0.1070695675814542,0.2285936005404542,1.215787074227862,1.1977073768621216,1.2135229177863889,-0.152852197986767,-0.2658107642740822,-0.3732247110634081,0.0222010372369973,0.0178947918260849,3.3523322510337897e-06,0.0043028930786614,downstairs,wiktor
1672842710400193700,-0.6009618782315351,1.213197737536339,-0.0600848214079135,1.355217368252963,-0.6009618782315351,-0.4117805270042806,-0.1070695675814542,1.213197737536339,1.215787074227862,1.1977073768621216,-0.0600848214079135,-0.152852197986767,-0.2658107642740822,0.0064105828448999,0.0032512005085542,0.0012575124637986,0.001901869872547,downstairs,wiktor
1672842710410193700,-0.6815993448156763,1.1630477133329815,0.0015896445005482,1.3480579280253036,-0.6815993448156763,-0.6009618782315351,-0.4117805270042806,1.1630477133329815,1.213197737536339,1.215787074227862,0.0015896445005482,-0.0600848214079135,-0.152852197986767,0.0055505025504461,0.0014792914511051,0.0036950531548366,0.0003761579445043,downstairs,wiktor
1672842710420193700,-0.7359922019038114,1.0770819858034988,0.0290180219408702,1.3048494821254248,-0.7359922019038114,-0.6815993448156763,-0.6009618782315351,1.0770819858034988,1.1630477133329815,1.213197737536339,0.0290180219408702,0.0015896445005482,-0.0600848214079135,0.011983844696112,0.0070284050565553,0.0049521693741576,3.270265399112635e-06,downstairs,wiktor
1672842710430193700,-0.8545536210632944,0.9775614414505096,0.0315754680885388,1.2988014756952646,-0.8545536210632944,-0.7359922019038114,-0.6815993448156763,0.9775614414505096,1.0770819858034988,1.1630477133329815,0.0315754680885388,0.0290180219408702,0.0015896445005482,0.0080778601066029,0.0076187122881389,0.0004498070711344,9.340747329539644e-06,downstairs,wiktor
1672842710440193700,-0.9779935845122436,0.9475678731021308,0.0272532586235685,1.3620202148235565,-0.9779935845122436,-0.8545536210632944,-0.7359922019038114,0.9475678731021308,0.9775614414505096,1.0770819858034988,0.0272532586235685,0.0315754680885388,0.0290180219408702,0.00054011729912,0.0001061598586735,0.0004200205193026,1.393692114390168e-05,downstairs,wiktor
1672842710450193700,-0.9925647792932843,0.976551334569064,0.0325328270043931,1.3928013982528322,-0.9925647792932843,-0.9779935845122436,-0.8545536210632944,0.976551334569064,0.9475678731021308,0.9775614414505096,0.0325328270043931,0.0272532586235685,0.0315754680885388,0.0048267182621057,0.0033277267501809,0.0014546372195772,4.4354292347658325e-05,downstairs,wiktor
1672842710460193700,-0.9109838164382048,1.030489024908514,0.0231143035163236,1.375621101646911,-0.9109838164382048,-0.9925647792932843,-0.9779935845122436,1.030489024908514,0.976551334569064,0.9475678731021308,0.0231143035163236,0.0325328270043931,0.0272532586235685,0.0057672777579523,0.0043504988815507,0.0009567826631284,0.0004599962132731,downstairs,wiktor
1672842710470193700,-0.8177046774890189,1.074233342553859,-0.0072170734149375,1.350063072597178,-0.8177046774890189,-0.9109838164382048,-0.9925647792932843,1.074233342553859,1.030489024908514,0.976551334569064,-0.0072170734149375,0.0231143035163236,0.0325328270043931,0.0084007799711037,0.0063791097288729,7.472379589848845e-05,0.0019469464463323,downstairs,wiktor
1672842710480193700,-0.7047523890759638,1.0864582184958462,-0.0696181382509213,1.296886300189408,-0.7047523890759638,-0.8177046774890189,-0.9109838164382048,1.0864582184958462,1.074233342553859,1.030489024908514,-0.0696181382509213,-0.0072170734149375,0.0231143035163236,0.0126373212940451,0.009582701434109,0.0001044571474646,0.0029501627124715,downstairs,wiktor
1672842710490193700,-0.5663132224062023,1.1009120863148525,-0.1464317140363452,1.2466596706967945,-0.5663132224062023,-0.7047523890759638,-0.8177046774890189,1.1009120863148525,1.0864582184958462,1.074233342553859,-0.1464317140363452,-0.0696181382509213,-0.0072170734149375,0.032770883079694,0.0268352158406689,0.002717012646677,0.003218654592348,downstairs,wiktor
1672842710500193700,-0.3346444250222261,1.1746279278508076,-0.2266645575899435,1.2422215912440835,-0.3346444250222261,-0.5663132224062023,-0.7047523890759638,1.1746279278508076,1.1009120863148525,1.0864582184958462,-0.2266645575899435,-0.1464317140363452,-0.0696181382509213,0.1721766164587357,0.1562478295995845,0.0078217639414192,0.0081070229177318,downstairs,wiktor
1672842710510193700,0.2243686868089447,1.2997020174251015,-0.3539989435014631,1.3656067859085212,0.2243686868089447,-0.3346444250222261,-0.5663132224062023,1.2997020174251015,1.1746279278508076,1.1009120863148525,-0.3539989435014631,-0.2266645575899435,-0.1464317140363452,0.0661591816141669,0.0538429219683329,0.0005913151347855,0.0117249445110484,downstairs,wiktor
1672842710520193700,0.5525238999881139,1.334091409242507,-0.5071325094564717,1.5304463173925285,0.5525238999881139,0.2243686868089447,-0.3346444250222261,1.334091409242507,1.2997020174251015,1.1746279278508076,-0.5071325094564717,-0.3539989435014631,-0.2266645575899435,0.1018019984904524,0.0889859426364864,0.0113113619853005,0.0015046938686654,downstairs,wiktor
1672842710530193700,0.130656758256297,1.1836828856456003,-0.5619903961942143,1.3168179705877614,0.130656758256297,0.5525238999881139,0.2243686868089447,1.1836828856456003,1.334091409242507,1.2997020174251015,-0.5619903961942143,-0.5071325094564717,-0.3539989435014631,0.1046377002617594,0.1001229934149762,0.0045142625764339,4.442703492283158e-07,downstairs,wiktor
1672842710540193700,-0.3168317743676714,1.088664334020837,-0.5629330205618479,1.265885457321035,-0.3168317743676714,0.130656758256297,0.5525238999881139,1.088664334020837,1.1836828856456003,1.334091409242507,-0.5629330205618479,-0.5619903961942143,-0.5071325094564717,0.0232703423500916,0.0230588221791607,0.0001444079400379,6.711223089295621e-05,downstairs,wiktor
1672842710550193700,-0.5315819649573925,1.0716697501755117,-0.5513474924432893,1.317208979749496,-0.5315819649573925,-0.3168317743676714,0.130656758256297,1.0716697501755117,1.088664334020837,1.1836828856456003,-0.5513474924432893,-0.5629330205618479,-0.5619903961942143,0.0011521571147647,0.0010387354996231,9.55663649940521e-05,1.785525014754196e-05,downstairs,wiktor
1672842710560193700,-0.5771612475235579,1.0854948263050703,-0.5453716661159029,1.344932852517203,-0.5771612475235579,-0.5315819649573925,-0.3168317743676714,1.0854948263050703,1.0716697501755117,1.088664334020837,-0.5453716661159029,-0.5513474924432893,-0.5629330205618479,0.0043512207120204,0.0023098284647664,0.0020109971362584,3.039511099546198e-05,downstairs,wiktor
1672842710570193700,-0.5091931893672961,1.1489140211321645,-0.5531684745649367,1.3730537110050056,-0.5091931893672961,-0.5771612475235579,-0.5315819649573925,1.1489140211321645,1.0854948263050703,1.0716697501755117,-0.5531684745649367,-0.5453716661159029,-0.5513474924432893,0.0286965546687681,0.0222545038500504,0.0056001645654788,0.0008418862532388,downstairs,wiktor
1672842710580193700,-0.298221609053499,1.2547456285609364,-0.5942022716897175,1.4199996690775876,-0.298221609053499,-0.5091931893672961,-0.5771612475235579,1.2547456285609364,1.1489140211321645,1.0854948263050703,-0.5942022716897175,-0.5531684745649367,-0.5453716661159029,0.0368942008224222,0.0257814392633835,0.0087519029370544,0.0023608586219842,downstairs,wiktor
1672842710590193700,-0.0711469990092073,1.3870475781841711,-0.6629170244286202,1.5389677907259418,-0.0711469990092073,-0.298221609053499,-0.5091931893672961,1.3870475781841711,1.2547456285609364,1.1489140211321645,-0.6629170244286202,-0.5942022716897175,-0.5531684745649367,0.0053312053667164,0.0005248145489716,0.0013740080916081,0.0034323827261366,downstairs,wiktor
1672842710600193700,-0.0387490191656547,1.4394691022293222,-0.7457709045566698,1.621649476564669,-0.0387490191656547,-0.0711469990092073,-0.298221609053499,1.4394691022293222,1.3870475781841711,1.2547456285609364,-0.7457709045566698,-0.6629170244286202,-0.5942022716897175,0.0229544720110543,0.0208653535050265,9.920310628201762e-05,0.0019899153997457,downstairs,wiktor
1672842710610193700,-0.2430299703335332,1.4253834282105171,-0.8088568047205852,1.6568134519131237,-0.2430299703335332,-0.0387490191656547,-0.0711469990092073,1.4253834282105171,1.4394691022293222,1.3870475781841711,-0.8088568047205852,-0.7457709045566698,-0.6629170244286202,0.0320713050039085,0.0296152739273793,0.0018724909767732,0.0005835400997559,downstairs,wiktor
1672842710620193700,-0.486403238904177,1.3641871705345252,-0.843019360238461,1.6757912724454476,-0.486403238904177,-0.2430299703335332,-0.0387490191656547,1.3641871705345252,1.4253834282105171,1.4394691022293222,-0.843019360238461,-0.8088568047205852,-0.7457709045566698,0.0158265199289373,0.0143876764031564,0.0013873207073487,5.152281843222304e-05,downstairs,wiktor
1672842710630193700,-0.6560362333548817,1.3115123054212912,-0.853170499921494,1.6965694706324947,-0.6560362333548817,-0.486403238904177,-0.2430299703335332,1.3115123054212912,1.3641871705345252,1.4253834282105171,-0.853170499921494,-0.843019360238461,-0.8088568047205852,0.0032435153849353,0.0010818857436779,0.0021422204111067,1.9409230150588945e-05,downstairs,wiktor
1672842710640193700,-0.70255259055701,1.2460566653112626,-0.8469400536853743,1.6623912927471602,-0.70255259055701,-0.6560362333548817,-0.486403238904177,1.2460566653112626,1.3115123054212912,1.3641871705345252,-0.8469400536853743,-0.853170499921494,-0.843019360238461,0.0030819404933533,6.87073390673659e-05,0.0025586805255808,0.0004545526287051,downstairs,wiktor
1672842710650193700,-0.6908301898585724,1.1745209326235937,-0.8167886812885773,1.5886753986488746,-0.6908301898585724,-0.70255259055701,-0.6560362333548817,1.1745209326235937,1.2460566653112626,1.3115123054212912,-0.8167886812885773,-0.8469400536853743,-0.853170499921494,0.0037455514960392,0.0013116665218543,0.0018815370371523,0.0005523479370325,downstairs,wiktor
1672842710660193700,-0.6396117064399003,1.1131770325657668,-0.7835517158123936,1.504067662108136,-0.6396117064399003,-0.6908301898585724,-0.70255259055701,1.1131770325657668,1.1745209326235937,1.2460566653112626,-0.7835517158123936,-0.8167886812885773,-0.8469400536853743,0.0047261704682929,0.0011063446701084,0.0020515429094251,0.0015682828887593,downstairs,wiktor
1672842710670193700,-0.5925724745135929,1.0491216985267482,-0.727546664455229,1.4075235787832263,-0.5925724745135929,-0.6396117064399003,-0.6908301898585724,1.0491216985267482,1.1131770325657668,1.1745209326235937,-0.727546664455229,-0.7835517158123936,-0.8167886812885773,0.003902939232075,5.9542902143671215e-05,0.0001886893880817,0.0036547069418496,downstairs,wiktor
1672842710680193700,-0.5816598302745762,1.0296954591540997,-0.6420515541640592,1.3456712432693598,-0.5816598302745762,-0.5925724745135929,-0.6396117064399003,1.0296954591540997,1.0491216985267482,1.1131770325657668,-0.6420515541640592,-0.727546664455229,-0.7835517158123936,0.0054767914990754,0.000270866002117,0.0001250314145385,0.0050808940824199,downstairs,wiktor
1672842710690193700,-0.6049349673146457,1.0455088341599952,-0.5412458590628406,1.3236246133021388,-0.6049349673146457,-0.5816598302745762,-0.5925724745135929,1.0455088341599952,1.0296954591540997,1.0491216985267482,-0.5412458590628406,-0.6420515541640592,-0.727546664455229,0.0083085736542037,0.0042137433966956,3.778858133163273e-06,0.004091051399375,downstairs,wiktor
1672842710700193700,-0.6967363114953886,1.0482579642526475,-0.450790882423907,1.3369736972176487,-0.6967363114953886,-0.6049349673146457,-0.5816598302745762,1.0482579642526475,1.0455088341599952,1.0296954591540997,-0.450790882423907,-0.5412458590628406,-0.6420515541640592,0.0050670246134247,0.0015336119281042,0.000355820395934,0.0031775922893865,downstairs,wiktor
1672842710710193700,-0.7521188345167211,1.021581367920506,-0.371071470868295,1.3217432689480524,-0.7521188345167211,-0.6967363114953886,-0.6049349673146457,1.021581367920506,1.0482579642526475,1.0455088341599952,-0.371071470868295,-0.450790882423907,-0.5412458590628406,0.0030428821352862,3.6848334835080666e-05,0.0004056123597346,0.0026004214407164,downstairs,wiktor
1672842710720193700,-0.7435341580714402,0.9930993609780632,-0.2989546012646239,1.276112549351088,-0.7435341580714402,-0.7521188345167211,-0.6967363114953886,0.9930993609780632,1.021581367920506,1.0482579642526475,-0.2989546012646239,-0.371071470868295,-0.450790882423907,0.0031221302482655,0.0009843662542324,0.0007598327992574,0.0013779311947757,downstairs,wiktor
1672842710730193700,-0.6991637568059027,0.9541164724432868,-0.2464582929224988,1.2082673098155212,-0.6991637568059027,-0.7435341580714402,-0.7521188345167211,0.9541164724432868,0.9930993609780632,1.021581367920506,-0.2464582929224988,-0.2989546012646239,-0.371071470868295,0.0040583920290682,0.0009137916396715,0.0022764758610068,0.0008681245283898,downstairs,wiktor
1672842710740193700,-0.6564135137733407,0.8866409085552116,-0.2047899709406903,1.122029292837653,-0.6564135137733407,-0.6991637568059027,-0.7435341580714402,0.8866409085552116,0.9541164724432868,0.9930993609780632,-0.2047899709406903,-0.2464582929224988,-0.2989546012646239,0.0051906302846702,0.0012674866509243,0.002388663972147,0.0015344796615988,downstairs,wiktor
1672842710750193700,-0.606064995405381,0.8175226913885768,-0.1493917821327727,1.0285796197474226,-0.606064995405381,-0.6564135137733407,-0.6991637568059027,0.8175226913885768,0.8866409085552116,0.9541164724432868,-0.1493917821327727,-0.2047899709406903,-0.2464582929224988,0.0062573367996121,0.001556925691862,0.0013841131922203,0.0033162979155297,downstairs,wiktor
1672842710760193700,-0.5502631013181368,0.7649087542194125,-0.067951031699961,0.944718066760045,-0.5502631013181368,-0.606064995405381,-0.6564135137733407,0.7649087542194125,0.8175226913885768,0.8866409085552116,-0.067951031699961,-0.1493917821327727,-0.2047899709406903,0.0077022197084361,0.0025108854962293,0.0014763964338731,0.0037149377783336,downstairs,wiktor
1672842710770193700,-0.4793986462474978,0.7105691474141888,0.0182456942046075,0.8573590150210522,-0.4793986462474978,-0.5502631013181368,-0.606064995405381,0.7105691474141888,0.7649087542194125,0.8175226913885768,0.0182456942046075,-0.067951031699961,-0.1493917821327727,0.0087469785375822,0.0043496024358585,0.0032139072828975,0.0011834688188261,downstairs,wiktor
1672842710780193700,-0.3861291181489963,0.6303954948480549,0.0668968775165497,0.7422731087872643,-0.3861291181489963,-0.4793986462474978,-0.5502631013181368,0.6303954948480549,0.7105691474141888,0.7649087542194125,0.0668968775165497,0.0182456942046075,-0.067951031699961,0.0158638946326097,0.0101774145312239,0.0056817311942483,4.74890713744761e-06,downstairs,wiktor
1672842710790193700,-0.2434587671210133,0.5237959526891101,0.0699787299262046,0.5818345073847554,-0.2434587671210133,-0.3861291181489963,-0.4793986462474978,0.5237959526891101,0.6303954948480549,0.7105691474141888,0.0699787299262046,0.0668968775165497,0.0182456942046075,0.0179532632279041,0.0100798317976283,0.0070180468056666,0.0008553846246091,downstairs,wiktor
1672842710800193700,-0.1014740369728148,0.4053219318603503,0.0286172835151057,0.4188099778447866,-0.1014740369728148,-0.2434587671210133,-0.3861291181489963,0.4053219318603503,0.5237959526891101,0.6303954948480549,0.0286172835151057,0.0699787299262046,0.0668968775165497,0.0133147450367135,0.0042076255440451,0.0060665308111426,0.0030405886815256,downstairs,wiktor
1672842710810193700,-0.0097393592980645,0.2951717542740872,-0.0493646205591819,0.2994296000794359,-0.0097393592980645,-0.1014740369728148,-0.2434587671210133,0.2951717542740872,0.4053219318603503,0.5237959526891101,-0.0493646205591819,0.0286172835151057,0.0699787299262046,0.0078450778404452,0.000860646996254,0.0036924817112835,0.0032919491329076,downstairs,wiktor
1672842710820193700,0.0317491209405293,0.209235944377589,-0.1305058447662104,0.2486351998776925,0.0317491209405293,-0.0097393592980645,-0.1014740369728148,0.209235944377589,0.2951717542740872,0.4053219318603503,-0.1305058447662104,-0.0493646205591819,0.0286172835151057,0.0037421754529179,3.370184598825359e-05,0.0002938436371882,0.0034146299697415,downstairs,wiktor
1672842710830193700,0.0235391457897443,0.1849936822229054,-0.2131451812802646,0.2832095022238785,0.0235391457897443,0.0317491209405293,-0.0097393592980645,0.1849936822229054,0.209235944377589,0.2951717542740872,-0.2131451812802646,-0.1305058447662104,-0.0493646205591819,0.0061524623703286,0.0030641750398863,0.0007241336876817,0.0023641536427605,downstairs,wiktor
1672842710840193700,-0.0547446333715397,0.2230497904758986,-0.2819078694586733,0.3636209988120254,-0.0547446333715397,0.0235391457897443,0.0317491209405293,0.2230497904758986,0.1849936822229054,0.209235944377589,-0.2819078694586733,-0.2131451812802646,-0.1305058447662104,0.0111889059045514,0.0038877576113422,0.0066221571478905,0.0006789911453186,downstairs,wiktor
1672842710850193700,-0.1429235153256936,0.3381337350371671,-0.3187586807202626,0.4861775915627553,-0.1429235153256936,-0.0547446333715397,0.0235391457897443,0.3381337350371671,0.2230497904758986,0.1849936822229054,-0.3187586807202626,-0.2819078694586733,-0.2131451812802646,0.0085539548255491,0.0022657137538216,0.0058412564988951,0.0004469845728323,downstairs,wiktor
1672842710860193700,-0.2102393938956358,0.4462194093783593,-0.3486579975295937,0.6040486431512966,-0.2102393938956358,-0.1429235153256936,-0.0547446333715397,0.4462194093783593,0.3381337350371671,0.2230497904758986,-0.3486579975295937,-0.3187586807202626,-0.2819078694586733,0.0039162205564943,0.0007102370280493,0.0027755008745146,0.0004304826539303,downstairs,wiktor
1672842710870193700,-0.2479285708049121,0.5207244545030304,-0.3780002078734106,0.6895699318351886,-0.2479285708049121,-0.2102393938956358,-0.1429235153256936,0.5207244545030304,0.4462194093783593,0.3381337350371671,-0.3780002078734106,-0.3486579975295937,-0.3187586807202626,0.000745782680642,1.1153237436519411e-06,0.0007255656072655,1.9101749632801314e-05,downstairs,wiktor
1672842710880193700,-0.2494221060362689,0.5588181707109713,-0.3841811058070123,0.7225539820355451,-0.2494221060362689,-0.2479285708049121,-0.2102393938956358,0.5588181707109713,0.5207244545030304,0.4462194093783593,-0.3841811058070123,-0.3780002078734106,-0.3486579975295937,0.0008502064860937,0.0007519321429663,6.003973079049918e-07,9.767394581957068e-05,downstairs,wiktor
1672842710890193700,-0.2106424169460685,0.5599139784567962,-0.3702044147952191,0.7035092037934327,-0.2106424169460685,-0.2494221060362689,-0.2479285708049121,0.5599139784567962,0.5588181707109713,0.5207244545030304,-0.3702044147952191,-0.3841811058070123,-0.3780002078734106,0.0033887405301426,0.002163541566642,0.0007471556288857,0.0004780433346148,downstairs,wiktor
1672842710900193700,-0.1448618488937621,0.521257656104928,-0.3392837636178956,0.6385984431296764,-0.1448618488937621,-0.2106424169460685,-0.2494221060362689,0.521257656104928,0.5599139784567962,0.5588181707109713,-0.3392837636178956,-0.3702044147952191,-0.3841811058070123,0.0041416267831157,0.0023541632087477,0.0013906453128219,0.0003968182615459,downstairs,wiktor
1672842710910193700,-0.0762446031205924,0.4685197131639677,-0.3111122084053773,0.5675515547922797,-0.0762446031205924,-0.1448618488937621,-0.2106424169460685,0.4685197131639677,0.521257656104928,0.5599139784567962,-0.3111122084053773,-0.3392837636178956,-0.3702044147952191,0.0033145166366857,0.0025900890403913,0.0006804887325568,4.393886373758582e-05,downstairs,wiktor
1672842710920193700,-0.0042711491199498,0.4316282850930239,-0.3017378962986053,0.5266564129200911,-0.0042711491199498,-0.0762446031205924,-0.1448618488937621,0.4316282850930239,0.4685197131639677,0.521257656104928,-0.3017378962986053,-0.3111122084053773,-0.3392837636178956,0.0048076817479961,0.0047386375534509,1.3063406157445431e-05,5.598078838771692e-05,downstairs,wiktor
1672842710930193700,0.0930801482874395,0.4265168457345955,-0.3123190860604153,0.5367715950180426,0.0930801482874395,-0.0042711491199498,-0.0762446031205924,0.4265168457345955,0.4316282850930239,0.4685197131639677,-0.3123190860604153,-0.3017378962986053,-0.3111122084053773,0.0127172909574936,0.0099030372437652,0.0006448476368389,0.0021694060768893,downstairs,wiktor
1672842710940193700,0.2338142041784375,0.462429173334989,-0.3781887464039962,0.6415111459152549,0.2338142041784375,0.0930801482874395,-0.0042711491199498,0.462429173334989,0.4265168457345955,0.4316282850930239,-0.3781887464039962,-0.3123190860604153,-0.3017378962986053,0.0290836606419432,0.0153499662231847,0.0073634298931169,0.0063702645256415,downstairs,wiktor
1672842710950193700,0.4090281660832168,0.5837834472038312,-0.4910626984535418,0.8655921254788899,0.4090281660832168,0.2338142041784375,0.0930801482874395,0.5837834472038312,0.462429173334989,0.4265168457345955,-0.4910626984535418,-0.3781887464039962,-0.3123190860604153,0.0424729025228076,0.0141480428098141,0.0207107825691888,0.0076140771438047,downstairs,wiktor
1672842710960193700,0.5772425698054553,0.7873063332348074,-0.6144651064025337,1.1535283324364085,0.5772425698054553,0.4090281660832168,0.2338142041784375,0.7873063332348074,0.5837834472038312,0.462429173334989,-0.6144651064025337,-0.4910626984535418,-0.3781887464039962,0.0340559562252272,0.0043026170118627,0.0244623110067085,0.0052910282066558,downstairs,wiktor
1672842710970193700,0.6700069704326654,1.008495442400284,-0.7173342291426046,1.407316877632795,0.6700069704326654,0.5772425698054553,0.4090281660832168,1.008495442400284,0.7873063332348074,0.5837834472038312,-0.7173342291426046,-0.6144651064025337,-0.4910626984535418,0.0266986660105072,1.6903162721164875e-05,0.0231889610664602,0.0034928017813258,downstairs,wiktor
1672842710980193700,0.6758212911532939,1.2238507816257616,-0.8009141523457981,1.611213403832615,0.6758212911532939,0.6700069704326654,0.5772425698054553,1.2238507816257616,1.008495442400284,0.7873063332348074,-0.8009141523457981,-0.7173342291426046,-0.6144651064025337,0.0190265016293096,5.962132634179932e-05,0.0168625765991629,0.0021043037038048,downstairs,wiktor
1672842710990193700,0.6649014627350632,1.4074948754549017,-0.8657879329324855,1.7812143398228473,0.6649014627350632,0.6758212911532939,0.6700069704326654,1.4074948754549017,1.2238507816257616,1.008495442400284,-0.8657879329324855,-0.8009141523457981,-0.7173342291426046,0.0161068625173061,0.001646516722125,0.0129574098258689,0.0015029359693121,downstairs,wiktor
1672842711000193700,0.7222864210799996,1.5684756806825368,-0.9206137656997526,1.9568708032379096,0.7222864210799996,0.6649014627350632,0.6758212911532939,1.5684756806825368,1.4074948754549017,1.2238507816257616,-0.9206137656997526,-0.8657879329324855,-0.8009141523457981,0.0205150986584653,0.010014739449546,0.0073765968566008,0.0031237623523184,downstairs,wiktor
1672842711010193700,0.8638119625878565,1.689938406294972,-0.9996550505111526,2.1450811508642578,0.8638119625878565,0.7222864210799996,0.6649014627350632,1.689938406294972,1.5684756806825368,1.4074948754549017,-0.9996550505111526,-0.9206137656997526,-0.8657879329324855,0.0044856166684137,3.160910507289813e-05,1.993570949582207e-07,0.0044538082062458,downstairs,wiktor
1672842711020193700,0.8717629505859481,1.6893069681032886,-1.0940352201046206,2.1933175185836657,0.8717629505859481,0.8638119625878565,0.7222864210799996,1.6893069681032886,1.689938406294972,1.5684756806825368,-1.0940352201046206,-0.9996550505111526,-0.9206137656997526,0.0398021237799317,0.0208732336192383,0.0188967866448551,3.210351583825002e-05,downstairs,wiktor
1672842711030193700,0.6674434281744158,1.494901275569067,-1.0860222910723316,1.9646004607088017,0.6674434281744158,0.8717629505859481,0.8638119625878565,1.494901275569067,1.6893069681032886,1.689938406294972,-1.0860222910723316,-1.0940352201046206,-0.9996550505111526,0.1115464484498311,0.0468040693814861,0.0504701477201652,0.0142722313481797,downstairs,wiktor
1672842711040193700,0.3614889564584882,1.1771902505159055,-0.9170712250906116,1.5354057390280729,0.3614889564584882,0.6674434281744158,0.8717629505859481,1.1771902505159055,1.494901275569067,1.6893069681032886,-0.9170712250906116,-1.0860222910723316,-1.0940352201046206,0.0795677703992929,0.0389756872804016,0.0051799199025842,0.0354121632163069,downstairs,wiktor
1672842711050193700,0.0822912226553584,1.0754069522535257,-0.6509428229374142,1.259761293664423,0.0822912226553584,0.3614889564584882,0.6674434281744158,1.0754069522535257,1.1771902505159055,1.494901275569067,-0.6509428229374142,-0.9170712250906116,-1.0860222910723316,0.0672666099124281,7.631769608502454e-05,0.0118392067037584,0.0553510855125847,downstairs,wiktor
1672842711060193700,0.069936652967585,1.2292848694720688,-0.3182234651820089,1.271730553039328,0.069936652967585,0.0822912226553584,0.3614889564584882,1.2292848694720688,1.0754069522535257,1.1771902505159055,-0.3182234651820089,-0.6509428229374142,-0.9170712250906116,0.5137627980562235,0.2053715570712632,0.2378441051668228,0.0705471358181374,downstairs,wiktor
1672842711070193700,0.7108290886715232,1.9189864066123348,0.0574017092089986,2.0472131736301,0.7108290886715232,0.069936652967585,0.0822912226553584,1.9189864066123348,1.2292848694720688,1.0754069522535257,0.0574017092089986,-0.3182234651820089,-0.6509428229374142,1.3491130606572166,0.5410277473014539,0.6190319671464168,0.189053346209346,downstairs,wiktor
1672842711080193700,1.751048053410634,3.0316696204215634,0.6723055166607756,3.564994345082851,1.751048053410634,0.7108290886715232,0.069936652967585,3.0316696204215634,1.9189864066123348,1.2292848694720688,0.6723055166607756,0.0574017092089986,-0.3182234651820089,0.0655315288644097,0.0498440898656693,0.0026245541155853,0.013062884883155,downstairs,wiktor
1672842711090193700,1.4353137034717358,3.104120350101608,0.8339401966224415,3.520105797675881,1.4353137034717358,1.751048053410634,0.7108290886715232,3.104120350101608,3.0316696204215634,1.9189864066123348,0.8339401966224415,0.6723055166607756,0.0574017092089986,2.592851491116144,0.7832880903214655,1.4748089089114915,0.3347544918831861,downstairs,wiktor
1672842711100193700,0.1836842932056894,1.3866752075066586,0.0157049103102631,1.39887622572262,0.1836842932056894,1.4353137034717358,1.751048053410634,1.3866752075066586,3.104120350101608,3.0316696204215634,0.0157049103102631,0.8339401966224415,0.6723055166607756,1.1183046988232923,0.0095548792301798,1.0221672126924752,0.0865826069006374,downstairs,wiktor
1672842711110193700,0.0454462432326098,-0.0431270254559811,-0.400426335574103,0.4052981021050339,0.0454462432326098,0.1836842932056894,1.4353137034717358,-0.0431270254559811,1.3866752075066586,3.104120350101608,-0.400426335574103,0.0157049103102631,0.8339401966224415,0.2739667545628908,0.0447158841160075,0.2241105178954131,0.0051403525514701,downstairs,wiktor
1672842711120193700,0.3444976906994546,-0.7126201440097316,-0.2990325236182425,0.8461244463595189,0.3444976906994546,0.0454462432326098,0.1836842932056894,-0.7126201440097316,-0.0431270254559811,1.3866752075066586,-0.2990325236182425,-0.400426335574103,0.0157049103102631,0.0658547405868699,0.0052201629030713,0.053087781466434,0.0075467962173645,downstairs,wiktor
1672842711130193700,0.44667560321553,-1.0384660630157367,-0.1761765411235788,1.1441018451980705,0.44667560321553,0.3444976906994546,0.0454462432326098,-1.0384660630157367,-0.7126201440097316,-0.0431270254559811,-0.1761765411235788,-0.2990325236182425,-0.400426335574103,0.1457255372967345,0.134929378229228,0.0050195091053973,0.0057766499621091,downstairs,wiktor
1672842711140193700,-0.0728037096145922,-0.9382711618939996,-0.0686902632820875,0.943594990260824,-0.0728037096145922,0.44667560321553,0.3444976906994546,-0.9382711618939996,-1.0384660630157367,-0.7126201440097316,-0.0686902632820875,-0.1761765411235788,-0.2990325236182425,0.3725965220775125,0.1627217719021537,0.2014434170588517,0.0084313331165069,downstairs,wiktor
1672842711150193700,-0.6432803031785241,-0.3035374900932172,0.0611660659168155,0.7139228557549366,-0.6432803031785241,-0.0728037096145922,0.44667560321553,-0.3035374900932172,-0.9382711618939996,-1.0384660630157367,0.0611660659168155,-0.0686902632820875,-0.1761765411235788,0.1936474048806827,0.0005126426409852,0.1839034518378409,0.0092313104018566,downstairs,wiktor
1672842711160193700,-0.611260226945471,0.3029333696153775,0.1970432928671519,0.7100941844121003,-0.611260226945471,-0.6432803031785241,-0.0728037096145922,0.3029333696153775,-0.3035374900932172,-0.9382711618939996,0.1970432928671519,0.0611660659168155,-0.0686902632820875,0.1377138619812279,0.0404902012648671,0.0965272346741205,0.0006964260422401,downstairs,wiktor
1672842711170193700,-0.3266896688588439,0.7423130110966836,0.2343642264631961,0.8442045586397994,-0.3266896688588439,-0.611260226945471,-0.6432803031785241,0.7423130110966836,0.3029333696153775,-0.3035374900932172,0.2343642264631961,0.1970432928671519,0.0611660659168155,0.1434272316961932,0.0348267126953105,0.1080174929180429,0.0005830260828397,downstairs,wiktor
1672842711180193700,-0.0627703149065026,1.2071086498844048,0.2002167204681822,1.225209427083487,-0.0627703149065026,-0.3266896688588439,-0.611260226945471,1.2071086498844048,0.7423130110966836,0.3029333696153775,0.2002167204681822,0.2343642264631961,0.1970432928671519,0.0983009570652811,0.004052771594042,0.0849902887229469,0.0092578967482921,downstairs,wiktor
1672842711190193700,0.0272604753159763,1.6193956584668896,0.0641439697185031,1.6208947779011171,0.0272604753159763,-0.0627703149065026,-0.3266896688588439,1.6193956584668896,1.2071086498844048,0.7423130110966836,0.0641439697185031,0.2002167204681822,0.2343642264631961,0.0200831181598179,0.0018120650729387,0.0038040003694774,0.0144670527174018,downstairs,wiktor
1672842711200193700,-0.03294027339928,1.7066195126522832,-0.1059563108068496,1.7102227815044837,-0.03294027339928,0.0272604753159763,-0.0627703149065026,1.7066195126522832,1.6193956584668896,1.2071086498844048,-0.1059563108068496,0.0641439697185031,0.2002167204681822,0.0189032693149258,0.0018262422170167,0.000399152604447,0.016677874493462,downstairs,wiktor
1672842711210193700,0.0274955142933898,1.6783652172462025,-0.2885918741205813,1.7032178591056928,0.0274955142933898,-0.03294027339928,0.0272604753159763,1.6783652172462025,1.7066195126522832,1.6193956584668896,-0.2885918741205813,-0.1059563108068496,0.0641439697185031,0.0480487363029234,0.0337689472693966,0.0019824979648981,0.0122972910686286,downstairs,wiktor
1672842711220193700,0.2873760532700384,1.6153970035999796,-0.4454184730674985,1.7001441384137517,0.2873760532700384,0.0274955142933898,-0.03294027339928,1.6153970035999796,1.6783652172462025,1.7066195126522832,-0.4454184730674985,-0.2885918741205813,-0.1059563108068496,0.0122998287044456,0.0013062828311358,0.0109623141835394,3.1231689770458564e-05,downstairs,wiktor
1672842711230193700,0.2362627901940852,1.4673273295708968,-0.4375150953376341,1.5492866283500455,0.2362627901940852,0.2873760532700384,0.0274955142933898,1.4673273295708968,1.6153970035999796,1.6783652172462025,-0.4375150953376341,-0.4454184730674985,-0.2885918741205813,0.0606726802354154,0.0475576101571244,0.0063941543609206,0.0067209157173703,downstairs,wiktor
1672842711240193700,-0.072144765346062,1.3542419250226474,-0.3215761828244461,1.3937673048309842,-0.072144765346062,0.2362627901940852,0.2873760532700384,1.3542419250226474,1.4673273295708968,1.6153970035999796,-0.3215761828244461,-0.4375150953376341,-0.4454184730674985,0.0133572557368997,0.0091923075857898,0.0039448072705004,0.0002201408806093,downstairs,wiktor
1672842711250193700,-0.207734643919574,1.2654184228343133,-0.3005932907163808,1.3171157100105426,-0.207734643919574,-0.072144765346062,0.2362627901940852,1.2654184228343133,1.3542419250226474,1.4673273295708968,-0.3005932907163808,-0.3215761828244461,-0.4375150953376341,0.0040952965389506,0.0002200838662893,0.0038748915867552,3.2108590607034974e-07,downstairs,wiktor
1672842711260193700,-0.1867544691686654,1.1773855700263385,-0.3013946469493638,1.2296148768905033,-0.1867544691686654,-0.207734643919574,-0.072144765346062,1.1773855700263385,1.2654184228343133,1.3542419250226474,-0.3013946469493638,-0.3005932907163808,-0.3215761828244461,0.0112011657000104,0.0086039088868075,0.0023149697944786,0.0002822870187242,downstairs,wiktor
1672842711270193700,-0.0555758970861218,1.1093419105939033,-0.277633880180412,1.1449055534676609,-0.0555758970861218,-0.1867544691686654,-0.207734643919574,1.1093419105939033,1.1773855700263385,1.2654184228343133,-0.277633880180412,-0.3013946469493638,-0.3005932907163808,0.005850046438414,0.0005728786467213,0.0025483297442154,0.0027288380474772,downstairs,wiktor
1672842711280193700,-0.0217268602690611,1.0379510183986735,-0.2037577940973334,1.0579846935128154,-0.0217268602690611,-0.0555758970861218,-0.1867544691686654,1.0379510183986735,1.1093419105939033,1.1773855700263385,-0.2037577940973334,-0.277633880180412,-0.3013946469493638,0.0063089479095724,0.0002891901073487,0.0024714335913715,0.0035483242108521,downstairs,wiktor
1672842711290193700,-0.0457763969526953,0.9676454910004454,-0.1195161866714041,0.9760724325827144,-0.0457763969526953,-0.0217268602690611,-0.0555758970861218,0.9676454910004454,1.0379510183986735,1.1093419105939033,-0.1195161866714041,-0.2037577940973334,-0.277633880180412,0.0022882809271648,2.570952197212346e-05,0.0012316283673948,0.0010309430377978,downstairs,wiktor
1672842711300193700,-0.0529471043058263,0.9180142837333471,-0.0741081909482302,0.9225213520338932,-0.0529471043058263,-0.0457763969526953,-0.0217268602690611,0.9180142837333471,0.9676454910004454,1.0379510183986735,-0.0741081909482302,-0.1195161866714041,-0.2037577940973334,0.0004309459989821,2.756717746422928e-05,0.0002154625313681,0.0001879162901497,downstairs,wiktor
1672842711310193700,-0.045521853136441,0.8972555491202663,-0.0547217890051265,0.9000745712061906,-0.045521853136441,-0.0529471043058263,-0.0457763969526953,0.8972555491202663,0.9180142837333471,0.9676454910004454,-0.0547217890051265,-0.0741081909482302,-0.1195161866714041,0.0002100037971145,1.202538434296951e-05,1.7776770486256358e-06,0.0001962007357229,downstairs,wiktor
1672842711320193700,-0.0406176948308865,0.8991411137829738,-0.0349126630414214,0.9007349408504732,-0.0406176948308865,-0.045521853136441,-0.0529471043058263,0.8991411137829738,0.8972555491202663,0.9180142837333471,-0.0349126630414214,-0.0547217890051265,-0.0741081909482302,0.0004807123190834,3.322404483613835e-05,0.0001568254052097,0.0002906628690375,downstairs,wiktor
1672842711330193700,-0.032466125063518,0.916851303234798,-0.0108019654555951,0.9174895334431292,-0.032466125063518,-0.0406176948308865,-0.045521853136441,0.916851303234798,0.8991411137829738,0.8972555491202663,-0.0108019654555951,-0.0349126630414214,-0.0547217890051265,0.0006169120070955,0.0001162163622457,0.000237493705086,0.0002632019397638,downstairs,wiktor
1672842711340193700,-0.0172203805919765,0.9386455091201256,0.0121415277293494,0.9388819680847612,-0.0172203805919765,-0.032466125063518,-0.0406176948308865,0.9386455091201256,0.916851303234798,0.8991411137829738,0.0121415277293494,-0.0108019654555951,-0.0349126630414214,0.0003633814865266,0.0001060821190569,0.0001269029046648,0.0001303964628047,downstairs,wiktor
1672842711350193700,-0.0026545219453334,0.9545767931025848,0.0282906120875907,0.9549996121198498,-0.0026545219453334,-0.0172203805919765,-0.032466125063518,0.9545767931025848,0.9386455091201256,0.916851303234798,0.0282906120875907,0.0121415277293494,-0.0108019654555951,6.259862527115713e-05,3.856156479298946e-05,8.069089436909352e-06,1.596797104125831e-05,downstairs,wiktor
1672842711360193700,0.0061274555988179,0.9585940283301784,0.0339418015272146,0.9592143153400636,0.0061274555988179,-0.0026545219453334,-0.0172203805919765,0.9585940283301784,0.9545767931025848,0.9386455091201256,0.0339418015272146,0.0282906120875907,0.0121415277293494,7.54312199994549e-05,5.861486407183198e-05,1.063761465621217e-05,6.178741271410737e-06,downstairs,wiktor
1672842711370193700,0.0169547234048558,0.9539815204101392,0.0304264804120359,0.954617187484093,0.0169547234048558,0.0061274555988179,-0.0026545219453334,0.9539815204101392,0.9585940283301784,0.9545767931025848,0.0304264804120359,0.0339418015272146,0.0282906120875907,0.0005179788862991,0.0001585456529859,0.0002761842285465,8.324900476665932e-05,downstairs,wiktor
1672842711380193700,0.0347617811621603,0.9304790001815966,0.0175230696407197,0.9312929770905304,0.0347617811621603,0.0169547234048558,0.0061274555988179,0.9304790001815966,0.9539815204101392,0.9585940283301784,0.0175230696407197,0.0304264804120359,0.0339418015272146,0.0001674332266033,1.6031143969125813e-07,6.078334584347934e-05,0.0001064895693202,downstairs,wiktor
1672842711390193700,0.0353280168722516,0.9194532715577388,0.0029292648372958,0.92013638551404,0.0353280168722516,0.0347617811621603,0.0169547234048558,0.9194532715577388,0.9304790001815966,0.9539815204101392,0.0029292648372958,0.0175230696407197,0.0304264804120359,0.0001733758533061,1.4284813089019334e-05,8.667010826079843e-06,0.000150424029391,downstairs,wiktor
1672842711400193700,0.0406730731093775,0.91528985689521,-0.0144157073097593,0.9163065172902872,0.0406730731093775,0.0353280168722516,0.0347617811621603,0.91528985689521,0.9194532715577388,0.9304790001815966,-0.0144157073097593,0.0029292648372958,0.0175230696407197,0.0007532244216954,0.0005135530442391,0.0001489485798616,9.072279759462324e-05,downstairs,wiktor
1672842711410193700,0.0727215689941824,0.8980301593392495,-0.0278858815918258,0.9014012514258046,0.0727215689941824,0.0406730731093775,0.0353280168722516,0.8980301593392495,0.91528985689521,0.9194532715577388,-0.0278858815918258,-0.0144157073097593,0.0029292648372958,0.0003599420943453,0.0003546871279918,1.1519820118045833e-07,5.139768152392178e-06,downstairs,wiktor
1672842711420193700,0.0993556497176395,0.8975501630868048,-0.0246797099955471,0.9033697628731152,0.0993556497176395,0.0727215689941824,0.0406730731093775,0.8975501630868048,0.8980301593392495,0.91528985689521,-0.0246797099955471,-0.0278858815918258,-0.0144157073097593,0.0007770915824431,0.0002966294707992,2.210569712286048e-05,0.000458356414521,downstairs,wiktor
1672842711430193700,0.1237125571896176,0.9041993280152542,0.0055975558823698,0.9126404298635296,0.1237125571896176,0.0993556497176395,0.0727215689941824,0.9041993280152542,0.8975501630868048,0.8980301593392495,0.0055975558823698,-0.0246797099955471,-0.0278858815918258,0.0001249768929676,1.5192031849248722e-05,5.27239235265711e-05,5.706093759185796e-05,downstairs,wiktor
1672842711440193700,0.1292247313249745,0.8939305478027293,0.0162803399382101,0.9033691963695704,0.1292247313249745,0.1237125571896176,0.0993556497176395,0.8939305478027293,0.9041993280152542,0.8975501630868048,0.0162803399382101,0.0055975558823698,-0.0246797099955471,0.0003376930124018,1.899771788586599e-07,0.000263960826727,7.35422084958688e-05,downstairs,wiktor
1672842711450193700,0.1286083269465691,0.8709540020777041,0.0041525034868171,0.8804079842779557,0.1286083269465691,0.1292247313249745,0.1237125571896176,0.8709540020777041,0.8939305478027293,0.9041993280152542,0.0041525034868171,0.0162803399382101,0.0055975558823698,0.000158365519113,0.0001083587281899,1.7060657955321654e-05,3.2946132967779466e-05,downstairs,wiktor
1672842711460193700,0.1433296535301337,0.8651126566923804,-0.0039649016364694,0.8769144877326428,0.1433296535301337,0.1286083269465691,0.1292247313249745,0.8651126566923804,0.8709540020777041,0.8939305478027293,-0.0039649016364694,0.0041525034868171,0.0162803399382101,0.0004462010915635,0.0004076038114974,1.0283702235489105e-05,2.8313577830656968e-05,downstairs,wiktor
1672842711470193700,0.1718814945039636,0.8696477867314176,0.0035602000679139,0.8864779727349648,0.1718814945039636,0.1433296535301337,0.1286083269465691,0.8696477867314176,0.8651126566923804,0.8709540020777041,0.0035602000679139,-0.0039649016364694,0.0041525034868171,0.0003783988454816,6.44673753839915e-08,0.0003601097111445,1.8224666961683324e-05,downstairs,wiktor
1672842711480193700,0.1715224196499735,0.8964846908429044,0.0095975284442214,0.9127961732558464,0.1715224196499735,0.1718814945039636,0.1433296535301337,0.8964846908429044,0.8696477867314176,0.8651126566923804,0.0095975284442214,0.0035602000679139,-0.0039649016364694,0.0013374547503434,0.000286221365674,0.0010035285086689,4.770487600044935e-05,downstairs,wiktor
1672842711490193700,0.1475966441902725,0.941284880768148,-0.0001702631178922,0.9527864530567518,0.1475966441902725,0.1715224196499735,0.1718814945039636,0.941284880768148,0.8964846908429044,0.8696477867314176,-0.0001702631178922,0.0095975284442214,0.0035602000679139,0.0015759744770337,0.0008020263814519,0.0005001828178816,0.0002737652777,downstairs,wiktor
1672842711500193700,0.1075460166932659,0.972913438050506,-0.023569633951317,0.9791231951549524,0.1075460166932659,0.1475966441902725,0.1715224196499735,0.972913438050506,0.941284880768148,0.8964846908429044,-0.023569633951317,-0.0001702631178922,0.0095975284442214,0.0006884361599349,0.0005697764701373,3.6618842522883946e-05,8.204084727470388e-05,downstairs,wiktor
1672842711510193700,0.0737887516933473,0.9814713399572684,-0.036379071665339,0.9849132996813528,0.0737887516933473,0.1075460166932659,0.1475966441902725,0.9814713399572684,0.972913438050506,0.941284880768148,-0.036379071665339,-0.023569633951317,-0.0001702631178922,7.139155506288522e-05,1.4761870991084544e-05,4.8063659565393706e-05,8.566024506406963e-06,downstairs,wiktor
1672842711520193700,0.0792223271259855,0.991275794002792,-0.0322399837207775,0.9949589405806848,0.0792223271259855,0.0737887516933473,0.1075460166932659,0.991275794002792,0.9814713399572684,0.972913438050506,-0.0322399837207775,-0.036379071665339,-0.023569633951317,0.0007364067646658,2.3655366194247715e-05,0.0007048720799359,7.879318535601859e-06,downstairs,wiktor
1672842711530193700,0.0861006068810184,1.0288223538967685,-0.0282702687346351,1.0328058667907032,0.0861006068810184,0.0792223271259855,0.0737887516933473,1.0288223538967685,0.991275794002792,0.9814713399572684,-0.0282702687346351,-0.0322399837207775,-0.036379071665339,0.0012937428302188,0.0002821982216515,0.0009659727838195,4.557182474776933e-05,downstairs,wiktor
1672842711540193700,0.0623435775359378,1.0727762566545345,-0.0378171870591804,1.0752514859970037,0.0623435775359378,0.0861006068810184,0.0792223271259855,1.0727762566545345,1.0288223538967685,0.991275794002792,-0.0378171870591804,-0.0282702687346351,-0.0322399837207775,0.0015750682600047,0.0010164416850892,0.0002289694271878,0.0003296571477277,downstairs,wiktor
1672842711550193700,0.0172560696187952,1.094175762592187,-0.0634943032417935,1.096152315112751,0.0172560696187952,0.0623435775359378,0.0861006068810184,1.094175762592187,1.0727762566545345,1.0288223538967685,-0.0634943032417935,-0.0378171870591804,-0.0282702687346351,0.0013272084125933,0.0005240584033987,0.0001537659645506,0.0006493840446439,downstairs,wiktor
1672842711560193700,-0.0151185625304287,1.1117123508892652,-0.0995327284194818,1.1162614774681376,-0.0151185625304287,0.0172560696187952,0.0623435775359378,1.1117123508892652,1.094175762592187,1.0727762566545345,-0.0995327284194818,-0.0634943032417935,-0.0378171870591804,0.0014513033579789,2.015753158825664e-05,0.000791881893696,0.0006392639326946,downstairs,wiktor
1672842711570193700,-0.0214679769267737,1.1515088807303473,-0.1352892364339575,1.1596278514804088,-0.0214679769267737,-0.0151185625304287,0.0172560696187952,1.1515088807303473,1.1117123508892652,1.094175762592187,-0.1352892364339575,-0.0995327284194818,-0.0634943032417935,0.0033049586293989,8.398983100164548e-05,0.003100581571728,0.0001203872266692,downstairs,wiktor
1672842711580193700,-0.0085072801089599,1.2302563450924209,-0.1508061450609523,1.2394940668850167,-0.0085072801089599,-0.0214679769267737,-0.0151185625304287,1.2302563450924209,1.1515088807303473,1.1117123508892652,-0.1508061450609523,-0.1352892364339575,-0.0995327284194818,0.007936989697544,0.0019346217811067,0.0059832457432564,1.9122173180871866e-05,downstairs,wiktor
1672842711590193700,0.0536959638756864,1.3396478049351015,-0.1446219437089794,1.348501021284796,0.0536959638756864,-0.0085072801089599,-0.0214679769267737,1.3396478049351015,1.2302563450924209,1.1515088807303473,-0.1446219437089794,-0.1508061450609523,-0.1352892364339575,0.0151600704928544,0.0078608718333279,0.0063659256295728,0.0009332730299536,downstairs,wiktor
1672842711600193700,0.1790823413919695,1.4524833102476835,-0.1014184014941647,1.4669914599983638,0.1790823413919695,0.0536959638756864,-0.0085072801089599,1.4524833102476835,1.3396478049351015,1.2302563450924209,-0.1014184014941647,-0.1446219437089794,-0.1508061450609523,0.0203666710741093,0.0140825547982036,0.001458242624789,0.0048258736511165,downstairs,wiktor
1672842711610193700,0.3469069808118334,1.5064878031124276,-0.0031750948405656,1.545917214953549,0.3469069808118334,0.1790823413919695,0.0536959638756864,1.5064878031124276,1.4524833102476835,1.3396478049351015,-0.0031750948405656,-0.1014184014941647,-0.1446219437089794,0.0201532415900389,0.0101746509453157,0.0001182554284173,0.0098603352163058,downstairs,wiktor
1672842711620193700,0.4895579600956489,1.491108893631108,0.1372552096973496,1.575408430073885,0.4895579600956489,0.3469069808118334,0.1790823413919695,1.491108893631108,1.5064878031124276,1.4524833102476835,0.1372552096973496,-0.0031750948405656,-0.1014184014941647,0.0055071456682157,0.0002528361488958,0.0003135673516691,0.0049407421676507,downstairs,wiktor
1672842711630193700,0.512045118604267,1.4660662359578844,0.2366608651466323,1.5708433329884075,0.512045118604267,0.4895579600956489,0.3469069808118334,1.4660662359578844,1.491108893631108,1.5064878031124276,0.2366608651466323,0.1372552096973496,-0.0031750948405656,0.0032724372020847,0.0031702670248381,6.16547678480593e-05,4.051540939852176e-05,downstairs,wiktor
1672842711640193700,0.4324176481579673,1.4771707186426437,0.2456625771391948,1.5586431458997798,0.4324176481579673,0.512045118604267,0.4895579600956489,1.4771707186426437,1.4660662359578844,1.491108893631108,0.2456625771391948,0.2366608651466323,0.1372552096973496,0.0107923991862948,0.0092359425439435,0.0010970117729481,0.0004594448694031,downstairs,wiktor
1672842711650193700,0.2965063348397336,1.524011123699563,0.2153493830018846,1.5674505633414375,0.2965063348397336,0.4324176481579673,0.512045118604267,1.524011123699563,1.4771707186426437,1.4660662359578844,0.2153493830018846,0.2456625771391948,0.2366608651466323,0.0053370758649682,0.0044203225632402,0.0008844970088123,3.225629291571178e-05,downstairs,wiktor
1672842711660193700,0.2024816299665962,1.566070534271094,0.2073174102783612,1.5926569741757344,0.2024816299665962,0.2965063348397336,0.4324176481579673,1.566070534271094,1.524011123699563,1.4771707186426437,0.2073174102783612,0.2153493830018846,0.2456625771391948,0.0008545542773933,0.0003636043923126,0.0004576873339173,3.326255116339093e-05,downstairs,wiktor
1672842711670193700,0.1755148210225387,1.5358153749121566,0.199161118086024,1.5585889352784514,0.1755148210225387,0.2024816299665962,0.2965063348397336,1.5358153749121566,1.566070534271094,1.524011123699563,0.199161118086024,0.2073174102783612,0.2153493830018846,0.0142249314847522,8.537268712318246e-05,0.0129485351066618,0.0011910236909672,downstairs,wiktor
1672842711680193700,0.1885817783671681,1.374889708179582,0.1503548953072171,1.3958837313089885,0.1885817783671681,0.1755148210225387,0.2024816299665962,1.374889708179582,1.5358153749121566,1.566070534271094,0.1503548953072171,0.199161118086024,0.2073174102783612,0.0192556462064651,0.0011800071579294,0.0169427415483633,0.0011328975001723,downstairs,wiktor
1672842711690193700,0.2371617569165559,1.1908096085035804,0.1027545276579584,1.218536710814413,0.2371617569165559,0.1885817783671681,0.1755148210225387,1.1908096085035804,1.374889708179582,1.5358153749121566,0.1027545276579584,0.1503548953072171,0.199161118086024,0.0062664989309242,0.0031991373045997,0.0030658709469353,1.49067938918562e-06,downstairs,wiktor
1672842711700193700,0.3171509724971542,1.1125041687572217,0.1044811888228576,1.1615363032105046,0.3171509724971542,0.2371617569165559,0.1885817783671681,1.1125041687572217,1.1908096085035804,1.374889708179582,0.1044811888228576,0.1027545276579584,0.1503548953072171,0.0063772314652272,0.0057965825428392,0.0002731090621929,0.000307539860195,downstairs,wiktor
1672842711710193700,0.4248225336713029,1.1358754786132386,0.1292819896242438,1.219590554600585,0.4248225336713029,0.3171509724971542,0.2371617569165559,1.1358754786132386,1.1125041687572217,1.1908096085035804,0.1292819896242438,0.1044811888228576,0.1027545276579584,0.0151058221503375,0.0059346662601764,0.0091700834282073,1.072461953736504e-06,downstairs,wiktor
1672842711720193700,0.5337689999763324,1.2713013507958266,0.1307465454980407,1.3849949924208025,0.5337689999763324,0.4248225336713029,0.3171509724971542,1.2713013507958266,1.1358754786132386,1.1125041687572217,0.1307465454980407,0.1292819896242438,0.1044811888228576,0.0146742998491253,0.0006767866652697,0.013429696034662,0.0005678171491935,downstairs,wiktor
1672842711730193700,0.5705599408523077,1.4351897032475005,0.0970473719415988,1.5474903304427488,0.5705599408523077,0.5337689999763324,0.4248225336713029,1.4351897032475005,1.2713013507958266,1.1358754786132386,0.0970473719415988,0.1307465454980407,0.1292819896242438,0.0098927759010155,0.0018998060618727,0.0058569664711631,0.0021360033679797,downstairs,wiktor
1672842711740193700,0.5089189469947658,1.5434206273973303,0.0316867818588934,1.625469095316919,0.5089189469947658,0.5705599408523077,0.5337689999763324,1.5434206273973303,1.4351897032475005,1.2713013507958266,0.0316867818588934,0.0970473719415988,0.1307465454980407,0.0328347844701868,0.030726004709461,4.297874305758721e-05,0.0020658010176682,downstairs,wiktor
1672842711750193700,0.2610237888756084,1.5526919534144206,-0.0325907572612099,1.5748167760141896,0.2610237888756084,0.5089189469947658,0.5705599408523077,1.5526919534144206,1.5434206273973303,1.4351897032475005,-0.0325907572612099,0.0316867818588934,0.0970473719415988,0.0503060875066629,0.0467304637204058,0.0018721306756114,0.0017034931106456,downstairs,wiktor
1672842711760193700,-0.0446900110105132,1.4915015836555865,-0.0909601518211266,1.494940774863862,-0.0446900110105132,0.2610237888756084,0.5089189469947658,1.4915015836555865,1.5526919534144206,1.5434206273973303,-0.0909601518211266,-0.0325907572612099,0.0316867818588934,0.0382361851484733,0.033244051127196,0.0037075474510024,0.0012845865702747,downstairs,wiktor
1672842711770193700,-0.302542880403879,1.4053906383466137,-0.1416471633778319,1.4445480122614007,-0.302542880403879,-0.0446900110105132,0.2610237888756084,1.4053906383466137,1.4915015836555865,1.5526919534144206,-0.1416471633778319,-0.0909601518211266,-0.0325907572612099,0.0184829694373701,0.01608314012649,0.0023422579774838,5.757133339628783e-05,downstairs,wiktor
1672842711780193700,-0.4818924838407978,1.3369471145115008,-0.1523776184843302,1.429288946153939,-0.4818924838407978,-0.302542880403879,-0.0446900110105132,1.3369471145115008,1.4053906383466137,1.4915015836555865,-0.1523776184843302,-0.1416471633778319,-0.0909601518211266,0.0041514464806778,0.0011756196100961,0.0022658828166264,0.0007099440539552,downstairs,wiktor
1672842711790193700,-0.5303820623107369,1.2696287245036224,-0.1146962158046185,1.3807307673929718,-0.5303820623107369,-0.4818924838407978,-0.302542880403879,1.2696287245036224,1.3369471145115008,1.4053906383466137,-0.1146962158046185,-0.1523776184843302,-0.1416471633778319,0.006864429586996,5.035971897658471e-06,0.0006070649826934,0.0062523286324049,downstairs,wiktor
1672842711800193700,-0.5272084297240444,1.2347843567322458,-0.0028719909478824,1.3426277906906157,-0.5272084297240444,-0.5303820623107369,-0.4818924838407978,1.2347843567322458,1.2696287245036224,1.3369471145115008,-0.0028719909478824,-0.1146962158046185,-0.1523776184843302,0.0061841311288162,0.0020716766955897,0.0003521614388159,0.0037602929944105,downstairs,wiktor
1672842711810193700,-0.4628395444518928,1.2082452746525667,0.0838493212471087,1.2965754109585346,-0.4628395444518928,-0.5272084297240444,-0.5303820623107369,1.2082452746525667,1.2347843567322458,1.2696287245036224,0.0838493212471087,-0.0028719909478824,-0.1146962158046185,0.0109744475816874,0.0094530458163085,0.001496452378004,2.494938737478104e-05,downstairs,wiktor
1672842711820193700,-0.3253401203344909,1.1535378276639885,0.0909132277264982,1.2019820833634187,-0.3253401203344909,-0.4628395444518928,-0.5272084297240444,1.1535378276639885,1.2082452746525667,1.2347843567322458,0.0909132277264982,0.0838493212471087,-0.0028719909478824,0.0127508815588444,0.00923243772976,0.0026511107584282,0.000867333070656,downstairs,wiktor
1672842711830193700,-0.1894545969719187,1.080721472929241,0.0492639043068788,1.0983072787848114,-0.1894545969719187,-0.3253401203344909,-0.4628395444518928,1.080721472929241,1.1535378276639885,1.2082452746525667,0.0492639043068788,0.0909132277264982,0.0838493212471087,0.0106077340055881,0.00762390395954,0.0006528404386354,0.0023309896074126,downstairs,wiktor
1672842711840193700,-0.0659725824148177,1.0445872664584894,-0.019014783545373,1.0468412013629271,-0.0659725824148177,-0.1894545969719187,-0.3253401203344909,1.0445872664584894,1.080721472929241,1.1535378276639885,-0.019014783545373,0.0492639043068788,0.0909132277264982,0.0263264298975189,0.0219279433903736,7.141065376215936e-06,0.004391345441769,downstairs,wiktor
1672842711850193700,0.1434453890698361,1.040808095815024,-0.112730795429886,1.0566770103478864,0.1434453890698361,-0.0659725824148177,-0.1894545969719187,1.040808095815024,1.0445872664584894,1.080721472929241,-0.112730795429886,-0.019014783545373,0.0492639043068788,0.111337688143241,0.1080344225783869,4.5568891360428943e-05,0.0032576966734936,downstairs,wiktor
1672842711860193700,0.608277450309994,1.0312614847555506,-0.193448781944586,1.2128166133969691,0.608277450309994,0.1434453890698361,-0.0659725824148177,1.0312614847555506,1.040808095815024,1.0445872664584894,-0.193448781944586,-0.112730795429886,-0.019014783545373,0.0027012513161734,0.0023494681691274,3.0275960222210025e-06,0.0003487555510238,downstairs,wiktor
1672842711870193700,0.6768262383244792,1.0288007547735245,-0.1670383464682896,1.2427495962976205,0.6768262383244792,0.608277450309994,0.1434453890698361,1.0288007547735245,1.0312614847555506,1.040808095815024,-0.1670383464682896,-0.193448781944586,-0.112730795429886,0.0230599257822524,0.0208824597605022,0.0002948317287897,0.0018826342929605,downstairs,wiktor
1672842711880193700,0.4724615654453232,1.004517767774815,-0.1056765620587647,1.115097938464107,0.4724615654453232,0.6768262383244792,0.608277450309994,1.004517767774815,1.0288007547735245,1.0312614847555506,-0.1056765620587647,-0.1670383464682896,-0.193448781944586,0.0182974832237091,0.0131959757701329,0.0047692990746439,0.0003322083789322,downstairs,wiktor
1672842711890193700,0.3100055666632966,0.9068520207122548,-0.0799002792029186,0.9617006256880756,0.3100055666632966,0.4724615654453232,0.6768262383244792,0.9068520207122548,1.004517767774815,1.0288007547735245,-0.0799002792029186,-0.1056765620587647,-0.1670383464682896,0.0225442101581013,0.0133903648827093,0.0080777844303249,0.001076060845067,downstairs,wiktor
1672842711900193700,0.1463573776558448,0.779747461940156,-0.0335093135939325,0.7940714454593787,0.1463573776558448,0.3100055666632966,0.4724615654453232,0.779747461940156,0.9068520207122548,1.004517767774815,-0.0335093135939325,-0.0799002792029186,-0.1056765620587647,0.0290016843918136,0.015735733317119,0.0082332036919186,0.0050327473827759,downstairs,wiktor
1672842711910193700,-0.0310446139740072,0.6514259618560416,0.0668176257870327,0.6555792453644944,-0.0310446139740072,0.1463573776558448,0.3100055666632966,0.6514259618560416,0.779747461940156,0.9068520207122548,0.0668176257870327,-0.0335093135939325,-0.0799002792029186,0.0300284646728091,0.0112784114409721,0.0102622522050178,0.0084878010268191,downstairs,wiktor
1672842711920193700,-0.1812339041445925,0.5081622036684393,0.1971080784443102,0.5743919809996167,-0.1812339041445925,-0.0310446139740072,0.1463573776558448,0.5081622036684393,0.6514259618560416,0.779747461940156,0.1971080784443102,0.0668176257870327,-0.0335093135939325,0.0172776354920584,0.0007166057931879,0.0155771233080605,0.0009839063908099,downstairs,wiktor
1672842711930193700,-0.2190916851991646,0.3316565476227444,0.2414681143056555,0.4650850269905243,-0.2190916851991646,-0.1812339041445925,-0.0310446139740072,0.3316565476227444,0.5081622036684393,0.6514259618560416,0.2414681143056555,0.1971080784443102,0.0668176257870327,0.0174028124488921,0.0030543490545345,0.0135405107579245,0.000807952636433,downstairs,wiktor
1672842711940193700,-0.1409335243388356,0.1670934244272693,0.201269790051202,0.2971396963662912,-0.1409335243388356,-0.2190916851991646,-0.1812339041445925,0.1670934244272693,0.3316565476227444,0.5081622036684393,0.201269790051202,0.2414681143056555,0.1971080784443102,0.0338868434636563,0.0241811221850274,0.0005858595057008,0.009119861772928,downstairs,wiktor
1672842711950193700,0.0789806506705412,0.1328630430183266,0.066215269409144,0.1681516972360294,0.0789806506705412,-0.1409335243388356,-0.2190916851991646,0.1328630430183266,0.1670934244272693,0.3316565476227444,0.066215269409144,0.201269790051202,0.2414681143056555,0.0235148304405502,0.0112390747407084,0.0007832297379063,0.0114925259619354,downstairs,wiktor
1672842711960193700,0.2289077979168519,0.1724415659292787,-0.085392949114361,0.299043189799955,0.2289077979168519,0.0789806506705412,-0.1409335243388356,0.1724415659292787,0.1328630430183266,0.1670934244272693,-0.085392949114361,0.066215269409144,0.201269790051202,0.0113687881926148,0.001549326896131,0.0046995872814622,0.0051198740150214,downstairs,wiktor
1672842711970193700,0.2845733509300233,0.2693909061174641,-0.1865845892337058,0.4340129736515273,0.2845733509300233,0.2289077979168519,0.0789806506705412,0.2693909061174641,0.1724415659292787,0.1328630430183266,-0.1865845892337058,-0.085392949114361,0.066215269409144,0.0041843776266413,9.55340572159037e-06,0.0031490418534367,0.001025782367483,downstairs,wiktor
1672842711980193700,0.2889444848153191,0.3487513730192751,-0.2318787912353544,0.5088066521899933,0.2889444848153191,0.2845733509300233,0.2289077979168519,0.3487513730192751,0.2693909061174641,0.1724415659292787,-0.2318787912353544,-0.1865845892337058,-0.085392949114361,0.0022109706903468,4.691391132940685e-05,0.0019022022651193,0.0002618545138981,downstairs,wiktor
1672842711990193700,0.2792580085386324,0.4104312281604694,-0.2547634810474586,0.5579814151543876,0.2792580085386324,0.2889444848153191,0.2845733509300233,0.4104312281604694,0.3487513730192751,0.2693909061174641,-0.2547634810474586,-0.2318787912353544,-0.1865845892337058,0.0002719354958688,5.713018830389117e-05,0.0002108745646928,3.930742872088528e-06,downstairs,wiktor
1672842712000193700,0.2685687439891986,0.4309677597416733,-0.2575673151624121,0.5693885334502845,0.2685687439891986,0.2792580085386324,0.2889444848153191,0.4309677597416733,0.4104312281604694,0.3487513730192751,-0.2575673151624121,-0.2547634810474586,-0.2318787912353544,0.0005168222432852,0.0001527150971586,7.12043738427098e-05,0.0002929027722838,downstairs,wiktor
1672842712010193700,0.2510921827050859,0.4190342461063093,-0.2333638950617796,0.5413831278714664,0.2510921827050859,0.2685687439891986,0.2792580085386324,0.4190342461063093,0.4309677597416733,0.4104312281604694,-0.2333638950617796,-0.2575673151624121,-0.2547634810474586,0.0029757731644821,7.359399976378234e-05,0.0009007884887621,0.0020013906759561,downstairs,wiktor
1672842712020193700,0.2389600765595082,0.3765892584455231,-0.1700963571619027,0.4773407153026281,0.2389600765595082,0.2510921827050859,0.2685687439891986,0.3765892584455231,0.4190342461063093,0.4309677597416733,-0.1700963571619027,-0.2333638950617796,-0.2575673151624121,0.0032888897345519,2.408398870389744e-06,0.001425392152318,0.0018610891833634,downstairs,wiktor
1672842712030193700,0.2411547969837945,0.3231965220047286,-0.1090866991828011,0.4177457790126038,0.2411547969837945,0.2389600765595082,0.2510921827050859,0.3231965220047286,0.3765892584455231,0.4190342461063093,-0.1090866991828011,-0.1700963571619027,-0.2333638950617796,0.002438164348432,0.0001206457601106,0.0016453212102569,0.0006721973780644,downstairs,wiktor
1672842712040193700,0.2256212358910738,0.2658324006350616,-0.0724207100903346,0.3561131373066764,0.2256212358910738,0.2411547969837945,0.2389600765595082,0.2658324006350616,0.3231965220047286,0.3765892584455231,-0.0724207100903346,-0.1090866991828011,-0.1700963571619027,0.0005303165138836,0.0004732227424691,5.587416764806436e-05,1.219603766503725e-06,downstairs,wiktor
1672842712050193700,0.1948568817626637,0.2552612921172131,-0.0708589138382558,0.3288594187399158,0.1948568817626637,0.2256212358910738,0.2411547969837945,0.2552612921172131,0.2658324006350616,0.3231965220047286,-0.0708589138382558,-0.0724207100903346,-0.1090866991828011,0.0013574617639354,0.0001080131619266,0.0009752502940935,0.0002741983079152,downstairs,wiktor
1672842712060193700,0.2095547157477574,0.2994257641302142,-0.0942767834217688,0.377434867241278,0.2095547157477574,0.1948568817626637,0.2256212358910738,0.2994257641302142,0.2552612921172131,0.2658324006350616,-0.0942767834217688,-0.0708589138382558,-0.0724207100903346,0.0087668704028491,0.0016898496887527,0.0054442872294311,0.0016327334846652,downstairs,wiktor
1672842712070193700,0.2676898976732109,0.4037740964545127,-0.1514210479575068,0.5075625439770964,0.2676898976732109,0.2095547157477574,0.1948568817626637,0.4037740964545127,0.2994257641302142,0.2552612921172131,-0.1514210479575068,-0.0942767834217688,-0.0708589138382558,0.0103420746049769,0.002775299885686,0.0038197698306534,0.0037470048886374,downstairs,wiktor
1672842712080193700,0.3421922450951019,0.4911785566456654,-0.237988996860521,0.6441976946081247,0.3421922450951019,0.2676898976732109,0.2095547157477574,0.4911785566456654,0.4037740964545127,0.2994257641302142,-0.237988996860521,-0.1514210479575068,-0.0942767834217688,0.0066783160869407,0.0027933572697293,0.0015918703681373,0.002293088449074,downstairs,wiktor
1672842712090193700,0.416936572903028,0.5476032031777851,-0.3057103147607816,0.753103027816134,0.416936572903028,0.3421922450951019,0.2676898976732109,0.5476032031777851,0.4911785566456654,0.4037740964545127,-0.3057103147607816,-0.237988996860521,-0.1514210479575068,0.0030020905321769,0.0006972699109315,0.0004866681781043,0.0018181524431409,downstairs,wiktor
1672842712100193700,0.4542801107892964,0.5788015421753783,-0.3660120965444234,0.8217946818397986,0.4542801107892964,0.416936572903028,0.3421922450951019,0.5788015421753783,0.5476032031777851,0.4911785566456654,-0.3660120965444234,-0.3057103147607816,-0.237988996860521,0.0016785639813846,0.0001394794419876,0.0004230955560335,0.0011159889833634,downstairs,wiktor
1672842712110193700,0.4709821730564323,0.6078909064184685,-0.4132559106022119,0.8730040143612685,0.4709821730564323,0.4542801107892964,0.416936572903028,0.6078909064184685,0.5788015421753783,0.5476032031777851,-0.4132559106022119,-0.3660120965444234,-0.3057103147607816,0.0008457313791761,0.000130945420578,0.0004655063457825,0.0002492796128155,downstairs,wiktor
1672842712120193700,0.4547991312794303,0.6384034069971671,-0.4355843504409248,0.8967356835919699,0.4547991312794303,0.4709821730564323,0.4542801107892964,0.6384034069971671,0.6078909064184685,0.5788015421753783,-0.4355843504409248,-0.4132559106022119,-0.3660120965444234,0.0066346487274554,0.0060767338505099,0.0004259906855867,0.0001319241913587,downstairs,wiktor
1672842712130193700,0.3445563641651209,0.6675921269275367,-0.4518277608807783,0.8766679311602869,0.3445563641651209,0.4547991312794303,0.4709821730564323,0.6675921269275367,0.6384034069971671,0.6078909064184685,-0.4518277608807783,-0.4355843504409248,-0.4132559106022119,0.0212402703494205,0.0206334123098195,0.0006053653006447,1.4927389562439e-06,downstairs,wiktor
1672842712140193700,0.1414139889214532,0.7023876812597999,-0.4500999073243426,0.8461301895226153,0.1414139889214532,0.3445563641651209,0.4547991312794303,0.7023876812597999,0.6675921269275367,0.6384034069971671,-0.4500999073243426,-0.4518277608807783,-0.4355843504409248,0.0122870674199441,0.0030543255242207,0.0088047433725091,0.0004279985232141,downstairs,wiktor
1672842712150193700,0.2195718487209741,0.8350884225727948,-0.420842480123231,0.9605690310134598,0.2195718487209741,0.1414139889214532,0.3445563641651209,0.8350884225727948,0.7023876812597999,0.6675921269275367,-0.420842480123231,-0.4500999073243426,-0.4518277608807783,0.3667284069402812,0.2565886243290197,0.1064842997183955,0.0036554828928659,downstairs,wiktor
1672842712160193700,0.9359357567021338,1.2965736329932276,-0.3353382943442183,1.633869853476874,0.9359357567021338,0.2195718487209741,0.1414139889214532,1.2965736329932276,0.8350884225727948,0.7023876812597999,-0.3353382943442183,-0.420842480123231,-0.4500999073243426,0.2431745912899235,0.023377460565929,0.2197101300098385,8.700071415586567e-05,downstairs,wiktor
1672842712170193700,1.1521646195578084,1.9594614515716635,-0.32214733424604,2.2958117073745288,1.1521646195578084,0.9359357567021338,0.2195718487209741,1.9594614515716635,1.2965736329932276,0.8350884225727948,-0.32214733424604,-0.3353382943442183,-0.420842480123231,0.6158559908099521,0.4264466265848978,0.1881388158683108,0.0012705483567434,downstairs,wiktor
1672842712180193700,0.2286424199492686,2.5728761821876,-0.3725566261820202,2.6097447470548967,0.2286424199492686,1.1521646195578084,0.9359357567021338,2.5728761821876,1.9594614515716635,1.2965736329932276,-0.3725566261820202,-0.32214733424604,-0.3353382943442183,0.1179038746668258,0.0874674332292187,0.0302792668058826,0.0001571746317244,downstairs,wiktor
1672842712190193700,-0.1896097366003868,2.8189626174329527,-0.3548267287359314,2.8475259609217884,-0.1896097366003868,0.2286424199492686,1.1521646195578084,2.8189626174329527,2.5728761821876,1.9594614515716635,-0.3548267287359314,-0.3725566261820202,-0.32214733424604,0.2434184153977965,0.14553434389344,0.0922015530087742,0.0056825184955822,downstairs,wiktor
1672842712200193700,0.3498980833493152,2.3895407898350203,-0.248219801235114,2.4277452347275026,0.3498980833493152,-0.1896097366003868,0.2286424199492686,2.3895407898350203,2.8189626174329527,2.5728761821876,-0.248219801235114,-0.3548267287359314,-0.3725566261820202,0.5915716456370099,0.0002771579142687,0.5678327424501683,0.0234617452725727,downstairs,wiktor
1672842712210193700,0.3734419961196574,1.3238647204310308,-0.0316014951177741,1.3758907576408252,0.3734419961196574,0.3498980833493152,-0.1896097366003868,1.3238647204310308,2.3895407898350203,2.8189626174329527,-0.0316014951177741,-0.248219801235114,-0.3548267287359314,0.2966416440083609,0.0473170968622731,0.2462548972973173,0.0030696498487703,downstairs,wiktor
1672842712220193700,0.0658152844632306,0.6220742997250805,0.0467521882515531,0.6272908840033737,0.0658152844632306,0.3734419961196574,0.3498980833493152,0.6220742997250805,1.3238647204310308,2.3895407898350203,0.0467521882515531,-0.0316014951177741,-0.248219801235114,0.084382117807676,0.0029133456072313,0.0813961914514674,7.258074897722667e-05,downstairs,wiktor
1672842712230193700,0.1421480507858443,0.2185989189359488,0.0347038897013655,0.2630511654841793,0.1421480507858443,0.0658152844632306,0.3734419961196574,0.2185989189359488,0.6220742997250805,1.3238647204310308,0.0347038897013655,0.0467521882515531,-0.0316014951177741,0.010014227444022,0.0030569292004361,0.0068731045137462,8.41937298396815e-05,downstairs,wiktor
1672842712240193700,0.220339216532828,0.1013546908157876,0.0476803090718761,0.247175151594682,0.220339216532828,0.1421480507858443,0.0658152844632306,0.1013546908157876,0.2185989189359488,0.6220742997250805,0.0476803090718761,0.0347038897013655,0.0467521882515531,0.0105835356498735,0.0002278491867043,0.0088659580183584,0.0014897284448107,downstairs,wiktor
1672842712250193700,0.1989921236766863,0.2345159315606712,0.102264710594852,0.3241198211683078,0.1989921236766863,0.220339216532828,0.1421480507858443,0.2345159315606712,0.1013546908157876,0.2185989189359488,0.102264710594852,0.0476803090718761,0.0347038897013655,0.0958602703721466,0.0059559131510686,0.0898522864303396,5.207079073838245e-05,downstairs,wiktor
1672842712260193700,0.0898508102241845,0.6584316930754788,0.0920597323255579,0.6708803595724332,0.0898508102241845,0.1989921236766863,0.220339216532828,0.6584316930754788,0.2345159315606712,0.1013546908157876,0.0920597323255579,0.102264710594852,0.0476803090718761,0.0801513847121782,0.0112366966931589,0.0660525136409335,0.0028621743780858,downstairs,wiktor
1672842712270193700,-0.0600604748290692,1.0218942458671894,0.0164003062361957,1.0237890800442275,-0.0600604748290692,0.0898508102241845,0.1989921236766863,1.0218942458671894,0.6584316930754788,0.2345159315606712,0.0164003062361957,0.0920597323255579,0.102264710594852,0.0336693871532351,0.0019473220656197,0.0289880496159581,0.0027340154716572,downstairs,wiktor
1672842712280193700,-0.1224675588118955,1.2626765110611118,-0.057545829182191,1.2699062158297647,-0.1224675588118955,-0.0600604748290692,0.0898508102241845,1.2626765110611118,1.0218942458671894,0.6584316930754788,-0.057545829182191,0.0164003062361957,0.0920597323255579,0.0181313032470425,0.0002190344197968,0.0171919498912657,0.0007203189359799,downstairs,wiktor
1672842712290193700,-0.1015374646985457,1.448105472613863,-0.0955015648747043,1.4547989089372952,-0.1015374646985457,-0.1224675588118955,-0.0600604748290692,1.448105472613863,1.2626765110611118,1.0218942458671894,-0.0955015648747043,-0.057545829182191,0.0164003062361957,0.0108852413877784,0.0028650265754466,0.0079696492085368,5.056560379506441e-05,downstairs,wiktor
1672842712300193700,-0.0258403501505446,1.5743564069354496,-0.105557966198743,1.5781027545703787,-0.0258403501505446,-0.1015374646985457,-0.1224675588118955,1.5743564069354496,1.448105472613863,1.2626765110611118,-0.105557966198743,-0.0955015648747043,-0.057545829182191,0.0038583317241782,0.0036703202705299,0.0001311994190773,5.681203457093272e-05,downstairs,wiktor
1672842712310193700,0.0598371879855377,1.590555136458308,-0.0948985070594684,1.5945067757215832,0.0598371879855377,-0.0258403501505446,-0.1015374646985457,1.590555136458308,1.5743564069354496,1.448105472613863,-0.0948985070594684,-0.105557966198743,-0.0955015648747043,0.0021244183352763,2.6141961907745485e-05,0.002067213806896,3.1062566472542974e-05,downstairs,wiktor
1672842712320193700,0.0670679503115647,1.5262556215783958,-0.0870165572407316,1.5302046312806268,0.0670679503115647,0.0598371879855377,-0.0258403501505446,1.5262556215783958,1.590555136458308,1.5743564069354496,-0.0870165572407316,-0.0948985070594684,-0.105557966198743,0.0214450319088476,0.0021360124638897,0.0188988484452922,0.0004101709996656,downstairs,wiktor
1672842712330193700,0.0017072210639534,1.3318393236746848,-0.1156581703121241,1.3368529130199596,0.0017072210639534,0.0670679503115647,0.0598371879855377,1.3318393236746848,1.5262556215783958,1.590555136458308,-0.1156581703121241,-0.0870165572407316,-0.0948985070594684,0.0230250263881424,0.0023080595503512,0.0190531404314973,0.0016638264062939,downstairs,wiktor
1672842712340193700,-0.0662348064352494,1.1366310224603289,-0.1733439815015995,1.1516793246062702,-0.0662348064352494,0.0017072210639534,0.0670679503115647,1.1366310224603289,1.3318393236746848,1.5262556215783958,-0.1733439815015995,-0.1156581703121241,-0.0870165572407316,0.0070503412644297,1.659622643558295e-05,0.0061558138306373,0.0008779312073567,downstairs,wiktor
1672842712350193700,-0.0719960956027158,1.025673248233938,-0.2152469935020937,1.050485753419095,-0.0719960956027158,-0.0662348064352494,0.0017072210639534,1.025673248233938,1.1366310224603289,1.3318393236746848,-0.2152469935020937,-0.1733439815015995,-0.1156581703121241,0.0027405753089257,0.0001447195877281,0.0016155395869162,0.0009803161342813,downstairs,wiktor
1672842712360193700,-0.0549831835810683,0.968830665834539,-0.2595260209142071,1.0044947810066849,-0.0549831835810683,-0.0719960956027158,-0.0662348064352494,0.968830665834539,1.025673248233938,1.1366310224603289,-0.2595260209142071,-0.2152469935020937,-0.1733439815015995,0.0033849439031179,0.0031539315297716,0.0002092571704997,2.175520284658805e-05,downstairs,wiktor
1672842712370193700,0.0244388729243084,0.948373042781028,-0.2661222626997374,0.9853069295848804,0.0244388729243084,-0.0549831835810683,-0.0719960956027158,0.948373042781028,0.968830665834539,1.025673248233938,-0.2661222626997374,-0.2595260209142071,-0.2152469935020937,0.0055292815439832,0.0045259820106208,9.013523057901337e-06,0.0009942860103044,downstairs,wiktor
1672842712380193700,0.1195806829829873,0.9526188696870383,-0.2215288548841313,0.9853209041590272,0.1195806829829873,0.0244388729243084,-0.0549831835810683,0.9526188696870383,0.948373042781028,0.968830665834539,-0.2215288548841313,-0.2661222626997374,-0.2595260209142071,0.004459615525854,1.5732515583443948e-05,2.5793132869409355e-05,0.0044180898774012,downstairs,wiktor
1672842712390193700,0.1139713130391444,0.9598012276382144,-0.1275278987464277,0.9749211361594172,0.1139713130391444,0.1195806829829873,0.0244388729243084,0.9598012276382144,0.9526188696870383,0.948373042781028,-0.1275278987464277,-0.2215288548841313,-0.2661222626997374,0.0033617189863312,0.0014040896025366,5.7650149634077466e-05,0.0018999792341605,downstairs,wiktor
1672842712400193700,0.0609790569532482,0.9490634299465014,-0.0658840955840563,0.9532998235076172,0.0609790569532482,0.1139713130391444,0.1195806829829873,0.9490634299465014,0.9598012276382144,0.9526188696870383,-0.0658840955840563,-0.1275278987464277,-0.2215288548841313,0.0012771477299344,8.953731618807956e-06,0.0003393840318992,0.0009288099664164,downstairs,wiktor
1672842712410193700,0.0567473358804912,0.9230102523322748,-0.0227839803541301,0.9250336727929422,0.0567473358804912,0.0609790569532482,0.1139713130391444,0.9230102523322748,0.9490634299465014,0.9598012276382144,-0.0227839803541301,-0.0658840955840563,-0.1275278987464277,0.0015711408922689,0.0004375757409529,0.0002033750023706,0.0009301901489452,downstairs,wiktor
1672842712420193700,0.086330295196725,0.9028422081846308,0.0203481456993182,0.907188524939472,0.086330295196725,0.0567473358804912,0.0609790569532482,0.9028422081846308,0.9230102523322748,0.9490634299465014,0.0203481456993182,-0.0227839803541301,-0.0658840955840563,0.0006564691808853,5.003303956954422e-09,0.00012413807277,0.0005323261048113,downstairs,wiktor
1672842712430193700,0.0862302621626117,0.8870854272462508,0.0529771544127725,0.8928397349104547,0.0862302621626117,0.086330295196725,0.0567473358804912,0.8870854272462508,0.9028422081846308,0.9230102523322748,0.0529771544127725,0.0203481456993182,-0.0227839803541301,0.0005556128691584,0.0001533877717642,0.0002890413836447,0.0001131837137494,downstairs,wiktor
1672842712440193700,0.068715253069595,0.8630420754148284,0.0680226662850508,0.8684414160260209,0.068715253069595,0.0862302621626117,0.086330295196725,0.8630420754148284,0.8870854272462508,0.9028422081846308,0.0680226662850508,0.0529771544127725,0.0203481456993182,0.0004809113922578,8.850359190189846e-06,0.0004679294700981,4.131562969489489e-06,downstairs,wiktor
1672842712450193700,0.0729224752387203,0.8324502637620943,0.0708972316328867,0.8386402962448974,0.0729224752387203,0.068715253069595,0.0862302621626117,0.8324502637620943,0.8630420754148284,0.8870854272462508,0.0708972316328867,0.0680226662850508,0.0529771544127725,0.0008815702927585,0.0006097166883036,0.0002713705135348,4.830909201053234e-07,downstairs,wiktor
1672842712460193700,0.1078428614995738,0.8091534608254334,0.0699142861409033,0.8192969018303344,0.1078428614995738,0.0729224752387203,0.068715253069595,0.8091534608254334,0.8324502637620943,0.8630420754148284,0.0699142861409033,0.0708972316328867,0.0680226662850508,0.0004089421355229,0.0001173413784761,0.00022617642487,6.542433217670639e-05,downstairs,wiktor
1672842712470193700,0.1231622203945236,0.7878848724909858,0.0584753760375143,0.7995941935978368,0.1231622203945236,0.1078428614995738,0.0729224752387203,0.7878848724909858,0.8091534608254334,0.8324502637620943,0.0584753760375143,0.0699142861409033,0.0708972316328867,0.0011787739045752,0.0001864766501613,0.0004479027952505,0.0005443944591633,downstairs,wiktor
1672842712480193700,0.1038502215253578,0.7579548609557213,0.0254785743996784,0.7654603827179515,0.1038502215253578,0.1231622203945236,0.1078428614995738,0.7579548609557213,0.7878848724909858,0.8091534608254334,0.0254785743996784,0.0584753760375143,0.0699142861409033,0.0011610334952511,1.708217967596443e-05,0.0001075188847039,0.0010364324308712,downstairs,wiktor
1672842712490193700,0.0980051929238941,0.7432906947875474,-0.0200501512770025,0.7499920555339473,0.0980051929238941,0.1038502215253578,0.1231622203945236,0.7432906947875474,0.7579548609557213,0.7878848724909858,-0.0200501512770025,0.0254785743996784,0.0584753760375143,0.0021884908617138,0.0007057670692041,2.2489735196078687e-08,0.0014827013027745,downstairs,wiktor
1672842712500193700,0.1355755820409678,0.7435027784276335,-0.0745056616092822,0.7594262397278585,0.1355755820409678,0.0980051929238941,0.1038502215253578,0.7435027784276335,0.7432906947875474,0.7579548609557213,-0.0745056616092822,-0.0200501512770025,0.0254785743996784,0.001204128424268,0.0001623886965646,0.0001076849610447,0.0009340547666586,downstairs,wiktor
1672842712510193700,0.1535971633569714,0.7581782655435527,-0.1177272943100171,0.7824871160341846,0.1535971633569714,0.1355755820409678,0.0980051929238941,0.7581782655435527,0.7435027784276335,0.7432906947875474,-0.1177272943100171,-0.0745056616092822,-0.0200501512770025,0.002648285622545,0.0008789887463673,0.0007302855352885,0.0010390113408891,downstairs,wiktor
1672842712520193700,0.111668921171844,0.7963956839620845,-0.1633126283745863,0.820601637809562,0.111668921171844,0.1535971633569714,0.1355755820409678,0.7963956839620845,0.7581782655435527,0.7435027784276335,-0.1633126283745863,-0.1177272943100171,-0.0745056616092822,0.0041663638570009,0.0018550117768761,0.0007377846547533,0.0015735674253714,downstairs,wiktor
1672842712530193700,0.0507589584912416,0.8348088237648481,-0.2194119585911133,0.8646524455962368,0.0507589584912416,0.111668921171844,0.1535971633569714,0.8348088237648481,0.7963956839620845,0.7581782655435527,-0.2194119585911133,-0.1633126283745863,-0.1177272943100171,0.0022752697961948,0.0006633653728667,1.7609837721350128e-06,0.0016101434395559,downstairs,wiktor
1672842712540193700,0.0143346431821862,0.8329321331818617,-0.2761595301612859,0.8776363179477872,0.0143346431821862,0.0507589584912416,0.111668921171844,0.8329321331818617,0.8348088237648481,0.7963956839620845,-0.2761595301612859,-0.2194119585911133,-0.1633126283745863,0.0009481036920612,0.0005623082272044,0.0002716383973127,0.000114157067544,downstairs,wiktor
1672842712550193700,-0.0192006584328123,0.8096238343459201,-0.2912695975035594,0.8606377849334347,-0.0192006584328123,0.0143346431821862,0.0507589584912416,0.8096238343459201,0.8329321331818617,0.8348088237648481,-0.2912695975035594,-0.2761595301612859,-0.2194119585911133,0.0010560283724086,0.0001724324999131,1.0481850533251644e-05,0.0008731140219621,downstairs,wiktor
1672842712560193700,-0.0377711996157276,0.8142024477895844,-0.2494817039945014,0.8524044873972462,-0.0377711996157276,-0.0192006584328123,0.0143346431821862,0.8142024477895844,0.8096238343459201,0.8329321331818617,-0.2494817039945014,-0.2912695975035594,-0.2761595301612859,0.006861075486904,0.0004799579273373,0.0012594173471173,0.0051217002124493,downstairs,wiktor
1672842712570193700,-0.0687537084662838,0.8643904413162697,-0.148272018564209,0.8797059161764842,-0.0687537084662838,-0.0377711996157276,-0.0192006584328123,0.8643904413162697,0.8142024477895844,0.8096238343459201,-0.148272018564209,-0.2494817039945014,-0.2912695975035594,0.0060932580406981,0.0004115720620028,0.0023296331154275,0.0033520528632677,downstairs,wiktor
1672842712580193700,-0.0974441968553941,0.9326492592876874,-0.0663934149700129,0.9400734534609756,-0.0974441968553941,-0.0687537084662838,-0.0377711996157276,0.9326492592876874,0.8643904413162697,0.8142024477895844,-0.0663934149700129,-0.148272018564209,-0.2494817039945014,0.0045332449556372,0.0002563530247794,0.0021405880498964,0.0021363038809614,downstairs,wiktor
1672842712590193700,-0.0748011835939305,0.9980799562104072,-0.0010282272786826,1.00087954984971,-0.0748011835939305,-0.0974441968553941,-0.0687537084662838,0.9980799562104072,0.9326492592876874,0.8643904413162697,-0.0010282272786826,-0.0663934149700129,-0.148272018564209,0.0074664258608452,0.0017292612570695,0.0029502558766854,0.0027869087270903,downstairs,wiktor
1672842712600193700,-0.0159919792621337,1.0748947448475632,0.0736297760041577,1.0775322732132206,-0.0159919792621337,-0.0748011835939305,-0.0974441968553941,1.0748947448475632,0.9980799562104072,0.9326492592876874,0.0736297760041577,-0.0010282272786826,-0.0663934149700129,0.0055803932301324,0.0004050540513042,0.0037133982651152,0.001461940913713,downstairs,wiktor
1672842712610193700,0.0124704187852631,1.1610736084408506,0.1277027066388666,1.1681418650341362,0.0124704187852631,-0.0159919792621337,-0.0748011835939305,1.1610736084408506,1.0748947448475632,0.9980799562104072,0.1277027066388666,0.0736297760041577,-0.0010282272786826,0.002374183915269,9.550771353808188e-05,0.0021349593558291,0.0001437168459017,downstairs,wiktor
1672842712620193700,0.026291251867106,1.2264182234573795,0.1446565761618868,1.23519974651065,0.026291251867106,0.0124704187852631,-0.0159919792621337,1.2264182234573795,1.1610736084408506,1.0748947448475632,0.1446565761618868,0.1277027066388666,0.0736297760041577,0.0005861445189842,0.0001816098371435,0.0003623410535019,4.219362833870169e-05,downstairs,wiktor
1672842712630193700,0.0453495748333892,1.253338143721077,0.1538428298421094,1.2635587452657646,0.0453495748333892,0.026291251867106,0.0124704187852631,1.253338143721077,1.2264182234573795,1.1610736084408506,0.1538428298421094,0.1446565761618868,0.1277027066388666,0.0010463826465952,0.0008000376422405,0.0002461751158918,1.698884628840101e-07,downstairs,wiktor
1672842712640193700,0.0853505158783322,1.2755271101635175,0.1544257337156323,1.287672872493788,0.0853505158783322,0.0453495748333892,0.026291251867106,1.2755271101635175,1.253338143721077,1.2264182234573795,0.1544257337156323,0.1538428298421094,0.1446565761618868,0.0032189107654398,0.002302323485154,0.0005270752999317,0.000389511980354,downstairs,wiktor
1672842712650193700,0.1532080649816427,1.3079947956348206,0.1265147330042982,1.3230000280613543,0.1532080649816427,0.0853505158783322,0.0453495748333892,1.3079947956348206,1.2755271101635175,1.253338143721077,0.1265147330042982,0.1544257337156323,0.1538428298421094,0.0048355161315839,0.0029751194881438,0.000314732597084,0.001545664046356,downstairs,wiktor
1672842712660193700,0.2303458571219923,1.3330839405817505,0.0709150199410806,1.354695887121341,0.2303458571219923,0.1532080649816427,0.0853505158783322,1.3330839405817505,1.3079947956348206,1.2755271101635175,0.0709150199410806,0.1265147330042982,0.1544257337156323,0.0022204375039256,0.0020311793781411,4.158056260417804e-05,0.0001476775631802,downstairs,wiktor
1672842712670193700,0.2940824930253908,1.3422032127680796,0.0537291208851537,1.3750930133994848,0.2940824930253908,0.2303458571219923,0.1532080649816427,1.3422032127680796,1.3330839405817505,1.3079947956348206,0.0537291208851537,0.0709150199410806,0.1265147330042982,0.0016353850334169,0.0015664107142134,2.029394883456008e-05,4.868037036899013e-05,downstairs,wiktor
1672842712680193700,0.3500541057270704,1.3358323495872289,0.0635962755276016,1.382400242115538,0.3500541057270704,0.2940824930253908,0.2303458571219923,1.3358323495872289,1.3422032127680796,1.3330839405817505,0.0635962755276016,0.0537291208851537,0.0709150199410806,0.0025340685020189,0.0014482946763423,5.003054593396336e-05,0.0010357432797426,downstairs,wiktor
1672842712690193700,0.403874077416813,1.325829295460217,0.1091098620648694,1.3902670797762682,0.403874077416813,0.3500541057270704,0.2940824930253908,1.325829295460217,1.3358323495872289,1.3422032127680796,0.1091098620648694,0.0635962755276016,0.0537291208851537,0.0040189449388248,0.0007653310727765,7.881757250731422e-05,0.0031747962935409,downstairs,wiktor
1672842712700193700,0.442997754973417,1.338384579009967,0.1887941929404052,1.4223795342774002,0.442997754973417,0.403874077416813,0.3500541057270704,1.338384579009967,1.325829295460217,1.3358323495872289,0.1887941929404052,0.1091098620648694,0.0635962755276016,0.0030255656850959,2.18737650277167e-06,0.0007548812165217,0.0022684970920713,downstairs,wiktor
1672842712710193700,0.4450893459959507,1.3772402405413782,0.2561514062448669,1.4698669154065611,0.4450893459959507,0.442997754973417,0.403874077416813,1.3772402405413782,1.338384579009967,1.325829295460217,0.2561514062448669,0.1887941929404052,0.1091098620648694,0.001386901617654,0.0013193163169141,5.41973625302287e-05,1.3387938209632243e-05,downstairs,wiktor
1672842712720193700,0.393721723568702,1.3876515192841867,0.2613259474244561,1.4659074955053988,0.393721723568702,0.4450893459959507,0.442997754973417,1.3876515192841867,1.3772402405413782,1.338384579009967,0.2613259474244561,0.2561514062448669,0.1887941929404052,0.0115340795262542,0.0107916786700392,0.000284936545325,0.0004574643108899,downstairs,wiktor
1672842712730193700,0.2468089693909982,1.3637795044833754,0.2310781603685416,1.4050645253582046,0.2468089693909982,0.393721723568702,0.4450893459959507,1.3637795044833754,1.3876515192841867,1.3772402405413782,0.2310781603685416,0.2613259474244561,0.2561514062448669,0.021528490056164,0.0177983326698616,0.0021694677137676,0.0015606896725347,downstairs,wiktor
1672842712740193700,0.0581381837888725,1.2979089084064053,0.1752088544388134,1.3109712909170577,0.0581381837888725,0.2468089693909982,0.393721723568702,1.2979089084064053,1.3637795044833754,1.3876515192841867,0.1752088544388134,0.2310781603685416,0.2613259474244561,0.019615654431144,0.0128660420895828,0.0050949879659365,0.0016546243756246,downstairs,wiktor
1672842712750193700,-0.1022740482234204,1.1969634977535524,0.1176827842510347,1.2070753222576875,-0.1022740482234204,0.0581381837888725,0.2468089693909982,1.1969634977535524,1.2979089084064053,1.3637795044833754,0.1176827842510347,0.1752088544388134,0.2310781603685416,0.0080509924815904,0.0023506025386556,0.0051674079013149,0.0005329820416199,downstairs,wiktor
1672842712760193700,-0.1708393825937216,1.09530320165606,0.0850336788537977,1.1118030062661417,-0.1708393825937216,-0.1022740482234204,0.0581381837888725,1.09530320165606,1.1969634977535524,1.2979089084064053,0.0850336788537977,0.1176827842510347,0.1752088544388134,0.001719138294963,0.0007758906294238,0.0008210715308175,0.0001221761347217,downstairs,wiktor
1672842712770193700,-0.1314467277092431,1.0547798372642043,0.1006654500088335,1.0676948441151386,-0.1314467277092431,-0.1708393825937216,-0.1022740482234204,1.0547798372642043,1.09530320165606,1.1969634977535524,0.1006654500088335,0.0850336788537977,0.1176827842510347,0.0161979886533535,0.0140995901426425,3.169461891760031e-05,0.0020667038917933,downstairs,wiktor
1672842712780193700,0.036479387845441,1.062741573119858,0.1649570340893851,1.0760860653639257,0.036479387845441,-0.1314467277092431,-0.1708393825937216,1.062741573119858,1.0547798372642043,1.09530320165606,0.1649570340893851,0.1006654500088335,0.0850336788537977,0.0362204805735383,0.030758354449051,0.0037122972646921,0.0017498288597951,downstairs,wiktor
1672842712790193700,0.2845050093003666,1.1489076600066617,0.2241149390522081,1.204640783572165,0.2845050093003666,0.036479387845441,-0.1314467277092431,1.1489076600066617,1.062741573119858,1.0547798372642043,0.2241149390522081,0.1649570340893851,0.1006654500088335,0.0348872918256096,0.021000454876976,0.0135662685136968,0.0003205684349366,downstairs,wiktor
1672842712800193700,0.4894462441799098,1.3136272308760448,0.1987942583766538,1.4158719168075935,0.4894462441799098,0.2845050093003666,0.036479387845441,1.3136272308760448,1.1489076600066617,1.062741573119858,0.1987942583766538,0.2241149390522081,0.1649570340893851,0.0176023546694395,0.0068236753804052,0.0055956707708876,0.0051830085181466,downstairs,wiktor
1672842712810193700,0.6062681203881375,1.419416368039438,0.096980619622834,1.546515147109676,0.6062681203881375,0.4894462441799098,0.2845050093003666,1.419416368039438,1.3136272308760448,1.1489076600066617,0.096980619622834,0.1987942583766538,0.2241149390522081,0.0068914000077006,6.23281677269638e-05,3.172751810683252e-08,0.0068290401124555,downstairs,wiktor
1672842712820193700,0.5951031602245754,1.4196682708703343,-0.0198871698869837,1.5394808443599928,0.5951031602245754,0.6062681203881375,0.4894462441799098,1.4196682708703343,1.419416368039438,1.3136272308760448,-0.0198871698869837,0.096980619622834,0.1987942583766538,0.0130688700498033,0.0107433548984526,0.0012825435424046,0.001042971608946,downstairs,wiktor
1672842712830193700,0.4485197034605006,1.3690215820860785,-0.065559297250312,1.442112352788686,0.4485197034605006,0.5951031602245754,0.6062681203881375,1.3690215820860785,1.4196682708703343,1.419416368039438,-0.065559297250312,-0.0198871698869837,0.096980619622834,0.0469648121404138,0.0436673490029335,0.0029538917878383,0.0003435713496419,downstairs,wiktor
1672842712840193700,0.15299525776122,1.2921594745448672,-0.0393458903888637,1.3017802255542146,0.15299525776122,0.4485197034605006,0.5951031602245754,1.2921594745448672,1.3690215820860785,1.4196682708703343,-0.0393458903888637,-0.065559297250312,-0.0198871698869837,0.0436044590376773,0.0394931913087114,0.0001309316482613,0.0039803360807045,downstairs,wiktor
1672842712850193700,-0.1280499034094054,1.2759772838241183,0.0498767085500216,1.2833559493196407,-0.1280499034094054,0.15299525776122,0.4485197034605006,1.2759772838241183,1.2921594745448672,1.3690215820860785,0.0498767085500216,-0.0393458903888637,-0.065559297250312,0.0078150078684124,0.0057040881470558,0.0003524293778309,0.0017584903435256,downstairs,wiktor
1672842712860193700,-0.2348589680720625,1.3025264600008266,0.1091808457332848,1.328026494826513,-0.2348589680720625,-0.1280499034094054,0.15299525776122,1.3025264600008266,1.2759772838241183,1.2921594745448672,0.1091808457332848,0.0498767085500216,-0.0393458903888637,0.00086771147178,1.7555394359236927e-05,0.0007063734438131,0.0001437826336076,downstairs,wiktor
1672842712870193700,-0.228933532331252,1.34011298534737,0.0922230962595131,1.362651266908007,-0.228933532331252,-0.2348589680720625,-0.1280499034094054,1.34011298534737,1.3025264600008266,1.2759772838241183,0.0922230962595131,0.1091808457332848,0.0498767085500216,0.0037251449514668,0.0029123189968555,0.0003775009595103,0.0004353249951009,downstairs,wiktor
1672842712880193700,-0.1526142163377826,1.3675902835955718,0.0627163175433947,1.3775077565297469,-0.1526142163377826,-0.228933532331252,-0.2348589680720625,1.3675902835955718,1.34011298534737,1.3025264600008266,0.0627163175433947,0.0922230962595131,0.1091808457332848,0.0072626190007045,0.0064043250347945,0.0002004893027894,0.0006578046631205,downstairs,wiktor
1672842712890193700,-0.0394389095363911,1.3876147337897462,0.0264449882840333,1.3884269568188132,-0.0394389095363911,-0.1526142163377826,-0.228933532331252,1.3876147337897462,1.3675902835955718,1.34011298534737,0.0264449882840333,0.0627163175433947,0.0922230962595131,0.0009506671372608,0.0001010018369454,0.0008406570111151,9.008289200236364e-06,downstairs,wiktor
1672842712900193700,-0.0536517091863841,1.3466109044291816,0.0306895823047227,1.3480286659742209,-0.0536517091863841,-0.0394389095363911,-0.1526142163377826,1.3466109044291816,1.3876147337897462,1.3675902835955718,0.0306895823047227,0.0264449882840333,0.0627163175433947,0.0048101877736103,0.0016024638430764,0.0013735342576241,0.0018341896729096,downstairs,wiktor
1672842712910193700,-0.1102637899302754,1.294198420083862,0.0912567297183115,1.3020888773951775,-0.1102637899302754,-0.0536517091863841,-0.0394389095363911,1.294198420083862,1.3466109044291816,1.3876147337897462,0.0912567297183115,0.0306895823047227,0.0264449882840333,0.0074679167651145,5.7850264870497705e-06,0.0019109558003093,0.0055511759383181,downstairs,wiktor
1672842712920193700,-0.1068623118730039,1.2323768089707676,0.1966244281682458,1.252530765586341,-0.1068623118730039,-0.1102637899302754,-0.0536517091863841,1.2323768089707676,1.294198420083862,1.3466109044291816,0.1966244281682458,0.0912567297183115,0.0306895823047227,0.0083273205209175,0.0019848009548256,0.0020572015749382,0.0042853179911536,downstairs,wiktor
1672842712930193700,-0.0438575349933789,1.1682331954938476,0.2892021575760645,1.204296545862402,-0.0438575349933789,-0.1068623118730039,-0.1102637899302754,1.1682331954938476,1.2323768089707676,1.294198420083862,0.2892021575760645,0.1966244281682458,0.0912567297183115,0.0017683291792361,1.695281564515204e-05,0.0017378320047257,1.3544358865262674e-05,downstairs,wiktor
1672842712940193700,-0.0380346807714098,1.1092784330954495,0.2839974752869593,1.1456874988588497,-0.0380346807714098,-0.0438575349933789,-0.1068623118730039,1.1092784330954495,1.1682331954938476,1.2323768089707676,0.2839974752869593,0.2892021575760645,0.1966244281682458,0.0160344720269371,0.0041272447664955,0.0005212997889543,0.0113859274714871,downstairs,wiktor
1672842712950193700,-0.1288889020987157,1.0769891225127075,0.1330940129576464,1.092809194406816,-0.1288889020987157,-0.0380346807714098,-0.0438575349933789,1.0769891225127075,1.1092784330954495,1.1682331954938476,0.1330940129576464,0.2839974752869593,0.2892021575760645,0.027862898116573,0.0010514163208525,3.075194253290641e-06,0.0268084066014672,downstairs,wiktor
1672842712960193700,-0.0830322489096192,1.07450912482993,-0.0984590332389745,1.0822007184104645,-0.0830322489096192,-0.1288889020987157,-0.0380346807714098,1.07450912482993,1.0769891225127075,1.1092784330954495,-0.0984590332389745,0.1330940129576464,0.2839974752869593,0.0777311424739218,0.0642353466794379,0.0001490314520977,0.0133467643423861,downstairs,wiktor
1672842712970193700,0.2753958378230974,1.0572446264533322,-0.2618405765196409,1.123463197068275,0.2753958378230974,-0.0830322489096192,-0.1288889020987157,1.0572446264533322,1.07450912482993,1.0769891225127075,-0.2618405765196409,-0.0984590332389745,0.1330940129576464,0.1126717749696588,0.10971290922422,0.0016222125799753,0.0013366531654634,downstairs,wiktor
1672842712980193700,0.7438249343237738,1.0002847707657458,-0.3135446027741502,1.2853619620466628,0.7438249343237738,0.2753958378230974,-0.0830322489096192,1.0002847707657458,1.0572446264533322,1.07450912482993,-0.3135446027741502,-0.2618405765196409,-0.0984590332389745,0.0357524560751172,0.027110549788168,0.0042465110604778,0.0043953952264712,downstairs,wiktor
1672842712990193700,0.5109706889763115,0.9081271768249548,-0.2197853874780394,1.06493738352537,0.5109706889763115,0.7438249343237738,0.2753958378230974,0.9081271768249548,1.0002847707657458,1.0572446264533322,-0.2197853874780394,-0.3135446027741502,-0.2618405765196409,0.1553789114536006,0.1400305280637805,0.0053138703883219,0.010034513001498,downstairs,wiktor
1672842713000193700,-0.0182372627095651,0.8050362423222356,-0.0781201976712413,0.8090233089890777,-0.0182372627095651,0.5109706889763115,0.7438249343237738,0.8050362423222356,0.9081271768249548,1.0002847707657458,-0.0781201976712413,-0.2197853874780394,-0.3135446027741502,0.0832876860355225,0.0757995021185529,0.0044804680355449,0.0030077158814246,downstairs,wiktor
1672842713010193700,-0.4075944306634965,0.7103740213938738,-0.0005609831132711,0.8190023106690586,-0.4075944306634965,-0.0182372627095651,0.5109706889763115,0.7103740213938738,0.8050362423222356,0.9081271768249548,-0.0005609831132711,-0.0781201976712413,-0.2197853874780394,0.0088279312514958,0.0007390704800324,0.0063315714427809,0.0017572893286824,downstairs,wiktor
1672842713020193700,-0.3691478318533958,0.5978433905169349,0.0587228988224194,0.7050781660163328,-0.3691478318533958,-0.4075944306634965,-0.0182372627095651,0.5978433905169349,0.7103740213938738,0.8050362423222356,0.0587228988224194,-0.0005609831132711,-0.0781201976712413,0.0244068131116713,0.0173107607679444,0.0061604137125923,0.0009356386311344,downstairs,wiktor
1672842713030193700,-0.1830792382222057,0.4868441678836895,0.1019811611808283,0.5300334031984921,-0.1830792382222057,-0.3691478318533958,-0.4075944306634965,0.4868441678836895,0.5978433905169349,0.7103740213938738,0.1019811611808283,0.0587228988224194,-0.0005609831132711,0.0174992309344459,0.0133692691774848,0.0040099715555283,0.0001199902014327,downstairs,wiktor
1672842713040193700,-0.0195600089096577,0.3972900327973817,0.1174724620579507,0.4147550402956511,-0.0195600089096577,-0.1830792382222057,-0.3691478318533958,0.3972900327973817,0.4868441678836895,0.5978433905169349,0.1174724620579507,0.1019811611808283,0.0587228988224194,0.0093878391566996,0.0078090879576266,0.0010164962380088,0.0005622549610641,downstairs,wiktor
1672842713050193700,0.1054126917703439,0.352201314962233,0.0839387488408265,0.3770985486638194,0.1054126917703439,-0.0195600089096577,-0.1830792382222057,0.352201314962233,0.3972900327973817,0.4868441678836895,0.0839387488408265,0.1174724620579507,0.1019811611808283,0.0073534518157295,0.0031994309231949,2.2007751589663723e-05,0.0041320131409449,downstairs,wiktor
1672842713060193700,0.1854055779939946,0.3588357330361358,-0.0069679411324087,0.4039639388095092,0.1854055779939946,0.1054126917703439,-0.0195600089096577,0.3588357330361358,0.352201314962233,0.3972900327973817,-0.0069679411324087,0.0839387488408265,0.1174724620579507,0.0064230655787683,0.0012956775143269,0.0007529548362571,0.0043744332281842,downstairs,wiktor
1672842713070193700,0.2363109316284976,0.3976417850449955,-0.1005033165599361,0.4733526827434758,0.2363109316284976,0.1854055779939946,0.1054126917703439,0.3976417850449955,0.3588357330361358,0.352201314962233,-0.1005033165599361,-0.0069679411324087,0.0839387488408265,0.0030768835341138,0.0003614756779427,0.0015806923200618,0.0011347155361092,downstairs,wiktor
1672842713080193700,0.2631986863857374,0.453867976807587,-0.1481418626357613,0.5451749263784816,0.2631986863857374,0.2363109316284976,0.1854055779939946,0.453867976807587,0.3976417850449955,0.3588357330361358,-0.1481418626357613,-0.1005033165599361,-0.0069679411324087,0.0014494909431126,0.0004220904824129,0.0010210026153577,6.39784534186961e-06,downstairs,wiktor
1672842713090193700,0.2922534788445725,0.4990565287949608,-0.1445647561677149,0.596127908720487,0.2922534788445725,0.2631986863857374,0.2363109316284976,0.4990565287949608,0.453867976807587,0.3976417850449955,-0.1445647561677149,-0.1481418626357613,-0.1005033165599361,0.0003448201073111,3.449556529715301e-06,1.3314879824034518e-05,0.0003280556709574,downstairs,wiktor
1672842713100193700,0.2948800951202074,0.4938961257440287,-0.1189500857244932,0.587398311554373,0.2948800951202074,0.2922534788445725,0.2631986863857374,0.4938961257440287,0.4990565287949608,0.453867976807587,-0.1189500857244932,-0.1445647561677149,-0.1481418626357613,0.0024109886158876,0.0002841264990757,0.0015969924233599,0.0005298696934519,downstairs,wiktor
1672842713110193700,0.2710420373521883,0.4373807752034905,-0.0863964471121354,0.5217567197489951,0.2710420373521883,0.2948800951202074,0.2922534788445725,0.4373807752034905,0.4938961257440287,0.4990565287949608,-0.0863964471121354,-0.1189500857244932,-0.1445647561677149,0.007486981254835,0.0004026329528889,0.0066946075901376,0.0003897407118084,downstairs,wiktor
1672842713120193700,0.2426648298472561,0.3216689988785403,-0.0584772525747423,0.4071569151482145,0.2426648298472561,0.2710420373521883,0.2948800951202074,0.3216689988785403,0.4373807752034905,0.4938961257440287,-0.0584772525747423,-0.0863964471121354,-0.1189500857244932,0.0082707135682185,2.3593144204378523e-08,0.0080912678262604,0.0001794221488139,downstairs,wiktor
1672842713130193700,0.2424476057960814,0.1944584032014467,-0.039534066527305,0.3133015393324679,0.2424476057960814,0.2426648298472561,0.2710420373521883,0.1944584032014467,0.3216689988785403,0.4373807752034905,-0.039534066527305,-0.0584772525747423,-0.0863964471121354,0.0014569584102577,0.0001643464580174,0.0010228712631283,0.0002697406891119,downstairs,wiktor
1672842713140193700,0.2605774959235715,0.1492285178792763,-0.0627608049600666,0.3067714141987156,0.2605774959235715,0.2424476057960814,0.2426648298472561,0.1492285178792763,0.1944584032014467,0.3216689988785403,-0.0627608049600666,-0.039534066527305,-0.0584772525747423,0.0021347454769783,0.0002832667412354,0.000226456068835,0.0016250226669077,downstairs,wiktor
1672842713150193700,0.2843794597600071,0.1705102503667912,-0.1197699738175022,0.3525482509413208,0.2843794597600071,0.2605774959235715,0.2424476057960814,0.1705102503667912,0.1492285178792763,0.1944584032014467,-0.1197699738175022,-0.0627608049600666,-0.039534066527305,0.0042321469474273,0.0008488150077211,0.0008055450120239,0.0025777869276821,downstairs,wiktor
1672842713160193700,0.3255817657081252,0.2106486362841142,-0.1915722986779434,0.4325231551613495,0.3255817657081252,0.2843794597600071,0.2605774959235715,0.2106486362841142,0.1705102503667912,0.1492285178792763,-0.1915722986779434,-0.1197699738175022,-0.0627608049600666,0.0086464214331153,0.0018495119993546,0.002563643673897,0.0042332657598636,downstairs,wiktor
1672842713170193700,0.3864013678007839,0.2822537153483411,-0.283586055908736,0.5562321709251737,0.3864013678007839,0.3255817657081252,0.2843794597600071,0.2822537153483411,0.2106486362841142,0.1705102503667912,-0.283586055908736,-0.1915722986779434,-0.1197699738175022,0.0128603988924542,1.919368389468917e-06,0.0092661169868597,0.003592362537205,downstairs,wiktor
1672842713180193700,0.3883606372510989,0.4183868633091499,-0.3683488134996153,0.6793764791058956,0.3883606372510989,0.3864013678007839,0.3255817657081252,0.4183868633091499,0.2822537153483411,0.2106486362841142,-0.3683488134996153,-0.283586055908736,-0.1915722986779434,0.0106925613160588,0.0023460422332279,0.0074312808457932,0.0009152382370376,downstairs,wiktor
1672842713190193700,0.3198618455357999,0.5402989697284327,-0.4111328814931487,0.7505097089072421,0.3198618455357999,0.3883606372510989,0.3864013678007839,0.5402989697284327,0.4183868633091499,0.2822537153483411,-0.4111328814931487,-0.3683488134996153,-0.283586055908736,0.0171169487921434,0.0156845181969264,0.0013775141869663,5.491640825061673e-05,downstairs,wiktor
1672842713200193700,0.1427487844876297,0.592787333905008,-0.4006527662026935,0.7295866485735423,0.1427487844876297,0.3198618455357999,0.3883606372510989,0.592787333905008,0.5402989697284327,0.4183868633091499,-0.4006527662026935,-0.4111328814931487,-0.3683488134996153,0.0103138165650349,2.947355968376575e-06,0.0056998182262866,0.0046110509827799,downstairs,wiktor
1672842713210193700,0.1403208817019414,0.6995564139449396,-0.304620990390935,0.7757983461698459,0.1403208817019414,0.1427487844876297,0.3198618455357999,0.6995564139449396,0.592787333905008,0.5402989697284327,-0.304620990390935,-0.4006527662026935,-0.4111328814931487,0.2127764763007272,0.1116796428391563,0.0649520042818508,0.03614482917972,downstairs,wiktor
1672842713220193700,0.6129299015886895,1.0599784007377846,-0.0357536283712207,1.2249553445876544,0.6129299015886895,0.1403208817019414,0.1427487844876297,1.0599784007377846,0.6995564139449396,0.592787333905008,-0.0357536283712207,-0.304620990390935,-0.4006527662026935,0.2065257283873013,0.0016676879343495,0.1664563826817817,0.03840165777117,downstairs,wiktor
1672842713230193700,0.6706826146738687,1.6369643324237864,0.2413804827416845,1.7854220601028874,0.6706826146738687,0.6129299015886895,0.1403208817019414,1.6369643324237864,1.0599784007377846,0.6995564139449396,0.2413804827416845,-0.0357536283712207,-0.304620990390935,0.5679166450763757,0.4063960902872644,0.1615205394289804,1.5360130902591875e-08,downstairs,wiktor
1672842713240193700,-0.2308672622461655,2.205331360723248,0.2415557547069418,2.230501128894252,-0.2308672622461655,0.6706826146738687,0.6129299015886895,2.205331360723248,1.6369643324237864,1.0599784007377846,0.2415557547069418,0.2413804827416845,-0.0357536283712207,0.0498465351938903,0.0002003750308195,0.0350522918166212,0.0145938683464494,downstairs,wiktor
1672842713250193700,-0.2508860050048686,2.470104062551141,0.0707115663571506,2.483819235160972,-0.2508860050048686,-0.2308672622461655,0.6706826146738687,2.470104062551141,2.205331360723248,1.6369643324237864,0.0707115663571506,0.2415557547069418,0.2413804827416845,0.2212874542204457,0.1647366413807004,0.015718661869545,0.0408321509702001,downstairs,wiktor
1672842713260193700,0.3231116280576737,2.2927983273390784,-0.2150580995285069,2.32541937727537,0.3231116280576737,-0.2508860050048686,-0.2308672622461655,2.2927983273390784,2.470104062551141,2.205331360723248,-0.2150580995285069,0.0707115663571506,0.2415557547069418,0.2115356471080717,0.0014206498960253,0.1965821105554585,0.0135328866565878,downstairs,wiktor
1672842713270193700,0.3764154721221566,1.6657702409578403,-0.3795748868578725,1.7494445398602538,0.3764154721221566,0.3231116280576737,-0.2508860050048686,1.6657702409578403,2.2927983273390784,2.470104062551141,-0.3795748868578725,-0.2150580995285069,0.0707115663571506,0.2709561210882522,0.0218085834127964,0.2491397015909154,7.836084540394429e-06,downstairs,wiktor
1672842713280193700,0.1675682388975031,0.9598811539322436,-0.3756160778095868,1.0442884574055982,0.1675682388975031,0.3764154721221566,0.3231116280576737,0.9598811539322436,1.6657702409578403,2.2927983273390784,-0.3756160778095868,-0.3795748868578725,-0.2150580995285069,0.0999468224593458,0.0106115474500885,0.0892066529142724,0.0001286220949848,downstairs,wiktor
1672842713290193700,0.0218867544865558,0.5374911613560169,-0.3595772440000558,0.6470483544221949,0.0218867544865558,0.1675682388975031,0.3764154721221566,0.5374911613560169,0.9598811539322436,1.6657702409578403,-0.3595772440000558,-0.3756160778095868,-0.3795748868578725,0.015559199094891,0.0004035445994501,0.0147883421091745,0.0003673123862663,downstairs,wiktor
1672842713300193700,-0.0065225608677469,0.3655124294780629,-0.3324732816968678,0.494146094738706,-0.0065225608677469,0.0218867544865558,0.1675682388975031,0.3655124294780629,0.5374911613560169,0.9598811539322436,-0.3324732816968678,-0.3595772440000558,-0.3756160778095868,0.0024670935370014,6.417563827785086e-05,0.0004616306633599,0.0019412872353636,downstairs,wiktor
1672842713310193700,0.0048066613719172,0.3958976450724913,-0.2701629737957878,0.4793183511797479,0.0048066613719172,-0.0065225608677469,0.0218867544865558,0.3958976450724913,0.3655124294780629,0.5374911613560169,-0.2701629737957878,-0.3324732816968678,-0.3595772440000558,0.0387757439286901,0.0021575048722087,0.0271106386665709,0.0095076003899104,downstairs,wiktor
1672842713320193700,-0.0608820723989314,0.628752272110783,-0.1322673582751304,0.6453918968263721,-0.0608820723989314,0.0048066613719172,-0.0065225608677469,0.628752272110783,0.3958976450724913,0.3655124294780629,-0.1322673582751304,-0.2701629737957878,-0.3324732816968678,0.0610256624324834,0.0026145072333989,0.050272834587294,0.0081383206117903,downstairs,wiktor
1672842713330193700,-0.1331939971886777,0.9458416430688588,-0.0046874177531945,0.9551853362230228,-0.1331939971886777,-0.0608820723989314,0.0048066613719172,0.9458416430688588,0.628752272110783,0.3958976450724913,-0.0046874177531945,-0.1322673582751304,-0.2701629737957878,0.0335155856956487,0.0006351831820945,0.0309223415536882,0.001958060959866,downstairs,wiktor
1672842713340193700,-0.16883619639396,1.1945275556320285,0.057891507770755,1.2077885448409336,-0.16883619639396,-0.1331939971886777,-0.0608820723989314,1.1945275556320285,0.9458416430688588,0.628752272110783,0.057891507770755,-0.0046874177531945,-0.1322673582751304,0.019139896785659,6.546202126108971e-05,0.018315965557288,0.0007584692071099,downstairs,wiktor
1672842713350193700,-0.1573939919506642,1.3859222554399804,0.0968394013494824,1.3981885554100828,-0.1573939919506642,-0.16883619639396,-0.1331939971886777,1.3859222554399804,1.1945275556320285,0.9458416430688588,0.0968394013494824,0.057891507770755,-0.0046874177531945,0.0089602908408941,0.0023333463672641,0.0062386161849973,0.0003883282886326,downstairs,wiktor
1672842713360193700,-0.0890807960473228,1.4976237879719685,0.1247079602872037,1.505444942162591,-0.0890807960473228,-0.1573939919506642,-0.16883619639396,1.4976237879719685,1.3859222554399804,1.1945275556320285,0.1247079602872037,0.0968394013494824,0.057891507770755,0.0076628711620491,0.0076198644879264,2.2436024704386296e-05,2.057064941831713e-05,downstairs,wiktor
1672842713370193700,0.0343685011392265,1.4909251277022748,0.1182938119542889,1.4960054666448508,0.0343685011392265,-0.0890807960473228,-0.1573939919506642,1.4909251277022748,1.4976237879719685,1.3859222554399804,0.1182938119542889,0.1247079602872037,0.0968394013494824,0.0152142796016422,0.0075580629689995,0.0053986199731595,0.0022575966594831,downstairs,wiktor
1672842713380193700,0.1573161564157676,1.387015359411132,0.0510986237413951,1.3968432444838204,0.1573161564157676,0.0343685011392265,-0.0890807960473228,1.387015359411132,1.4909251277022748,1.4976237879719685,0.0510986237413951,0.1182938119542889,0.1247079602872037,0.0239260914249662,2.1318477020772216e-05,0.0175047238289058,0.0064000491190396,downstairs,wiktor
1672842713390193700,0.1638458542680073,1.1999072418485537,-0.0620388954026947,1.2126300662379284,0.1638458542680073,0.1573161564157676,0.0343685011392265,1.1999072418485537,1.387015359411132,1.4909251277022748,-0.0620388954026947,0.0510986237413951,0.1182938119542889,0.0137821564673649,0.0016727469815005,0.0099640801643158,0.0021453293215485,downstairs,wiktor
1672842713400193700,0.106005609083525,1.0587401056991232,-0.127542014741372,1.0716504869113102,0.106005609083525,0.1638458542680073,0.1573161564157676,1.0587401056991232,1.1999072418485537,1.387015359411132,-0.127542014741372,-0.0620388954026947,0.0510986237413951,0.0067311648463982,0.0027809053708076,0.00299721229714,0.0009530471784505,downstairs,wiktor
1672842713410193700,0.0314280605745039,0.9813164362286046,-0.1712008552768359,0.9966340370724872,0.0314280605745039,0.106005609083525,0.1638458542680073,0.9813164362286046,1.0587401056991232,1.1999072418485537,-0.1712008552768359,-0.127542014741372,-0.0620388954026947,0.0009761472907219,0.0002649102142698,0.0004287620228089,0.000282475053643,downstairs,wiktor
1672842713420193700,0.0084102320813625,0.9520329247312111,-0.194969534400552,0.9718284525163352,0.0084102320813625,0.0314280605745039,0.106005609083525,0.9520329247312111,0.9813164362286046,1.0587401056991232,-0.194969534400552,-0.1712008552768359,-0.127542014741372,0.0009249378244101,0.0006715871623026,9.174860079137828e-05,0.000161602061316,downstairs,wiktor
1672842713430193700,0.0450595748395261,0.9655790386234964,-0.1769916556983192,0.9827000006617618,0.0450595748395261,0.0084102320813625,0.0314280605745039,0.9655790386234964,0.9520329247312111,0.9813164362286046,-0.1769916556983192,-0.194969534400552,-0.1712008552768359,0.0040648327345614,0.0016550766968953,0.000377042500728,0.0020327135369381,downstairs,wiktor
1672842713440193700,0.1025935073819016,0.9930396468005942,-0.11323095405635,1.0047260406853604,0.1025935073819016,0.0450595748395261,0.0084102320813625,0.9930396468005942,0.9655790386234964,0.9520329247312111,-0.11323095405635,-0.1769916556983192,-0.194969534400552,0.0040969299674144,0.0009222887381102,6.164296295569518e-07,0.0031740247996746,downstairs,wiktor
1672842713450193700,0.1455420518999701,0.9941499887565312,-0.0335563056457711,1.0053072737548738,0.1455420518999701,0.1025935073819016,0.0450595748395261,0.9941499887565312,0.9930396468005942,0.9655790386234964,-0.0335563056457711,-0.11323095405635,-0.1769916556983192,0.0017035822345889,0.0001300842382601,8.880272185660834e-05,0.0014846952744721,downstairs,wiktor
1672842713460193700,0.1616717907856524,0.9808231195175382,0.0209358089116983,0.9942786670801812,0.1616717907856524,0.1455420518999701,0.1025935073819016,0.9808231195175382,0.9941499887565312,0.9930396468005942,0.0209358089116983,-0.0335563056457711,-0.11323095405635,0.0005962223152407,1.6462912671121383e-05,0.0004436885725156,0.0001360708300539,downstairs,wiktor
1672842713470193700,0.1559336878463315,0.9510342433213588,0.0374325255579877,0.9644597663691504,0.1559336878463315,0.1616717907856524,0.1455420518999701,0.9510342433213588,0.9808231195175382,0.9941499887565312,0.0374325255579877,0.0209358089116983,-0.0335563056457711,0.0016563310546005,0.0001246569249826,0.0015080480869824,2.362604263553596e-05,downstairs,wiktor
1672842713480193700,0.1401440124232837,0.8961152468450491,0.0305585103360761,0.90752228755013,0.1401440124232837,0.1559336878463315,0.1616717907856524,0.8961152468450491,0.9510342433213588,0.9808231195175382,0.0305585103360761,0.0374325255579877,0.0209358089116983,0.002941645363666,6.455648652723061e-05,0.0028434382166553,3.365066048347953e-05,downstairs,wiktor
1672842713490193700,0.128781223458665,0.8207038655202736,0.0223547721048208,0.8310470349091491,0.128781223458665,0.1401440124232837,0.1559336878463315,0.8207038655202736,0.8961152468450491,0.9510342433213588,0.0223547721048208,0.0305585103360761,0.0374325255579877,0.0031161674454445,5.45375644478096e-07,0.0031005927105498,1.502935925013476e-05,downstairs,wiktor
1672842713500193700,0.1277368330675965,0.7419562597084155,0.0168721889088931,0.7530607283620745,0.1277368330675965,0.128781223458665,0.1401440124232837,0.7419562597084155,0.8207038655202736,0.8961152468450491,0.0168721889088931,0.0223547721048208,0.0305585103360761,0.0020017399023673,0.0002542074421273,0.0017386940515845,8.83840865535652e-06,downstairs,wiktor
1672842713510193700,0.1051887758507365,0.6829868769477903,0.0126678081803299,0.6911557176295123,0.1051887758507365,0.1277368330675965,0.128781223458665,0.6829868769477903,0.7419562597084155,0.8207038655202736,0.0126678081803299,0.0168721889088931,0.0223547721048208,0.0048627383970511,0.0026494625583421,0.0017131134148934,0.0005001624238155,downstairs,wiktor
1672842713520193700,0.0323950596611898,0.624452896818408,-0.0189601042963265,0.6255800075052598,0.0323950596611898,0.1051887758507365,0.1277368330675965,0.624452896818408,0.6829868769477903,0.7419562597084155,-0.0189601042963265,0.0126678081803299,0.0168721889088931,0.0012314982707048,1.8396549615864315e-06,0.000647728470822,0.0005819301449212,downstairs,wiktor
1672842713530193700,0.0304769069240041,0.5884604400858626,-0.0530755009647284,0.591634634047364,0.0304769069240041,0.0323950596611898,0.1051887758507365,0.5884604400858626,0.624452896818408,0.6829868769477903,-0.0530755009647284,-0.0189601042963265,0.0126678081803299,0.0002072717203228,0.0001407721515313,1.6300441126884085e-08,6.648326835035198e-05,downstairs,wiktor
1672842713540193700,0.0472561888830984,0.5886409972298746,-0.0646066126501083,0.5940584023525444,0.0472561888830984,0.0304769069240041,0.0323950596611898,0.5886409972298746,0.5884604400858626,0.624452896818408,-0.0646066126501083,-0.0530755009647284,-0.0189601042963265,0.0011215757250931,0.0001673688700658,0.0003122700402284,0.0006419368147987,downstairs,wiktor
1672842713550193700,0.0289603494617501,0.6136317971461829,-0.1004377950140433,0.6224712322485946,0.0289603494617501,0.0472561888830984,0.0304769069240041,0.6136317971461829,0.5886409972298746,0.5884604400858626,-0.1004377950140433,-0.0646066126501083,-0.0530755009647284,0.0018321216407158,4.9016252952351176e-05,0.0013831551165391,0.0003999502712243,downstairs,wiktor
1672842713560193700,0.0388614860583587,0.6662275216214507,-0.1287203080291324,0.6796603882555164,0.0388614860583587,0.0289603494617501,0.0472561888830984,0.6662275216214507,0.6136317971461829,0.5886409972298746,-0.1287203080291324,-0.1004377950140433,-0.0646066126501083,0.0016112282894311,0.0003028458841288,0.0007669885794481,0.0005413938258541,downstairs,wiktor
1672842713570193700,0.0634722919829472,0.7053935420843005,-0.1616260469162662,0.7264514850322652,0.0634722919829472,0.0388614860583587,0.0289603494617501,0.7053935420843005,0.6662275216214507,0.6136317971461829,-0.1616260469162662,-0.1287203080291324,-0.1004377950140433,0.0018470562700363,2.79288848015431e-07,0.0015228121133975,0.0003239648677908,downstairs,wiktor
1672842713580193700,0.0642196725393111,0.7605807165616653,-0.1870805108780482,0.7858793229859812,0.0642196725393111,0.0634722919829472,0.0388614860583587,0.7605807165616653,0.7053935420843005,0.6662275216214507,-0.1870805108780482,-0.1616260469162662,-0.1287203080291324,0.0048461276060805,0.0002194528725117,0.0044395644092112,0.0001871103243575,downstairs,wiktor
1672842713590193700,0.0432695950925907,0.8548098459135935,-0.2064252943794227,0.880445076475489,0.0432695950925907,0.0642196725393111,0.0634722919829472,0.8548098459135935,0.7605807165616653,0.7053935420843005,-0.2064252943794227,-0.1870805108780482,-0.1616260469162662,0.0005012656391225,0.000156995598635,0.0001707081374068,0.0001735619030806,downstairs,wiktor
1672842713600193700,0.0255497983310553,0.8732872990609766,-0.2250565532247414,0.9021828811529146,0.0255497983310553,0.0432695950925907,0.0642196725393111,0.8732872990609766,0.8548098459135935,0.7605807165616653,-0.2250565532247414,-0.2064252943794227,-0.1870805108780482,0.0004410033439831,7.950560032976973e-06,0.0002739404453824,0.0001591123385677,downstairs,wiktor
1672842713610193700,0.029537419183889,0.8498804434249709,-0.2072177002028804,0.8752761864266849,0.029537419183889,0.0255497983310553,0.0432695950925907,0.8498804434249709,0.8732872990609766,0.8548098459135935,-0.2072177002028804,-0.2250565532247414,-0.2064252943794227,0.0032908304109152,0.0003159764668493,1.998803249687595e-07,0.0029746540637409,downstairs,wiktor
1672842713620193700,0.0546760932479421,0.8492481771440912,-0.1300859419739781,0.8608915691622706,0.0546760932479421,0.029537419183889,0.0255497983310553,0.8492481771440912,0.8498804434249709,0.8732872990609766,-0.1300859419739781,-0.2072177002028804,-0.2250565532247414,0.004838343930651,0.0010735053310117,0.0002616468757328,0.0035031917239063,downstairs,wiktor
1672842713630193700,0.1010119396524654,0.8721237919219652,-0.0463817996164293,0.8791783617243768,0.1010119396524654,0.0546760932479421,0.029537419183889,0.8721237919219652,0.8492481771440912,0.8498804434249709,-0.0463817996164293,-0.1300859419739781,-0.2072177002028804,0.0045491913269081,0.0019755419440128,0.0010725066719125,0.0015011427109827,downstairs,wiktor
1672842713640193700,0.1638695874610313,0.9184380806871516,0.0084113151149442,0.9329804392230902,0.1638695874610313,0.1010119396524654,0.0546760932479421,0.9184380806871516,0.8721237919219652,0.8492481771440912,0.0084113151149442,-0.0463817996164293,-0.1300859419739781,0.006764329105935,0.0019475684138894,0.0041326301565198,0.0006841305355257,downstairs,wiktor
1672842713650193700,0.2262806187598247,1.0093515577576035,0.045401328240807,1.035400775632344,0.2262806187598247,0.1638695874610313,0.1010119396524654,1.0093515577576035,0.9184380806871516,0.8721237919219652,0.045401328240807,0.0084113151149442,-0.0463817996164293,0.0090083870725199,0.0005464037906497,0.0084543466055461,7.636676323969576e-06,downstairs,wiktor
1672842713660193700,0.1932229784735069,1.1393849888862648,0.0414932145464604,1.156397405377116,0.1932229784735069,0.2262806187598247,0.1638695874610313,1.1393849888862648,1.0093515577576035,0.9184380806871516,0.0414932145464604,0.045401328240807,0.0084113151149442,0.0199935572833144,0.0130081351763269,0.0053864823927582,0.0015989397142291,downstairs,wiktor
1672842713670193700,0.0319273791762726,1.2431778826002204,-0.0150565814607607,1.2436789400696295,0.0319273791762726,0.1932229784735069,0.2262806187598247,1.2431778826002204,1.1393849888862648,1.0093515577576035,-0.0150565814607607,0.0414932145464604,0.045401328240807,0.0162043778039976,0.0132393489206882,0.0013174201760738,0.0016476087072355,downstairs,wiktor
1672842713680193700,-0.1307953845704649,1.2945085786031745,-0.072460565769091,1.303115661134392,-0.1307953845704649,0.0319273791762726,0.1932229784735069,1.2945085786031745,1.2431778826002204,1.1393849888862648,-0.072460565769091,-0.0150565814607607,0.0414932145464604,0.0014715829077947,4.164178464799217e-06,0.0009380803838321,0.0005293383454977,downstairs,wiktor
1672842713690193700,-0.1279094952916466,1.3378232501090788,-0.039923253480035,1.3445169220529036,-0.1279094952916466,-0.1307953845704649,0.0319273791762726,1.3378232501090788,1.2945085786031745,1.2431778826002204,-0.039923253480035,-0.072460565769091,-0.0150565814607607,0.0066950238200807,0.00199591875472,0.000470958899726,0.0042281461656346,downstairs,wiktor
1672842713700193700,-0.0647285051962066,1.368513929467021,0.05203484747507,1.3710316480234712,-0.0647285051962066,-0.1279094952916466,-0.1307953845704649,1.368513929467021,1.3378232501090788,1.2945085786031745,0.05203484747507,-0.039923253480035,-0.072460565769091,0.0058671754079237,0.0004806891588058,2.088254917790664e-06,0.0053843979942,downstairs,wiktor
1672842713710193700,-0.0337224038996592,1.3705575805711925,0.1558076569600218,1.3797975605694135,-0.0337224038996592,-0.0647285051962066,-0.1279094952916466,1.3705575805711925,1.368513929467021,1.3378232501090788,0.1558076569600218,0.05203484747507,-0.039923253480035,0.0020909865326053,0.0001489732663067,2.1352987972540657e-06,0.0019398779675013,downstairs,wiktor
1672842713720193700,-0.0509835316905531,1.368491038146148,0.2180953438251054,1.3866984607289916,-0.0509835316905531,-0.0337224038996592,-0.0647285051962066,1.368491038146148,1.3705575805711925,1.368513929467021,0.2180953438251054,0.1558076569600218,0.05203484747507,0.0009260917828063,9.353770127902756e-06,0.000279102175727,0.0006376358369513,downstairs,wiktor
1672842713730193700,-0.0553087531017418,1.392117386815677,0.2538062899607474,1.4161452996312978,-0.0553087531017418,-0.0509835316905531,-0.0337224038996592,1.392117386815677,1.368491038146148,1.3705575805711925,0.2538062899607474,0.2180953438251054,0.1558076569600218,0.0026253969728364,0.0006061552773992,0.0009008186207501,0.001118423074687,downstairs,wiktor
1672842713740193700,-0.0204905027896058,1.4345630843773878,0.3011015978609409,1.4659649641097656,-0.0204905027896058,-0.0553087531017418,-0.0509835316905531,1.4345630843773878,1.392117386815677,1.368491038146148,0.3011015978609409,0.2538062899607474,0.2180953438251054,0.0019395477049592,0.0018651527336279,1.8011192311342026e-05,5.638377901993215e-05,downstairs,wiktor
1672842713750193700,0.0405857239050411,1.4405649494727295,0.3117208048953603,1.4744641178539664,0.0405857239050411,-0.0204905027896058,-0.0553087531017418,1.4405649494727295,1.4345630843773878,1.392117386815677,0.3117208048953603,0.3011015978609409,0.2538062899607474,0.005496492148326,0.0028576715010284,0.000897232127384,0.0017415885199135,downstairs,wiktor
1672842713760193700,0.1161856114846992,1.39820383222155,0.2527023582890064,1.4255986583326763,0.1161856114846992,0.0405857239050411,-0.0204905027896058,1.39820383222155,1.4405649494727295,1.4345630843773878,0.2527023582890064,0.3117208048953603,0.3011015978609409,0.0046689426235903,0.0015793073555134,0.0005000990734755,0.0025895361946013,downstairs,wiktor
1672842713770193700,0.1723871658317715,1.366577922796664,0.1807365859440739,1.3892149824694071,0.1723871658317715,0.1161856114846992,0.0405857239050411,1.366577922796664,1.39820383222155,1.4405649494727295,0.1807365859440739,0.2527023582890064,0.3117208048953603,0.0015290768318453,0.0001395999168069,0.0013825483568126,6.928558225893663e-06,downstairs,wiktor
1672842713780193700,0.1890964397122788,1.4191621097127438,0.1770140711419828,1.4426061619646728,0.1890964397122788,0.1723871658317715,0.1161856114846992,1.4191621097127438,1.366577922796664,1.39820383222155,0.1770140711419828,0.1807365859440739,0.2527023582890064,0.0086737447394956,1.9072975391189983e-05,0.0086499960371822,4.6757269221621865e-06,downstairs,wiktor
1672842713790193700,0.195272680541649,1.5506915439636542,0.1739560564519716,1.5725890734272014,0.195272680541649,0.1890964397122788,0.1723871658317715,1.5506915439636542,1.4191621097127438,1.366577922796664,0.1739560564519716,0.1770140711419828,0.1807365859440739,0.0096158919701573,0.0001365797243608,0.0093299267577851,0.0001493854880113,downstairs,wiktor
1672842713800193700,0.1787451444663084,1.6872926183209602,0.1566710636540938,1.703951885675528,0.1787451444663084,0.195272680541649,0.1890964397122788,1.6872926183209602,1.5506915439636542,1.4191621097127438,0.1566710636540938,0.1739560564519716,0.1770140711419828,0.0061244994333831,0.0007192176221079,0.004736353322557,0.000668928488718,downstairs,wiktor
1672842713810193700,0.1408184356160012,1.7846204491049351,0.1200943363888478,1.7941913579118356,0.1408184356160012,0.1787451444663084,0.195272680541649,1.7846204491049351,1.6872926183209602,1.5506915439636542,0.1200943363888478,0.1566710636540938,0.1739560564519716,0.0026913605983106,0.0007722438492306,0.000462922163668,0.0014561945854119,downstairs,wiktor
1672842713820193700,0.1801184063343279,1.7541927589636177,0.0661277803487977,1.764655138896738,0.1801184063343279,0.1408184356160012,0.1787451444663084,1.7541927589636177,1.7846204491049351,1.6872926183209602,0.0661277803487977,0.1200943363888478,0.1566710636540938,0.0220939271251103,0.0073771730250621,0.0136609353349706,0.0010558187650774,downstairs,wiktor
1672842713830193700,0.3015858754366533,1.588899472137015,0.0201752229645246,1.6173937716096989,0.3015858754366533,0.1801184063343279,0.1408184356160012,1.588899472137015,1.7541927589636177,1.7846204491049351,0.0201752229645246,0.0661277803487977,0.1200943363888478,0.02107221324758,0.0016701411068654,0.0193988219686498,3.2501720648276563e-06,downstairs,wiktor
1672842713840193700,0.3593810500944991,1.3919282967399549,0.0227248002098057,1.4377536433537534,0.3593810500944991,0.3015858754366533,0.1801184063343279,1.3919282967399549,1.588899472137015,1.7541927589636177,0.0227248002098057,0.0201752229645246,0.0661277803487977,0.0126430359155899,0.0004480533439258,0.0116352556890088,0.0005597268826553,downstairs,wiktor
1672842713850193700,0.3294460089578708,1.2393815452897268,0.0561830393342835,1.283650194380018,0.3294460089578708,0.3593810500944991,0.3015858754366533,1.2393815452897268,1.3919282967399549,1.588899472137015,0.0561830393342835,0.0227248002098057,0.0201752229645246,0.0073898181805774,2.950222953500974e-05,0.0069483013354952,0.0004120146155471,downstairs,wiktor
1672842713860193700,0.3217645729547513,1.1214976928289655,0.0848889486752948,1.1698271876805748,0.3217645729547513,0.3294460089578708,0.3593810500944991,1.1214976928289655,1.2393815452897268,1.3919282967399549,0.0848889486752948,0.0561830393342835,0.0227248002098057,0.0018395106976923,0.0006519698673395,0.0011635116313456,2.4029199007123484e-05,downstairs,wiktor
1672842713870193700,0.3578746786687916,1.073258463329613,0.0779565322124554,1.134034935817907,0.3578746786687916,0.3217645729547513,0.3294460089578708,1.073258463329613,1.1214976928289655,1.2393815452897268,0.0779565322124554,0.0848889486752948,0.0561830393342835,0.0027635960639341,0.0016323612666868,0.0003578469810943,0.0007733878161529,downstairs,wiktor
1672842713880193700,0.4150124291790603,1.100010920453934,0.0386274636714148,1.176329640211749,0.4150124291790603,0.3578746786687916,0.3217645729547513,1.100010920453934,1.073258463329613,1.1214976928289655,0.0386274636714148,0.0779565322124554,0.0848889486752948,0.0028552543572286,0.0002120639373076,0.0013120312595137,0.0013311591604072,downstairs,wiktor
1672842713890193700,0.4356067942971042,1.151236524589244,-0.0129701944228687,1.230961835610466,0.4356067942971042,0.4150124291790603,0.3578746786687916,1.151236524589244,1.100010920453934,1.073258463329613,-0.0129701944228687,0.0386274636714148,0.0779565322124554,0.0032860178625054,0.0013625032116095,0.0014948551506273,0.0004286595002684,downstairs,wiktor
1672842713900193700,0.3834052002293064,1.2059147679887423,-0.0422502046779375,1.2661023082719438,0.3834052002293064,0.4356067942971042,0.4150124291790603,1.2059147679887423,1.151236524589244,1.100010920453934,-0.0422502046779375,-0.0129701944228687,0.0386274636714148,0.0121517667431508,0.0105522287411445,0.001504446229638,9.509177236824494e-05,downstairs,wiktor
1672842713910193700,0.2381314672894212,1.260768140348845,-0.0284594996656297,1.2833755656678665,0.2381314672894212,0.3834052002293064,0.4356067942971042,1.260768140348845,1.2059147679887423,1.151236524589244,-0.0284594996656297,-0.0422502046779375,-0.0129701944228687,0.0148746980731126,0.0131906174471587,0.0006894975582272,0.0009945830677266,downstairs,wiktor
1672842713920193700,0.0757084550826609,1.2979029638499011,0.0161405691174258,1.300209364568951,0.0757084550826609,0.2381314672894212,0.3834052002293064,1.2979029638499011,1.260768140348845,1.2059147679887423,0.0161405691174258,-0.0284594996656297,-0.0422502046779375,0.0146156560813983,0.0124270453295609,0.0016608193470326,0.0005277914048047,downstairs,wiktor
1672842713930193700,-0.0819433468706369,1.3555366232345472,0.0486303030284546,1.3588815825520335,-0.0819433468706369,0.0757084550826609,0.2381314672894212,1.3555366232345472,1.2979029638499011,1.260768140348845,0.0486303030284546,0.0161405691174258,-0.0284594996656297,0.0241972473102527,0.0228768564672446,0.0013163869456097,4.003897398415074e-06,downstairs,wiktor
1672842713940193700,-0.2958445224973484,1.4068471863889254,0.0514601077561399,1.4385378444908543,-0.2958445224973484,-0.0819433468706369,0.0757084550826609,1.4068471863889254,1.3555366232345472,1.2979029638499011,0.0514601077561399,0.0486303030284546,0.0161405691174258,0.0096706779110683,0.0091438233407616,0.0003682534700581,0.0001586011002485,downstairs,wiktor
1672842713950193700,-0.4310763481950122,1.3797085250343857,0.0336499364909046,1.4458750811365235,-0.4310763481950122,-0.2958445224973484,-0.0819433468706369,1.3797085250343857,1.4068471863889254,1.3555366232345472,0.0336499364909046,0.0514601077561399,0.0486303030284546,0.0020814013981942,4.9075778268520695e-05,0.0018213307656815,0.000210994854244,downstairs,wiktor
1672842713960193700,-0.4409834949354739,1.319354059322533,0.0131075483997359,1.391162601740502,-0.4409834949354739,-0.4310763481950122,-0.2958445224973484,1.319354059322533,1.3797085250343857,1.4068471863889254,0.0131075483997359,0.0336499364909046,0.0514601077561399,0.0052870989814948,0.0041563224100328,0.0003804542712352,0.0007503223002268,downstairs,wiktor
1672842713970193700,-0.3498097880893352,1.291769488590501,0.0518457027240405,1.339299546922726,-0.3498097880893352,-0.4409834949354739,-0.4310763481950122,1.291769488590501,1.319354059322533,1.3797085250343857,0.0518457027240405,0.0131075483997359,0.0336499364909046,0.0214299884276804,0.0169024168119906,0.0005185603221395,0.0040090112935502,downstairs,wiktor
1672842713980193700,-0.1659488797265697,1.2595651310549258,0.1413891144699667,1.2782934841977869,-0.1659488797265697,-0.3498097880893352,-0.4409834949354739,1.2595651310549258,1.291769488590501,1.319354059322533,0.1413891144699667,0.0518457027240405,0.0131075483997359,0.0182169535363903,0.0022631952162333,0.0085764920340396,0.0073772662861174,downstairs,wiktor
1672842713990193700,-0.0986704252818768,1.128595729788526,0.2628573513561373,1.1629953401816218,-0.0986704252818768,-0.1659488797265697,-0.3498097880893352,1.128595729788526,1.2595651310549258,1.291769488590501,0.2628573513561373,0.1413891144699667,0.0518457027240405,0.0154189897295969,0.0024039617727667,0.0081920269071731,0.004823001049657,downstairs,wiktor
1672842714000193700,-0.0293312332939859,1.000595519576409,0.3610714139913533,1.0641542562263446,-0.0293312332939859,-0.0986704252818768,-0.1659488797265697,1.000595519576409,1.128595729788526,1.2595651310549258,0.3610714139913533,0.2628573513561373,0.1413891144699667,0.0346366961721848,0.0253358092263694,0.0046725001777924,0.0046283867680229,downstairs,wiktor
1672842714010193700,0.1957723394291916,0.9039259775500552,0.4572835417926131,1.0317544375333687,0.1957723394291916,-0.0293312332939859,-0.0986704252818768,0.9039259775500552,1.000595519576409,1.128595729788526,0.4572835417926131,0.3610714139913533,0.2628573513561373,0.0118695814783295,0.0053198744584684,0.0008095063225358,0.0057402006973252,downstairs,wiktor
1672842714020193700,0.0926231808434968,0.8636890213397288,0.3501369067794196,0.9365541269469724,0.0926231808434968,0.1957723394291916,-0.0293312332939859,0.8636890213397288,0.9039259775500552,1.000595519576409,0.3501369067794196,0.4572835417926131,0.3610714139913533,0.0430826927472356,0.0001849626483333,0.0005859064781747,0.0423118236207276,downstairs,wiktor
1672842714030193700,0.1118566229864577,0.8979207749662885,0.0592354677292575,0.9067979173217694,0.1118566229864577,0.0926231808434968,0.1957723394291916,0.8979207749662885,0.8636890213397288,0.9039259775500552,0.0592354677292575,0.3501369067794196,0.4572835417926131,0.0716809943149228,0.0559202851641587,0.0026754370490551,0.0130852721017088,downstairs,wiktor
1672842714040193700,0.4462823551428179,0.9710704441255564,-0.1025376579851755,1.0736199137828577,0.4462823551428179,0.1118566229864577,0.0926231808434968,0.9710704441255564,0.8979207749662885,0.8636890213397288,-0.1025376579851755,0.0592354677292575,0.3501369067794196,0.0460433017850977,0.0401043986252545,0.0015883072307587,0.0043505959290844,downstairs,wiktor
1672842714050193700,0.729493931972772,0.91470898156897,-0.1958178373276751,1.186253996058064,0.729493931972772,0.4462823551428179,0.1118566229864577,0.91470898156897,0.9710704441255564,0.8979207749662885,-0.1958178373276751,-0.1025376579851755,0.0592354677292575,0.0478204670800566,0.0460441439625941,0.0017348632760394,4.14598414230057e-05,downstairs,wiktor
1672842714060193700,0.4260334107757171,0.8558045967400034,-0.186711812791907,0.9740468551022332,0.4260334107757171,0.729493931972772,0.4462823551428179,0.8558045967400034,0.91470898156897,0.9710704441255564,-0.186711812791907,-0.1958178373276751,-0.1025376579851755,0.1533922482164071,0.1501097042579228,0.0013647657549441,0.00191777820354,downstairs,wiktor
1672842714070193700,-0.1218894017771512,0.8035596782321875,-0.124779943717252,0.8222744171505575,-0.1218894017771512,0.4260334107757171,0.729493931972772,0.8035596782321875,0.8558045967400034,0.91470898156897,-0.124779943717252,-0.186711812791907,-0.1958178373276751,0.0630075377489726,0.0574870595583942,0.0048597549683259,0.0006607232222525,downstairs,wiktor
1672842714080193700,-0.4609677395057482,0.7049721032713849,-0.0884282388809586,0.8469335727715057,-0.4609677395057482,-0.1218894017771512,0.4260334107757171,0.7049721032713849,0.8035596782321875,0.8558045967400034,-0.0884282388809586,-0.124779943717252,-0.186711812791907,0.0075281850396831,0.0010001411222862,0.004305418966457,0.0022226249509398,downstairs,wiktor
1672842714090193700,-0.4162432244768238,0.6121775024968023,-0.0217555315571993,0.740603145847641,-0.4162432244768238,-0.4609677395057482,-0.1218894017771512,0.6121775024968023,0.7049721032713849,0.8035596782321875,-0.0217555315571993,-0.0884282388809586,-0.124779943717252,0.0370613899645061,0.0286592087507028,0.0045339400432267,0.0038682411705765,downstairs,wiktor
1672842714100193700,-0.1768305733879439,0.5169520852677163,0.0662017441006621,0.5503555042600363,-0.1768305733879439,-0.4162432244768238,-0.4609677395057482,0.5169520852677163,0.6121775024968023,0.7049721032713849,0.0662017441006621,-0.0217555315571993,-0.0884282388809586,0.0216132230175442,0.01735512511895,0.0033004438268411,0.000957654071753,downstairs,wiktor
1672842714110193700,0.0094762977625855,0.4357062382742709,0.1099659777110672,0.4494688449095798,0.0094762977625855,-0.1768305733879439,-0.4162432244768238,0.4357062382742709,0.5169520852677163,0.6121775024968023,0.1099659777110672,0.0662017441006621,-0.0217555315571993,0.0054460899920688,0.0032961634335072,0.0009936730817595,0.001156253476802,downstairs,wiktor
1672842714120193700,0.0906694432061168,0.3911265774016362,0.0618774452568107,0.4062385576391475,0.0906694432061168,0.0094762977625855,-0.1768305733879439,0.3911265774016362,0.4357062382742709,0.5169520852677163,0.0618774452568107,0.1099659777110672,0.0662017441006621,0.0114936910086765,0.0054503772743716,0.0002034848187077,0.005839828915597,downstairs,wiktor
1672842714130193700,0.1950761218657853,0.370953088922557,-0.0461950203909858,0.4216572866823302,0.1950761218657853,0.0906694432061168,0.0094762977625855,0.370953088922557,0.3911265774016362,0.4357062382742709,-0.0461950203909858,0.0618774452568107,0.1099659777110672,0.0045724663346961,0.0006288431901221,0.0001097528189635,0.0038338703256105,downstairs,wiktor
1672842714140193700,0.2305399961640654,0.3857688115821877,-0.1337606566372955,0.4688903700065733,0.2305399961640654,0.1950761218657853,0.0906694432061168,0.3857688115821877,0.370953088922557,0.3911265774016362,-0.1337606566372955,-0.0461950203909858,0.0618774452568107,0.0012727259960218,6.047047272845716e-07,0.0002570105694624,0.001015110721832,downstairs,wiktor
1672842714150193700,0.231639727701564,0.4084408458739092,-0.1788186353276901,0.5024509850406372,0.231639727701564,0.2305399961640654,0.1950761218657853,0.4084408458739092,0.3857688115821877,0.370953088922557,-0.1788186353276901,-0.1337606566372955,-0.0461950203909858,0.0007308997942981,0.000713999793907,1.803778779151274e-07,1.6719622513240602e-05,downstairs,wiktor
1672842714160193700,0.2694286095031479,0.4090414753402445,-0.1730359676884011,0.5194691042604797,0.2694286095031479,0.231639727701564,0.2305399961640654,0.4090414753402445,0.4084408458739092,0.3857688115821877,-0.1730359676884011,-0.1788186353276901,-0.1337606566372955,0.0009295353241601,0.0004460834155739,0.0001581475878022,0.0003253043207839,downstairs,wiktor
1672842714170193700,0.2992977713786994,0.3912567859810085,-0.1475289364701671,0.514223507459999,0.2992977713786994,0.2694286095031479,0.231639727701564,0.3912567859810085,0.4090414753402445,0.4084408458739092,-0.1475289364701671,-0.1730359676884011,-0.1788186353276901,0.0015367559439055,0.0001476646451433,0.0007649737940353,0.0006241175047267,downstairs,wiktor
1672842714180193700,0.2821126240040974,0.3521422415241092,-0.1121985669638407,0.4649518354806665,0.2821126240040974,0.2992977713786994,0.2694286095031479,0.3521422415241092,0.3912567859810085,0.4090414753402445,-0.1121985669638407,-0.1475289364701671,-0.1730359676884011,0.002884799155173,0.000274111392692,0.0009717564575933,0.0016389313048876,downstairs,wiktor
1672842714190193700,0.2586984662062162,0.3080569501540091,-0.0549459459777643,0.406008667315157,0.2586984662062162,0.2821126240040974,0.2992977713786994,0.3080569501540091,0.3521422415241092,0.3912567859810085,-0.0549459459777643,-0.1121985669638407,-0.1475289364701671,0.0020898561537347,1.973464072916044e-05,0.0007728733998257,0.0012972481131798,downstairs,wiktor
1672842714200193700,0.2524160079725054,0.2687409635880906,-0.004009748373705,0.3687161844468611,0.2524160079725054,0.2586984662062162,0.2821126240040974,0.2687409635880906,0.3080569501540091,0.3521422415241092,-0.004009748373705,-0.0549459459777643,-0.1121985669638407,7.719746894495645e-05,2.6576579131326e-05,3.8984133101324124e-06,4.6722476503498034e-05,downstairs,wiktor
1672842714210193700,0.2451253867189597,0.2715332434129406,-0.0136764413452954,0.3660652981919239,0.2451253867189597,0.2524160079725054,0.2586984662062162,0.2715332434129406,0.2687409635880906,0.3080569501540091,-0.0136764413452954,-0.004009748373705,-0.0549459459777643,0.0038322283002017,6.194879951051576e-06,0.0019684028836542,0.0018576305365964,downstairs,wiktor
1672842714220193700,0.2486452957947887,0.3342772133806478,-0.0746293828099436,0.4232437634330862,0.2486452957947887,0.2451253867189597,0.2524160079725054,0.3342772133806478,0.2715332434129406,0.2687409635880906,-0.0746293828099436,-0.0136764413452954,-0.004009748373705,0.0068574653712745,0.0004390515472956,0.0028852558715928,0.0035331579523859,downstairs,wiktor
1672842714230193700,0.2782781001607499,0.4102410978467926,-0.1586907645781011,0.5204990087925243,0.2782781001607499,0.2486452957947887,0.2451253867189597,0.4102410978467926,0.3342772133806478,0.2715332434129406,-0.1586907645781011,-0.0746293828099436,-0.0136764413452954,0.0094347403085002,0.0014230617997155,0.0020318730736603,0.0059798054351243,downstairs,wiktor
1672842714240193700,0.3316271732495208,0.4739886166010209,-0.2680507703857487,0.6375680404546723,0.3316271732495208,0.2782781001607499,0.2486452957947887,0.4739886166010209,0.4102410978467926,0.3342772133806478,-0.2680507703857487,-0.1586907645781011,-0.0746293828099436,0.0058550521040107,0.000868434697932,0.0014062145465965,0.0035804028594821,downstairs,wiktor
1672842714250193700,0.3733029383398486,0.5270209566700114,-0.352672314444955,0.7358559192657894,0.3733029383398486,0.3316271732495208,0.2782781001607499,0.5270209566700114,0.4739886166010209,0.4102410978467926,-0.352672314444955,-0.2680507703857487,-0.1586907645781011,0.0043501339083328,6.005719233759511e-06,9.82092637587892e-07,0.0043431460964614,downstairs,wiktor
1672842714260193700,0.3767686905623133,0.5256194627259732,-0.4458725944494857,0.7855143768674743,0.3767686905623133,0.3733029383398486,0.3316271732495208,0.5256194627259732,0.5270209566700114,0.4739886166010209,-0.4458725944494857,-0.352672314444955,-0.2680507703857487,0.0034324578514284,0.0023883467393429,2.893478870097853e-05,0.0010151763233845,downstairs,wiktor
1672842714270193700,0.3076550632614267,0.5332266683497194,-0.4909320290527853,0.7873986124826605,0.3076550632614267,0.3767686905623133,0.3733029383398486,0.5332266683497194,0.5256194627259732,0.5270209566700114,-0.4909320290527853,-0.4458725944494857,-0.352672314444955,0.0173523131295759,0.0141887747548747,0.0028191268372512,0.0003444115374498,downstairs,wiktor
1672842714280193700,0.1391986905421093,0.6083149741935893,-0.4646865899271066,0.7780469202656534,0.1391986905421093,0.3076550632614267,0.3767686905623133,0.6083149741935893,0.5332266683497194,0.5256194627259732,-0.4646865899271066,-0.4909320290527853,-0.4458725944494857,0.0195552627040112,0.0007010419353867,0.0124200453343516,0.0064341754342728,downstairs,wiktor
1672842714290193700,0.1766431009497193,0.7659223682736362,-0.3512478361057352,0.8609383843829882,0.1766431009497193,0.1391986905421093,0.3076550632614267,0.7659223682736362,0.6083149741935893,0.5332266683497194,-0.3512478361057352,-0.4646865899271066,-0.4909320290527853,0.0615899867552424,0.0060900781744424,0.0258836263585684,0.0296162822222315,downstairs,wiktor
1672842714300193700,0.2870068465770076,0.9934465487844932,-0.1078704245728176,1.0396850502779282,0.2870068465770076,0.1766431009497193,0.1391986905421093,0.9934465487844932,0.7659223682736362,0.6083149741935893,-0.1078704245728176,-0.3512478361057352,-0.4646865899271066,0.0797113756835351,0.0203701730488563,0.024374265245417,0.0349669373892617,downstairs,wiktor
1672842714310193700,0.4888492259172066,1.214237242634651,0.1565797120853498,1.3182802635697706,0.4888492259172066,0.2870068465770076,0.1766431009497193,1.214237242634651,0.9934465487844932,0.7659223682736362,0.1565797120853498,-0.1078704245728176,-0.3512478361057352,0.0494735709521475,0.0040941457802824,0.0428172262541302,0.0025621989177348,downstairs,wiktor
1672842714320193700,0.3983600466714824,1.506870891602538,0.2281646115786771,1.5752490916423287,0.3983600466714824,0.4888492259172066,0.2870068465770076,1.506870891602538,1.214237242634651,0.9934465487844932,0.2281646115786771,0.1565797120853498,-0.1078704245728176,0.2515705648257249,0.1974592999307543,0.0481837981410975,0.0059274667538729,downstairs,wiktor
1672842714330193700,-0.2300654460175942,1.8173021984679945,0.1192842482997737,1.835686825659628,-0.2300654460175942,0.3983600466714824,0.4888492259172066,1.8173021984679945,1.506870891602538,1.214237242634651,0.1192842482997737,0.2281646115786771,0.1565797120853498,0.0383259264918325,0.0036218129571981,0.0199153383188265,0.0147887752158078,downstairs,wiktor
1672842714340193700,-0.1449559523380039,2.016878441136437,-0.0526970019329646,2.0227673737856966,-0.1449559523380039,-0.2300654460175942,0.3983600466714824,2.016878441136437,1.8173021984679945,1.506870891602538,-0.0526970019329646,0.1192842482997737,0.2281646115786771,0.1011465040036094,0.0645695236197191,0.0081359686151896,0.0284410117687007,downstairs,wiktor
1672842714350193700,0.214403265213791,1.889316937420076,-0.2911965271681346,1.923611880705537,0.214403265213791,-0.1449559523380039,-0.2300654460175942,1.889316937420076,2.016878441136437,1.8173021984679945,-0.2911965271681346,-0.0526970019329646,0.1192842482997737,0.075878813768776,0.0004801277640598,0.0656424366827012,0.009756249322015,downstairs,wiktor
1672842714360193700,0.2453912552763885,1.5269843921451551,-0.4308836727615288,1.6054777922704178,0.2453912552763885,0.214403265213791,-0.1449559523380039,1.5269843921451551,1.889316937420076,2.016878441136437,-0.4308836727615288,-0.2911965271681346,-0.0526970019329646,0.0892432166587201,0.0013981752023003,0.0869220897832393,0.0009229516731804,downstairs,wiktor
1672842714370193700,0.1925107257347816,1.1100381371356172,-0.3879196954507524,1.191522864042922,0.1925107257347816,0.2453912552763885,0.214403265213791,1.1100381371356172,1.5269843921451551,1.889316937420076,-0.3879196954507524,-0.4308836727615288,-0.2911965271681346,0.0707368378798716,0.0172472452765558,0.0530174517132104,0.0004721408901053,downstairs,wiktor
1672842714380193700,0.0067838010493398,0.7844081271143957,-0.3571905272190746,0.8619322494110726,0.0067838010493398,0.1925107257347816,0.2453912552763885,0.7844081271143957,1.1100381371356172,1.5269843921451551,-0.3571905272190746,-0.3879196954507524,-0.4308836727615288,0.0167931601980464,0.0004432447321303,0.0146095173325254,0.0017403981333906,downstairs,wiktor
1672842714390193700,-0.0229901718844284,0.6134723653058999,-0.2981922537970393,0.6824921327179156,-0.0229901718844284,0.0067838010493398,0.1925107257347816,0.6134723653058999,0.7844081271143957,1.1100381371356172,-0.2981922537970393,-0.3571905272190746,-0.3879196954507524,0.0071800832221657,0.000280274755293,0.0002629469222181,0.0066368615446546,downstairs,wiktor
1672842714400193700,0.0006857549313503,0.6364047407702136,-0.1829806090326786,0.6621883173362383,0.0006857549313503,-0.0229901718844284,0.0067838010493398,0.6364047407702136,0.6134723653058999,0.7844081271143957,-0.1829806090326786,-0.2981922537970393,-0.3571905272190746,0.020265191082704,0.0017876002163841,0.0113585716891591,0.0071190191771608,downstairs,wiktor
1672842714410193700,-0.0591072248636742,0.7871268140651306,-0.0636573575084195,0.7919056412328191,-0.0591072248636742,0.0006857549313503,-0.0229901718844284,0.7871268140651306,0.6364047407702136,0.6134723653058999,-0.0636573575084195,-0.1829806090326786,-0.2981922537970393,0.0234339474221631,0.0003993249735408,0.020540945815142,0.0024936766334803,downstairs,wiktor
1672842714420193700,-0.0873676202445181,0.9898134974715254,0.0069638380844098,0.9936862461989044,-0.0873676202445181,-0.0591072248636742,0.0006857549313503,0.9898134974715254,0.7871268140651306,0.6364047407702136,0.0069638380844098,-0.0636573575084195,-0.1829806090326786,0.0200626494697528,0.001208834866241,0.018578434162961,0.0002753804405507,downstairs,wiktor
1672842714430193700,-0.1365374253334347,1.1825746666055656,0.0304321333165202,1.1908196443425607,-0.1365374253334347,-0.0873676202445181,-0.0591072248636742,1.1825746666055656,0.9898134974715254,0.7871268140651306,0.0304321333165202,0.0069638380844098,-0.0636573575084195,0.0122552581389819,4.123617026726007e-05,0.012211388790685,2.63317802972118e-06,downstairs,wiktor
1672842714440193700,-0.1456188536646236,1.3388525523775776,0.0281372790598315,1.347042209443878,-0.1456188536646236,-0.1365374253334347,-0.0873676202445181,1.3388525523775776,1.1825746666055656,0.9898134974715254,0.0281372790598315,0.0304321333165202,0.0069638380844098,0.0047439082934751,0.0003031025964683,0.0042162077981392,0.0002245978988676,downstairs,wiktor
1672842714450193700,-0.1209976190705445,1.430680737572965,0.0069430393297719,1.4358050015507675,-0.1209976190705445,-0.1456188536646236,-0.1365374253334347,1.430680737572965,1.3388525523775776,1.1825746666055656,0.0069430393297719,0.0281372790598315,0.0304321333165202,0.0021097411605579,0.0011011120337519,4.895706059529134e-05,0.0009596720662107,downstairs,wiktor
1672842714460193700,-0.0740697588220328,1.4405758940240063,-0.0368672806008281,1.4429499062662987,-0.0740697588220328,-0.1209976190705445,-0.1456188536646236,1.4405758940240063,1.430680737572965,1.3388525523775776,-0.0368672806008281,0.0069430393297719,0.0281372790598315,0.0068558914739904,0.0026599348949681,0.0014159298431337,0.0027800267358886,downstairs,wiktor
1672842714470193700,-0.0011323213160699,1.3873606735859831,-0.1114330466853879,1.3918291003776662,-0.0011323213160699,-0.0740697588220328,-0.1209976190705445,1.3873606735859831,1.4405758940240063,1.430680737572965,-0.1114330466853879,-0.0368672806008281,0.0069430393297719,0.0111910538443729,0.0035861785419803,0.004412718239062,0.0031921570633306,downstairs,wiktor
1672842714480193700,0.0835574483374166,1.2934168793357823,-0.1913349498333184,1.3101595833909288,0.0835574483374166,-0.0011323213160699,-0.0740697588220328,1.2934168793357823,1.3873606735859831,1.4405758940240063,-0.1913349498333184,-0.1114330466853879,-0.0368672806008281,0.0061368158029931,0.0001416332124759,0.0047560172043953,0.0012391653861218,downstairs,wiktor
1672842714490193700,0.1003879689755879,1.1958872202120538,-0.2411177859542512,1.2240758859176326,0.1003879689755879,0.0835574483374166,-0.0011323213160699,1.1958872202120538,1.2934168793357823,1.3873606735859831,-0.2411177859542512,-0.1913349498333184,-0.1114330466853879,0.0043121679295287,0.0015562936985372,0.0027556167869582,2.574440331921756e-07,downstairs,wiktor
1672842714500193700,0.0445974016987213,1.1216495372342257,-0.2418353429668881,1.1482904448457028,0.0445974016987213,0.1003879689755879,0.0835574483374166,1.1216495372342257,1.1958872202120538,1.2934168793357823,-0.2418353429668881,-0.2411177859542512,-0.1913349498333184,0.004413245012685,0.0026468505678716,0.0012466783948805,0.0005197160499328,downstairs,wiktor
1672842714510193700,-0.0281604235556336,1.0717160135275905,-0.209595118093824,1.0923819554693617,-0.0281604235556336,0.0445974016987213,0.1003879689755879,1.0717160135275905,1.1216495372342257,1.1958872202120538,-0.209595118093824,-0.2418353429668881,-0.2411177859542512,0.0023290681929165,2.293519959292428e-07,0.0002976637763972,0.0020311750645234,downstairs,wiktor
1672842714520193700,-0.0274831466611078,1.0473166784384031,-0.1458585498692413,1.0577817661765605,-0.0274831466611078,-0.0281604235556336,0.0445974016987213,1.0473166784384031,1.0717160135275905,1.1216495372342257,-0.1458585498692413,-0.209595118093824,-0.2418353429668881,0.0039675956458044,0.0015054428745612,0.0006028292140822,0.0018593235571609,downstairs,wiktor
1672842714530193700,0.0273883919461013,1.0125940859636968,-0.0848778388671392,1.0165142175458266,0.0273883919461013,-0.0274831466611078,-0.0281604235556336,1.0125940859636968,1.0473166784384031,1.0717160135275905,-0.0848778388671392,-0.1458585498692413,-0.209595118093824,0.0056911867013791,0.0028882315988641,0.0010336245849742,0.0017693305175406,downstairs,wiktor
1672842714540193700,0.1033914392384851,0.9671270740765212,-0.0253911930121123,0.97296931082239,0.1033914392384851,0.0273883919461013,-0.0274831466611078,0.9671270740765212,1.0125940859636968,1.0473166784384031,-0.0253911930121123,-0.0848778388671392,-0.1458585498692413,0.0029835573229116,0.001232301814851,0.0005568011114103,0.0011944543966503,downstairs,wiktor
1672842714550193700,0.1530362136835577,0.933756394988126,0.0234852716032892,0.94650549172316,0.1530362136835577,0.1033914392384851,0.0273883919461013,0.933756394988126,0.9671270740765212,1.0125940859636968,0.0234852716032892,-0.0253911930121123,-0.0848778388671392,0.0008158807603421,5.609909949347293e-07,0.0002861659488498,0.0005291538204973,downstairs,wiktor
1672842714560193700,0.1540954501962731,0.9098329358381674,0.056016912216617,0.9244886550744552,0.1540954501962731,0.1530362136835577,0.1033914392384851,0.9098329358381674,0.933756394988126,0.9671270740765212,0.056016912216617,0.0234852716032892,-0.0253911930121123,0.0009355400815917,0.0002032114418017,0.0007241315040572,8.197135732788019e-06,downstairs,wiktor
1672842714570193700,0.1339355175673318,0.8717768849642985,0.0519679282125024,0.8835351297977826,0.1339355175673318,0.1540954501962731,0.1530362136835577,0.8717768849642985,0.9098329358381674,0.933756394988126,0.0519679282125024,0.056016912216617,0.0234852716032892,0.0025794053566057,0.0007127867112626,0.0014640880314087,0.0004025306139343,downstairs,wiktor
1672842714580193700,0.0961787509880104,0.8176642610876319,0.0235943273153895,0.8236394164214474,0.0961787509880104,0.1339355175673318,0.1540954501962731,0.8176642610876319,0.8717768849642985,0.9098329358381674,0.0235943273153895,0.0519679282125024,0.056016912216617,0.0019595416844696,0.0003839321955387,0.0013195707281107,0.0002560387608201,downstairs,wiktor
1672842714590193700,0.0684683848576705,0.7662916861451443,0.0009651973798322,0.7693450458579483,0.0684683848576705,0.0961787509880104,0.1339355175673318,0.7662916861451443,0.8176642610876319,0.8717768849642985,0.0009651973798322,0.0235943273153895,0.0519679282125024,0.0013146552229615,0.0002084389783961,0.0010723981402482,3.3818104317134175e-05,downstairs,wiktor
1672842714600193700,0.0480507954604808,0.7199797408124706,-0.0072589261986572,0.7216179031414998,0.0480507954604808,0.0684683848576705,0.0961787509880104,0.7199797408124706,0.7662916861451443,0.8176642610876319,-0.0072589261986572,0.0009651973798322,0.0235943273153895,0.00036376716522,9.798734240782164e-06,0.0003528406327543,1.127798224945592e-06,downstairs,wiktor
1672842714610193700,0.0524776982696199,0.6934150788438214,-0.0057570618739291,0.6954218318007284,0.0524776982696199,0.0480507954604808,0.0684683848576705,0.6934150788438214,0.7199797408124706,0.7662916861451443,-0.0057570618739291,-0.0072589261986572,0.0009651973798322,0.0006020666237397,0.0001207270141646,0.0002582185715711,0.0002231210380039,downstairs,wiktor
1672842714620193700,0.0369389071863542,0.7161403322668826,-0.0268815044939803,0.7175960379261461,0.0369389071863542,0.0524776982696199,0.0480507954604808,0.7161403322668826,0.6934150788438214,0.7199797408124706,-0.0268815044939803,-0.0057570618739291,-0.0072589261986572,0.0064187427668963,0.0034708938993545,0.0005709009503955,0.0023769479171463,downstairs,wiktor
1672842714630193700,-0.0463784847477972,0.7499308916110407,-0.0958300058141154,0.7574501277670799,-0.0463784847477972,0.0369389071863542,0.0524776982696199,0.7499308916110407,0.7161403322668826,0.6934150788438214,-0.0958300058141154,-0.0268815044939803,-0.0057570618739291,0.0017901441682894,0.0001767657591049,0.0003393413914181,0.0012740370177663,downstairs,wiktor
1672842714640193700,-0.027576050910392,0.7759824325028262,-0.1463084570139355,0.7901362785814954,-0.027576050910392,-0.0463784847477972,0.0369389071863542,0.7759824325028262,0.7499308916110407,0.7161403322668826,-0.1463084570139355,-0.0958300058141154,-0.0268815044939803,0.003320683398686,0.0032653402635804,2.997963925698869e-05,2.536349584864029e-05,downstairs,wiktor
1672842714650193700,0.0532365751276277,0.7837257701884742,-0.1534307453889791,0.8003756676832788,0.0532365751276277,-0.027576050910392,-0.0463784847477972,0.7837257701884742,0.7759824325028262,0.7499308916110407,-0.1534307453889791,-0.1463084570139355,-0.0958300058141154,0.0013087197747078,0.0006828485786431,0.0003737254927014,0.0002521457033632,downstairs,wiktor
1672842714660193700,0.0901919151651148,0.811065320027542,-0.1758871789153974,0.8348040695991769,0.0901919151651148,0.0532365751276277,-0.027576050910392,0.811065320027542,0.7837257701884742,0.7759824325028262,-0.1758871789153974,-0.1534307453889791,-0.1463084570139355,0.000305793233196,6.06576139548967e-05,9.420545800971976e-05,0.0001509301612314,downstairs,wiktor
1672842714670193700,0.0791775959437651,0.8247916056146715,-0.1932613068780565,0.8508232584550544,0.0791775959437651,0.0901919151651148,0.0532365751276277,0.8247916056146715,0.811065320027542,0.7837257701884742,-0.1932613068780565,-0.1758871789153974,-0.1534307453889791,0.0020388957491025,0.0018337488866651,1.399058447716151e-09,0.0002051454633789,downstairs,wiktor
1672842714680193700,0.0186177266132399,0.8248445028442344,-0.1730056674964446,0.8429982411621556,0.0186177266132399,0.0791775959437651,0.0901919151651148,0.8248445028442344,0.8247916056146715,0.811065320027542,-0.1730056674964446,-0.1932613068780565,-0.1758871789153974,0.0041010958290488,0.0016698598682181,0.0002688099420962,0.0021624260187344,downstairs,wiktor
1672842714690193700,-0.0391725817129514,0.8480311344278113,-0.1072420602545296,0.8556822749155287,-0.0391725817129514,0.0186177266132399,0.0791775959437651,0.8480311344278113,0.8248445028442344,0.8247916056146715,-0.1072420602545296,-0.1730056674964446,-0.1932613068780565,0.0075686621532006,0.0006079049072606,0.0005187574268987,0.0064419998190411,downstairs,wiktor
1672842714700193700,-0.0043041172425836,0.8802416118194549,0.0062656471405295,0.8802744338772083,-0.0043041172425836,-0.0391725817129514,0.0186177266132399,0.8802416118194549,0.8480311344278113,0.8248445028442344,0.0062656471405295,-0.1072420602545296,-0.1730056674964446,0.0125194979561457,0.0035345531021058,0.0018662702170365,0.0071186746370033,downstairs,wiktor
1672842714710193700,0.0797738596848601,0.9413361323108472,0.1255860111778832,0.953021211141985,0.0797738596848601,-0.0043041172425836,-0.0391725817129514,0.9413361323108472,0.8802416118194549,0.8480311344278113,0.1255860111778832,0.0062656471405295,-0.1072420602545296,0.008823897996528,0.0009472539485367,0.0045294782422022,0.0033471658057889,downstairs,wiktor
1672842714720193700,0.123299804787449,1.0365146828587757,0.2074049063768403,1.064228511566777,0.123299804787449,0.0797738596848601,-0.0043041172425836,1.0365146828587757,0.9413361323108472,0.8802416118194549,0.2074049063768403,0.1255860111778832,0.0062656471405295,0.0044274368532578,0.0008774839911585,0.0031241078508962,0.0004258450112031,downstairs,wiktor
1672842714730193700,0.0814074667968687,1.1155603386647237,0.236588635103759,1.14327434464012,0.0814074667968687,0.123299804787449,0.0797738596848601,1.1155603386647237,1.0365146828587757,0.9413361323108472,0.236588635103759,0.2074049063768403,0.1255860111778832,0.0067837886458979,0.0034555685489782,0.0032170164270027,0.0001112036699169,downstairs,wiktor
1672842714740193700,-0.0017257822552189,1.1957727619793546,0.2515019626946726,1.221936460645724,-0.0017257822552189,0.0814074667968687,0.123299804787449,1.1957727619793546,1.1155603386647237,1.0365146828587757,0.2515019626946726,0.236588635103759,0.2074049063768403,0.0021667966201498,0.0007454254888329,0.0013213920834208,9.997904789602394e-05,downstairs,wiktor
1672842714750193700,-0.0403373216918431,1.2471807785413824,0.2656426167033119,1.275795043764218,-0.0403373216918431,-0.0017257822552189,0.0814074667968687,1.2471807785413824,1.1957727619793546,1.1155603386647237,0.2656426167033119,0.2515019626946726,0.236588635103759,0.0003588916765557,0.0001179645268908,6.033466252024397e-05,0.0001805924871446,downstairs,wiktor
1672842714760193700,-0.0249773394723987,1.2581657375781967,0.2466377495822478,1.2823552823698283,-0.0249773394723987,-0.0403373216918431,-0.0017257822552189,1.2581657375781967,1.2471807785413824,1.1957727619793546,0.2466377495822478,0.2656426167033119,0.2515019626946726,0.0059496189051946,1.9355979593490136e-05,5.946026216466136e-05,0.0058708026634365,downstairs,wiktor
1672842714770193700,-0.0187554459353009,1.26907080632302,0.1382790612971222,1.2767198506355282,-0.0187554459353009,-0.0249773394723987,-0.0403373216918431,1.26907080632302,1.2581657375781967,1.2471807785413824,0.1382790612971222,0.2466377495822478,0.2656426167033119,0.0076128999092614,4.728094951920816e-05,0.0005883961309843,0.0069772228287578,downstairs,wiktor
1672842714780193700,-0.0284797402047282,1.303375212191198,0.0201501247171471,1.3038420406179176,-0.0284797402047282,-0.0187554459353009,-0.0249773394723987,1.303375212191198,1.26907080632302,1.2581657375781967,0.0201501247171471,0.1382790612971222,0.2466377495822478,0.0016388319315777,0.0003953832411768,3.2874216397147066e-05,0.0012105744740038,downstairs,wiktor
1672842714790193700,-0.0003591697561469,1.3114837529226917,-0.0290550472468614,1.311805610200543,-0.0003591697561469,-0.0284797402047282,-0.0187554459353009,1.3114837529226917,1.303375212191198,1.26907080632302,-0.0290550472468614,0.0201501247171471,0.1382790612971222,0.0026651787771498,0.0026272614805099,3.87198652446028e-06,3.4045310115402044e-05,downstairs,wiktor
1672842714800193700,0.0721289186516732,1.314266552421204,-0.0373067513272805,1.3167729285695284,0.0721289186516732,-0.0003591697561469,-0.0284797402047282,1.314266552421204,1.3114837529226917,1.303375212191198,-0.0373067513272805,-0.0290550472468614,0.0201501247171471,0.0030218759090458,0.0020158043679864,0.0001205540401819,0.0008855175008773,downstairs,wiktor
1672842714810193700,0.1356238691278567,1.329794207761403,0.0047769153589149,1.3367008969075067,0.1356238691278567,0.0721289186516732,-0.0003591697561469,1.329794207761403,1.314266552421204,1.3114837529226917,0.0047769153589149,-0.0373067513272805,-0.0290550472468614,0.0038012205775382,0.0006958231968213,0.0005316932754986,0.0025737041052182,downstairs,wiktor
1672842714820193700,0.1729286462166256,1.362403816023345,0.0765223557048802,1.375465065176107,0.1729286462166256,0.1356238691278567,0.0721289186516732,1.362403816023345,1.329794207761403,1.314266552421204,0.0765223557048802,0.0047769153589149,-0.0373067513272805,0.0027204197219671,0.0002734257947794,0.0007664140916434,0.0016805798355442,downstairs,wiktor
1672842714830193700,0.1963135043423196,1.4015551657227725,0.1344978649401472,1.4216137134344224,0.1963135043423196,0.1729286462166256,0.1356238691278567,1.4015551657227725,1.362403816023345,1.329794207761403,0.1344978649401472,0.0765223557048802,0.0047769153589149,0.0017909368224029,0.000530181533661,0.0005596445943654,0.0007011106943764,downstairs,wiktor
1672842714840193700,0.2288767208192297,1.435010945324075,0.1719441115978938,1.4632859406302132,0.2288767208192297,0.1963135043423196,0.1729286462166256,1.435010945324075,1.4015551657227725,1.362403816023345,0.1719441115978938,0.1344978649401472,0.0765223557048802,0.0010622644637302,8.950083825085146e-05,0.0002700476112845,0.0007027160141947,downstairs,wiktor
1672842714850193700,0.2422558716331529,1.4582508941744747,0.2094332037233321,1.4929989432424968,0.2422558716331529,0.2288767208192297,0.1963135043423196,1.4582508941744747,1.435010945324075,1.4015551657227725,0.2094332037233321,0.1719441115978938,0.1344978649401472,0.0013316328380956,0.0004359976954998,7.109983374314255e-05,0.0008245353088526,downstairs,wiktor
1672842714860193700,0.2127263035530112,1.4463261439680224,0.250041954229908,1.4831159003341068,0.2127263035530112,0.2422558716331529,0.2288767208192297,1.4463261439680224,1.4582508941744747,1.435010945324075,0.250041954229908,0.2094332037233321,0.1719441115978938,0.0039459522235839,0.0004691251597935,0.0026288378411378,0.0008479892226526,downstairs,wiktor
1672842714870193700,0.1820954315512704,1.3738163123430929,0.2912242130958966,1.4161008256989127,0.1820954315512704,0.2127263035530112,0.2422558716331529,1.3738163123430929,1.4463261439680224,1.4582508941744747,0.2912242130958966,0.250041954229908,0.2094332037233321,0.0055172970561006,0.0006495850652128,0.0042926768572987,0.0005750351335889,downstairs,wiktor
1672842714880193700,0.2181394342483311,1.281159128516918,0.3251368990287149,1.3396520176771352,0.2181394342483311,0.1820954315512704,0.2127263035530112,1.281159128516918,1.3738163123430929,1.4463261439680224,0.3251368990287149,0.2912242130958966,0.250041954229908,0.0066992405766562,0.004173132542113,0.0025243546974756,1.7533370674530602e-06,downstairs,wiktor
1672842714890193700,0.3094973298251568,1.210104857744843,0.327009510610145,1.2911535865016428,0.3094973298251568,0.2181394342483311,0.1820954315512704,1.210104857744843,1.281159128516918,1.3738163123430929,0.327009510610145,0.3251368990287149,0.2912242130958966,0.0071008889180141,0.0067398404161436,1.459781866218744e-07,0.0003609025236838,downstairs,wiktor
1672842714900193700,0.4255993575089457,1.209564527870374,0.300143080862825,1.3169157259233166,0.4255993575089457,0.3094973298251568,0.2181394342483311,1.209564527870374,1.210104857744843,1.281159128516918,0.300143080862825,0.327009510610145,0.3251368990287149,0.0133138531319662,0.0101751465893684,0.0015824297071934,0.0015562768354043,downstairs,wiktor
1672842714910193700,0.568253811273057,1.2658216111078382,0.2443528158445566,1.408873679144146,0.568253811273057,0.4255993575089457,0.3094973298251568,1.2658216111078382,1.209564527870374,1.210104857744843,0.2443528158445566,0.300143080862825,0.327009510610145,0.0129474827671361,0.0059384255102701,0.0031165522315953,0.0038925050252705,downstairs,wiktor
1672842714920193700,0.6772347775953478,1.3447716235409644,0.1561201118706832,1.5137473873787977,0.6772347775953478,0.568253811273057,0.4255993575089457,1.3447716235409644,1.2658216111078382,1.209564527870374,0.1561201118706832,0.2443528158445566,0.300143080862825,0.0040663200448997,0.0001429183411521,0.0010367939490006,0.002886607754747,downstairs,wiktor
1672842714930193700,0.694141482842209,1.3903082889656662,0.0801384330955072,1.5560243266183282,0.694141482842209,0.6772347775953478,0.568253811273057,1.3903082889656662,1.3447716235409644,1.2658216111078382,0.0801384330955072,0.1561201118706832,0.2443528158445566,0.0068730016581277,0.0062229501828756,0.0003089549987181,0.0003410964765338,downstairs,wiktor
1672842714940193700,0.5825802872330216,1.3654504934592984,0.0540196093649542,1.4855211070047756,0.5825802872330216,0.694141482842209,0.6772347775953478,1.3654504934592984,1.3903082889656662,1.3447716235409644,0.0540196093649542,0.0801384330955072,0.1561201118706832,0.0428502499124739,0.0401727282004182,0.0021354637943742,0.0005420579176814,downstairs,wiktor
1672842714950193700,0.2991275461969955,1.3000981592335914,0.0869455237085677,1.3368964195588848,0.2991275461969955,0.5825802872330216,0.694141482842209,1.3000981592335914,1.3654504934592984,1.3903082889656662,0.0869455237085677,0.0540196093649542,0.0801384330955072,0.0575500724057065,0.0566026564001196,0.0007267887973941,0.0002206272081926,downstairs,wiktor
1672842714960193700,-0.0373324258654168,1.2619723465237187,0.1079515803681456,1.26713119175386,-0.0373324258654168,0.2991275461969955,0.5825802872330216,1.2619723465237187,1.3000981592335914,1.3654504934592984,0.1079515803681456,0.0869455237085677,0.0540196093649542,0.0434522060540886,0.0429462745900563,7.169792510857109e-07,0.0005052144847811,downstairs,wiktor
1672842714970193700,-0.3304067324501339,1.26316982658709,0.1397388257593764,1.3131235886515185,-0.3304067324501339,-0.0373324258654168,0.2991275461969955,1.26316982658709,1.2619723465237187,1.3000981592335914,0.1397388257593764,0.1079515803681456,0.0869455237085677,0.0165407570116134,0.0159404700175378,0.0004507043707511,0.0001495826233244,downstairs,wiktor
1672842714980193700,-0.5089590778143874,1.2931932964315682,0.1570352197953876,1.3985879683028175,-0.5089590778143874,-0.3304067324501339,-0.0373324258654168,1.2931932964315682,1.26316982658709,1.2619723465237187,0.1570352197953876,0.1397388257593764,0.1079515803681456,0.0107628273412702,0.0092375540752696,0.0009324565193473,0.0005928167466532,downstairs,wiktor
1672842714990193700,-0.644882247842677,1.3363779353520764,0.1226021906909568,1.488895697099271,-0.644882247842677,-0.5089590778143874,-0.3304067324501339,1.3363779353520764,1.2931932964315682,1.26316982658709,0.1226021906909568,0.1570352197953876,0.1397388257593764,0.0026116065449774,0.0009482626505512,0.0006758537475423,0.0009874901468838,downstairs,wiktor
1672842715000193700,-0.6013331341765812,1.3731435102161351,0.078161440317368,1.5010775625062835,-0.6013331341765812,-0.644882247842677,-0.5089590778143874,1.3731435102161351,1.3363779353520764,1.2931932964315682,0.078161440317368,0.1226021906909568,0.1570352197953876,0.009960638000193,0.0085028132808539,0.0006084006371212,0.0008494240822178,downstairs,wiktor
1672842715010193700,-0.4709275109783926,1.408026188929825,0.0369443544859355,1.4851516268169165,-0.4709275109783926,-0.6013331341765812,-0.644882247842677,1.408026188929825,1.3731435102161351,1.3363779353520764,0.0369443544859355,0.078161440317368,0.1226021906909568,0.0180082475585577,0.0178329290195735,8.921480633075522e-05,8.610373265345392e-05,downstairs,wiktor
1672842715020193700,-0.2820734455226893,1.4213839437060405,0.0238215702803293,1.4492981788800392,-0.2820734455226893,-0.4709275109783926,-0.6013331341765812,1.4213839437060405,1.408026188929825,1.3731435102161351,0.0238215702803293,0.0369443544859355,0.078161440317368,0.0092407017462754,0.0091014530108254,9.027217483382666e-05,4.897656061618205e-05,downstairs,wiktor
1672842715030193700,-0.1471552998874525,1.4079472644411457,0.0337186971983982,1.4160180550660462,-0.1471552998874525,-0.2820734455226893,-0.4709275109783926,1.4079472644411457,1.4213839437060405,1.408026188929825,0.0337186971983982,0.0238215702803293,0.0369443544859355,0.004746250165135,0.0004317911987809,0.0039718394306622,0.0003426195356918,downstairs,wiktor
1672842715040193700,-0.1177685273943421,1.3188199461749452,0.0075416257162076,1.3240892540127198,-0.1177685273943421,-0.1471552998874525,-0.2820734455226893,1.3188199461749452,1.4079472644411457,1.4213839437060405,0.0075416257162076,0.0337186971983982,0.0238215702803293,0.0094180863790139,0.0042681956929183,0.0039891433712897,0.0011607473148058,downstairs,wiktor
1672842715050193700,-0.0253759336119573,1.2294986903475698,-0.0406402653800512,1.23043187488915,-0.0253759336119573,-0.1177685273943421,-0.1471552998874525,1.2294986903475698,1.3188199461749452,1.4079472644411457,-0.0406402653800512,0.0075416257162076,0.0337186971983982,0.0771836556393876,0.076015506322289,0.0011193992449021,4.8750072196424775e-05,downstairs,wiktor
1672842715060193700,0.3645356110293601,1.182182747053535,-0.0505144815207304,1.238141337644011,0.3645356110293601,-0.0253759336119573,-0.1177685273943421,1.182182747053535,1.2294986903475698,1.3188199461749452,-0.0505144815207304,-0.0406402653800512,0.0075416257162076,0.0128512913484229,0.0075918387623399,0.0001882028978969,0.005071249688186,downstairs,wiktor
1672842715070193700,0.4877576769294252,1.1627815667854735,-0.1512244580690946,1.2699753384132944,0.4877576769294252,0.3645356110293601,-0.0253759336119573,1.1627815667854735,1.182182747053535,1.2294986903475698,-0.1512244580690946,-0.0505144815207304,-0.0406402653800512,0.0065032957463369,0.0026260574643566,0.0006351850715597,0.0032420532104204,downstairs,wiktor
1672842715080193700,0.4152862002733413,1.1984238190027443,-0.2317484074310138,1.2893368847734883,0.4152862002733413,0.4877576769294252,0.3645356110293601,1.1984238190027443,1.1627815667854735,1.182182747053535,-0.2317484074310138,-0.1512244580690946,-0.0505144815207304,0.0146915043061175,0.008802671201579,0.0030133596878748,0.0028754734166636,downstairs,wiktor
1672842715090193700,0.5479713252993144,1.120791870838669,-0.1559134100134147,1.257281186732046,0.5479713252993144,0.4152862002733413,0.4877576769294252,1.120791870838669,1.1984238190027443,1.1627815667854735,-0.1559134100134147,-0.2317484074310138,-0.1512244580690946,0.05921285723583,0.0450810716064004,0.011321717503242,0.0028100681261875,downstairs,wiktor
1672842715100193700,0.2477012082167101,0.9703145137164624,-0.0809458420098099,1.004698150401159,0.2477012082167101,0.5479713252993144,0.4152862002733413,0.9703145137164624,1.120791870838669,1.1984238190027443,-0.0809458420098099,-0.1559134100134147,-0.2317484074310138,0.1303633080603982,0.1154828554605699,0.0131506596594402,0.001729792940388,downstairs,wiktor
1672842715110193700,-0.2328877127137873,0.808137698730841,-0.0221275975547426,0.8413161459383647,-0.2328877127137873,0.2477012082167101,0.5479713252993144,0.808137698730841,0.9703145137164624,1.120791870838669,-0.0221275975547426,-0.0809458420098099,-0.1559134100134147,0.0408038771635802,0.0238039488775135,0.0126917208706719,0.0043082074153947,downstairs,wiktor
1672842715120193700,-0.4510800539062019,0.6488158805722976,0.0706970480453856,0.7933683473123688,-0.4510800539062019,-0.2328877127137873,0.2477012082167101,0.6488158805722976,0.808137698730841,0.9703145137164624,0.0706970480453856,-0.0221275975547426,-0.0809458420098099,0.0163813643197184,0.0024328542953858,0.0116077613249805,0.0023407486993519,downstairs,wiktor
1672842715130193700,-0.3813254225848927,0.4964494713806353,0.1391185168888999,0.6412683660411033,-0.3813254225848927,-0.4510800539062019,-0.2328877127137873,0.4964494713806353,0.6488158805722976,0.808137698730841,0.1391185168888999,0.0706970480453856,-0.0221275975547426,0.0304319486707881,0.0186398571900285,0.0112861728011566,0.0005059186796029,downstairs,wiktor
1672842715140193700,-0.1882458680482794,0.3462085129095402,0.1709279079425783,0.4295499865695633,-0.1882458680482794,-0.3813254225848927,-0.4510800539062019,0.3462085129095402,0.4964494713806353,0.6488158805722976,0.1709279079425783,0.1391185168888999,0.0706970480453856,0.0482661892810114,0.0375884597496629,0.009867573261578,0.0008101562697705,downstairs,wiktor
1672842715150193700,0.085938229775292,0.2057266759228458,0.130674801981162,0.2584274528682865,0.085938229775292,-0.1882458680482794,-0.3813254225848927,0.2057266759228458,0.3462085129095402,0.4964494713806353,0.130674801981162,0.1709279079425783,0.1391185168888999,0.0181886133635607,0.0106556367959167,0.0004656942025889,0.007067282365055,downstairs,wiktor
1672842715160193700,0.2319220425486045,0.1752080192489688,0.0117859264287788,0.2909030627044829,0.2319220425486045,0.085938229775292,-0.1882458680482794,0.1752080192489688,0.2057266759228458,0.3462085129095402,0.0117859264287788,0.130674801981162,0.1709279079425783,0.0112286346304518,0.000268467962611,0.0027941740400221,0.0081659926278186,downstairs,wiktor
1672842715170193700,0.2550939204444952,0.2499632737803017,-0.1160107294571918,0.3755170246951505,0.2550939204444952,0.2319220425486045,0.085938229775292,0.2499632737803017,0.1752080192489688,0.2057266759228458,-0.1160107294571918,0.0117859264287788,0.130674801981162,0.0097670976209286,0.0001156051080357,0.0044373180667089,0.0052141744461839,downstairs,wiktor
1672842715180193700,0.2398883222625288,0.3441685609642912,-0.2181300170201586,0.4728415271942351,0.2398883222625288,0.2550939204444952,0.2319220425486045,0.3441685609642912,0.2499632737803017,0.1752080192489688,-0.2181300170201586,-0.1160107294571918,0.0117859264287788,0.0043708248196209,1.3045855350392638e-05,0.0023279946487716,0.0020297843154989,downstairs,wiktor
1672842715190193700,0.2347803176911932,0.4124033709775334,-0.2818447612399852,0.5519373219915781,0.2347803176911932,0.2398883222625288,0.2550939204444952,0.4124033709775334,0.3441685609642912,0.2499632737803017,-0.2818447612399852,-0.2181300170201586,-0.1160107294571918,0.0006616156053988,0.0004371298566564,0.000220873397251,3.6123514913295215e-06,downstairs,wiktor
1672842715200193700,0.2052124345523401,0.4334211442778166,-0.2791568804794865,0.5548825060506312,0.2052124345523401,0.2347803176911932,0.2398883222625288,0.4334211442778166,0.4124033709775334,0.3441685609642912,-0.2791568804794865,-0.2818447612399852,-0.2181300170201586,0.004094637253806,0.0013140561161179,0.0002215484977624,0.0025590326399255,downstairs,wiktor
1672842715210193700,0.1539473174429844,0.4123712750258489,-0.2076162257449154,0.4866768354944573,0.1539473174429844,0.2052124345523401,0.2347803176911932,0.4123712750258489,0.4334211442778166,0.4124033709775334,-0.2076162257449154,-0.2791568804794865,-0.2818447612399852,0.0068433191390701,0.0003047483722998,0.0014702146747486,0.0050683560920216,downstairs,wiktor
1672842715220193700,0.1292593295824961,0.3581455491247853,-0.1069349852676379,0.3954886846879444,0.1292593295824961,0.1539473174429844,0.2052124345523401,0.3581455491247853,0.4123712750258489,0.4334211442778166,-0.1069349852676379,-0.2076162257449154,-0.2791568804794865,0.0066523221138459,2.82503867325853e-05,0.0025287692767902,0.004095302450323,downstairs,wiktor
1672842715230193700,0.1367760292216443,0.2870291758090679,-0.016433024511828,0.3183763091529883,0.1367760292216443,0.1292593295824961,0.1539473174429844,0.2870291758090679,0.3581455491247853,0.4123712750258489,-0.016433024511828,-0.1069349852676379,-0.2076162257449154,0.0047777690154968,0.0006992058004237,0.0029440186600857,0.0011345445549873,downstairs,wiktor
1672842715240193700,0.1741713711888928,0.2102956282553966,0.0312019322948567,0.2748335466861422,0.1741713711888928,0.1367760292216443,0.1292593295824961,0.2102956282553966,0.2870291758090679,0.3581455491247853,0.0312019322948567,-0.016433024511828,-0.1069349852676379,0.0036898088337948,0.0009124640075083,0.0027248782247002,5.246660158628966e-05,downstairs,wiktor
1672842715250193700,0.2168905473866687,0.136473162505461,0.0414456231908463,0.259584616862418,0.2168905473866687,0.1741713711888928,0.1367760292216443,0.136473162505461,0.2102956282553966,0.2870291758090679,0.0414456231908463,0.0312019322948567,-0.016433024511828,0.0020676049660179,0.0009413851636251,2.723680437329232e-05,0.0010989829980194,downstairs,wiktor
1672842715260193700,0.2602814488206134,0.1290925386330106,-0.0054368468383547,0.2905871219349142,0.2602814488206134,0.2168905473866687,0.1741713711888928,0.1290925386330106,0.136473162505461,0.2102956282553966,-0.0054368468383547,0.0414456231908463,0.0312019322948567,0.0070965532256739,0.0005416603094022,0.0033858897673165,0.0031690031489551,downstairs,wiktor
1672842715270193700,0.2931952851027068,0.2113833615395354,-0.0850484433423211,0.371321475890048,0.2931952851027068,0.2602814488206134,0.2168905473866687,0.2113833615395354,0.1290925386330106,0.136473162505461,-0.0850484433423211,-0.0054368468383547,0.0414456231908463,0.0094444453858906,0.0015898413009838,0.0034200908259352,0.0044345132589714,downstairs,wiktor
1672842715280193700,0.3495839595149305,0.2940887522457679,-0.1792239524619587,0.4907324771030502,0.3495839595149305,0.2931952851027068,0.2602814488206134,0.2940887522457679,0.2113833615395354,0.1290925386330106,-0.1792239524619587,-0.0850484433423211,-0.0054368468383547,0.0137644361683491,0.002629511450755,0.0028701770476688,0.0082647476699252,downstairs,wiktor
1672842715290193700,0.4221030804521708,0.3698538767776904,-0.3077910374403874,0.6400767324495781,0.4221030804521708,0.3495839595149305,0.2931952851027068,0.3698538767776904,0.2940887522457679,0.2113833615395354,-0.3077910374403874,-0.1792239524619587,-0.0850484433423211,0.0153441079381141,0.0003620216231541,0.0049420909452681,0.0100399953696918,downstairs,wiktor
1672842715300193700,0.4490111321525143,0.4692730997204211,-0.4494949214357938,0.7898569005298779,0.4490111321525143,0.4221030804521708,0.3495839595149305,0.4692730997204211,0.3698538767776904,0.2940887522457679,-0.4494949214357938,-0.3077910374403874,-0.1792239524619587,0.0160995351510785,0.0026192438777129,0.0033299674257456,0.0101503238476199,downstairs,wiktor
1672842715310193700,0.3766337340545868,0.550881523620723,-0.591975262870112,0.8920527644398221,0.3766337340545868,0.4490111321525143,0.4221030804521708,0.550881523620723,0.4692730997204211,0.3698538767776904,-0.591975262870112,-0.4494949214357938,-0.3077910374403874,0.0190905952999792,0.0166047241662182,0.0015120499252188,0.000973821208542,downstairs,wiktor
1672842715320193700,0.1943991370856343,0.605873339834026,-0.6361073647584676,0.8997255736730165,0.1943991370856343,0.3766337340545868,0.4490111321525143,0.605873339834026,0.550881523620723,0.4692730997204211,-0.6361073647584676,-0.591975262870112,-0.4494949214357938,0.0574947794659355,0.0489075728947112,0.0004146562446447,0.0081725503265794,downstairs,wiktor
1672842715330193700,-0.1183549928462061,0.5770755536467245,-0.5082594056306079,0.77804352215045,-0.1183549928462061,0.1943991370856343,0.3766337340545868,0.5770755536467245,0.605873339834026,0.550881523620723,-0.5082594056306079,-0.6361073647584676,-0.591975262870112,0.0505369455797652,0.0073045322853901,0.0010227824687343,0.0422096308256408,downstairs,wiktor
1672842715340193700,-0.2392229562226949,0.5318476315468906,-0.2177094759261221,0.6224844912718623,-0.2392229562226949,-0.1183549928462061,0.1943991370856343,0.5318476315468906,0.5770755536467245,0.605873339834026,-0.2177094759261221,-0.5082594056306079,-0.6361073647584676,0.072508675728681,0.0253565464316465,0.0020434704514446,0.0451086588455898,downstairs,wiktor
1672842715350193700,-0.0140272793918705,0.5957768181746695,0.0826525018459981,0.6016462562859288,-0.0140272793918705,-0.2392229562226949,-0.1183549928462061,0.5957768181746695,0.5318476315468906,0.5770755536467245,0.0826525018459981,-0.2177094759261221,-0.5082594056306079,0.1885268375150477,0.1197168762544409,0.035931088050387,0.0328788732102197,downstairs,wiktor
1672842715360193700,0.4752924039531608,0.8638480327814866,0.3390852345858718,1.042648113847704,0.4752924039531608,-0.0140272793918705,-0.2392229562226949,0.8638480327814866,0.5957768181746695,0.5318476315468906,0.3390852345858718,0.0826525018459981,-0.2177094759261221,0.1801463649465688,0.0033916506083299,0.1694452011747979,0.007309513163441,downstairs,wiktor
1672842715370193700,0.5576532029819454,1.445990972573421,0.4599944001891549,1.61662049837469,0.5576532029819454,0.4752924039531608,-0.0140272793918705,1.445990972573421,0.8638480327814866,0.5957768181746695,0.4599944001891549,0.3390852345858718,0.0826525018459981,0.2893454775116822,0.0397375836156779,0.2368828883720829,0.0127250055239213,downstairs,wiktor
1672842715380193700,0.2757397992010045,2.1342974281178724,0.3004638042276191,2.172909672808538,0.2757397992010045,0.5576532029819454,0.4752924039531608,2.1342974281178724,1.445990972573421,0.8638480327814866,0.3004638042276191,0.4599944001891549,0.3390852345858718,0.3514135347845884,0.0052487782846052,0.2980942505716084,0.0480705059283746,downstairs,wiktor
1672842715390193700,0.3781973834454641,2.906429865684911,-0.009602336872549,2.9309486569818346,0.3781973834454641,0.2757397992010045,0.5576532029819454,2.906429865684911,2.1342974281178724,1.445990972573421,-0.009602336872549,0.3004638042276191,0.4599944001891549,0.1645822033219568,0.0001461457007331,0.0684574017671834,0.0959786558540402,downstairs,wiktor
1672842715400193700,0.3952939153003815,3.276449869920313,-0.4477316690429487,3.330442114350334,0.3952939153003815,0.3781973834454641,0.2757397992010045,3.276449869920313,2.906429865684911,2.1342974281178724,-0.4477316690429487,-0.009602336872549,0.3004638042276191,0.3789315619285577,0.0014283871877994,0.3226860389321949,0.0548171358085633,downstairs,wiktor
1672842715410193700,0.3418451138582635,2.47309933754706,-0.7788423327448698,2.6152770014895066,0.3418451138582635,0.3952939153003815,0.3781973834454641,2.47309933754706,3.276449869920313,2.906429865684911,-0.7788423327448698,-0.4477316690429487,-0.009602336872549,0.968429601315961,0.0563433505323288,0.8943686019161511,0.017717648867481,downstairs,wiktor
1672842715420193700,0.0061567150943834,1.1356625338691055,-0.5905996762215353,1.2800684643907656,0.0061567150943834,0.3418451138582635,0.3952939153003815,1.1356625338691055,2.47309933754706,3.276449869920313,-0.5905996762215353,-0.7788423327448698,-0.4477316690429487,0.2332667458861585,0.0057495928845373,0.2007361450206809,0.0267810079809402,downstairs,wiktor
1672842715430193700,-0.1010775414147877,0.502044123434748,-0.3591649857322302,0.6255113573947765,-0.1010775414147877,0.0061567150943834,0.3418451138582635,0.502044123434748,1.1356625338691055,2.47309933754706,-0.3591649857322302,-0.5905996762215353,-0.7788423327448698,0.0672551324412063,0.0110082589042114,0.0471486547825136,0.0090982187544812,downstairs,wiktor
1672842715440193700,0.0473020994003285,0.194965453441166,-0.2242708142163249,0.300909313170017,0.0473020994003285,-0.1010775414147877,0.0061567150943834,0.194965453441166,0.502044123434748,1.1356625338691055,-0.2242708142163249,-0.3591649857322302,-0.5905996762215353,0.0136832725380342,9.794870201705692e-06,0.0082928103027471,0.0053806673650854,downstairs,wiktor
1672842715450193700,0.0517281292695693,0.0661802811366875,-0.1205339609279645,0.1469151615935004,0.0517281292695693,0.0473020994003285,-0.1010775414147877,0.0661802811366875,0.194965453441166,0.502044123434748,-0.1205339609279645,-0.2242708142163249,-0.3591649857322302,0.0093802200517115,0.0005178276541141,0.0052009353520637,0.0036614570455336,downstairs,wiktor
1672842715460193700,0.0195465303623008,0.1681698428777177,-0.0349599339626096,0.1728738264902777,0.0195465303623008,0.0517281292695693,0.0473020994003285,0.1681698428777177,0.0661802811366875,0.194965453441166,-0.0349599339626096,-0.1205339609279645,-0.2242708142163249,0.0981296612874098,0.0042553318670322,0.0917086735502502,0.0021656558701274,downstairs,wiktor
1672842715470193700,-0.072706728301361,0.5964423578731356,0.0308527680048284,0.6016491069544717,-0.072706728301361,0.0195465303623008,0.0517281292695693,0.5964423578731356,0.1681698428777177,0.0661802811366875,0.0308527680048284,-0.0349599339626096,-0.1205339609279645,0.1076030093734178,0.0010218490457466,0.1063001252054467,0.0002810351222243,downstairs,wiktor
1672842715480193700,-0.1179140074883832,1.0575283047538593,0.0545607886824116,1.0654795672274475,-0.1179140074883832,-0.072706728301361,0.0195465303623008,1.0575283047538593,0.5964423578731356,0.1681698428777177,0.0545607886824116,0.0308527680048284,-0.0349599339626096,0.083762681057551,0.0004670556411555,0.0812097672818888,0.0020858581345066,downstairs,wiktor
1672842715490193700,-0.0873507733285128,1.460541374720303,0.1191496133273401,1.4679945147128504,-0.0873507733285128,-0.1179140074883832,-0.072706728301361,1.460541374720303,1.0575283047538593,0.5964423578731356,0.1191496133273401,0.0545607886824116,0.0308527680048284,0.0348529577396962,0.0019215214989058,0.0304163905408501,0.0025150456999402,downstairs,wiktor
1672842715500193700,-0.025358491568509,1.7071843983023625,0.1900727505949514,1.7179200427902226,-0.025358491568509,-0.0873507733285128,-0.1179140074883832,1.7071843983023625,1.460541374720303,1.0575283047538593,0.1900727505949514,0.1191496133273401,0.0545607886824116,0.0064920162000117,0.0053479421926549,0.0011439054178937,1.685894630232045e-07,downstairs,wiktor
1672842715510193700,0.0780624172715798,1.7550154638956297,0.1894920794952345,1.7669409349761815,0.0780624172715798,-0.025358491568509,-0.0873507733285128,1.7550154638956297,1.7071843983023625,1.460541374720303,0.1894920794952345,0.1900727505949514,0.1191496133273401,0.0318559947305874,0.0049717389616449,0.0182760361294775,0.0086082196394649,downstairs,wiktor
1672842715520193700,0.177779406412297,1.5638295013906511,0.0582806498142426,1.57498090810867,0.177779406412297,0.0780624172715798,-0.025358491568509,1.5638295013906511,1.7550154638956297,1.7071843983023625,0.0582806498142426,0.1894920794952345,0.1900727505949514,0.0612387750204633,0.0015356148669645,0.049642870223889,0.0100602899296098,downstairs,wiktor
1672842715530193700,0.1223607296513977,1.2487331027317994,-0.0835663799721425,1.2574934790608887,0.1223607296513977,0.177779406412297,0.0780624172715798,1.2487331027317994,1.5638295013906511,1.7550154638956297,-0.0835663799721425,0.0582806498142426,0.1894920794952345,0.0298333294581341,0.0058532572802064,0.0224571481227972,0.0015229240551305,downstairs,wiktor
1672842715540193700,0.0141640820119592,1.0368031703352774,-0.1387555828134697,1.0461426991564915,0.0141640820119592,0.1223607296513977,0.177779406412297,1.0368031703352774,1.2487331027317994,1.5638295013906511,-0.1387555828134697,-0.0835663799721425,0.0582806498142426,0.0062125290400468,0.0001406253011536,0.0053226577678815,0.0007492459710116,downstairs,wiktor
1672842715550193700,-0.0026064457766125,0.9336270319322384,-0.1774659424349375,0.9503475096187224,-0.0026064457766125,0.0141640820119592,0.1223607296513977,0.9336270319322384,1.0368031703352774,1.2487331027317994,-0.1774659424349375,-0.1387555828134697,-0.0835663799721425,0.0017837227305826,0.0003899657133543,0.0010584626623322,0.000335294354896,downstairs,wiktor
1672842715560193700,0.0253208066250969,0.8876169751547853,-0.2033616700708262,0.9109670722287782,0.0253208066250969,-0.0026064457766125,0.0141640820119592,0.8876169751547853,0.9336270319322384,1.0368031703352774,-0.2033616700708262,-0.1774659424349375,-0.1387555828134697,0.0008914001573085,0.0008023724591981,4.738608346955918e-05,4.1641614640846015e-05,downstairs,wiktor
1672842715570193700,0.0653800741969869,0.8778818754152286,-0.1942357055036316,0.9014869109294132,0.0653800741969869,0.0253208066250969,-0.0026064457766125,0.8778818754152286,0.8876169751547853,0.9336270319322384,-0.1942357055036316,-0.2033616700708262,-0.1774659424349375,0.001201562977644,9.213120921502152e-05,5.014732857561292e-05,0.0010592844398534,downstairs,wiktor
1672842715580193700,0.0789544035885275,0.8878965974358952,-0.1482077913676766,0.9036369376062184,0.0789544035885275,0.0653800741969869,0.0253208066250969,0.8878965974358952,0.8778818754152286,0.8876169751547853,-0.1482077913676766,-0.1942357055036316,-0.2033616700708262,0.0021941377339078,2.8740161702457912e-08,0.0001230037944904,0.0020711051992557,downstairs,wiktor
1672842715590193700,0.0791941541326455,0.903581226503262,-0.0838477851642006,0.910912288870266,0.0791941541326455,0.0789544035885275,0.0653800741969869,0.903581226503262,0.8878965974358952,0.8778818754152286,-0.0838477851642006,-0.1482077913676766,-0.1942357055036316,0.0015875989111555,1.1101228034811797e-05,1.1686694969993616e-05,0.0015648109881507,downstairs,wiktor
1672842715600193700,0.0839061023570665,0.9084158298934056,-0.0279047607884888,0.9127092799398624,0.0839061023570665,0.0791941541326455,0.0789544035885275,0.9084158298934056,0.903581226503262,0.8878965974358952,-0.0279047607884888,-0.0838477851642006,-0.1482077913676766,0.0011084463355929,9.377437586076432e-05,0.0001524867160067,0.0008621852437255,downstairs,wiktor
1672842715610193700,0.0702112583739636,0.8909523413526397,0.0136207793940422,0.8938183378044485,0.0702112583739636,0.0839061023570665,0.0791941541326455,0.8909523413526397,0.9084158298934056,0.903581226503262,0.0136207793940422,-0.0279047607884888,-0.0838477851642006,0.0011572368471687,6.503500486565122e-05,0.0006832043832541,0.0004089974590489,downstairs,wiktor
1672842715620193700,0.0588064344063917,0.8539873746069735,0.042221389843785,0.8570503360223631,0.0588064344063917,0.0702112583739636,0.0839061023570665,0.8539873746069735,0.8909523413526397,0.9084158298934056,0.042221389843785,0.0136207793940422,-0.0279047607884888,0.0009589289748112,2.7130406676003083e-06,0.0008859261184096,7.028981573402895e-05,downstairs,wiktor
1672842715630193700,0.0564770393486137,0.8118939993940106,0.0540780180098387,0.8156506324753626,0.0564770393486137,0.0588064344063917,0.0702112583739636,0.8118939993940106,0.8539873746069735,0.8909523413526397,0.0540780180098387,0.042221389843785,0.0136207793940422,0.0007479599750024,0.0002390535297443,0.0004818417483049,2.7064696953172163e-05,downstairs,wiktor
1672842715640193700,0.0346113799830992,0.7808507473638205,0.0467207499090866,0.7830125578527071,0.0346113799830992,0.0564770393486137,0.0588064344063917,0.7808507473638205,0.8118939993940106,0.8539873746069735,0.0467207499090866,0.0540780180098387,0.042221389843785,0.0010667939768876,4.885411061573008e-06,0.0010310932482568,3.0815317569240736e-05,downstairs,wiktor
1672842715650193700,0.0377372114121987,0.7354394437433152,0.0388702317645002,0.7374321443062214,0.0377372114121987,0.0346113799830992,0.0564770393486137,0.7354394437433152,0.7808507473638205,0.8118939993940106,0.0388702317645002,0.0467207499090866,0.0540780180098387,0.0001906059624812,6.626382167378362e-05,0.0001243109501847,3.119062272365869e-08,downstairs,wiktor
1672842715660193700,0.0492492765330867,0.7196716950019896,0.0391199941424663,0.722414848800726,0.0492492765330867,0.0377372114121987,0.0346113799830992,0.7196716950019896,0.7354394437433152,0.7808507473638205,0.0391199941424663,0.0388702317645002,0.0467207499090866,0.0023618000221232,0.0020585860994746,7.777149074777045e-05,0.0002254424319007,downstairs,wiktor
1672842715670193700,0.1134144711400491,0.7321433821972146,0.0178859445098234,0.7410915472262264,0.1134144711400491,0.0492492765330867,0.0377372114121987,0.7321433821972146,0.7196716950019896,0.7354394437433152,0.0178859445098234,0.0391199941424663,0.0388702317645002,0.0030826867179369,0.0008879618291086,0.0009115466329949,0.0012831782558333,downstairs,wiktor
1672842715680193700,0.1555561803865583,0.7748410784581361,-0.032773274904482,0.7909807264849047,0.1555561803865583,0.1134144711400491,0.0492492765330867,0.7748410784581361,0.7321433821972146,0.7196716950019896,-0.032773274904482,0.0178859445098234,0.0391199941424663,0.0026046216078787,1.2715690223568502e-05,0.0010267335516482,0.0015651723660069,downstairs,wiktor
1672842715690193700,0.1605991339305776,0.8201562757245778,-0.0887227586555754,0.8404285373148135,0.1605991339305776,0.1555561803865583,0.1134144711400491,0.8201562757245778,0.7748410784581361,0.7321433821972146,-0.0887227586555754,-0.032773274904482,0.0178859445098234,0.0045890630472519,0.0013466811387115,0.0004869481985331,0.0027554337100071,downstairs,wiktor
1672842715700193700,0.1087015205228,0.8513635889230313,-0.1629579755005096,0.8736081975846481,0.1087015205228,0.1605991339305776,0.1555561803865583,0.8513635889230313,0.8201562757245778,0.7748410784581361,-0.1629579755005096,-0.0887227586555754,-0.032773274904482,0.0027252599519466,0.0016716826698792,1.2632186731078442e-05,0.0010409450953363,downstairs,wiktor
1672842715710193700,0.050879679149851,0.8563899567430537,-0.2085857103848169,0.8828932542145171,0.050879679149851,0.1087015205228,0.1605991339305776,0.8563899567430537,0.8513635889230313,0.8201562757245778,-0.2085857103848169,-0.1629579755005096,-0.0887227586555754,0.0013324784443856,4.250098573183171e-05,0.0011991705470858,9.080691156794218e-05,downstairs,wiktor
1672842715720193700,0.0416600277755493,0.807417095950858,-0.2220621276808153,0.838432772080211,0.0416600277755493,0.050879679149851,0.1087015205228,0.807417095950858,0.8563899567430537,0.8513635889230313,-0.2220621276808153,-0.2085857103848169,-0.1629579755005096,0.0039319963337187,0.0011094761506203,0.002153544816896,0.0006689753662023,downstairs,wiktor
1672842715730193700,0.0887657843371483,0.7417886750206528,-0.1854841188175023,0.7697624056755371,0.0887657843371483,0.0416600277755493,0.050879679149851,0.7417886750206528,0.807417095950858,0.8563899567430537,-0.1854841188175023,-0.2220621276808153,-0.2085857103848169,0.0034508309618449,4.165741717877653e-05,0.0003400739243205,0.0030690996203457,downstairs,wiktor
1672842715740193700,0.0978934803420311,0.7157090306856354,-0.1071374581312201,0.7302745956373303,0.0978934803420311,0.0887657843371483,0.0416600277755493,0.7157090306856354,0.7417886750206528,0.807417095950858,-0.1071374581312201,-0.1854841188175023,-0.2220621276808153,0.0024272307787692,5.18125529188793e-05,0.000232009118667,0.0021434091071833,downstairs,wiktor
1672842715750193700,0.0877138386077774,0.7372501132335034,-0.0416636602089463,0.7436177159859302,0.0877138386077774,0.0978934803420311,0.0887657843371483,0.7372501132335034,0.7157090306856354,0.7417886750206528,-0.0416636602089463,-0.1071374581312201,-0.1854841188175023,0.0040170406162194,0.0003873837909227,0.0018509545619853,0.0017787022633113,downstairs,wiktor
1672842715760193700,0.0598791914599257,0.7980934294150758,0.0179803212696791,0.8005385259925795,0.0598791914599257,0.0877138386077774,0.0978934803420311,0.7980934294150758,0.7372501132335034,0.7157090306856354,0.0179803212696791,-0.0416636602089463,-0.1071374581312201,0.0321612577702479,0.029075415496589,0.0030205355538185,6.530671984029387e-05,downstairs,wiktor
1672842715770193700,-0.1812656425987331,0.8758177570585947,0.0294089449698709,0.894862482625191,-0.1812656425987331,0.0598791914599257,0.0877138386077774,0.8758177570585947,0.7980934294150758,0.7372501132335034,0.0294089449698709,0.0179803212696791,-0.0416636602089463,0.0190915045760742,0.017055677851443,0.0020287187516482,7.107972982923964e-06,downstairs,wiktor
1672842715780193700,-0.365958240454971,0.9395157751070128,0.0331793489224797,1.0088192080976397,-0.365958240454971,-0.1812656425987331,0.0598791914599257,0.9395157751070128,0.8758177570585947,0.7980934294150758,0.0331793489224797,0.0294089449698709,0.0179803212696791,0.0178186589707251,0.0074735349965948,0.0022629333202726,0.0080821906538575,downstairs,wiktor
1672842715790193700,-0.2437000301245817,1.006790336722421,0.1603185691014441,1.0481977534793243,-0.2437000301245817,-0.365958240454971,-0.1812656425987331,1.006790336722421,0.9395157751070128,0.8758177570585947,0.1603185691014441,0.0331793489224797,0.0294089449698709,0.0439294605350016,0.0283849039976628,0.0039931990109693,0.0115513575263694,downstairs,wiktor
1672842715800193700,-0.0054358742065632,1.0961569861053913,0.3123143422424721,1.1397938126198055,-0.0054358742065632,-0.2437000301245817,-0.365958240454971,1.0961569861053913,1.006790336722421,0.9395157751070128,0.3123143422424721,0.1603185691014441,0.0331793489224797,0.0224137012798841,0.0071451103974301,0.0119822822804672,0.0032863086019867,downstairs,wiktor
1672842715810193700,0.1141058373206699,1.2509619103194956,0.3933860216624366,1.3163124269033746,0.1141058373206699,-0.0054358742065632,-0.2437000301245817,1.2509619103194956,1.0961569861053913,1.006790336722421,0.3933860216624366,0.3123143422424721,0.1603185691014441,0.0070941533572397,0.0007271199116643,0.0063282879898909,3.8745455684372325e-05,downstairs,wiktor
1672842715820193700,0.1522403338209353,1.3634633591091978,0.3845831294463098,1.4248205621515868,0.1522403338209353,0.1141058373206699,-0.0054358742065632,1.3634633591091978,1.2509619103194956,1.0961569861053913,0.3845831294463098,0.3933860216624366,0.3123143422424721,0.0012922708979829,1.2237214047842275e-06,0.0002545415760174,0.0010365056005606,downstairs,wiktor
1672842715830193700,0.1538047643274035,1.3860262302038733,0.3390527966875731,1.4351590209048728,0.1538047643274035,0.1522403338209353,0.1141058373206699,1.3860262302038733,1.3634633591091978,1.2509619103194956,0.3390527966875731,0.3845831294463098,0.3933860216624366,0.0006787182039003,0.0002021495196781,6.811325181469497e-05,0.0004084554324074,downstairs,wiktor
1672842715840193700,0.133697575579188,1.3743546191912757,0.3104711440968821,1.4153155098157355,0.133697575579188,0.1538047643274035,0.1522403338209353,1.3743546191912757,1.3860262302038733,1.3634633591091978,0.3104711440968821,0.3390527966875731,0.3845831294463098,0.0016693183872109,9.562567374886988e-05,1.065701524698749e-05,0.001563035698215,downstairs,wiktor
1672842715850193700,0.1198682101744509,1.3789713312782457,0.2545598626196158,1.4073844691322417,0.1198682101744509,0.133697575579188,0.1538047643274035,1.3789713312782457,1.3743546191912757,1.3860262302038733,0.2545598626196158,0.3104711440968821,0.3390527966875731,0.002464635543574,5.060888270692369e-05,6.375290768027225e-05,0.0023502737531868,downstairs,wiktor
1672842715860193700,0.1098075061526715,1.3902631785744388,0.1859993236312613,1.4069417694057766,0.1098075061526715,0.1198682101744509,0.133697575579188,1.3902631785744388,1.3789713312782457,1.3743546191912757,0.1859993236312613,0.2545598626196158,0.3104711440968821,0.0018138636574392,0.0001147689706964,7.72032708098655e-05,0.0016218914159329,downstairs,wiktor
1672842715870193700,0.1249580157610273,1.4026892214529956,0.1290451066507255,1.414144333946801,0.1249580157610273,0.1098075061526715,0.1198682101744509,1.4026892214529956,1.3902631785744388,1.3789713312782457,0.1290451066507255,0.1859993236312613,0.2545598626196158,0.0014107035957113,0.0005331808837015,5.9659312878844245e-05,0.0008178633991309,downstairs,wiktor
1672842715880193700,0.1576132108669088,1.4136125279925782,0.088600987198549,1.4251289199472104,0.1576132108669088,0.1249580157610273,0.1098075061526715,1.4136125279925782,1.4026892214529956,1.3902631785744388,0.088600987198549,0.1290451066507255,0.1859993236312613,0.0011773404937321,0.0008317231425021,6.528935138597051e-05,0.0002803279998439,downstairs,wiktor
1672842715890193700,0.1983985793831347,1.4250396318589102,0.0649228115997422,1.4402482147657187,0.1983985793831347,0.1576132108669088,0.1249580157610273,1.4250396318589102,1.4136125279925782,1.4026892214529956,0.0649228115997422,0.088600987198549,0.1290451066507255,0.0015295615219311,0.0015133364348358,1.12078376329441e-05,5.0172494623362205e-06,downstairs,wiktor
1672842715900193700,0.253413785187273,1.4297741513979858,0.0617550838771195,1.4533706894366083,0.253413785187273,0.1983985793831347,0.1576132108669088,1.4297741513979858,1.4250396318589102,1.4136125279925782,0.0617550838771195,0.0649228115997422,0.088600987198549,0.0005805399874383,0.0004533455967278,3.017292810896541e-05,9.702146260147663e-05,downstairs,wiktor
1672842715910193700,0.2835250985670604,1.4375424109339392,0.0756850129940588,1.4671887697031811,0.2835250985670604,0.253413785187273,0.1983985793831347,1.4375424109339392,1.4297741513979858,1.4250396318589102,0.0756850129940588,0.0617550838771195,0.0649228115997422,0.0005638309114467,0.0003111480909962,0.0001518641449127,0.0001008186755377,downstairs,wiktor
1672842715920193700,0.2585792335391142,1.4549702131426363,0.0898849197217609,1.4805001992378763,0.2585792335391142,0.2835250985670604,0.253413785187273,1.4549702131426363,1.4375424109339392,1.4297741513979858,0.0898849197217609,0.0756850129940588,0.0617550838771195,0.0033036548032872,0.0032561917960136,3.555114439281251e-05,1.1911862880809814e-05,downstairs,wiktor
1672842715930193700,0.1778798928229265,1.4465379958312985,0.0850039643069246,1.4599106491844691,0.1778798928229265,0.2585792335391142,0.2835250985670604,1.4465379958312985,1.4549702131426363,1.4375424109339392,0.0850039643069246,0.0898849197217609,0.0756850129940588,0.0113592628099416,0.0102329318123579,0.0003828145884681,0.0007435164091155,downstairs,wiktor
1672842715940193700,0.0348209412514995,1.4188679908270303,0.0464418998104383,1.420054831124903,0.0348209412514995,0.1778798928229265,0.2585792335391142,1.4188679908270303,1.4465379958312985,1.4549702131426363,0.0464418998104383,0.0850039643069246,0.0898849197217609,0.0153857197089432,0.0128337589609693,0.0001117534568725,0.0024402072911012,downstairs,wiktor
1672842715950193700,-0.1253899133181544,1.4039178432108632,-0.0234180642763155,1.4097008003765288,-0.1253899133181544,0.0348209412514995,0.1778798928229265,1.4039178432108632,1.4188679908270303,1.4465379958312985,-0.0234180642763155,0.0464418998104383,0.0850039643069246,0.0109845092916653,0.0009492896096271,0.0061227835735902,0.0039124361084479,downstairs,wiktor
1672842715960193700,-0.1689626022328207,1.2932581525047149,-0.1118763720653295,1.309038323579449,-0.1689626022328207,-0.1253899133181544,0.0348209412514995,1.2932581525047149,1.4039178432108632,1.4188679908270303,-0.1118763720653295,-0.0234180642763155,0.0464418998104383,0.0092380430625861,9.756087272893496e-05,0.0070472217294748,0.0020932604603823,downstairs,wiktor
1672842715970193700,-0.154994003682577,1.1745381311984937,-0.176579702124645,1.1978077283183777,-0.154994003682577,-0.1689626022328207,-0.1253899133181544,1.1745381311984937,1.2932581525047149,1.4039178432108632,-0.176579702124645,-0.1118763720653295,-0.0234180642763155,0.0012217711134038,0.0002292065513709,0.000670767774769,0.0003217967872638,downstairs,wiktor
1672842715980193700,-0.1335834197871796,1.1379111527599433,-0.2019488482381377,1.1633871491993588,-0.1335834197871796,-0.154994003682577,-0.1689626022328207,1.1379111527599433,1.1745381311984937,1.2932581525047149,-0.2019488482381377,-0.176579702124645,-0.1118763720653295,0.0209469325114628,0.0191191208348736,0.0015227701368477,0.0003050415397414,downstairs,wiktor
1672842715990193700,0.0619625892995498,1.1930975666105963,-0.1772489883299762,1.2077824182313766,0.0619625892995498,-0.1335834197871796,-0.154994003682577,1.1930975666105963,1.1379111527599433,1.1745381311984937,-0.1772489883299762,-0.2019488482381377,-0.176579702124645,0.0811832943258227,0.0707955965617173,0.0098160649609393,0.000571632803166,downstairs,wiktor
1672842716000193700,0.4382486415569178,1.3332122693433173,-0.1434367774242665,1.4107058290344945,0.4382486415569178,0.0619625892995498,-0.1335834197871796,1.3332122693433173,1.1930975666105963,1.1379111527599433,-0.1434367774242665,-0.1772489883299762,-0.2019488482381377,0.062620463120528,0.0569804611751657,0.0029213165566885,0.0027186853886736,downstairs,wiktor
1672842716010193700,0.7758296279147568,1.409649388031669,-0.2171753072261781,1.623634233070119,0.7758296279147568,0.4382486415569178,0.0619625892995498,1.409649388031669,1.3332122693433173,1.1930975666105963,-0.2171753072261781,-0.1434367774242665,-0.1772489883299762,0.0158374283892269,0.0125684410090608,7.491615186221864e-05,0.0031940712283038,downstairs,wiktor
1672842716020193700,0.9343757789816364,1.4218899886592704,-0.2971011632216419,1.727164826351166,0.9343757789816364,0.7758296279147568,0.4382486415569178,1.4218899886592704,1.409649388031669,1.3332122693433173,-0.2971011632216419,-0.2171753072261781,-0.1434367774242665,0.0055844450066122,0.0042369611008186,0.0013018745784038,4.560932738976893e-05,downstairs,wiktor
1672842716030193700,0.8423218697673219,1.37086304325973,-0.3066520089841667,1.6379276755332242,0.8423218697673219,0.9343757789816364,0.7758296279147568,1.37086304325973,1.4218899886592704,1.409649388031669,-0.3066520089841667,-0.2971011632216419,-0.2171753072261781,0.0709945241712921,0.0645765544107642,0.0048817328109298,0.0015362369495979,downstairs,wiktor
1672842716040193700,0.4829430879485721,1.2720527926687122,-0.2512221082157556,1.383641890515729,0.4829430879485721,0.8423218697673219,0.9343757789816364,1.2720527926687122,1.37086304325973,1.4218899886592704,-0.2512221082157556,-0.3066520089841667,-0.2971011632216419,0.11903091412273,0.1137491854340496,0.002308168041529,0.0029735606471513,downstairs,wiktor
1672842716050193700,0.0059751950374251,1.2041091683684289,-0.1741045272481017,1.216645790159539,0.0059751950374251,0.4829430879485721,0.8423218697673219,1.2041091683684289,1.2720527926687122,1.37086304325973,-0.1741045272481017,-0.2512221082157556,-0.3066520089841667,0.0813566039186668,0.0750338904078705,0.0012707385508607,0.0050519749599356,downstairs,wiktor
1672842716060193700,-0.3814106343571735,1.254522233160419,-0.0735861213720074,1.3132840601915194,-0.3814106343571735,0.0059751950374251,0.4829430879485721,1.254522233160419,1.2041091683684289,1.2720527926687122,-0.0735861213720074,-0.1741045272481017,-0.2512221082157556,0.0545398053394671,0.0464830928799002,0.004837575722708,0.0032191367368589,downstairs,wiktor
1672842716070193700,-0.6863142023254747,1.352884580862251,0.0066527312725675,1.5170260816089702,-0.6863142023254747,-0.3814106343571735,0.0059751950374251,1.352884580862251,1.254522233160419,1.2041091683684289,0.0066527312725675,-0.0735861213720074,-0.1741045272481017,0.0377667673817057,0.0337284195506943,0.0006693242530098,0.0033690235780014,downstairs,wiktor
1672842716080193700,-0.946038746990373,1.389472126639737,0.0887383399747206,1.683299318153886,-0.946038746990373,-0.6863142023254747,-0.3814106343571735,1.389472126639737,1.352884580862251,1.254522233160419,0.0887383399747206,0.0066527312725675,-0.0735861213720074,0.0085874841676857,0.0067333274276647,5.546998242351799e-05,0.0017986867575975,downstairs,wiktor
1672842716090193700,-1.0620846640031203,1.4000049308649676,0.1487164486077465,1.7635629339616277,-1.0620846640031203,-0.946038746990373,-0.6863142023254747,1.4000049308649676,1.389472126639737,1.352884580862251,0.1487164486077465,0.0887383399747206,0.0066527312725675,0.0099224665916373,0.0083110156888502,0.001535415617406,7.603528538097575e-05,downstairs,wiktor
1672842716100193700,-0.9331582067583,1.344589849571044,0.1610481383038892,1.6445797655513694,-0.9331582067583,-1.0620846640031203,-0.946038746990373,1.344589849571044,1.4000049308649676,1.389472126639737,0.1610481383038892,0.1487164486077465,0.0887383399747206,0.0245928732931685,0.0224589603585343,0.0016038379835371,0.000530074951097,downstairs,wiktor
1672842716110193700,-0.7212197234262996,1.287953501109351,0.1936080815193505,1.4887801045515576,-0.7212197234262996,-0.9331582067583,-1.0620846640031203,1.287953501109351,1.344589849571044,1.4000049308649676,0.1936080815193505,0.1610481383038892,0.1487164486077465,0.0168368393087877,0.0159505681816544,0.0002743656059887,0.0006119055211445,downstairs,wiktor
1672842716120193700,-0.5426108312531807,1.2645284885804846,0.2285910922858523,1.3948880600597855,-0.5426108312531807,-0.7212197234262996,-0.9331582067583,1.2645284885804846,1.287953501109351,1.344589849571044,0.2285910922858523,0.1936080815193505,0.1610481383038892,0.008625790056612,0.0086059428581652,1.963681574216872e-05,2.103827046485395e-07,downstairs,wiktor
1672842716130193700,-0.4114167547240532,1.2582616208234358,0.229239756612987,1.3435166238334657,-0.4114167547240532,-0.5426108312531807,-0.7212197234262996,1.2582616208234358,1.2645284885804846,1.287953501109351,0.229239756612987,0.2285910922858523,0.1936080815193505,0.0100502555618583,0.0067663047828524,2.522766521071329e-05,0.0032587231137951,downstairs,wiktor
1672842716140193700,-0.2950870097501001,1.2653648123893044,0.1485090547233694,1.3077765065526694,-0.2950870097501001,-0.4114167547240532,-0.5426108312531807,1.2653648123893044,1.2582616208234358,1.2645284885804846,0.1485090547233694,0.229239756612987,0.2285910922858523,0.3164075915560719,0.286419298286934,0.0081759841038124,0.0218123091653254,downstairs,wiktor
1672842716150193700,0.4617740056112858,1.3932396269839884,-0.0603560173462587,1.4690114837150448,0.4617740056112858,-0.2950870097501001,-0.4114167547240532,1.3932396269839884,1.2653648123893044,1.2582616208234358,-0.0603560173462587,0.1485090547233694,0.229239756612987,1.8401376380777967,1.657725431900394,0.0881147507516017,0.0942974554258013,downstairs,wiktor
1672842716160193700,2.2826119621029632,1.813036603513362,-0.4946311730385947,2.956700710683505,2.2826119621029632,0.4617740056112858,-0.2950870097501001,1.813036603513362,1.3932396269839884,1.2653648123893044,-0.4946311730385947,-0.0603560173462587,0.1485090547233694,0.7750739066612102,0.7274621521260097,0.023169347893968,0.0244424066412325,downstairs,wiktor
1672842716170193700,1.0764095312266118,1.5977723570906548,-0.7157302758917387,2.0551894831928723,1.0764095312266118,2.2826119621029632,0.4617740056112858,1.5977723570906548,1.813036603513362,1.3932396269839884,-0.7157302758917387,-0.4946311730385947,-0.0603560173462587,1.2480548711012307,1.2321383841008788,0.0139335706928331,0.0019829163075187,downstairs,wiktor
1672842716180193700,-0.4933919747612496,1.4308378148722565,-0.6527554188848542,1.6482785353546168,-0.4933919747612496,1.0764095312266118,2.2826119621029632,1.4308378148722565,1.5977723570906548,1.813036603513362,-0.6527554188848542,-0.7157302758917387,-0.4946311730385947,0.0950653006210653,0.0937015260895114,7.85750923086198e-07,0.0013629887806308,downstairs,wiktor
1672842716190193700,-0.9262927164781274,1.432091410439484,-0.6005445238411793,1.808191839814185,-0.9262927164781274,-0.4933919747612496,1.0764095312266118,1.432091410439484,1.4308378148722565,1.5977723570906548,-0.6005445238411793,-0.6527554188848542,-0.7157302758917387,0.058917043984602,0.0552673650928552,5.097897957268504e-06,0.0036445809937895,downstairs,wiktor
1672842716200193700,-0.5938250786760243,1.4352844960810751,-0.5151679346168545,1.6364803114039257,-0.5938250786760243,-0.9262927164781274,-0.4933919747612496,1.4352844960810751,1.432091410439484,1.4308378148722565,-0.5151679346168545,-0.6005445238411793,-0.6527554188848542,0.1669593799502161,0.1649391968679093,0.0015423616464606,0.0004778214358461,downstairs,wiktor
1672842716210193700,-0.0194746684421509,1.3797442107656277,-0.4842544606662892,1.46238699820786,-0.0194746684421509,-0.5938250786760243,-0.9262927164781274,1.3797442107656277,1.4352844960810751,1.432091410439484,-0.4842544606662892,-0.5151679346168545,-0.6005445238411793,0.0120362046788858,0.0025395795531506,0.0059859809805362,0.0035106441451989,downstairs,wiktor
1672842716220193700,0.0517935510269881,1.2703277496591174,-0.4004613327237316,1.3329607805516448,0.0517935510269881,-0.0194746684421509,-0.5938250786760243,1.2703277496591174,1.3797442107656277,1.4352844960810751,-0.4004613327237316,-0.4842544606662892,-0.5151679346168545,0.035403270123176,0.0195558882942238,0.0023553760986973,0.0134920057302548,downstairs,wiktor
1672842716230193700,-0.1459734244478054,1.201692829994309,-0.2361932242531289,1.2333536141301242,-0.1459734244478054,0.0517935510269881,-0.0194746684421509,1.201692829994309,1.2703277496591174,1.3797442107656277,-0.2361932242531289,-0.4004613327237316,-0.4842544606662892,0.0189841658281894,0.0014038432986067,0.0022375998307727,0.01534272269881,downstairs,wiktor
1672842716240193700,-0.1989610324067746,1.1347958968691985,-0.0610206082493139,1.1537203883951497,-0.1989610324067746,-0.1459734244478054,0.0517935510269881,1.1347958968691985,1.201692829994309,1.2703277496591174,-0.0610206082493139,-0.2361932242531289,-0.4004613327237316,0.0120486827222029,0.0006649983236069,0.007105843728924,0.0042778406696719,downstairs,wiktor
1672842716250193700,-0.1624919133165914,1.0155831145937728,0.0314763178582274,1.0289817506288377,-0.1624919133165914,-0.1989610324067746,-0.1459734244478054,1.0155831145937728,1.1347958968691985,1.201692829994309,0.0314763178582274,-0.0610206082493139,-0.2361932242531289,0.0067406683961719,0.0002596007727981,0.0064138428737116,6.722474966213535e-05,downstairs,wiktor
1672842716260193700,-0.1397059188112742,0.9023237408208998,0.0430715539198292,0.914090277684318,-0.1397059188112742,-0.1624919133165914,-0.1989610324067746,0.9023237408208998,1.0155831145937728,1.1347958968691985,0.0430715539198292,0.0314763178582274,-0.0610206082493139,0.0026219508620187,0.0003881528993323,0.0019239514822151,0.0003098464804712,downstairs,wiktor
1672842716270193700,-0.1118436540313825,0.8402922732868308,0.0181779209800102,0.8478977204261119,-0.1118436540313825,-0.1397059188112742,-0.1624919133165914,0.8402922732868308,0.9023237408208998,1.0155831145937728,0.0181779209800102,0.0430715539198292,0.0314763178582274,0.0064305104962981,0.001890459554094,0.0045238707286143,1.6180213589751338e-05,downstairs,wiktor
1672842716280193700,-0.0503544752420362,0.7451726567126001,0.0238665435882962,0.7472532859692673,-0.0503544752420362,-0.1118436540313825,-0.1397059188112742,0.7451726567126001,0.8402922732868308,0.9023237408208998,0.0238665435882962,0.0181779209800102,0.0430715539198292,0.0057172331126743,0.0004212416189263,0.0042676356683692,0.0010283558253788,downstairs,wiktor
1672842716290193700,-0.0793800370428469,0.6527861244866395,0.0692175264966925,0.6612276314383199,-0.0793800370428469,-0.0503544752420362,-0.1118436540313825,0.6527861244866395,0.7451726567126001,0.8402922732868308,0.0692175264966925,0.0238665435882962,0.0181779209800102,0.0091674160990045,0.0019384170841796,0.00461554215124,0.0026134568635848,downstairs,wiktor
1672842716300193700,-0.1416442656846538,0.5567075925324086,0.141514924286445,0.5916188936979391,-0.1416442656846538,-0.0793800370428469,-0.0503544752420362,0.5567075925324086,0.6527861244866395,0.7451726567126001,0.141514924286445,0.0692175264966925,0.0238665435882962,0.0110987342138341,1.5551580007242046e-07,0.0080051622061837,0.0030934164918503,downstairs,wiktor
1672842716310193700,-0.1422019677557857,0.4301756818838791,0.2201713479510175,0.5037339966454973,-0.1422019677557857,-0.1416442656846538,-0.0793800370428469,0.4301756818838791,0.5567075925324086,0.6527861244866395,0.2201713479510175,0.141514924286445,0.0692175264966925,0.0118202963792868,0.0011584705505021,0.0087619768157288,0.0018998490130558,downstairs,wiktor
1672842716320193700,-0.0940673533810529,0.297797611073576,0.2818130386003806,0.4206550521013915,-0.0940673533810529,-0.1422019677557857,-0.1416442656846538,0.297797611073576,0.4301756818838791,0.5567075925324086,0.2818130386003806,0.2201713479510175,0.141514924286445,0.0100263656536442,0.0034671550277296,0.0061036996538899,0.0004555109720246,downstairs,wiktor
1672842716330193700,-0.0107948485822939,0.1873105108863601,0.3119961786631582,0.3640650652628417,-0.0107948485822939,-0.0940673533810529,-0.1422019677557857,0.1873105108863601,0.297797611073576,0.4301756818838791,0.3119961786631582,0.2818130386003806,0.2201713479510175,0.0057144828948418,0.001927739539163,0.0037847245918599,2.018763818900376e-06,downstairs,wiktor
1672842716340193700,0.0512976556217242,0.1003079294090275,0.3099868186561408,0.3298256477522126,0.0512976556217242,-0.0107948485822939,-0.0940673533810529,0.1003079294090275,0.1873105108863601,0.297797611073576,0.3099868186561408,0.3119961786631582,0.2818130386003806,0.002388438984771,0.0006144975582939,0.0017329944946991,4.094693177798721e-05,downstairs,wiktor
1672842716350193700,0.0863546822581605,0.04143527880284,0.3009372958203238,0.3158120793969509,0.0863546822581605,0.0512976556217242,-0.0107948485822939,0.04143527880284,0.1003079294090275,0.1873105108863601,0.3009372958203238,0.3099868186561408,0.3119961786631582,0.0006432059289561,0.0004269106691658,0.0001455010602877,7.079419950252737e-05,downstairs,wiktor
1672842716360193700,0.1155749036524576,0.0243764945385537,0.2890382034597673,0.3122416610568052,0.1155749036524576,0.0863546822581605,0.0512976556217242,0.0243764945385537,0.04143527880284,0.1003079294090275,0.2890382034597673,0.3009372958203238,0.3099868186561408,0.0006850186905524,4.105834871244991e-05,0.0003686963093781,0.0002752640324618,downstairs,wiktor
1672842716370193700,0.1246367300370723,0.0515314686456371,0.2655748689796967,0.2978587211560095,0.1246367300370723,0.1155749036524576,0.0863546822581605,0.0515314686456371,0.0243764945385537,0.04143527880284,0.2655748689796967,0.2890382034597673,0.3009372958203238,0.0009540965794637,8.362003928809146e-06,0.0004067859578356,0.0005389486176992,downstairs,wiktor
1672842716380193700,0.1205472303295753,0.080054650720421,0.2327435236615633,0.2740619084230805,0.1205472303295753,0.1246367300370723,0.1155749036524576,0.080054650720421,0.0515314686456371,0.0243764945385537,0.2327435236615633,0.2655748689796967,0.2890382034597673,0.0016864690571782,0.0004079719231966,1.5346917433718288e-05,0.0012631502165478,downstairs,wiktor
1672842716390193700,0.1491119611421234,0.0855948524195866,0.1824812074286663,0.2507194583214572,0.1491119611421234,0.1205472303295753,0.1246367300370723,0.0855948524195866,0.080054650720421,0.0515314686456371,0.1824812074286663,0.2327435236615633,0.2655748689796967,0.0051129126630882,0.0019803516333247,0.0001577439240318,0.0029748171057316,downstairs,wiktor
1672842716400193700,0.2120460796046034,0.0678328748251956,0.1053473354173164,0.2462983959798785,0.2120460796046034,0.1491119611421234,0.1205472303295753,0.0678328748251956,0.0855948524195866,0.080054650720421,0.1053473354173164,0.1824812074286663,0.2327435236615633,0.0061802676046749,0.0034052759517096,6.754934005157312e-05,0.0027074423129137,downstairs,wiktor
1672842716410193700,0.2945721476281027,0.05620967904679,0.0317614357773213,0.3015643662295212,0.2945721476281027,0.2120460796046034,0.1491119611421234,0.05620967904679,0.0678328748251956,0.0855948524195866,0.0317614357773213,0.1053473354173164,0.1824812074286663,0.0039258061210198,0.0029430519321847,1.3229946263449864e-06,0.0009814311942087,downstairs,wiktor
1672842716420193700,0.3712930956434225,0.0578363287486896,-0.0125427670528565,0.3759799526583092,0.3712930956434225,0.2945721476281027,0.2120460796046034,0.0578363287486896,0.05620967904679,0.0678328748251956,-0.0125427670528565,0.0317614357773213,0.1053473354173164,0.0024005114575157,0.0018872657291532,4.213432794638849e-05,0.0004711114004161,downstairs,wiktor
1672842716430193700,0.4327303112240986,0.0670161248190158,-0.0432384149664008,0.4400184584385863,0.4327303112240986,0.3712930956434225,0.2945721476281027,0.0670161248190158,0.0578363287486896,0.05620967904679,-0.0432384149664008,-0.0125427670528565,0.0317614357773213,0.0028483869121731,0.0017408443427719,0.0005399939844663,0.0005675485849349,downstairs,wiktor
1672842716440193700,0.4917361472536292,0.0998792952219552,-0.0769296181190014,0.5076401070382568,0.4917361472536292,0.4327303112240986,0.3712930956434225,0.0998792952219552,0.0670161248190158,0.0578363287486896,-0.0769296181190014,-0.0432384149664008,-0.0125427670528565,0.0062541691057664,0.0021481237152232,0.0024781907154059,0.0016278546751372,downstairs,wiktor
1672842716450193700,0.5572819131767339,0.1702808678664066,-0.1339884417160104,0.5979227435285783,0.5572819131767339,0.4917361472536292,0.4327303112240986,0.1702808678664066,0.0998792952219552,0.0670161248190158,-0.1339884417160104,-0.0769296181190014,-0.0432384149664008,0.0060453594613167,0.0008846580272664,0.002656648351952,0.0025040530820982,downstairs,wiktor
1672842716460193700,0.5993451519314096,0.2431732316907756,-0.2047564158582482,0.6784342426423772,0.5993451519314096,0.5572819131767339,0.4917361472536292,0.2431732316907756,0.1702808678664066,0.0998792952219552,-0.2047564158582482,-0.1339884417160104,-0.0769296181190014,0.0032178160598244,0.0002643437561214,0.0014035081653473,0.0015499641383555,downstairs,wiktor
1672842716470193700,0.6223383577157923,0.2961545145243835,-0.2604334153886753,0.7367754690599932,0.6223383577157923,0.5993451519314096,0.5572819131767339,0.2961545145243835,0.2431732316907756,0.1702808678664066,-0.2604334153886753,-0.2047564158582482,-0.1339884417160104,0.0052340578014446,0.0001301475655151,0.0033688251111883,0.0017350851247412,downstairs,wiktor
1672842716480193700,0.6384720222415685,0.3782377053881446,-0.3193415663483045,0.8078918993035612,0.6384720222415685,0.6223383577157923,0.5993451519314096,0.3782377053881446,0.2961545145243835,0.2431732316907756,-0.3193415663483045,-0.2604334153886753,-0.2047564158582482,0.0135369562062837,5.144046965141429e-05,0.0111070479294879,0.0023784678071443,downstairs,wiktor
1672842716490193700,0.648615046411057,0.5272816447448859,-0.3883121079895633,0.9216906772486028,0.648615046411057,0.6384720222415685,0.6223383577157923,0.5272816447448859,0.3782377053881446,0.2961545145243835,-0.3883121079895633,-0.3193415663483045,-0.2604334153886753,0.0265201044121982,0.0058641284378573,0.0145613537145381,0.0060946222598028,downstairs,wiktor
1672842716500193700,0.7569121233601358,0.6979354095116682,-0.4987170196538802,1.1440054475535588,0.7569121233601358,0.648615046411057,0.6384720222415685,0.6979354095116682,0.5272816447448859,0.3782377053881446,-0.4987170196538802,-0.3883121079895633,-0.3193415663483045,0.0435889658534773,0.0170107549946148,0.0115933654299274,0.0149848454289351,downstairs,wiktor
1672842716510193700,0.9413613304314312,0.8502073073124603,-0.6718345833436175,1.435400754916769,0.9413613304314312,0.7569121233601358,0.648615046411057,0.8502073073124603,0.6979354095116682,0.5272816447448859,-0.6718345833436175,-0.4987170196538802,-0.3883121079895633,0.0250436999199836,0.0038331670219446,0.0070086839550951,0.0142018489429438,downstairs,wiktor
1672842716520193700,1.028918934578012,0.968602273042386,-0.8403685499078909,1.6441057864232216,1.028918934578012,0.9413613304314312,0.7569121233601358,0.968602273042386,0.8502073073124603,0.6979354095116682,-0.8403685499078909,-0.6718345833436175,-0.4987170196538802,0.0060807282969696,2.485086012437299e-08,0.0014797158083289,0.0046009876377805,downstairs,wiktor
1672842716530193700,1.02914187340426,1.0230029312797453,-0.9362954766571672,1.7269386823537347,1.02914187340426,1.028918934578012,0.9413613304314312,1.0230029312797453,0.968602273042386,0.8502073073124603,-0.9362954766571672,-0.8403685499078909,-0.6718345833436175,0.0009283219971872,0.0005035051370488,0.0001087565273276,0.0003160603328106,downstairs,wiktor
1672842716540193700,0.99740844821728,1.008254607488365,-0.9614374866329308,1.7134068421713993,0.99740844821728,1.02914187340426,1.028918934578012,1.008254607488365,1.0230029312797453,0.968602273042386,-0.9614374866329308,-0.9362954766571672,-0.8403685499078909,0.0097622612040302,0.0014287587222174,0.0056122771091971,0.0027212253726156,downstairs,wiktor
1672842716550193700,0.9439526960063644,0.9023086107806352,-0.8876645190551566,1.5789730269311082,0.9439526960063644,0.99740844821728,1.02914187340426,0.9023086107806352,1.008254607488365,1.0230029312797453,-0.8876645190551566,-0.9614374866329308,-0.9362954766571672,0.0168306843865688,0.0011307700722978,0.0129150051573722,0.0027849091568988,downstairs,wiktor
1672842716560193700,0.89639704287663,0.7415914358591461,-0.8130333036436573,1.419333882161388,0.89639704287663,0.9439526960063644,0.99740844821728,0.7415914358591461,0.9023086107806352,1.008254607488365,-0.8130333036436573,-0.8876645190551566,-0.9614374866329308,0.0150964207870835,0.0009926797844348,0.0134791150458291,0.0006246259568195,downstairs,wiktor
1672842716570193700,0.8518396689765706,0.5774018195868063,-0.7776885457064593,1.2898926920590317,0.8518396689765706,0.89639704287663,0.9439526960063644,0.5774018195868063,0.7415914358591461,0.9023086107806352,-0.7776885457064593,-0.8130333036436573,-0.8876645190551566,0.0079640380785943,0.0001856930570347,0.0072962628143598,0.0004820822071997,downstairs,wiktor
1672842716580193700,0.8325682882769541,0.456602292978795,-0.7466375487112017,1.2079417360714806,0.8325682882769541,0.8518396689765706,0.89639704287663,0.456602292978795,0.5774018195868063,0.7415914358591461,-0.7466375487112017,-0.7776885457064593,-0.8130333036436573,0.0019734214747125,2.7862021214260592e-08,0.0019458132121541,2.7580400537200544e-05,downstairs,wiktor
1672842716590193700,0.8323322288725057,0.3942193912804263,-0.7540645804920951,1.190293770140003,0.8323322288725057,0.8325682882769541,0.8518396689765706,0.3942193912804263,0.456602292978795,0.5774018195868063,-0.7540645804920951,-0.7466375487112017,-0.7776885457064593,0.0013979643801099,0.0001322835536772,4.6163608676848566e-05,0.0012195172177557,downstairs,wiktor
1672842716600193700,0.8160667099027793,0.3846106859902378,-0.803451162025054,1.2080662335107448,0.8160667099027793,0.8323322288725057,0.8325682882769541,0.3846106859902378,0.3942193912804263,0.456602292978795,-0.803451162025054,-0.7540645804920951,-0.7466375487112017,0.0058991359644793,0.0038030459246275,0.000195166385909,0.0019009236539427,downstairs,wiktor
1672842716610193700,0.7288537988789229,0.4043675271299073,-0.865110283879695,1.201314596769639,0.7288537988789229,0.8160667099027793,0.8323322288725057,0.4043675271299073,0.3846106859902378,0.3942193912804263,-0.865110283879695,-0.803451162025054,-0.7540645804920951,0.0433441240755919,0.0429251859253944,0.0001642467624902,0.0002546913877072,downstairs,wiktor
1672842716620193700,0.4358514578459733,0.3862431367958696,-0.8876797937417744,1.061661749450272,0.4358514578459733,0.7288537988789229,0.8160667099027793,0.3862431367958696,0.4043675271299073,0.3846106859902378,-0.8876797937417744,-0.865110283879695,-0.803451162025054,0.0455339865021297,0.0403492797592822,0.004670332969357,0.0005143737734903,downstairs,wiktor
1672842716630193700,0.1517765389978558,0.2895960161004545,-0.8556056991016957,0.9159492795273784,0.1517765389978558,0.4358514578459733,0.7288537988789229,0.2895960161004545,0.3862431367958696,0.4043675271299073,-0.8556056991016957,-0.8876797937417744,-0.865110283879695,0.0065613264991668,0.0003816472553384,0.0006849180067641,0.0054947612370642,downstairs,wiktor
1672842716640193700,0.1241487538771329,0.2525847203445867,-0.750774775829369,0.8017946857284832,0.1241487538771329,0.1517765389978558,0.4358514578459733,0.2525847203445867,0.2895960161004545,0.3862431367958696,-0.750774775829369,-0.8556056991016957,-0.8876797937417744,0.388239921088821,0.2319268884247311,0.1017235477235309,0.0545894849405589,downstairs,wiktor
1672842716650193700,0.8052168685686535,0.7036358210494423,-0.4203523645417599,1.1489881132837187,0.8052168685686535,0.1241487538771329,0.1517765389978558,0.7036358210494423,0.2525847203445867,0.2895960161004545,-0.4203523645417599,-0.750774775829369,-0.8556056991016957,1.0066799951129997,0.2194494779428795,0.7790715036651814,0.0081590135049388,downstairs,wiktor
1672842716660193700,1.4677113635539016,1.951891807348072,-0.2926103314834211,2.459609538196786,1.4677113635539016,0.8052168685686535,0.1241487538771329,1.951891807348072,0.7036358210494423,0.2525847203445867,-0.2926103314834211,-0.4203523645417599,-0.750774775829369,0.5584835407693999,0.0490563987203635,0.2970796762728391,0.2123474657761971,downstairs,wiktor
1672842716670193700,1.154481739410962,2.722709134959276,-0.9442965531824796,3.1044595504815904,1.154481739410962,1.4677113635539016,0.8052168685686535,2.722709134959276,1.951891807348072,0.7036358210494423,-0.9442965531824796,-0.2926103314834211,-0.4203523645417599,0.1897373562056767,0.0437811210128704,0.0085525671457736,0.1374036680470326,downstairs,wiktor
1672842716680193700,0.8585725607332115,2.5919225366720373,-1.4685172472551813,3.1002825973833943,0.8585725607332115,1.154481739410962,1.4677113635539016,2.5919225366720373,2.722709134959276,1.951891807348072,-1.4685172472551813,-0.9442965531824796,-0.2926103314834211,0.4532903886032395,0.0003339903343274,0.4510725762198383,0.0018838220490737,downstairs,wiktor
1672842716690193700,0.832727238745374,1.642109316907395,-1.5298983852223735,2.3938560382630767,0.832727238745374,0.8585725607332115,1.154481739410962,1.642109316907395,2.5919225366720373,2.722709134959276,-1.5298983852223735,-1.4685172472551813,-0.9442965531824796,0.6849734645562315,0.0052574764050326,0.4414041283641652,0.2383118597870337,downstairs,wiktor
1672842716700193700,0.7301847948010969,0.7025305513276644,-0.8395189825935961,1.315868964693088,0.7301847948010969,0.832727238745374,0.8585725607332115,0.7025305513276644,1.642109316907395,2.5919225366720373,-0.8395189825935961,-1.5298983852223735,-1.4685172472551813,0.4841948682894585,0.0042249398988015,0.1660916718163156,0.3138782565743414,downstairs,wiktor
1672842716710193700,0.638261567064017,0.1261770628914172,-0.047208113585299,0.6523243711369382,0.638261567064017,0.7301847948010969,0.832727238745374,0.1261770628914172,0.7025305513276644,1.642109316907395,-0.047208113585299,-0.8395189825935961,-1.5298983852223735,0.1397462198592106,0.0109651134121588,0.0819290178542221,0.0468520885928296,downstairs,wiktor
1672842716720193700,0.4901729894345534,-0.2786167558712266,0.2589032667743003,0.6204254651203625,0.4901729894345534,0.638261567064017,0.7301847948010969,-0.2786167558712266,0.1261770628914172,0.7025305513276644,0.2589032667743003,-0.047208113585299,-0.8395189825935961,0.0650247708903364,0.05858683032948,0.0042006704516846,0.0022372701091717,downstairs,wiktor
1672842716730193700,0.147866605242029,-0.3702755847060384,0.3257952709178706,0.5148894057248113,0.147866605242029,0.4901729894345534,0.638261567064017,-0.3702755847060384,-0.2786167558712266,0.1261770628914172,0.3257952709178706,0.2589032667743003,-0.047208113585299,0.0721332870157686,0.0270284460828622,0.0380689804082467,0.0070358605246597,downstairs,wiktor
1672842716740193700,-0.0846347757554274,-0.0943445048754158,0.2071709856752634,0.2428656998693291,-0.0846347757554274,0.147866605242029,0.4901729894345534,-0.0943445048754158,-0.3702755847060384,-0.2786167558712266,0.2071709856752634,0.3257952709178706,0.2589032667743003,0.1219324537313856,0.0001814837272607,0.1177844454538491,0.0039665245502758,downstairs,wiktor
1672842716750193700,-0.0655830709886239,0.3910098923517013,0.1181033198219825,0.4136886138995869,-0.0655830709886239,-0.0846347757554274,0.147866605242029,0.3910098923517013,-0.0943445048754158,-0.3702755847060384,0.1181033198219825,0.2071709856752634,0.3257952709178706,0.1167200309678576,0.0006856334163653,0.1131373801888565,0.0028970173626358,downstairs,wiktor
1672842716760193700,-0.0285524507841143,0.866693358931856,0.0419847627857929,0.8681793254671188,-0.0285524507841143,-0.0655830709886239,-0.0846347757554274,0.866693358931856,0.3910098923517013,-0.0943445048754158,0.0419847627857929,0.1181033198219825,0.2071709856752634,0.0791217027575145,0.0056943258508485,0.0512683456370179,0.0221590312696479,downstairs,wiktor
1672842716770193700,-0.1352700767963953,1.1869068678193415,-0.1685337934967732,1.206420136645454,-0.1352700767963953,-0.0285524507841143,-0.0655830709886239,1.1869068678193415,0.866693358931856,0.3910098923517013,-0.1685337934967732,0.0419847627857929,0.1181033198219825,0.0565360660061239,0.0041445835740726,0.0293161334162753,0.023075349015776,downstairs,wiktor
1672842716780193700,-0.2263149401778365,1.4290478739140358,-0.3833609287277585,1.49678384537011,-0.2263149401778365,-0.1352700767963953,-0.0285524507841143,1.4290478739140358,1.1869068678193415,0.866693358931856,-0.3833609287277585,-0.1685337934967732,0.0419847627857929,0.0348872641908549,1.897508701190475e-05,0.0143256746895608,0.0205426144142822,downstairs,wiktor
1672842716790193700,-0.2324753114348152,1.5983149687054383,-0.5860558443733277,1.7181725647730253,-0.2324753114348152,-0.2263149401778365,-0.1352700767963953,1.5983149687054383,1.4290478739140358,1.1869068678193415,-0.5860558443733277,-0.3833609287277585,-0.1685337934967732,0.0220179166809134,2.130425775046147e-05,2.8804182704036324e-06,0.0219937320048926,downstairs,wiktor
1672842716800193700,-0.2390028312931476,1.595914794432431,-0.7957877303844567,1.7992622088747638,-0.2390028312931476,-0.2324753114348152,-0.2263149401778365,1.595914794432431,1.5983149687054383,1.4290478739140358,-0.7957877303844567,-0.5860558443733277,-0.3833609287277585,0.0417068977476854,9.190250243510088e-05,0.0331600316656375,0.0084549635796128,downstairs,wiktor
1672842716810193700,-0.2254453608480313,1.3383879738267417,-0.9258259061607484,1.6429429654526415,-0.2254453608480313,-0.2390028312931476,-0.2324753114348152,1.3383879738267417,1.595914794432431,1.5983149687054383,-0.9258259061607484,-0.7957877303844567,-0.5860558443733277,0.0336047389833946,0.0018761366564536,0.0316653027019206,6.329962502044135e-05,downstairs,wiktor
1672842716820193700,-0.1641895585685144,1.0867322458890665,-0.9370775393773478,1.4443197361400013,-0.1641895585685144,-0.2254453608480313,-0.2390028312931476,1.0867322458890665,1.3383879738267417,1.595914794432431,-0.9370775393773478,-0.9258259061607484,-0.7957877303844567,0.023351757778992,0.0021863239622338,0.0170392939230526,0.0041261398937055,downstairs,wiktor
1672842716830193700,-0.0980635582020341,0.9021283785240914,-0.846235479804642,1.240792714383004,-0.0980635582020341,-0.1641895585685144,-0.2254453608480313,0.9021283785240914,1.0867322458890665,1.3383879738267417,-0.846235479804642,-0.9370775393773478,-0.9258259061607484,0.0143698265767066,0.0004611269047843,0.0097445429272619,0.0041641567446604,downstairs,wiktor
1672842716840193700,-0.0676949262017497,0.7625250624656116,-0.7549758858469608,1.0751816879635034,-0.0676949262017497,-0.0980635582020341,-0.1641895585685144,0.7625250624656116,0.9021283785240914,1.0867322458890665,-0.7549758858469608,-0.846235479804642,-0.9370775393773478,0.0051381647418865,2.586443731736849e-06,0.0024480671863454,0.0026875111118093,downstairs,wiktor
1672842716850193700,-0.0654205279377085,0.6925526795371244,-0.6816613427902201,0.973946223189076,-0.0654205279377085,-0.0676949262017497,-0.0980635582020341,0.6925526795371244,0.7625250624656116,0.9021283785240914,-0.6816613427902201,-0.7549758858469608,-0.846235479804642,0.004154371159791,1.5899130284269658e-05,7.259879353017538e-06,0.0041312121501537,downstairs,wiktor
1672842716860193700,-0.0710595225793569,0.6963631596520227,-0.5907634643754431,0.915954462138064,-0.0710595225793569,-0.0654205279377085,-0.0676949262017497,0.6963631596520227,0.6925526795371244,0.7625250624656116,-0.5907634643754431,-0.6816613427902201,-0.7549758858469608,0.0130250777540002,4.413874043967989e-05,0.0055998080700061,0.0073811309435544,downstairs,wiktor
1672842716870193700,-0.0804551322391586,0.8021913985110921,-0.4692634154573092,0.932840941015917,-0.0804551322391586,-0.0710595225793569,-0.0654205279377085,0.8021913985110921,0.6963631596520227,0.6925526795371244,-0.4692634154573092,-0.5907634643754431,-0.6816613427902201,0.00623877300909,4.153091097662874e-06,0.0032443438706333,0.002990276047359,downstairs,wiktor
1672842716880193700,-0.0833371770332806,0.8827437897932054,-0.3919293861124081,0.9694278349587432,-0.0833371770332806,-0.0804551322391586,-0.0710595225793569,0.8827437897932054,0.8021913985110921,0.6963631596520227,-0.3919293861124081,-0.4692634154573092,-0.5907634643754431,0.0018077672236446,2.267815711029715e-05,0.0009364127294093,0.000848676337125,downstairs,wiktor
1672842716890193700,-0.0900718866944757,0.9260199432592736,-0.350730445904557,0.9943026328895144,-0.0900718866944757,-0.0833371770332806,-0.0804551322391586,0.9260199432592736,0.8827437897932054,0.8021913985110921,-0.350730445904557,-0.3919293861124081,-0.4692634154573092,0.0007230098064778,3.0708819234623666e-05,0.0002876703011138,0.0004046306861293,downstairs,wiktor
1672842716900193700,-0.0822349460624913,0.9500062018718144,-0.3222829262893292,1.0065488833267984,-0.0822349460624913,-0.0900718866944757,-0.0833371770332806,0.9500062018718144,0.9260199432592736,0.8827437897932054,-0.3222829262893292,-0.350730445904557,-0.3919293861124081,0.000552357703152,9.014888232401446e-05,0.0002048097330197,0.0002573990878082,downstairs,wiktor
1672842716910193700,-0.0688074457497738,0.9702452598054102,-0.299593762011715,1.0177753931992108,-0.0688074457497738,-0.0822349460624913,-0.0900718866944757,0.9702452598054102,0.9500062018718144,0.9260199432592736,-0.299593762011715,-0.3222829262893292,-0.350730445904557,0.00018202004922,1.7827962464342766e-05,4.913637632921818e-05,0.0001150557104264,downstairs,wiktor
1672842716920193700,-0.0628361875131301,0.9801585212595652,-0.2844243381316567,1.0225244825335742,-0.0628361875131301,-0.0688074457497738,-0.0822349460624913,0.9801585212595652,0.9702452598054102,0.9500062018718144,-0.2844243381316567,-0.299593762011715,-0.3222829262893292,0.0002462640522784,8.674493940887089e-05,0.0001467838352787,1.2735277590848758e-05,downstairs,wiktor
1672842716930193700,-0.0496646318412384,0.9630247046807192,-0.2793775019760343,1.003959633696336,-0.0496646318412384,-0.0628361875131301,-0.0688074457497738,0.9630247046807192,0.9801585212595652,0.9702452598054102,-0.2793775019760343,-0.2844243381316567,-0.299593762011715,0.0008803384595311,0.0003786446317367,0.0004951098232364,6.584004557882489e-06,downstairs,wiktor
1672842716940193700,-0.0221457426290343,0.9315569490176128,-0.2757487268223819,0.9717644485798804,-0.0221457426290343,-0.0496646318412384,-0.0628361875131301,0.9315569490176128,0.9630247046807192,0.9801585212595652,-0.2757487268223819,-0.2793775019760343,-0.2844243381316567,0.0022879376359992,0.0019080616639167,0.0003547405834099,2.513538867256999e-05,downstairs,wiktor
1672842716950193700,0.0396290364303309,0.9049208613390534,-0.268658538013532,0.9447907894674774,0.0396290364303309,-0.0221457426290343,-0.0496646318412384,0.9049208613390534,0.9315569490176128,0.9630247046807192,-0.268658538013532,-0.2757487268223819,-0.2793775019760343,0.001077134771096,0.0009942193072559,8.23699290070601e-05,5.455348330163463e-07,downstairs,wiktor
1672842716960193700,0.0842209484157119,0.8920857587678185,-0.2676139952111382,0.9351617077175816,0.0842209484157119,0.0396290364303309,-0.0221457426290343,0.8920857587678185,0.9049208613390534,0.9315569490176128,-0.2676139952111382,-0.268658538013532,-0.2757487268223819,0.0001079907686311,7.510423643740739e-05,8.95281610670973e-06,2.393371608705961e-05,downstairs,wiktor
1672842716970193700,0.0964769050440137,0.8878542540456872,-0.2745326245677463,0.9343238900862754,0.0964769050440137,0.0842209484157119,0.0396290364303309,0.8878542540456872,0.8920857587678185,0.9049208613390534,-0.2745326245677463,-0.2676139952111382,-0.268658538013532,2.4453622945616465e-05,1.6623947329440475e-05,3.672084610244237e-09,7.826003531565745e-06,downstairs,wiktor
1672842716980193700,0.1022430037822318,0.8877685559172334,-0.2784888863213631,0.9360249465170768,0.1022430037822318,0.0964769050440137,0.0842209484157119,0.8877685559172334,0.8878542540456872,0.8920857587678185,-0.2784888863213631,-0.2745326245677463,-0.2676139952111382,0.0010505659499434,0.0010213213493581,2.201586903699292e-05,7.228731548366295e-06,downstairs,wiktor
1672842716990193700,0.0570473989216237,0.8944041974140282,-0.2822911834029616,0.9396284299139736,0.0570473989216237,0.1022430037822318,0.0964769050440137,0.8944041974140282,0.8877685559172334,0.8878542540456872,-0.2822911834029616,-0.2784888863213631,-0.2745326245677463,0.0035229849871122,0.0034838662423852,3.839694367393492e-05,7.218010530626908e-07,downstairs,wiktor
1672842717000193700,-0.026425545705785,0.9031674095732692,-0.2834926833430887,0.9469835165884372,-0.026425545705785,0.0570473989216237,0.1022430037822318,0.9031674095732692,0.8944041974140282,0.8877685559172334,-0.2834926833430887,-0.2822911834029616,-0.2784888863213631,0.0010139588668545,0.0009066503599354,0.0001067055990111,6.029079079109117e-07,downstairs,wiktor
1672842717010193700,-0.0690084145601832,0.9177760097123084,-0.2823945868920327,0.9627157773660298,-0.0690084145601832,-0.026425545705785,0.0570473989216237,0.9177760097123084,0.9031674095732692,0.8944041974140282,-0.2823945868920327,-0.2834926833430887,-0.2822911834029616,0.000291016249806,5.705099070725078e-05,0.0002299814463533,3.983812745407599e-06,downstairs,wiktor
1672842717020193700,-0.0796902674619275,0.9392227552161552,-0.28521728515625,0.984803951249121,-0.0796902674619275,-0.0690084145601832,-0.026425545705785,0.9392227552161552,0.9177760097123084,0.9031674095732692,-0.28521728515625,-0.2823945868920327,-0.2834926833430887,3.500916081209658e-05,1.3221145424923649e-05,2.167227111721796e-05,1.1574426995497277e-07,downstairs,wiktor
1672842717030193700,-0.0745480606545492,0.945806412424306,-0.2847361525966472,0.990546243103184,-0.0745480606545492,-0.0796902674619275,-0.0690084145601832,0.945806412424306,0.9392227552161552,0.9177760097123084,-0.2847361525966472,-0.28521728515625,-0.2823945868920327,0.0008501333722278,0.0006296887274182,0.0001893007678134,3.11438769960972e-05,downstairs,wiktor
1672842717040193700,-0.0390603521509478,0.9263487266516636,-0.2768438934782328,0.9676209050219524,-0.0390603521509478,-0.0745480606545492,-0.0796902674619275,0.9263487266516636,0.945806412424306,0.9392227552161552,-0.2768438934782328,-0.2847361525966472,-0.28521728515625,0.0029432252529891,0.002095493499831,0.000751536597395,9.619515576302524e-05,downstairs,wiktor
1672842717050193700,0.0256774806801114,0.8875792387160447,-0.2629734100141985,0.9260730275676572,0.0256774806801114,-0.0390603521509478,-0.0745480606545492,0.8875792387160447,0.9263487266516636,0.945806412424306,-0.2629734100141985,-0.2768438934782328,-0.2847361525966472,0.0002569882561212,4.39107586579265e-05,0.0002068993023258,6.178195137520155e-06,downstairs,wiktor
1672842717060193700,0.0350487942121544,0.867237198389379,-0.2594582442606329,0.9058958862699372,0.0350487942121544,0.0256774806801114,-0.0390603521509478,0.867237198389379,0.8875792387160447,0.9263487266516636,-0.2594582442606329,-0.2629734100141985,-0.2768438934782328,0.0025902401027589,0.002005170034448,0.0005849741695508,9.589876005242853e-08,downstairs,wiktor
1672842717070193700,-0.0282784516532396,0.9014417059739316,-0.2590202973230881,0.938343399040265,-0.0282784516532396,0.0350487942121544,0.0256774806801114,0.9014417059739316,0.867237198389379,0.8875792387160447,-0.2590202973230881,-0.2594582442606329,-0.2629734100141985,0.0030040874106947,0.0015086551056597,0.0013520111419019,0.0001434211631329,downstairs,wiktor
1672842717080193700,-0.0832084999994732,0.953441920240836,-0.2420838772094426,0.9872080598077853,-0.0832084999994732,-0.0282784516532396,0.0350487942121544,0.953441920240836,0.9014417059739316,0.867237198389379,-0.2420838772094426,-0.2590202973230881,-0.2594582442606329,0.0005977577772173,0.0002200442687788,0.0003669850804119,1.0728428026502952e-05,downstairs,wiktor
1672842717090193700,-0.1041867872879462,0.9805338039114844,-0.2374517226294436,1.0142409712874942,-0.1041867872879462,-0.0832084999994732,-0.0282784516532396,0.9805338039114844,0.953441920240836,0.9014417059739316,-0.2374517226294436,-0.2420838772094426,-0.2590202973230881,0.0009517699476207,0.0009197194493009,1.3765620682798357e-06,3.06739362514566e-05,downstairs,wiktor
1672842717100193700,-0.0612981069794778,0.9821930580018996,-0.2296192343592377,1.0105373095012935,-0.0612981069794778,-0.1041867872879462,-0.0832084999994732,0.9821930580018996,0.9805338039114844,0.953441920240836,-0.2296192343592377,-0.2374517226294436,-0.2420838772094426,0.0007395684118228,0.0005182454355496,2.203696708856204e-05,0.0001992860091846,downstairs,wiktor
1672842717110193700,-0.0291035286921446,0.9755542377620436,-0.2096549658184348,0.998252618774499,-0.0291035286921446,-0.0612981069794778,-0.1041867872879462,0.9755542377620436,0.9821930580018996,0.9805338039114844,-0.2096549658184348,-0.2296192343592377,-0.2374517226294436,0.0008755915941666,0.000151199999896,0.0001073712349907,0.0006170203592798,downstairs,wiktor
1672842717120193700,-0.0464931807815965,0.9902083317286262,-0.1745260501141368,1.0065453284638608,-0.0464931807815965,-0.0291035286921446,-0.0612981069794778,0.9902083317286262,0.9755542377620436,0.9821930580018996,-0.1745260501141368,-0.2096549658184348,-0.2296192343592377,0.0004700551755285,0.0001929472872389,3.878659164561061e-05,0.0002383212966439,downstairs,wiktor
1672842717130193700,-0.0661373802938659,0.9990158957102968,-0.1526939042441588,1.012779512701213,-0.0661373802938659,-0.0464931807815965,-0.0291035286921446,0.9990158957102968,0.9902083317286262,0.9755542377620436,-0.1526939042441588,-0.1745260501141368,-0.2096549658184348,0.0005109606390279,0.000382851376181,0.0001123012586571,1.580800418977839e-05,downstairs,wiktor
1672842717140193700,-0.0384660458055893,0.9840291509899032,-0.1470710928139616,0.995702221057742,-0.0384660458055893,-0.0661373802938659,-0.0464931807815965,0.9840291509899032,0.9990158957102968,0.9902083317286262,-0.1470710928139616,-0.1526939042441588,-0.1745260501141368,0.0010764441987027,0.0001067922200152,0.0009682452995389,1.4066791485355425e-06,downstairs,wiktor
1672842717150193700,-0.0238515174166737,0.9400235763535236,-0.1487483996723125,0.9520185425655432,-0.0238515174166737,-0.0384660458055893,-0.0661373802938659,0.9400235763535236,0.9840291509899032,0.9990158957102968,-0.1487483996723125,-0.1470710928139616,-0.1526939042441588,0.0027856152491172,0.0007831602029818,0.0020002839669965,2.1710791388052465e-06,downstairs,wiktor
1672842717160193700,-0.0634282834033454,0.8767735333970716,-0.1466646150678943,0.8912157344403736,-0.0634282834033454,-0.0238515174166737,-0.0384660458055893,0.8767735333970716,0.9400235763535236,0.9840291509899032,-0.1466646150678943,-0.1487483996723125,-0.1470710928139616,0.0037172452328358,1.283652417722694e-06,0.003272517189677,0.000443444390741,downstairs,wiktor
1672842717170193700,-0.0618260022683864,0.7958721466391542,-0.116883937078934,0.8067817444015315,-0.0618260022683864,-0.0634282834033454,-0.0238515174166737,0.7958721466391542,0.8767735333970716,0.9400235763535236,-0.116883937078934,-0.1466646150678943,-0.1487483996723125,0.0038906890071001,4.673821260374024e-05,0.0022624734415301,0.0015814773529662,downstairs,wiktor
1672842717180193700,-0.0714943229709428,0.7286044212200475,-0.0606437849993706,0.7346111280790156,-0.0714943229709428,-0.0618260022683864,-0.0634282834033454,0.7286044212200475,0.7958721466391542,0.8767735333970716,-0.0606437849993706,-0.116883937078934,-0.1466646150678943,0.0033272053541999,0.0007688078749877,0.0006391441636485,0.0019192533155636,downstairs,wiktor
1672842717190193700,-0.1107067667863374,0.6928512629358187,0.0013118977999274,0.7016413484394153,-0.1107067667863374,-0.0714943229709428,-0.0618260022683864,0.6928512629358187,0.7286044212200475,0.7958721466391542,0.0013118977999274,-0.0606437849993706,-0.116883937078934,0.002812490196305,8.74408404579783e-05,1.287303062774425e-06,0.0027237620527842,downstairs,wiktor
1672842717200193700,-0.1239310505444832,0.6912467050136641,0.0751192423231424,0.706274601729745,-0.1239310505444832,-0.1107067667863374,-0.0714943229709428,0.6912467050136641,0.6928512629358187,0.7286044212200475,0.0751192423231424,0.0013118977999274,-0.0606437849993706,0.0037541518393064,4.475130147221379e-05,0.000881292864633,0.0028281076732011,downstairs,wiktor
1672842717210193700,-0.1333916320775829,0.7332298650813159,0.1503270567203335,0.7602746783483483,-0.1333916320775829,-0.1239310505444832,-0.1107067667863374,0.7332298650813159,0.6912467050136641,0.6928512629358187,0.1503270567203335,0.0751192423231424,0.0013118977999274,0.0037365052900439,0.0001199734691675,0.0013726980345902,0.0022438337862861,downstairs,wiktor
1672842717220193700,-0.1488818528098764,0.7856263923439167,0.2173171124940995,0.8286141211843983,-0.1488818528098764,-0.1333916320775829,-0.1239310505444832,0.7856263923439167,0.7332298650813159,0.6912467050136641,0.2173171124940995,0.1503270567203335,0.0751192423231424,0.001310149435792,0.0001939312759279,0.0006932732526372,0.0004229449072268,downstairs,wiktor
1672842717230193700,-0.1291876264514742,0.8228627523335091,0.2464012974483606,0.8686231354219615,-0.1291876264514742,-0.1488818528098764,-0.1333916320775829,0.8228627523335091,0.7856263923439167,0.7332298650813159,0.2464012974483606,0.2173171124940995,0.1503270567203335,0.0007452797306912,0.0005141239097378,0.0001002239726138,0.0001309318483395,downstairs,wiktor
1672842717240193700,-0.0971213229620518,0.8370207163547805,0.2302190943635166,0.8735199267277919,-0.0971213229620518,-0.1291876264514742,-0.1488818528098764,0.8370207163547805,0.8228627523335091,0.7856263923439167,0.2302190943635166,0.2464012974483606,0.2173171124940995,0.0024295490027905,0.0002058545832505,3.267507637343106e-06,0.0022204269119027,downstairs,wiktor
1672842717250193700,-0.0768307052656627,0.8395770839485913,0.1635793627928876,0.8588078045144713,-0.0768307052656627,-0.0971213229620518,-0.1291876264514742,0.8395770839485913,0.8370207163547805,0.8228627523335091,0.1635793627928876,0.2302190943635166,0.2464012974483606,0.0027558486904497,2.495498343160467e-07,0.0001653469916432,0.0025902521489722,downstairs,wiktor
1672842717260193700,-0.0761242354017392,0.8577620773026292,0.0916036425954182,0.865991863593862,-0.0761242354017392,-0.0768307052656627,-0.0971213229620518,0.8577620773026292,0.8395770839485913,0.8370207163547805,0.0916036425954182,0.1635793627928876,0.2302190943635166,0.0036543529307831,0.0007661257845824,0.0009894749761447,0.0018987521700559,downstairs,wiktor
1672842717270193700,-0.1152682204973437,0.9022474676267512,0.0299797483650802,0.9100747446268044,-0.1152682204973437,-0.0761242354017392,-0.0768307052656627,0.9022474676267512,0.8577620773026292,0.8395770839485913,0.0299797483650802,0.0916036425954182,0.1635793627928876,0.0039302207193744,0.0001584562018474,0.0031442921117489,0.0006274724057779,downstairs,wiktor
1672842717280193700,-0.1330702541928216,0.9815480617197208,-0.0054454518680305,0.9905422469348444,-0.1330702541928216,-0.1152682204973437,-0.0761242354017392,0.9815480617197208,0.9022474676267512,0.8577620773026292,-0.0054454518680305,0.0299797483650802,0.0916036425954182,0.0047714033142712,3.893665225366619e-08,0.0047269928085274,4.437156909160336e-05,downstairs,wiktor
1672842717290193700,-0.1327911963054446,1.0787796698369112,-0.0148658095142777,1.0870234910811178,-0.1327911963054446,-0.1330702541928216,-0.1152682204973437,1.0787796698369112,0.9815480617197208,0.9022474676267512,-0.0148658095142777,-0.0054454518680305,0.0299797483650802,0.0027572420276301,0.0003232393278145,0.0023396874340139,9.431526580163444e-05,downstairs,wiktor
1672842717300193700,-0.1582171408430439,1.147185626215197,-0.0286000925899707,1.1583978116119935,-0.1582171408430439,-0.1327911963054446,-0.1330702541928216,1.147185626215197,1.0787796698369112,0.9815480617197208,-0.0286000925899707,-0.0148658095142777,-0.0054454518680305,0.0050462345093357,0.0017700526268547,0.0009615619082429,0.0023146199742379,downstairs,wiktor
1672842717310193700,-0.2177159244752289,1.191039061844415,-0.0966386107137212,1.2146247534485728,-0.2177159244752289,-0.1582171408430439,-0.1327911963054446,1.191039061844415,1.147185626215197,1.0787796698369112,-0.0966386107137212,-0.0286000925899707,-0.0148658095142777,0.0124036075977385,0.0029327294973342,0.0006249680612246,0.0088459100391796,downstairs,wiktor
1672842717320193700,-0.2943022091133316,1.226393497527216,-0.2296492120895487,1.2819491260106133,-0.2943022091133316,-0.2177159244752289,-0.1582171408430439,1.226393497527216,1.191039061844415,1.147185626215197,-0.2296492120895487,-0.0966386107137212,-0.0286000925899707,0.0169601404352115,0.0015904862732792,0.0003134175127371,0.0150562366491951,downstairs,wiktor
1672842717330193700,-0.3507023203415774,1.2514301711376292,-0.4031786715435282,1.360743411490251,-0.3507023203415774,-0.2943022091133316,-0.2177159244752289,1.2514301711376292,1.226393497527216,1.191039061844415,-0.4031786715435282,-0.2296492120895487,-0.0966386107137212,0.0146228025987159,0.0008223933824852,9.362479278824228e-05,0.0137067844234424,downstairs,wiktor
1672842717340193700,-0.3912582911100176,1.2651140881783192,-0.5687491062439447,1.4412051388760994,-0.3912582911100176,-0.3507023203415774,-0.2943022091133316,1.2651140881783192,1.2514301711376292,1.226393497527216,-0.5687491062439447,-0.4031786715435282,-0.2296492120895487,0.0085321002833628,0.0015016057515653,0.0001299249834472,0.0069005695483501,downstairs,wiktor
1672842717350193700,-0.4460598558972638,1.281233950674461,-0.6862273557061339,1.520341348225262,-0.4460598558972638,-0.3912582911100176,-0.3507023203415774,1.281233950674461,1.2651140881783192,1.2514301711376292,-0.6862273557061339,-0.5687491062439447,-0.4031786715435282,0.002102460587289,0.0007192881781687,0.0001427026107579,0.0012404697983624,downstairs,wiktor
1672842717360193700,-0.483988425028428,1.2981278910530645,-0.7360363869828499,1.568799024749232,-0.483988425028428,-0.4460598558972638,-0.3912582911100176,1.2981278910530645,1.281233950674461,1.2651140881783192,-0.7360363869828499,-0.6862273557061339,-0.5687491062439447,0.0002736529752516,1.121500476734703e-06,0.0002685317144487,3.999760326174182e-06,downstairs,wiktor
1672842717370193700,-0.4854860901957699,1.3213025200446475,-0.7332080445968668,1.5871770946909085,-0.4854860901957699,-0.483988425028428,-0.4460598558972638,1.3213025200446475,1.2981278910530645,1.281233950674461,-0.7332080445968668,-0.7360363869828499,-0.6862273557061339,0.0075002470554174,0.0029687271728914,0.000741398723481,0.0037901211590449,downstairs,wiktor
1672842717380193700,-0.4084312114029067,1.3598096290891095,-0.6461434575474243,1.559935783788181,-0.4084312114029067,-0.4854860901957699,-0.483988425028428,1.3598096290891095,1.3213025200446475,1.2981278910530645,-0.6461434575474243,-0.7332080445968668,-0.7360363869828499,0.0280481530512961,0.0086392724341447,0.0024351026879328,0.0169737779292185,downstairs,wiktor
1672842717390193700,-0.2769833324991772,1.42959648584499,-0.4618948324278945,1.5276821380923082,-0.2769833324991772,-0.4084312114029067,-0.4854860901957699,1.42959648584499,1.3598096290891095,1.3213025200446475,-0.4618948324278945,-0.6461434575474243,-0.7332080445968668,0.0288460148120014,0.0003933775657136,0.0110918273161906,0.0173608099300971,downstairs,wiktor
1672842717400193700,-0.248934176871469,1.5785382685400458,-0.2755574506168518,1.6216297969174531,-0.248934176871469,-0.2769833324991772,-0.4084312114029067,1.5785382685400458,1.42959648584499,1.3598096290891095,-0.2755574506168518,-0.4618948324278945,-0.6461434575474243,0.0407702112435739,0.0179314851552708,0.0159474144559236,0.0068913116323794,downstairs,wiktor
1672842717410193700,-0.4383093872622214,1.7571295026806026,-0.1581580329660006,1.8178650036634845,-0.4383093872622214,-0.248934176871469,-0.2769833324991772,1.7571295026806026,1.5785382685400458,1.42959648584499,-0.1581580329660006,-0.2755574506168518,-0.4618948324278945,0.0135403278381034,0.0066119454773815,0.0017415322555864,0.0051868501051354,downstairs,wiktor
1672842717420193700,-0.5533045652253127,1.8161469959446592,-0.0563066696453709,1.899396297201965,-0.5533045652253127,-0.4383093872622214,-0.248934176871469,1.8161469959446592,1.7571295026806026,1.5785382685400458,-0.0563066696453709,-0.1581580329660006,-0.2755574506168518,0.0128899806355798,0.0006005650868329,0.0082562052957212,0.0040332102530255,downstairs,wiktor
1672842717430193700,-0.518647240261231,1.6876463710767524,0.0335065838646269,1.7658618079570665,-0.518647240261231,-0.5533045652253127,-0.4383093872622214,1.6876463710767524,1.8161469959446592,1.7571295026806026,0.0335065838646269,-0.0563066696453709,-0.1581580329660006,0.0326808112720056,0.0095049207997411,0.0219840680431158,0.0011918224291486,downstairs,wiktor
1672842717440193700,-0.3807710581285571,1.477960567822856,0.0823291693993706,1.5284410786424154,-0.3807710581285571,-0.518647240261231,-0.5533045652253127,1.477960567822856,1.6876463710767524,1.8161469959446592,0.0823291693993706,0.0335065838646269,-0.0563066696453709,0.0127706173967482,0.0088181608606582,0.0037861466240162,0.0001663099120737,downstairs,wiktor
1672842717450193700,-0.2479692444311664,1.3909416431683166,0.1005670372612547,1.4164466562024307,-0.2479692444311664,-0.3807710581285571,-0.518647240261231,1.3909416431683166,1.477960567822856,1.6876463710767524,0.1005670372612547,0.0823291693993706,0.0335065838646269,0.0112724802470858,0.0107899575018041,0.0001538923425963,0.0003286304026853,downstairs,wiktor
1672842717460193700,-0.1010682063013822,1.3733978498158874,0.0749299390367947,1.3791486257716894,-0.1010682063013822,-0.2479692444311664,-0.3807710581285571,1.3733978498158874,1.3909416431683166,1.477960567822856,0.0749299390367947,0.1005670372612547,0.0823291693993706,0.0089263589675632,0.0041421644948297,0.0005198840389849,0.0042643104337485,downstairs,wiktor
1672842717470193700,-0.0100499169873141,1.3411524148216143,-0.0174205935415133,1.3413032012534074,-0.0100499169873141,-0.1010682063013822,-0.2479692444311664,1.3411524148216143,1.3733978498158874,1.3909416431683166,-0.0174205935415133,0.0749299390367947,0.1005670372612547,0.0095180385213729,0.0005495012325142,0.0030778820182066,0.005890655270652,downstairs,wiktor
1672842717480193700,0.0231012890997711,1.2626937375678318,-0.1259623391572171,1.2691712474434051,0.0231012890997711,-0.0100499169873141,-0.1010682063013822,1.2626937375678318,1.3411524148216143,1.3733978498158874,-0.1259623391572171,-0.0174205935415133,0.0749299390367947,0.004248821479574,0.0001739629217266,0.001447382377524,0.0026274761803234,downstairs,wiktor
1672842717490193700,0.041754059495967,1.208890719482894,-0.1984533893678936,1.2257829827860502,0.041754059495967,0.0231012890997711,-0.0100499169873141,1.208890719482894,1.2626937375678318,1.3411524148216143,-0.1984533893678936,-0.1259623391572171,-0.0174205935415133,0.0003084238401888,3.522035663586815e-05,6.187084597686072e-10,0.0002732028648445,downstairs,wiktor
1672842717500193700,0.033361162899932,1.2089258964202183,-0.2218287124606138,1.229562022794051,0.033361162899932,0.041754059495967,0.0231012890997711,1.2089258964202183,1.208890719482894,1.2626937375678318,-0.2218287124606138,-0.1984533893678936,-0.1259623391572171,0.0088356564519194,0.0065548070216426,0.0022801723379408,6.770923359247682e-07,downstairs,wiktor
1672842717510193700,-0.0811360599628311,1.2764562205411774,-0.2206650180540579,1.297927807459782,-0.0811360599628311,0.033361162899932,0.041754059495967,1.2764562205411774,1.2089258964202183,1.208890719482894,-0.2206650180540579,-0.2218287124606138,-0.1984533893678936,0.0209222235593071,0.0183088874668961,0.0021277070647566,0.0004856290276542,downstairs,wiktor
1672842717520193700,-0.2724937745546196,1.341689755854798,-0.1895000047328898,1.3821340419548664,-0.2724937745546196,-0.0811360599628311,0.033361162899932,1.341689755854798,1.2764562205411774,1.2089258964202183,-0.1895000047328898,-0.2206650180540579,-0.2218287124606138,0.0200027199620099,0.0173347088074769,9.6442305632169e-05,0.0025715688489009,downstairs,wiktor
1672842717530193700,-0.4586910291395188,1.3555780462918654,-0.1177843321236069,1.435918677605158,-0.4586910291395188,-0.2724937745546196,-0.0811360599628311,1.3555780462918654,1.341689755854798,1.2764562205411774,-0.1177843321236069,-0.1895000047328898,-0.2206650180540579,0.0157577883562173,0.0106983128886718,0.0001427895776758,0.0049166858898696,downstairs,wiktor
1672842717540193700,-0.6049668842125404,1.3386789588800618,-0.0186209730652367,1.469147040489798,-0.6049668842125404,-0.4586910291395188,-0.2724937745546196,1.3386789588800618,1.3555780462918654,1.341689755854798,-0.0186209730652367,-0.1177843321236069,-0.1895000047328898,0.0056658248421643,0.0021151851183311,5.15988564469233e-06,0.0035454798381884,downstairs,wiktor
1672842717550193700,-0.670008180606926,1.3354665187966697,0.0655868631281777,1.4955545531748726,-0.670008180606926,-0.6049668842125404,-0.4586910291395188,1.3354665187966697,1.3386789588800618,1.3555780462918654,0.0655868631281777,-0.0186209730652367,-0.1177843321236069,0.0015315707197025,2.112652797840266e-05,0.0002883335008914,0.0012221106908326,downstairs,wiktor
1672842717560193700,-0.6765084156762758,1.3594804106466585,0.1150259304905925,1.5228531078531695,-0.6765084156762758,-0.670008180606926,-0.6049668842125404,1.3594804106466585,1.3354665187966697,1.3386789588800618,0.1150259304905925,0.0655868631281777,-0.0186209730652367,0.0014053179560685,0.0004663863864833,0.0005590384566679,0.0003798931129172,downstairs,wiktor
1672842717570193700,-0.6459670867437187,1.3929180677615915,0.1425901505200901,1.5420201592969514,-0.6459670867437187,-0.6765084156762758,-0.670008180606926,1.3929180677615915,1.3594804106466585,1.3354665187966697,0.1425901505200901,0.1150259304905925,0.0655868631281777,0.0036072544481446,0.0032978942599079,0.0002256082621583,8.37519260784223e-05,downstairs,wiktor
1672842717580193700,-0.5647526267023207,1.4141599255973991,0.1555324784465817,1.530680951859188,-0.5647526267023207,-0.6459670867437187,-0.6765084156762758,1.4141599255973991,1.3929180677615915,1.3594804106466585,0.1555324784465817,0.1425901505200901,0.1150259304905925,0.0075945564100539,0.0073748411156207,0.0001835545982974,3.616069613565432e-05,downstairs,wiktor
1672842717590193700,-0.4433043569277308,1.4333200194540323,0.1470282799381208,1.507495388430883,-0.4433043569277308,-0.5647526267023207,-0.6459670867437187,1.4333200194540323,1.4141599255973991,1.3929180677615915,0.1470282799381208,0.1555324784465817,0.1425901505200901,0.0099176255360621,0.0094383182434581,0.0001101066415869,0.0003692006510169,downstairs,wiktor
1672842717600193700,-0.3059120846307912,1.4481596044608296,0.1198547394615102,1.4849624918113888,-0.3059120846307912,-0.4433043569277308,-0.5647526267023207,1.4481596044608296,1.4333200194540323,1.4141599255973991,0.1198547394615102,0.1470282799381208,0.1555324784465817,0.0068243647682865,0.0067104953989034,8.937526560715518e-05,2.4494103775907856e-05,downstairs,wiktor
1672842717610193700,-0.1900630846445721,1.4615293662842246,0.1128555818299223,1.4781503465500212,-0.1900630846445721,-0.3059120846307912,-0.4433043569277308,1.4615293662842246,1.4481596044608296,1.4333200194540323,0.1128555818299223,0.1198547394615102,0.1470282799381208,0.0092492106687766,0.0084019613140734,0.000847249005425,3.4927809006262655e-10,downstairs,wiktor
1672842717620193700,-0.0604331396930025,1.5026936470486223,0.1128291516165269,1.5081348675459862,-0.0604331396930025,-0.1900630846445721,-0.3059120846307912,1.5026936470486223,1.4615293662842246,1.4481596044608296,0.1128291516165269,0.1128555818299223,0.1198547394615102,0.0065616193163814,0.0059787147688317,0.000554812587512,2.809196003759649e-05,downstairs,wiktor
1672842717630193700,0.0489168924865244,1.536004683883644,0.1053335582394024,1.540389044941051,0.0489168924865244,-0.0604331396930025,-0.1900630846445721,1.536004683883644,1.5026936470486223,1.4615293662842246,0.1053335582394024,0.1128291516165269,0.1128555818299223,0.0013587597804959,2.688550034157349e-05,8.51215167477635e-07,0.0013310230649868,downstairs,wiktor
1672842717640193700,0.0562497637306652,1.5373094560227376,0.0537385378403975,1.5392765280955547,0.0562497637306652,0.0489168924865244,-0.0604331396930025,1.5373094560227376,1.536004683883644,1.5026936470486223,0.0537385378403975,0.1053335582394024,0.1128291516165269,0.0049279134485332,0.0033991496574852,0.0004995706130188,0.0010291931780291,downstairs,wiktor
1672842717650193700,-0.0262020362191876,1.5057002607460834,0.0083690948632322,1.505951481177825,-0.0262020362191876,0.0562497637306652,0.0489168924865244,1.5057002607460834,1.5373094560227376,1.536004683883644,0.0083690948632322,0.0537385378403975,0.1053335582394024,0.0035608311477821,0.0019387528117339,0.0003604176563893,0.0012616606796588,downstairs,wiktor
1672842717660193700,-0.088471656608811,1.4788518843933374,-0.0418635773662811,1.4820872744567826,-0.088471656608811,-0.0262020362191876,0.0562497637306652,1.4788518843933374,1.5057002607460834,1.5373094560227376,-0.0418635773662811,0.0083690948632322,0.0537385378403975,0.0024694217735215,0.0008388717831261,3.763705886695216e-05,0.0015929129315284,downstairs,wiktor
1672842717670193700,-0.1294319247506618,1.470175818595183,-0.0983066979661998,1.4791327755112775,-0.1294319247506618,-0.088471656608811,-0.0262020362191876,1.470175818595183,1.4788518843933374,1.5057002607460834,-0.0983066979661998,-0.0418635773662811,0.0083690948632322,0.0021823716914376,4.2044941156035056e-05,0.0008029173825922,0.0013374093676893,downstairs,wiktor
1672842717680193700,-0.138601978311687,1.4301029504025462,-0.1500253477492205,1.4446150221111698,-0.138601978311687,-0.1294319247506618,-0.088471656608811,1.4301029504025462,1.470175818595183,1.4788518843933374,-0.1500253477492205,-0.0983066979661998,-0.0418635773662811,0.0147003261686062,0.0001944373979811,0.0136845215563558,0.0008213672142693,downstairs,wiktor
1672842717690193700,-0.1583218869312069,1.2646670319546116,-0.1905560081008434,1.2887048202818492,-0.1583218869312069,-0.138601978311687,-0.1294319247506618,1.2646670319546116,1.4301029504025462,1.470175818595183,-0.1905560081008434,-0.1500253477492205,-0.0983066979661998,0.0135199169825118,0.0048250800781049,0.0083519356351092,0.0003429012692977,downstairs,wiktor
1672842717700193700,-0.2565571156234119,1.1354235745951826,-0.2167438399812309,1.18405495628088,-0.2565571156234119,-0.1583218869312069,-0.138601978311687,1.1354235745951826,1.2646670319546116,1.4301029504025462,-0.2167438399812309,-0.1905560081008434,-0.1500253477492205,0.0035142415060305,0.0021113126978205,0.0012945519807062,0.0001083768275036,downstairs,wiktor
1672842717710193700,-0.191575384378076,1.0845403360837378,-0.2020212839868608,1.1197059737609398,-0.191575384378076,-0.2565571156234119,-0.1583218869312069,1.0845403360837378,1.1354235745951826,1.2646670319546116,-0.2020212839868608,-0.2167438399812309,-0.1905560081008434,0.0047270232781256,0.0033016354621172,0.0006010723889178,0.0008243154270905,downstairs,wiktor
1672842717720193700,-0.1103148716782757,1.0498683765510597,-0.1614179484812501,1.0679179430495809,-0.1103148716782757,-0.191575384378076,-0.2565571156234119,1.0498683765510597,1.0845403360837378,1.1354235745951826,-0.1614179484812501,-0.2020212839868608,-0.2167438399812309,0.0022723552541752,2.0135440475956026e-05,0.0018493865549857,0.0004028332587135,downstairs,wiktor
1672842717730193700,-0.1039689374718793,0.9890508370581516,-0.1330336831670469,1.0033588884847993,-0.1039689374718793,-0.1103148716782757,-0.191575384378076,0.9890508370581516,1.0498683765510597,1.0845403360837378,-0.1330336831670469,-0.1614179484812501,-0.2020212839868608,0.0056881605627964,0.0009587019665297,0.0046318322073444,9.762638892216054e-05,downstairs,wiktor
1672842717740193700,-0.1477571086264221,0.8928029050560093,-0.1190603951558334,0.9127456207075184,-0.1477571086264221,-0.1039689374718793,-0.1103148716782757,0.8928029050560093,0.9890508370581516,1.0498683765510597,-0.1190603951558334,-0.1330336831670469,-0.1614179484812501,0.0068296511727388,4.354105422275835e-05,0.0066662809023392,0.0001198292161769,downstairs,wiktor
1672842717750193700,-0.1570888881161827,0.7773361920834887,-0.1035794897445273,0.7997857119179947,-0.1570888881161827,-0.1477571086264221,-0.1039689374718793,0.7773361920834887,0.8928029050560093,0.9890508370581516,-0.1035794897445273,-0.1190603951558334,-0.1330336831670469,0.0074676111293556,7.47395351295286e-05,0.0071474644040387,0.0002454071901873,downstairs,wiktor
1672842717760193700,-0.1448627247662574,0.6577747902513023,-0.0814251587825061,0.6784415525302128,-0.1448627247662574,-0.1570888881161827,-0.1477571086264221,0.6577747902513023,0.7773361920834887,0.8928029050560093,-0.0814251587825061,-0.1035794897445273,-0.1190603951558334,0.0070247793650971,0.0006805784562025,0.0062189068180819,0.0001252940908127,downstairs,wiktor
1672842717770193700,-0.1079688646753824,0.5462498440008605,-0.0655951814728124,0.5606682581016217,-0.1079688646753824,-0.1448627247662574,-0.1570888881161827,0.5462498440008605,0.6577747902513023,0.7773361920834887,-0.0655951814728124,-0.0814251587825061,-0.1035794897445273,0.0049617148690405,0.0004002446539865,0.0044487150326571,0.0001127551823968,downstairs,wiktor
1672842717780193700,-0.0796759449255049,0.4519236542902911,-0.0505781789492145,0.4616723921707701,-0.0796759449255049,-0.1079688646753824,-0.1448627247662574,0.4519236542902911,0.5462498440008605,0.6577747902513023,-0.0505781789492145,-0.0655951814728124,-0.0814251587825061,0.0033793362524829,3.389980177526452e-05,0.0030853888154147,0.0002600476352928,downstairs,wiktor
1672842717790193700,-0.0714418934591532,0.3733693569487099,-0.0277725815971213,0.3811560535238695,-0.0714418934591532,-0.0796759449255049,-0.1079688646753824,0.3733693569487099,0.4519236542902911,0.5462498440008605,-0.0277725815971213,-0.0505781789492145,-0.0655951814728124,0.0026177802865748,2.412129902879989e-05,0.0022371525554204,0.0003565064321256,downstairs,wiktor
1672842717800193700,-0.0644962042883365,0.3064791101944865,-0.0010702808675736,0.3131937912129525,-0.0644962042883365,-0.0714418934591532,-0.0796759449255049,0.3064791101944865,0.3733693569487099,0.4519236542902911,-0.0010702808675736,-0.0277725815971213,-0.0505781789492145,0.0043619538978794,0.0023189283755105,0.0010742679482402,0.0009687575741286,downstairs,wiktor
1672842717810193700,0.0036056073690713,0.2601268082399929,0.0429469333588765,0.263672895562964,0.0036056073690713,-0.0644962042883365,-0.0714418934591532,0.2601268082399929,0.3064791101944865,0.3733693569487099,0.0429469333588765,-0.0010702808675736,-0.0277725815971213,0.004300757846625,0.00270833601152,0.0006416554134177,0.0009507664216872,downstairs,wiktor
1672842717820193700,0.0772036509778524,0.224303480270142,0.0865535021687994,0.2525152742376041,0.0772036509778524,0.0036056073690713,-0.0644962042883365,0.224303480270142,0.2601268082399929,0.3064791101944865,0.0865535021687994,0.0429469333588765,-0.0010702808675736,0.001119081918346,0.0004484222247559,0.0004580692756244,0.0002125904179656,downstairs,wiktor
1672842717830193700,0.1071510122891919,0.1940356995247862,0.1071734157460027,0.2462058755743599,0.1071510122891919,0.0772036509778524,0.0036056073690713,0.1940356995247862,0.224303480270142,0.2601268082399929,0.1071734157460027,0.0865535021687994,0.0429469333588765,0.0006591867975808,0.0003226728167472,0.0003334171900655,3.0967907680667645e-06,downstairs,wiktor
1672842717840193700,0.1325546662290195,0.1682125629970312,0.1096621064732996,0.2406075299845752,0.1325546662290195,0.1071510122891919,0.0772036509778524,0.1682125629970312,0.1940356995247862,0.224303480270142,0.1096621064732996,0.1071734157460027,0.0865535021687994,0.001870720919583,0.0014658996543337,0.0004018361688327,2.9850964165728074e-06,downstairs,wiktor
1672842717850193700,0.1867007585041543,0.1398634477080936,0.1072187086683678,0.256738794729845,0.1867007585041543,0.1325546662290195,0.1071510122891919,0.1398634477080936,0.1682125629970312,0.1940356995247862,0.1072187086683678,0.1096621064732996,0.1071734157460027,0.004070457759021,0.0036057519876928,0.0004628158136074,1.8899577207508048e-06,downstairs,wiktor
1672842717860193700,0.2716213330157866,0.1094392529411833,0.1091629091316693,0.3125246220119084,0.2716213330157866,0.1867007585041543,0.1325546662290195,0.1094392529411833,0.1398634477080936,0.1682125629970312,0.1091629091316693,0.1072187086683678,0.1096621064732996,0.0023206818199269,0.0021130472153889,4.009087868986922e-06,0.0002036255166689,downstairs,wiktor
1672842717870193700,0.3366297511689607,0.1066076145924577,0.0889824474586071,0.3641464661601074,0.3366297511689607,0.2716213330157866,0.1867007585041543,0.1066076145924577,0.1094392529411833,0.1398634477080936,0.0889824474586071,0.1091629091316693,0.1072187086683678,0.0037996331528104,0.0003893976650245,0.0015349294670275,0.0018753060207583,downstairs,wiktor
1672842717880193700,0.3645366558710054,0.1620139223024568,0.0277402067948563,0.3998812368272156,0.3645366558710054,0.3366297511689607,0.2716213330157866,0.1620139223024568,0.1066076145924577,0.1094392529411833,0.0277402067948563,0.0889824474586071,0.1091629091316693,0.0050284719633713,0.0001630492562408,0.0028449613917179,0.0020204613154125,downstairs,wiktor
1672842717890193700,0.382594853801079,0.2374454991349465,-0.0358280449572966,0.4517110094075359,0.382594853801079,0.3645366558710054,0.3366297511689607,0.2374454991349465,0.1620139223024568,0.1066076145924577,-0.0358280449572966,0.0277402067948563,0.0889824474586071,0.0056266022159557,0.0001571990898831,0.002749416135867,0.0027199869902055,downstairs,wiktor
1672842717900193700,0.4003261306802637,0.3115996107656178,-0.1095842242266368,0.5190029195814508,0.4003261306802637,0.382594853801079,0.3645366558710054,0.3115996107656178,0.2374454991349465,0.1620139223024568,-0.1095842242266368,-0.0358280449572966,0.0277402067948563,0.0069190136923085,1.1294357141692478e-05,0.0025205110935849,0.0043872082415819,downstairs,wiktor
1672842717910193700,0.405078889277477,0.3825997670131209,-0.2032560795683766,0.5931142572374021,0.405078889277477,0.4003261306802637,0.382594853801079,0.3825997670131209,0.3115996107656178,0.2374454991349465,-0.2032560795683766,-0.1095842242266368,-0.0358280449572966,0.0076965565075607,0.000162281580761,0.0015112622868688,0.0060230126399308,downstairs,wiktor
1672842717920193700,0.3870632526936088,0.4375772585322668,-0.313010465721558,0.6627724876770289,0.3870632526936088,0.405078889277477,0.4003261306802637,0.4375772585322668,0.3825997670131209,0.3115996107656178,-0.313010465721558,-0.2032560795683766,-0.1095842242266368,0.0108804686260976,0.0039075869574249,0.0013171548670176,0.0056557268016551,downstairs,wiktor
1672842717930193700,0.2986597803927437,0.4889027856511894,-0.419365783422697,0.7099938440208247,0.2986597803927437,0.3870632526936088,0.405078889277477,0.4889027856511894,0.4375772585322668,0.3825997670131209,-0.419365783422697,-0.313010465721558,-0.2032560795683766,0.0249413370095502,0.0214688597108744,0.0019814177057225,0.0014910595929532,downstairs,wiktor
1672842717940193700,0.0914455930846616,0.5518538413329254,-0.4739745664699914,0.7331826841578621,0.0914455930846616,0.2986597803927437,0.3870632526936088,0.5518538413329254,0.4889027856511894,0.4375772585322668,-0.4739745664699914,-0.419365783422697,-0.313010465721558,0.0450423556025156,0.0430213398131813,0.0020074463311545,1.3569458179695488e-05,downstairs,wiktor
1672842717950193700,-0.2018847320206073,0.6152170219846976,-0.4687650639640518,0.7993685722843837,-0.2018847320206073,0.0914455930846616,0.2986597803927437,0.6152170219846976,0.5518538413329254,0.4889027856511894,-0.4687650639640518,-0.4739745664699914,-0.419365783422697,0.0252593297498456,0.0180040081262074,0.0002057645206301,0.007049557103008,downstairs,wiktor
1672842717960193700,-0.391642515134805,0.6355032005617545,-0.3500253730177801,0.824479192788748,-0.391642515134805,-0.2018847320206073,0.0914455930846616,0.6355032005617545,0.6152170219846976,0.5518538413329254,-0.3500253730177801,-0.4687650639640518,-0.4739745664699914,0.0244730349810953,6.000420063415208e-05,0.0002298863317568,0.0241831444487043,downstairs,wiktor
1672842717970193700,-0.4025973497418771,0.6140608904363591,-0.1301020025056656,0.7457090144544732,-0.4025973497418771,-0.391642515134805,-0.2018847320206073,0.6140608904363591,0.6355032005617545,0.6152170219846976,-0.1301020025056656,-0.3500253730177801,-0.4687650639640518,0.0765453708562148,0.0487350434493533,6.521949004635755e-05,0.027745107916815,downstairs,wiktor
1672842717980193700,-0.0903953527932561,0.6026399018586258,0.1054616106302135,0.6184402335193839,-0.0903953527932561,-0.4025973497418771,-0.391642515134805,0.6026399018586258,0.6140608904363591,0.6355032005617545,0.1054616106302135,-0.1301020025056656,-0.3500253730177801,0.8916129729140919,0.8326386123122123,0.0145823017036041,0.0443920588982754,downstairs,wiktor
1672842717990193700,1.20006085515199,0.773416373912619,0.4034282493610468,1.4836014612714523,1.20006085515199,-0.0903953527932561,-0.4025973497418771,0.773416373912619,0.6026399018586258,0.6140608904363591,0.4034282493610468,0.1054616106302135,-0.1301020025056656,0.3286429573965099,0.0036791811476783,0.3239238145334637,0.0010399617153678,downstairs,wiktor
1672842718000193700,1.285841752182487,1.578306198091635,0.4490344269111953,2.0847233349156107,1.285841752182487,1.20006085515199,-0.0903953527932561,1.578306198091635,0.773416373912619,0.6026399018586258,0.4490344269111953,0.4034282493610468,0.1054616106302135,1.734324935940374,1.1123344617271145,0.561587581142345,0.0604028930709146,downstairs,wiktor
1672842718010193700,-0.2056906555962475,2.6381057839967674,0.1014631591950199,2.648056937837751,-0.2056906555962475,1.285841752182487,1.20006085515199,2.6381057839967674,1.578306198091635,0.773416373912619,0.1014631591950199,0.4490344269111953,0.4034282493610468,0.8054135504906762,0.0650367916444093,0.720739626639336,0.0196371322069309,downstairs,wiktor
1672842718020193700,0.1549664991765624,3.838721981321571,-0.0967141967613602,3.843065794597283,0.1549664991765624,-0.2056906555962475,1.285841752182487,3.838721981321571,2.6381057839967674,1.578306198091635,-0.0967141967613602,0.1014631591950199,0.4490344269111953,0.1727283589484365,0.0569829911671483,0.0006884370180955,0.1150569307631926,downstairs,wiktor
1672842718030193700,0.492554979925383,3.875828234651584,-0.5764160432518499,3.9492923882247344,0.492554979925383,0.1549664991765624,-0.2056906555962475,3.875828234651584,3.838721981321571,2.6381057839967674,-0.5764160432518499,-0.0967141967613602,0.1014631591950199,1.7501505863919495,0.0729260154562744,1.6692270662642212,0.0079975046714536,downstairs,wiktor
1672842718040193700,0.1106491919192977,2.048684525873196,-0.7028874208157373,2.1687328688811984,0.1106491919192977,0.492554979925383,0.1549664991765624,2.048684525873196,3.875828234651584,3.838721981321571,-0.7028874208157373,-0.5764160432518499,-0.0967141967613602,0.8705835580881773,0.0015163721264056,0.7916374450288521,0.0774297409329195,downstairs,wiktor
1672842718050193700,0.0555788346223702,0.7904020098785944,-0.309365525788486,0.850606473420282,0.0555788346223702,0.1106491919192977,0.492554979925383,0.7904020098785944,2.048684525873196,3.875828234651584,-0.309365525788486,-0.7028874208157373,-0.5764160432518499,0.146532506700335,0.0001875285579336,0.1365653380644327,0.0097796400779687,downstairs,wiktor
1672842718060193700,0.0749452260226116,0.2677829553763065,-0.1695110294147997,0.3256662205186691,0.0749452260226116,0.0555788346223702,0.1106491919192977,0.2677829553763065,0.7904020098785944,2.048684525873196,-0.1695110294147997,-0.309365525788486,-0.7028874208157373,0.0401156603504043,0.0015488102686368,0.0366772178121774,0.00188963226959,downstairs,wiktor
1672842718070193700,0.0192889547023574,-0.0030572846626414,-0.1080353062455679,0.1097863295615244,0.0192889547023574,0.0749452260226116,0.0555788346223702,-0.0030572846626414,0.2677829553763065,0.7904020098785944,-0.1080353062455679,-0.1695110294147997,-0.309365525788486,0.0143670580695266,0.0124794430223615,0.0016926373214936,0.0001949777256714,downstairs,wiktor
1672842718080193700,-0.1386948610659768,-0.061240397702314,-0.0882880165241175,0.1754463583509531,-0.1386948610659768,0.0192889547023574,0.0749452260226116,-0.061240397702314,-0.0030572846626414,0.2677829553763065,-0.0882880165241175,-0.1080353062455679,-0.1695110294147997,0.0061665913413765,0.0004369559820859,0.0057131641822955,1.647117699509006e-05,downstairs,wiktor
1672842718090193700,-0.1682568630985154,0.0456536075767061,-0.0940275595364295,0.1980803014357996,-0.1682568630985154,-0.1386948610659768,0.0192889547023574,0.0456536075767061,-0.061240397702314,-0.0030572846626414,-0.0940275595364295,-0.0882880165241175,-0.1080353062455679,0.0597011274307997,1.7593008075348925e-05,0.0596102285967598,7.330582596453299e-05,downstairs,wiktor
1672842718100193700,-0.1623250829145657,0.3909367626733888,-0.0819192296792995,0.4311516498217535,-0.1623250829145657,-0.1682568630985154,-0.1386948610659768,0.3909367626733888,0.0456536075767061,-0.061240397702314,-0.0819192296792995,-0.0940275595364295,-0.0882880165241175,0.0817933337284419,0.0013586632936945,0.0803513635875996,8.330684714776792e-05,downstairs,wiktor
1672842718110193700,-0.2144530656818766,0.7918142092517655,-0.0690113369660974,0.8232389835176674,-0.2144530656818766,-0.1623250829145657,-0.1682568630985154,0.7918142092517655,0.3909367626733888,0.0456536075767061,-0.0690113369660974,-0.0819192296792995,-0.0940275595364295,0.091633973414776,0.0009492839875125,0.0906641604564282,2.052897083523337e-05,downstairs,wiktor
1672842718120193700,-0.2580256255679465,1.2176408417125082,-0.0626036898417259,1.24625264887898,-0.2580256255679465,-0.2144530656818766,-0.1623250829145657,1.2176408417125082,0.7918142092517655,0.3909367626733888,-0.0626036898417259,-0.0690113369660974,-0.0819192296792995,0.1037600285510112,0.0005926357659797,0.0988231121244725,0.0043442806605589,downstairs,wiktor
1672842718130193700,-0.2235978528842623,1.6622150472721031,0.030608762765841,1.6774658743325626,-0.2235978528842623,-0.2580256255679465,-0.2144530656818766,1.6622150472721031,1.2176408417125082,0.7918142092517655,0.030608762765841,-0.0626036898417259,-0.0690113369660974,0.0845954332565871,0.0412380289185365,0.0405887352593594,0.0027686690786911,downstairs,wiktor
1672842718140193700,0.0635885984623725,1.9471316500152904,0.105022055646766,1.9509984122284536,0.0635885984623725,-0.2235978528842623,-0.2580256255679465,1.9471316500152904,1.6622150472721031,1.2176408417125082,0.105022055646766,0.030608762765841,-0.0626036898417259,0.0365640074463246,0.0363854826477806,6.597793750692205e-05,0.0001125468610371,downstairs,wiktor
1672842718150193700,0.3333495394741527,1.93564444517626,0.0900189319028847,1.9662005853193807,0.3333495394741527,0.0635885984623725,-0.2235978528842623,1.93564444517626,1.9471316500152904,1.6622150472721031,0.0900189319028847,0.105022055646766,0.030608762765841,0.1070029611454501,9.177563584668732e-05,0.0964684976784299,0.0104426878311734,downstairs,wiktor
1672842718160193700,0.3468976489988567,1.4963985056880729,-0.0544988028646756,1.5370480103822763,0.3468976489988567,0.3333495394741527,0.0635885984623725,1.4963985056880729,1.93564444517626,1.9471316500152904,-0.0544988028646756,0.0900189319028847,0.105022055646766,0.1134165869382888,0.0164960791990257,0.0937422696424805,0.0031782380967825,downstairs,wiktor
1672842718170193700,0.1652602123343533,1.0634036566598644,-0.134226315014279,1.0845067903986028,0.1652602123343533,0.3468976489988567,0.3333495394741527,1.0634036566598644,1.4963985056880729,1.93564444517626,-0.134226315014279,-0.0544988028646756,0.0900189319028847,0.0201517527038977,0.0014013524540444,0.0186607253161027,8.9674933750536e-05,downstairs,wiktor
1672842718180193700,0.1123196333038128,0.8702160519016772,-0.1476184719541103,0.8897656378366788,0.1123196333038128,0.1652602123343533,0.3468976489988567,0.8702160519016772,1.0634036566598644,1.4963985056880729,-0.1476184719541103,-0.134226315014279,-0.0544988028646756,0.0024515898417152,2.060895990968844e-05,0.0024253962543511,5.584627454420171e-06,downstairs,wiktor
1672842718190193700,0.1058995149389089,0.8005684208672887,-0.1442764284312279,0.8203293189659333,0.1058995149389089,0.1123196333038128,0.1652602123343533,0.8005684208672887,0.8702160519016772,1.0634036566598644,-0.1442764284312279,-0.1476184719541103,-0.134226315014279,0.0009545958275166,0.000503609474254,2.1269348574385984e-06,0.0004488594184051,downstairs,wiktor
1672842718200193700,0.0741628019946226,0.7985059297243072,-0.114314471939531,0.810049158693093,0.0741628019946226,0.1058995149389089,0.1123196333038128,0.7985059297243072,0.8005684208672887,0.8702160519016772,-0.114314471939531,-0.1442764284312279,-0.1476184719541103,0.0020116336072667,0.0003048966634906,0.0011857985391224,0.0005209384046537,downstairs,wiktor
1672842718210193700,0.049468808251584,0.8472049756928354,-0.0820363553695154,0.8526038924558362,0.049468808251584,0.0741628019946226,0.1058995149389089,0.8472049756928354,0.7985059297243072,0.8005684208672887,-0.0820363553695154,-0.114314471939531,-0.1442764284312279,0.0019145861135843,0.0001113600915431,0.0014296226388569,0.0003736033831841,downstairs,wiktor
1672842718220193700,0.0345449956326059,0.9006768868024448,-0.0547012723008951,0.9029974752648744,0.0345449956326059,0.049468808251584,0.0741628019946226,0.9006768868024448,0.8472049756928354,0.7985059297243072,-0.0547012723008951,-0.0820363553695154,-0.114314471939531,0.0007767544679453,3.209617440927855e-06,0.000498571489865,0.0002749733606394,downstairs,wiktor
1672842718230193700,0.0370786165359488,0.9322544576357124,-0.0312503294354399,0.933514745826599,0.0370786165359488,0.0345449956326059,0.049468808251584,0.9322544576357124,0.9006768868024448,0.8472049756928354,-0.0312503294354399,-0.0547012723008951,-0.0820363553695154,0.0003168479053881,4.013340507184517e-05,0.0001557672541134,0.0001209472462028,downstairs,wiktor
1672842718240193700,0.0460377911711309,0.9499047978088352,-0.0156973717615539,0.9511493103589892,0.0460377911711309,0.0370786165359488,0.0345449956326059,0.9499047978088352,0.9322544576357124,0.9006768868024448,-0.0156973717615539,-0.0312503294354399,-0.0547012723008951,3.1019163556867434e-05,7.55561941391604e-06,1.7461518433697418e-05,6.002025709253977e-06,downstairs,wiktor
1672842718250193700,0.0499251088617541,0.9558143694402984,-0.0122326854238736,0.9571955202131344,0.0499251088617541,0.0460377911711309,0.0370786165359488,0.9558143694402984,0.9499047978088352,0.9322544576357124,-0.0122326854238736,-0.0156973717615539,-0.0312503294354399,0.0001333190983736,6.240745666534928e-05,4.506287871015315e-05,2.584876299814874e-05,downstairs,wiktor
1672842718260193700,0.0610971683554508,0.9463209107754964,-0.01942278458844,0.9484900498756896,0.0610971683554508,0.0499251088617541,0.0460377911711309,0.9463209107754964,0.9558143694402984,0.9499047978088352,-0.01942278458844,-0.0122326854238736,-0.0156973717615539,0.0008866553235127,6.305725463313768e-05,0.0006509866334527,0.0001726114354268,downstairs,wiktor
1672842718270193700,0.0723272400055461,0.9102380441085368,-0.0380029587225446,0.9138975607041644,0.0723272400055461,0.0610971683554508,0.0499251088617541,0.9102380441085368,0.9463209107754964,0.9558143694402984,-0.0380029587225446,-0.01942278458844,-0.0122326854238736,0.0011970262879295,2.1800484464021245e-07,0.00104201134385,0.0001547969392348,downstairs,wiktor
1672842718280193700,0.0716669297078221,0.864586946775613,-0.0555982387279805,0.8693318707479762,0.0716669297078221,0.0723272400055461,0.0610971683554508,0.864586946775613,0.9102380441085368,0.9463209107754964,-0.0555982387279805,-0.0380029587225446,-0.01942278458844,0.0012944171435801,5.481152588664012e-05,0.0011576788747193,8.192674297411115e-05,downstairs,wiktor
1672842718290193700,0.0611968269493349,0.8164687823318325,-0.068398765511993,0.8216110486566358,0.0611968269493349,0.0716669297078221,0.0723272400055461,0.8164687823318325,0.864586946775613,0.9102380441085368,-0.068398765511993,-0.0555982387279805,-0.0380029587225446,0.0008644630685738,8.27508881523289e-06,0.0007666837929443,8.950418681428799e-05,downstairs,wiktor
1672842718300193700,0.0571286359962864,0.777310544553701,-0.0817781666057855,0.783685544244993,0.0571286359962864,0.0611968269493349,0.0716669297078221,0.777310544553701,0.8164687823318325,0.864586946775613,-0.0817781666057855,-0.068398765511993,-0.0555982387279805,7.633561646412743e-05,4.5977804885420825e-08,2.153479763020081e-05,5.475484102904119e-05,downstairs,wiktor
1672842718310193700,0.0574318778300937,0.7707478015859777,-0.0922428539904178,0.7783696669019201,0.0574318778300937,0.0571286359962864,0.0611968269493349,0.7707478015859777,0.777310544553701,0.8164687823318325,-0.0922428539904178,-0.0817781666057855,-0.068398765511993,0.0001936205307816,2.772301622477094e-05,0.0001530161476986,1.288136685822831e-05,downstairs,wiktor
1672842718320193700,0.0648780870972002,0.7882415803486494,-0.0973185543082515,0.7968719195633489,0.0648780870972002,0.0574318778300937,0.0571286359962864,0.7882415803486494,0.7707478015859777,0.777310544553701,-0.0973185543082515,-0.0922428539904178,-0.0817781666057855,0.0002053563805447,0.0001470233609153,4.100295406214073e-05,1.7330065567189226e-05,downstairs,wiktor
1672842718330193700,0.0820258776788113,0.7972972917025013,-0.1032058398571593,0.8081229246505413,0.0820258776788113,0.0648780870972002,0.0574318778300937,0.7972972917025013,0.7882415803486494,0.7707478015859777,-0.1032058398571593,-0.0973185543082515,-0.0922428539904178,0.0004307364986448,8.065777084857244e-05,2.85239990383255e-05,0.0003215547287579,downstairs,wiktor
1672842718340193700,0.0947268832176316,0.8048503042191499,-0.1285654427230551,0.8205402291590341,0.0947268832176316,0.0820258776788113,0.0648780870972002,0.8048503042191499,0.7972972917025013,0.7882415803486494,-0.1285654427230551,-0.1032058398571593,-0.0973185543082515,0.0005271861171498,0.000152039063883,0.0001762994578327,0.0001988475954341,downstairs,wiktor
1672842718350193700,0.1121647193152116,0.8236279216309907,-0.1485077392524974,0.8443923413716715,0.1121647193152116,0.0947268832176316,0.0820258776788113,0.8236279216309907,0.8048503042191499,0.7972972917025013,-0.1485077392524974,-0.1285654427230551,-0.1032058398571593,0.0002839888722659,4.530816607741466e-05,0.000214678229425,2.4002476763492622e-05,downstairs,wiktor
1672842718360193700,0.1216839804291232,0.844348840019181,-0.1415791785414272,0.864740781119566,0.1216839804291232,0.1121647193152116,0.0947268832176316,0.844348840019181,0.8236279216309907,0.8048503042191499,-0.1415791785414272,-0.1485077392524974,-0.1285654427230551,0.0020604514159555,2.617158638167819e-07,0.001242003144155,0.0008181865559366,downstairs,wiktor
1672842718370193700,0.1209604946119619,0.8941886462819474,-0.101127069673367,0.907982081660775,0.1209604946119619,0.1216839804291232,0.1121647193152116,0.8941886462819474,0.844348840019181,0.8236279216309907,-0.101127069673367,-0.1415791785414272,-0.1485077392524974,0.0034837318382539,1.297018997309984e-05,0.0026060527997354,0.0008647088485454,downstairs,wiktor
1672842718380193700,0.1158673246809465,0.9663835602265656,-0.0595408015420375,0.9751243661467806,0.1158673246809465,0.1209604946119619,0.1216839804291232,0.9663835602265656,0.8941886462819474,0.844348840019181,-0.0595408015420375,-0.101127069673367,-0.1415791785414272,0.0030550188625323,0.0015407680649265,0.0014763631929221,3.78876046836734e-05,downstairs,wiktor
1672842718390193700,0.0603557391347471,1.0207225553023336,-0.0508359058294315,1.0237683524464536,0.0603557391347471,0.1158673246809465,0.1209604946119619,1.0207225553023336,0.9663835602265656,0.8941886462819474,-0.0508359058294315,-0.0595408015420375,-0.101127069673367,0.0046495470901193,0.0044701755691785,0.000106421673196,7.294984774473035e-05,downstairs,wiktor
1672842718400193700,-0.0341976909371281,1.0353117069703426,-0.0629148004597137,1.0377851823822508,-0.0341976909371281,0.0603557391347471,0.1158673246809465,1.0353117069703426,1.0207225553023336,0.9663835602265656,-0.0629148004597137,-0.0508359058294315,-0.0595408015420375,0.0006385804438961,0.0005920382599767,2.144570628360362e-06,4.43976132910402e-05,downstairs,wiktor
1672842718410193700,-0.0686081038953236,1.033240682765578,-0.0534916785469886,1.036896687291344,-0.0686081038953236,-0.0341976909371281,0.0603557391347471,1.033240682765578,1.0353117069703426,1.0207225553023336,-0.0534916785469886,-0.0629148004597137,-0.0508359058294315,0.0024773558109251,1.135874602094548e-05,5.727652345921289e-06,0.0024602694125582,downstairs,wiktor
1672842718420193700,-0.0638418168664204,1.0366252513779484,0.0166548739350584,1.0387228091271477,-0.0638418168664204,-0.0686081038953236,-0.0341976909371281,1.0366252513779484,1.033240682765578,1.0353117069703426,0.0166548739350584,-0.0534916785469886,-0.0629148004597137,0.0049773080356796,0.0002095210445889,0.0006461235231436,0.0041216634679469,downstairs,wiktor
1672842718430193700,-0.0433712993063306,1.0725730892306955,0.1074476431179288,1.0788137454431117,-0.0433712993063306,-0.0638418168664204,-0.0686081038953236,1.0725730892306955,1.0366252513779484,1.033240682765578,0.1074476431179288,0.0166548739350584,-0.0534916785469886,0.0045612419955379,9.215713782243228e-05,0.001850003709511,0.0026190811482044,downstairs,wiktor
1672842718440193700,-0.029795059928474,1.133400775517634,0.1798227928338977,1.1479639804291326,-0.029795059928474,-0.0433712993063306,-0.0638418168664204,1.133400775517634,1.0725730892306955,1.0366252513779484,0.1798227928338977,0.1074476431179288,0.0166548739350584,0.004229277006878,0.0001304740519045,0.0038696949468454,0.000229108008128,downstairs,wiktor
1672842718450193700,-0.0136411717337057,1.221374577832249,0.2012287736863642,1.237915570748058,-0.0136411717337057,-0.029795059928474,-0.0433712993063306,1.221374577832249,1.133400775517634,1.0725730892306955,0.2012287736863642,0.1798227928338977,0.1074476431179288,0.0089044957991684,0.0003386446732841,0.0080490571434191,0.000516793982465,downstairs,wiktor
1672842718460193700,0.0123836115808267,1.3482529222683202,0.1690793107836959,1.3588697912515162,0.0123836115808267,-0.0136411717337057,-0.029795059928474,1.3482529222683202,1.221374577832249,1.133400775517634,0.1690793107836959,0.2012287736863642,0.1798227928338977,0.0127700940357666,0.0010695884082317,0.0047515226594183,0.0069489829681165,downstairs,wiktor
1672842718470193700,0.0586348474179752,1.4457364866206592,0.0511896762256354,1.4478302445487392,0.0586348474179752,0.0123836115808267,-0.0136411717337057,1.4457364866206592,1.3482529222683202,1.221374577832249,0.0511896762256354,0.1690793107836959,0.2012287736863642,0.0042966957469893,0.0021606857068036,8.602228704034738e-05,0.0020499877531454,downstairs,wiktor
1672842718480193700,0.1243719861875268,1.4588530629300738,-0.012841374884672,1.4642013355674883,0.1243719861875268,0.0586348474179752,0.0123836115808267,1.4588530629300738,1.4457364866206592,1.3482529222683202,-0.012841374884672,0.0511896762256354,0.1690793107836959,0.0036483442570353,0.0029063854807362,0.00073227026355,9.688512749084744e-06,downstairs,wiktor
1672842718490193700,0.2006135166120429,1.420583747191482,-0.0172433091752049,1.4347826656129332,0.2006135166120429,0.1243719861875268,0.0586348474179752,1.420583747191482,1.4588530629300738,1.4457364866206592,-0.0172433091752049,-0.012841374884672,0.0511896762256354,0.0057982975252851,0.0032524024899532,0.0020742072610637,0.0004716877742681,downstairs,wiktor
1672842718500193700,0.2812658878103317,1.3561755604282488,0.0134711100531673,1.385100762094467,0.2812658878103317,0.2006135166120429,0.1243719861875268,1.3561755604282488,1.420583747191482,1.4588530629300738,0.0134711100531673,-0.0172433091752049,-0.012841374884672,0.0046398204957579,0.0020228472032829,0.0006094720431543,0.0020075012493206,downstairs,wiktor
1672842718510193700,0.3448716611848131,1.321262180667637,0.0768351574194882,1.3676892388867616,0.3448716611848131,0.2812658878103317,0.2006135166120429,1.321262180667637,1.3561755604282488,1.420583747191482,0.0768351574194882,0.0134711100531673,-0.0172433091752049,0.0024572737473289,0.0001552057350242,6.142922101086255e-05,0.0022406387912938,downstairs,wiktor
1672842718520193700,0.3624901591357877,1.3323463334102568,0.143777502632273,1.3882427157688302,0.3624901591357877,0.3448716611848131,0.2812658878103317,1.3323463334102568,1.321262180667637,1.3561755604282488,0.143777502632273,0.0768351574194882,0.0134711100531673,0.0023755558192511,2.7900865205956458e-05,0.0019929873365906,0.0003546676174544,downstairs,wiktor
1672842718530193700,0.3550201035528678,1.3954809093031966,0.1704108508053616,1.449981413752801,0.3550201035528678,0.3624901591357877,0.3448716611848131,1.3954809093031966,1.3323463334102568,1.321262180667637,0.1704108508053616,0.143777502632273,0.0768351574194882,0.0023451162057293,0.0008658790591331,0.0014696776457317,9.559500864428463e-06,downstairs,wiktor
1672842718540193700,0.3134057055845404,1.4496967307159867,0.1660383227346848,1.4924518323745364,0.3134057055845404,0.3550201035528678,0.3624901591357877,1.4496967307159867,1.3954809093031966,1.3323463334102568,0.1660383227346848,0.1704108508053616,0.143777502632273,0.0030791255018794,0.0027680338929091,0.0002787051347219,3.238647424833316e-05,downstairs,wiktor
1672842718550193700,0.2390009491114608,1.473306268395574,0.1579901584410917,1.5009042955279033,0.2390009491114608,0.3134057055845404,0.3550201035528678,1.473306268395574,1.4496967307159867,1.3954809093031966,0.1579901584410917,0.1660383227346848,0.1704108508053616,0.0041921133561016,0.0041603450485439,3.38129384101219e-06,2.838701371674091e-05,downstairs,wiktor
1672842718560193700,0.1477831323370616,1.4707057708120288,0.1655250126157577,1.4873512861138771,0.1477831323370616,0.2390009491114608,0.3134057055845404,1.4707057708120288,1.473306268395574,1.4496967307159867,0.1655250126157577,0.1579901584410917,0.1660383227346848,0.002461013977807,0.0010669569929175,0.0012682333895527,0.0001258235953368,downstairs,wiktor
1672842718570193700,0.1015888254818325,1.4203424232355877,0.1813884041407001,1.4354771478021615,0.1015888254818325,0.1477831323370616,0.2390009491114608,1.4203424232355877,1.4707057708120288,1.473306268395574,0.1813884041407001,0.1655250126157577,0.1579901584410917,0.0064241323087157,4.568498824551038e-05,0.0063678986916957,1.054862877453144e-05,downstairs,wiktor
1672842718580193700,0.1111475898628088,1.3074894330962408,0.1859815792461215,1.3253194151635754,0.1111475898628088,0.1015888254818325,0.1477831323370616,1.3074894330962408,1.4203424232355877,1.4707057708120288,0.1859815792461215,0.1813884041407001,0.1655250126157577,0.0090340240461593,0.0036758264758235,0.0053143885490814,4.380902125432015e-05,downstairs,wiktor
1672842718590193700,0.196889370528055,1.2043934724665295,0.1953420302239665,1.2359156805862366,0.196889370528055,0.1111475898628088,0.1015888254818325,1.2043934724665295,1.3074894330962408,1.4203424232355877,0.1953420302239665,0.1859815792461215,0.1813884041407001,0.0099934279678181,0.0089456401734084,0.0007070377700028,0.0003407500244067,downstairs,wiktor
1672842718600193700,0.3306476612872336,1.1667892766899175,0.2214475861233051,1.2327871371462051,0.3306476612872336,0.196889370528055,0.1111475898628088,1.1667892766899175,1.2043934724665295,1.3074894330962408,0.2214475861233051,0.1953420302239665,0.1859815792461215,0.0087314383907286,0.0086974833864776,2.537369127742469e-05,8.581312973602719e-06,downstairs,wiktor
1672842718610193700,0.4625376410922031,1.173912996403301,0.2255903661014364,1.2817580917745346,0.4625376410922031,0.3306476612872336,0.196889370528055,1.173912996403301,1.1667892766899175,1.2043934724665295,0.2255903661014364,0.2214475861233051,0.1953420302239665,0.0061953229720686,0.003728735151299,0.0015035762417101,0.0009630115790594,downstairs,wiktor
1672842718620193700,0.5488942870587878,1.2287505062247757,0.1817038857445098,1.3579871306489142,0.5488942870587878,0.4625376410922031,0.3306476612872336,1.2287505062247757,1.173912996403301,1.1667892766899175,0.1817038857445098,0.2255903661014364,0.2214475861233051,0.0075324870642839,2.0921236609810204e-05,0.0009929936148364,0.0065185722128376,downstairs,wiktor
1672842718630193700,0.5553628628850127,1.2733149228559055,0.067523570340867,1.3907976972913625,0.5553628628850127,0.5488942870587878,0.4625376410922031,1.2733149228559055,1.2287505062247757,1.173912996403301,0.067523570340867,0.1817038857445098,0.2255903661014364,0.0120873415528511,0.0052052181161819,1.1330757626483058e-05,0.0068707926790427,downstairs,wiktor
1672842718640193700,0.4533313176043306,1.278075334104208,-0.0497009380099273,1.3570025889457722,0.4533313176043306,0.5553628628850127,0.5488942870587878,1.278075334104208,1.2733149228559055,1.2287505062247757,-0.0497009380099273,0.067523570340867,0.1817038857445098,0.0226632847042207,0.0214503210971479,0.0003119458490417,0.000901017758031,downstairs,wiktor
1672842718650193700,0.2462066155664136,1.2530975099779258,-0.0921513268899147,1.2803760908846735,0.2462066155664136,0.4533313176043306,0.5553628628850127,1.2530975099779258,1.278075334104208,1.2733149228559055,-0.0921513268899147,-0.0497009380099273,0.067523570340867,0.0335370104402161,0.0332785371976732,0.0002528239942013,5.649248341556098e-06,downstairs,wiktor
1672842718660193700,-0.01177996237001,1.230610891992938,-0.0887900032394591,1.2338661190260296,-0.01177996237001,0.2462066155664136,0.4533313176043306,1.230610891992938,1.2530975099779258,1.278075334104208,-0.0887900032394591,-0.0921513268899147,-0.0497009380099273,0.0382213757563536,0.0381670878160681,3.1800103406545615e-05,2.2487836878971653e-05,downstairs,wiktor
1672842718670193700,-0.2880663638307702,1.23858586577428,-0.0820836127230977,1.2742899577192703,-0.2880663638307702,-0.01177996237001,0.2462066155664136,1.23858586577428,1.230610891992938,1.2530975099779258,-0.0820836127230977,-0.0887900032394591,-0.0921513268899147,0.0149858013774177,0.0148165838976588,0.0001595696768017,9.647802957203192e-06,downstairs,wiktor
1672842718680193700,-0.4602092341313367,1.2564503375997609,-0.0864762891184637,1.340872155954476,-0.4602092341313367,-0.2880663638307702,-0.01177996237001,1.2564503375997609,1.23858586577428,1.230610891992938,-0.0864762891184637,-0.0820836127230977,-0.0887900032394591,0.0023071950090407,0.0022450080836413,6.218226372447323e-05,4.661674908270429e-09,downstairs,wiktor
1672842718690193700,-0.5272168170401594,1.2676022220794776,-0.0863797316235887,1.375585120458254,-0.5272168170401594,-0.4602092341313367,-0.2880663638307702,1.2676022220794776,1.2564503375997609,1.23858586577428,-0.0863797316235887,-0.0864762891184637,-0.0820836127230977,0.0002592752668136,1.5496937048474338e-06,0.000156159071922,0.0001015665011867,downstairs,wiktor
1672842718700193700,-0.5254563093265453,1.2852747471917574,-0.0721272580707834,1.3904092383671502,-0.5254563093265453,-0.5272168170401594,-0.4602092341313367,1.2852747471917574,1.2676022220794776,1.2564503375997609,-0.0721272580707834,-0.0863797316235887,-0.0864762891184637,0.0079593792231424,0.0073223472518625,8.129757158488318e-05,0.0005557343996949,downstairs,wiktor
1672842718710193700,-0.4044410437451933,1.298026027251805,-0.0387885598449978,1.3601281842766342,-0.4044410437451933,-0.5254563093265453,-0.5272168170401594,1.298026027251805,1.2852747471917574,1.2676022220794776,-0.0387885598449978,-0.0721272580707834,-0.0863797316235887,0.0327653821803001,0.0318721538134509,0.0001717543075951,0.000721474059254,downstairs,wiktor
1672842718720193700,-0.1519646931162643,1.316560012662136,-0.0008024029123979,1.3253015425725867,-0.1519646931162643,-0.4044410437451933,-0.5254563093265453,1.316560012662136,1.298026027251805,1.2852747471917574,-0.0008024029123979,-0.0387885598449978,-0.0721272580707834,0.0136027515011854,0.0129599915233171,0.0002341063319825,0.0004086536458857,downstairs,wiktor
1672842718730193700,0.0090321486124921,1.2949217903699712,0.0277861838272688,1.2952513635951952,0.0090321486124921,-0.1519646931162643,-0.4044410437451933,1.2949217903699712,1.316560012662136,1.298026027251805,0.0277861838272688,-0.0008024029123979,-0.0387885598449978,0.0228969166848811,0.0135763746146938,0.0080857344202495,0.0012348076499377,downstairs,wiktor
1672842718740193700,0.1738130614312641,1.1677547001284347,0.0774814079426247,1.1831590715423392,0.1738130614312641,0.0090321486124921,-0.1519646931162643,1.1677547001284347,1.2949217903699712,1.316560012662136,0.0774814079426247,0.0277861838272688,-0.0008024029123979,0.0750398271316805,0.0589295024037805,0.0067058314089096,0.0094044933189903,downstairs,wiktor
1672842718750193700,0.5171190543989972,1.0519459663566706,0.2146272669321716,1.1916657653332818,0.5171190543989972,0.1738130614312641,0.0090321486124921,1.0519459663566706,1.1677547001284347,1.2949217903699712,0.2146272669321716,0.0774814079426247,0.0277861838272688,0.0058244085821903,0.0034308222393479,0.0023689171167816,2.466922606071328e-05,downstairs,wiktor
1672842718760193700,0.434284010615005,0.9831140389278727,0.2216514004816869,1.0973810453750428,0.434284010615005,0.5171190543989972,0.1738130614312641,0.9831140389278727,1.0519459663566706,1.1677547001284347,0.2216514004816869,0.2146272669321716,0.0774814079426247,0.1151212164202198,0.0925889232941439,0.0002844614639527,0.0222478316621231,downstairs,wiktor
1672842718770193700,0.0039610544666165,0.959261933613972,0.0107114485421684,0.9593299132014884,0.0039610544666165,0.434284010615005,0.5171190543989972,0.959261933613972,0.9831140389278727,1.0519459663566706,0.0107114485421684,0.2216514004816869,0.2146272669321716,0.0127667944206894,0.001224030784184,6.825810262133704e-05,0.011474505533884,downstairs,wiktor
1672842718780193700,-0.0455168352253261,0.970945948559301,-0.1407778615353684,0.9821538696208052,-0.0455168352253261,0.0039610544666165,0.434284010615005,0.970945948559301,0.959261933613972,0.9831140389278727,-0.1407778615353684,0.0107114485421684,0.2216514004816869,0.0162384304234816,0.0138809414111044,0.0001589349587747,0.0021985540536024,downstairs,wiktor
1672842718790193700,0.121102139751142,0.9887748553555552,-0.2070885552974218,1.0174611110852727,0.121102139751142,-0.0455168352253261,0.0039610544666165,0.9887748553555552,0.970945948559301,0.959261933613972,-0.2070885552974218,-0.1407778615353684,0.0107114485421684,0.0378257363990062,0.0357760006854611,0.0005699783856944,0.0014797573278506,downstairs,wiktor
1672842718800193700,0.3885941982704975,0.9550116094898377,-0.2614899767466936,1.063686811579822,0.3885941982704975,0.121102139751142,-0.0455168352253261,0.9550116094898377,0.9887748553555552,0.970945948559301,-0.2614899767466936,-0.2070885552974218,-0.1407778615353684,0.010006367404607,0.000159334015355,0.0098381744290599,8.85896019201154e-06,downstairs,wiktor
1672842718810193700,0.3707429229460241,0.8147392000212617,-0.2572807107318137,0.931366546038945,0.3707429229460241,0.3885941982704975,0.121102139751142,0.8147392000212617,0.9550116094898377,0.9887748553555552,-0.2572807107318137,-0.2614899767466936,-0.2070885552974218,0.0768313359768997,0.0585018180865519,0.0100283374925328,0.0083011803978148,downstairs,wiktor
1672842718820193700,0.0286849802329452,0.6731176092059282,-0.1284305621264288,0.685860447323054,0.0286849802329452,0.3707429229460241,0.3885941982704975,0.6731176092059282,0.8147392000212617,0.9550116094898377,-0.1284305621264288,-0.2572807107318137,-0.2614899767466936,0.0628749275780398,0.03783339340525,0.0078864777839548,0.0171550563888348,downstairs,wiktor
1672842718830193700,-0.2463909852938527,0.5475271813544803,0.0567993295694571,0.6030926096343723,-0.2463909852938527,0.0286849802329452,0.3707429229460241,0.5475271813544803,0.6731176092059282,0.8147392000212617,0.0567993295694571,-0.1284305621264288,-0.2572807107318137,0.0161923208089406,8.241328561780047e-05,0.0056451345932213,0.0104647729301014,downstairs,wiktor
1672842718840193700,-0.2592294653921977,0.4412715029817798,0.2014698029225326,0.55000957860838,-0.2592294653921977,-0.2463909852938527,0.0286849802329452,0.4412715029817798,0.5475271813544803,0.6731176092059282,0.2014698029225326,0.0567993295694571,-0.1284305621264288,0.01879396702858,0.0162518636122801,0.0018871417280257,0.0006549616882741,downstairs,wiktor
1672842718850193700,-0.0789415644543914,0.3798363057732462,0.2376626665360735,0.4549625620279219,-0.0789415644543914,-0.2592294653921977,-0.2463909852938527,0.3798363057732462,0.4412715029817798,0.5475271813544803,0.2376626665360735,0.2014698029225326,0.0567993295694571,0.0122396296191906,0.011020999155852,0.0002212572738081,0.0009973731895303,downstairs,wiktor
1672842718860193700,0.0695239140640306,0.3588002760238765,0.1930000828774809,0.4133040584028993,0.0695239140640306,-0.0789415644543914,-0.2592294653921977,0.3588002760238765,0.3798363057732462,0.4412715029817798,0.1930000828774809,0.2376626665360735,0.2014698029225326,0.0141759647107466,0.0020831826250456,9.756408142684946e-05,0.0119952180042742,downstairs,wiktor
1672842718870193700,0.1340713016958412,0.3727691042801655,0.0381116197546633,0.3979753944712891,0.1340713016958412,0.0695239140640306,-0.0789415644543914,0.3727691042801655,0.3588002760238765,0.3798363057732462,0.0381116197546633,0.1930000828774809,0.2376626665360735,0.0137324033535095,0.0010795011449311,0.0021788738259799,0.0104740283825984,downstairs,wiktor
1672842718880193700,0.180536366958491,0.438782342740037,-0.1066228155577282,0.4863041732213117,0.180536366958491,0.1340713016958412,0.0695239140640306,0.438782342740037,0.3727691042801655,0.3588002760238765,-0.1066228155577282,0.0381116197546633,0.1930000828774809,0.0084455785740985,0.001115528264532,0.002604852243212,0.0047251980663543,downstairs,wiktor
1672842718890193700,0.2277704280697715,0.5109606253908735,-0.2038359634992942,0.595406775758057,0.2277704280697715,0.180536366958491,0.1340713016958412,0.5109606253908735,0.438782342740037,0.3727691042801655,-0.2038359634992942,-0.1066228155577282,0.0381116197546633,0.0020278304787619,0.0001104779309237,0.0001838838689327,0.0017334686789054,downstairs,wiktor
1672842718900193700,0.2426350122162439,0.5301378967782607,-0.262716667960186,0.6394825927089473,0.2426350122162439,0.2277704280697715,0.180536366958491,0.5301378967782607,0.5109606253908735,0.438782342740037,-0.262716667960186,-0.2038359634992942,-0.1066228155577282,0.0002480081323003,1.6364206275275709e-07,0.000198081867888,4.976262234951471e-05,downstairs,wiktor
1672842718910193700,0.243207099731844,0.510234034445132,-0.272692901953985,0.6275746027702339,0.243207099731844,0.2426350122162439,0.2277704280697715,0.510234034445132,0.5301378967782607,0.5109606253908735,-0.272692901953985,-0.262716667960186,-0.2038359634992942,0.0031914377369264,4.294279405453595e-05,0.0026126707664804,0.0005358241763914,downstairs,wiktor
1672842718920193700,0.2524745474985742,0.4379475105768415,-0.2399568613750921,0.5595719028650811,0.2524745474985742,0.243207099731844,0.2426350122162439,0.4379475105768415,0.510234034445132,0.5301378967782607,-0.2399568613750921,-0.272692901953985,-0.262716667960186,0.0068598000046078,5.822497664279215e-05,0.0037777058097121,0.0030238692182529,downstairs,wiktor
1672842718930193700,0.2632657454527211,0.3510256397995498,-0.1621896546841877,0.4677962554489254,0.2632657454527211,0.2524745474985742,0.243207099731844,0.3510256397995498,0.4379475105768415,0.510234034445132,-0.1621896546841877,-0.2399568613750921,-0.272692901953985,0.0084088085562702,1.6779695220144762e-05,0.0037029265589958,0.0046891023020541,downstairs,wiktor
1672842718940193700,0.2690587921848206,0.264968373296414,-0.0653485239384741,0.3832379183747866,0.2690587921848206,0.2632657454527211,0.2524745474985742,0.264968373296414,0.3510256397995498,0.4379475105768415,-0.0653485239384741,-0.1621896546841877,-0.2399568613750921,0.0067169766899243,0.0003150568500176,0.0030521845605993,0.0033497352793073,downstairs,wiktor
1672842718950193700,0.2941608578375765,0.1868379111116894,0.0165017696383647,0.3488715002884531,0.2941608578375765,0.2690587921848206,0.2632657454527211,0.1868379111116894,0.264968373296414,0.3510256397995498,0.0165017696383647,-0.0653485239384741,-0.1621896546841877,0.0011982851618885,0.000857539157592,0.0003308485290896,9.897475206886449e-06,downstairs,wiktor
1672842718960193700,0.3355743618572084,0.1611144382089253,0.0120526179873448,0.3724423178635842,0.3355743618572084,0.2941608578375765,0.2690587921848206,0.1611144382089253,0.1868379111116894,0.264968373296414,0.0120526179873448,0.0165017696383647,-0.0653485239384741,0.0065421972068416,0.0006304931861451,0.0004747950542597,0.0054369089664366,downstairs,wiktor
1672842718970193700,0.3710847317833355,0.1919298581885319,-0.0922249823536359,0.4278392174603778,0.3710847317833355,0.3355743618572084,0.2941608578375765,0.1919298581885319,0.1611144382089253,0.1868379111116894,-0.0922249823536359,0.0120526179873448,0.0165017696383647,0.0113716434408433,0.0004652214428037,0.004755785867604,0.0061506361304355,downstairs,wiktor
1672842718980193700,0.4015878936785816,0.2894571453199195,-0.20313608306439,0.5350911544481927,0.4015878936785816,0.3710847317833355,0.3355743618572084,0.2894571453199195,0.1919298581885319,0.1611144382089253,-0.20313608306439,-0.0922249823536359,0.0120526179873448,0.0069757347808882,0.0006148690344658,0.0037287134279409,0.0026321523184813,downstairs,wiktor
1672842718990193700,0.4366555150540293,0.3758135397321572,-0.2756916110203131,0.6386781034763044,0.4366555150540293,0.4015878936785816,0.3710847317833355,0.3758135397321572,0.2894571453199195,0.1919298581885319,-0.2756916110203131,-0.20313608306439,-0.0922249823536359,0.004723417565164,9.002732967231151e-05,0.0020565692951717,0.0025768209403199,downstairs,wiktor
1672842719000193700,0.4500739597979116,0.4399472951994888,-0.3474804811927846,0.71893176077531,0.4500739597979116,0.4366555150540293,0.4015878936785816,0.4399472951994888,0.3758135397321572,0.2894571453199195,-0.3474804811927846,-0.2756916110203131,-0.20313608306439,0.0050010882901059,0.0004051488641773,0.0016663541251158,0.0029295853008127,downstairs,wiktor
1672842719010193700,0.4216082307829249,0.4976769084861863,-0.4240257005185238,0.7779676087116357,0.4216082307829249,0.4500739597979116,0.4366555150540293,0.4976769084861863,0.4399472951994888,0.3758135397321572,-0.4240257005185238,-0.3474804811927846,-0.2756916110203131,0.0147784120909936,0.0130652261871867,0.0013203374492,0.0003928484546068,downstairs,wiktor
1672842719020193700,0.2599590663113031,0.5490644059773082,-0.4520559860899151,0.7572351369478204,0.2599590663113031,0.4216082307829249,0.4500739597979116,0.5490644059773082,0.4976769084861863,0.4399472951994888,-0.4520559860899151,-0.4240257005185238,-0.3474804811927846,0.021486218106348,0.0201265234239785,0.0010122684637992,0.0003474262185702,downstairs,wiktor
1672842719030193700,0.0593274465502169,0.5940592604342181,-0.4256959322747097,0.7332415547260352,0.0593274465502169,0.2599590663113031,0.4216082307829249,0.5940592604342181,0.5490644059773082,0.4976769084861863,-0.4256959322747097,-0.4520559860899151,-0.4240257005185238,0.0235766165294401,0.0024791404008577,0.0078680864337492,0.0132293896948331,downstairs,wiktor
1672842719040193700,0.1297425074513868,0.7195031637037611,-0.263034383684804,0.7769845608633026,0.1297425074513868,0.0593274465502169,0.2599590663113031,0.7195031637037611,0.5940592604342181,0.5490644059773082,-0.263034383684804,-0.4256959322747097,-0.4520559860899151,0.2525535463045188,0.1532081312932788,0.064007468270047,0.0353379467411929,downstairs,wiktor
1672842719050193700,0.6832912971588142,1.0772949139441683,0.002814997511365,1.2757191119497808,0.6832912971588142,0.1297425074513868,0.0593274465502169,1.0772949139441683,0.7195031637037611,0.5940592604342181,0.002814997511365,-0.263034383684804,-0.4256959322747097,0.2000538178613295,0.0174990811287947,0.180861762361218,0.0016929743713167,downstairs,wiktor
1672842719060193700,0.8703692548598473,1.6787294695879529,0.0610039031775949,1.891929371850661,0.8703692548598473,0.6832912971588142,0.1297425074513868,1.6787294695879529,1.0772949139441683,0.7195031637037611,0.0610039031775949,0.002814997511365,-0.263034383684804,0.5515901409830438,0.3044395824950875,0.238045346422497,0.0091052120654592,downstairs,wiktor
1672842719070193700,0.090062158268912,2.36872272523977,-0.0739421013239037,2.371587227104998,0.090062158268912,0.8703692548598473,0.6832912971588142,2.36872272523977,1.6787294695879529,1.0772949139441683,-0.0739421013239037,0.0610039031775949,0.002814997511365,0.2321898655338729,0.0786067166279345,0.1239243689244962,0.0296587799814421,downstairs,wiktor
1672842719080193700,-0.3064393338542185,2.866566815140406,-0.3174940669552333,2.900329783584791,-0.3064393338542185,0.090062158268912,0.8703692548598473,2.866566815140406,2.36872272523977,1.6787294695879529,-0.3174940669552333,-0.0739421013239037,0.0610039031775949,0.3292860914911375,0.2905646609368104,0.0127896139963089,0.0259318165580182,downstairs,wiktor
1672842719090193700,0.4558790523031801,2.7066317408364315,-0.5452299515145984,2.7983846752833514,0.4558790523031801,-0.3064393338542185,0.090062158268912,2.7066317408364315,2.866566815140406,2.36872272523977,-0.5452299515145984,-0.3174940669552333,-0.0739421013239037,0.5874426856656216,0.0001809437989572,0.5859503896387165,0.0013113522279479,downstairs,wiktor
1672842719100193700,0.4368557088033001,1.6240880792331531,-0.494017604801175,1.7528714708371396,0.4368557088033001,0.4558790523031801,-0.3064393338542185,1.6240880792331531,2.7066317408364315,2.866566815140406,-0.494017604801175,-0.5452299515145984,-0.3174940669552333,0.5356611085961245,0.0968243693788971,0.4037427437573882,0.0350939954598391,downstairs,wiktor
1672842719110193700,-0.00319967266339,0.7254861164516466,-0.2290874424570618,0.7608031278594762,-0.00319967266339,0.4368557088033001,0.4558790523031801,0.7254861164516466,1.6240880792331531,2.7066317408364315,-0.2290874424570618,-0.494017604801175,-0.5452299515145984,0.0944467248428089,7.752459074466861e-05,0.0906871349476926,0.0036820653043716,downstairs,wiktor
1672842719120193700,0.0092522019540856,0.2996055347208223,-0.1432729296474948,0.3322291559242281,0.0092522019540856,-0.00319967266339,0.4368557088033001,0.2996055347208223,0.7254861164516466,1.6240880792331531,-0.1432729296474948,-0.2290874424570618,-0.494017604801175,0.022001559244607,2.032901465520031e-05,0.0217951125202618,0.0001861177096899,downstairs,wiktor
1672842719130193700,0.0156285668519252,0.0908228126374952,-0.1239795261276429,0.1544796371566996,0.0156285668519252,0.0092522019540856,-0.00319967266339,0.0908228126374952,0.2996055347208223,0.7254861164516466,-0.1239795261276429,-0.1432729296474948,-0.2290874424570618,0.0006692406955033,0.0004328590372214,0.0001144819367661,0.0001218997215157,downstairs,wiktor
1672842719140193700,-0.0137945205870736,0.1059543648887433,-0.108365447767664,0.1521830690553008,-0.0137945205870736,0.0156285668519252,0.0092522019540856,0.1059543648887433,0.0908228126374952,0.2996055347208223,-0.108365447767664,-0.1239795261276429,-0.1432729296474948,0.0505173334510017,0.0003934784062271,0.0488718818608398,0.0012519731839346,downstairs,wiktor
1672842719150193700,-0.0418472711198537,0.4185943554876424,-0.0583259996505103,0.4247050161953878,-0.0418472711198537,-0.0137945205870736,0.0156285668519252,0.4185943554876424,0.1059543648887433,0.0908228126374952,-0.0583259996505103,-0.108365447767664,-0.1239795261276429,0.1183562313730519,0.0021639657151107,0.1154864024336134,0.0007058632243277,downstairs,wiktor
1672842719160193700,-0.1076342867857243,0.8991906568334049,-0.0207530512879525,0.9058474850470812,-0.1076342867857243,-0.0418472711198537,-0.0137945205870736,0.8991906568334049,0.4185943554876424,0.1059543648887433,-0.0207530512879525,-0.0583259996505103,-0.108365447767664,0.0812812446046458,0.0006895532104817,0.0805643340238754,2.7357370288710985e-05,downstairs,wiktor
1672842719170193700,-0.1447706089106129,1.300599012560775,-0.0133561099891844,1.30869962418901,-0.1447706089106129,-0.1076342867857243,-0.0418472711198537,1.300599012560775,0.8991906568334049,0.4185943554876424,-0.0133561099891844,-0.0207530512879525,-0.0583259996505103,0.0488885048399619,0.0004114396487224,0.0484089754399641,6.80897512753533e-05,downstairs,wiktor
1672842719180193700,-0.1734564816957457,1.6117548431022068,-0.0016865126289192,1.621062512560985,-0.1734564816957457,-0.1447706089106129,-0.1076342867857243,1.6117548431022068,1.300599012560775,0.8991906568334049,-0.0016865126289192,-0.0133561099891844,-0.0207530512879525,0.0132208016905314,0.0001717874179255,0.0130472702868597,1.743985746105311e-06,downstairs,wiktor
1672842719190193700,-0.1549207099057424,1.7732928899324183,-0.0035541238015702,1.7800507665902576,-0.1549207099057424,-0.1734564816957457,-0.1447706089106129,1.7732928899324183,1.6117548431022068,1.300599012560775,-0.0035541238015702,-0.0016865126289192,-0.0133561099891844,0.0092728389267092,0.0079341000120602,0.0001957154605786,0.0011430234540703,downstairs,wiktor
1672842719200193700,-0.0289516659936746,1.7535082766898669,-0.0513667466970003,1.7544993639354531,-0.0289516659936746,-0.1549207099057424,-0.1734564816957457,1.7535082766898669,1.7732928899324183,1.6117548431022068,-0.0513667466970003,-0.0035541238015702,-0.0016865126289192,0.0342657634753681,0.0047162677736642,0.0241269833496263,0.0054225123520774,downstairs,wiktor
1672842719210193700,0.0681695754899912,1.5338404212825434,-0.1555061950542625,1.5432095469128453,0.0681695754899912,-0.0289516659936746,-0.1549207099057424,1.5338404212825434,1.7535082766898669,1.7732928899324183,-0.1555061950542625,-0.0513667466970003,-0.0035541238015702,0.0481795633112112,0.0002596747635324,0.0463631503112543,0.0015567382364245,downstairs,wiktor
1672842719220193700,0.0453803340136958,1.2293304861038885,-0.2113047297379709,1.2481836834333535,0.0453803340136958,0.0681695754899912,-0.0289516659936746,1.2293304861038885,1.5338404212825434,1.7535082766898669,-0.2113047297379709,-0.1555061950542625,-0.0513667466970003,0.0223060206429044,0.0019310906496172,0.0203723927121452,2.537281141973749e-06,downstairs,wiktor
1672842719230193700,-0.0167661164017099,1.027477110050154,-0.2135574086507206,1.0495699505634786,-0.0167661164017099,0.0453803340136958,0.0681695754899912,1.027477110050154,1.2293304861038885,1.5338404212825434,-0.2135574086507206,-0.2113047297379709,-0.1555061950542625,0.0050179679564422,0.0002231195084463,0.0047896740579847,5.174390011143904e-06,downstairs,wiktor
1672842719240193700,-0.0378904866146348,0.9296029657832972,-0.216774360627715,0.9552949735000968,-0.0378904866146348,-0.0167661164017099,0.0453803340136958,0.9296029657832972,1.027477110050154,1.2293304861038885,-0.216774360627715,-0.2135574086507206,-0.2113047297379709,0.0002491707380908,7.418017156033397e-05,0.0001708553163737,4.135250156795792e-06,downstairs,wiktor
1672842719250193700,-0.0500708126825473,0.9111175490244698,-0.2138985128720799,0.9372272127034806,-0.0500708126825473,-0.0378904866146348,-0.0167661164017099,0.9111175490244698,0.9296029657832972,1.027477110050154,-0.2138985128720799,-0.216774360627715,-0.2135574086507206,0.0011744237837676,1.71334885304063e-05,0.000193408614436,0.0009638816808011,downstairs,wiktor
1672842719260193700,-0.0442170124586916,0.9307852186594832,-0.1699922108004821,0.9472136080096136,-0.0442170124586916,-0.0500708126825473,-0.0378904866146348,0.9307852186594832,0.9111175490244698,0.9296029657832972,-0.1699922108004821,-0.2138985128720799,-0.216774360627715,0.0057292562884672,0.0009828149507995,0.0011945512814697,0.0035518900561978,downstairs,wiktor
1672842719270193700,0.0001184124473482,0.9796636654733868,-0.0857082852132402,0.9834057258448587,0.0001184124473482,-0.0442170124586916,-0.0500708126825473,0.9796636654733868,0.9307852186594832,0.9111175490244698,-0.0857082852132402,-0.1699922108004821,-0.2138985128720799,0.005716226084775,0.0020750377837976,0.0001243102989601,0.0035168780020172,downstairs,wiktor
1672842719280193700,0.0645394925965926,0.9954313729136076,-0.0018407944672162,0.997523108910047,0.0645394925965926,0.0001184124473482,-0.0442170124586916,0.9954313729136076,0.9796636654733868,0.9307852186594832,-0.0018407944672162,-0.0857082852132402,-0.1699922108004821,0.0031610697918411,0.0012706987141429,6.245297934550816e-06,0.0018841257797636,downstairs,wiktor
1672842719290193700,0.1149517671761624,0.9918971692028544,0.0595452915745508,1.0003097244345156,0.1149517671761624,0.0645394925965926,0.0001184124473482,0.9918971692028544,0.9954313729136076,0.9796636654733868,0.0595452915745508,-0.0018407944672162,-0.0857082852132402,0.0009456545489395,0.0001714631018612,0.0001567901339532,0.000617401313125,downstairs,wiktor
1672842719300193700,0.1334700339342153,0.9741889714428752,0.0946850500576439,0.9878378716893508,0.1334700339342153,0.1149517671761624,0.0645394925965926,0.9741889714428752,0.9918971692028544,0.9954313729136076,0.0946850500576439,0.0595452915745508,-0.0018407944672162,0.0006654801562115,1.0011384975771778e-06,0.00064578351399,1.869550372390032e-05,downstairs,wiktor
1672842719310193700,0.1320550155614885,0.9382505932382292,0.1007998687342525,0.952844854309282,0.1320550155614885,0.1334700339342153,0.1149517671761624,0.9382505932382292,0.9741889714428752,0.9918971692028544,0.1007998687342525,0.0946850500576439,0.0595452915745508,0.0014825458141174,9.52590056786108e-05,0.0013800348109501,7.251997488703407e-06,downstairs,wiktor
1672842719320193700,0.1182521893524391,0.885714228481041,0.0969914576512145,0.8988217941715244,0.1182521893524391,0.1320550155614885,0.1334700339342153,0.885714228481041,0.9382505932382292,0.9741889714428752,0.0969914576512145,0.1007998687342525,0.0946850500576439,0.0021773376029832,0.0002463093433163,0.0018591962244029,7.183203526399424e-05,downstairs,wiktor
1672842719330193700,0.0960571744474513,0.8247356055972319,0.0850054628853225,0.8346506626265919,0.0960571744474513,0.1182521893524391,0.1320550155614885,0.8247356055972319,0.885714228481041,0.9382505932382292,0.0850054628853225,0.0969914576512145,0.1007998687342525,0.00201324932014,0.0001816272980664,0.0017453850593365,8.623696273699962e-05,downstairs,wiktor
1672842719340193700,0.0769979353195927,0.7656528659969634,0.071872530026513,0.7728639296960728,0.0769979353195927,0.0960571744474513,0.1182521893524391,0.7656528659969634,0.8247356055972319,0.885714228481041,0.071872530026513,0.0850054628853225,0.0969914576512145,0.0010211004846797,4.758938123082422e-05,0.0009730269977375,4.84105711354123e-07,downstairs,wiktor
1672842719350193700,0.0867538956752752,0.7215387639945985,0.0708885526778366,0.730184643266652,0.0867538956752752,0.0769979353195927,0.0960571744474513,0.7215387639945985,0.7656528659969634,0.8247356055972319,0.0708885526778366,0.071872530026513,0.0850054628853225,0.0012408885366181,0.0002520322137561,0.0009857778928413,3.0784300206431264e-06,downstairs,wiktor
1672842719360193700,0.1092052748648117,0.6771365592556149,0.068407250591978,0.6892889552810095,0.1092052748648117,0.0867538956752752,0.0769979353195927,0.6771365592556149,0.7215387639945985,0.7656528659969634,0.068407250591978,0.0708885526778366,0.071872530026513,0.0018906438715469,0.0002058883088862,0.0012888155387424,0.0003959400239182,downstairs,wiktor
1672842719370193700,0.0889129951069228,0.6263661832723231,0.0402668872710011,0.6339254991373329,0.0889129951069228,0.1092052748648117,0.0867538956752752,0.6263661832723231,0.6771365592556149,0.7215387639945985,0.0402668872710011,0.068407250591978,0.0708885526778366,0.0015450356202262,0.0006137374117504,4.862591630905904e-05,0.0008826722921667,downstairs,wiktor
1672842719380193700,0.0538776583238834,0.6165045488936758,-0.0017491166362422,0.6188567849527603,0.0538776583238834,0.0889129951069228,0.1092052748648117,0.6165045488936758,0.6263661832723231,0.6771365592556149,-0.0017491166362422,0.0402668872710011,0.068407250591978,0.0013806248982006,8.967399211796763e-05,0.0002472555100416,0.0010436953960409,downstairs,wiktor
1672842719390193700,0.067269744951289,0.638742152633362,-0.0474370887085718,0.6440240938984019,0.067269744951289,0.0538776583238834,0.0889129951069228,0.638742152633362,0.6165045488936758,0.6263661832723231,-0.0474370887085718,-0.0017491166362422,0.0402668872710011,0.0020960418126319,0.0003946392365263,0.0007680134440236,0.000933389132082,downstairs,wiktor
1672842719400193700,0.0953638452759596,0.6779343315476203,-0.0906433181687324,0.6905833997464564,0.0953638452759596,0.067269744951289,0.0538776583238834,0.6779343315476203,0.638742152633362,0.6165045488936758,-0.0906433181687324,-0.0474370887085718,-0.0017491166362422,0.0028477905594305,0.0002387602365038,0.0018594572378451,0.0007495730850815,downstairs,wiktor
1672842719410193700,0.1172160871062097,0.7389172346901425,-0.1293621271659522,0.7592580923134884,0.1172160871062097,0.0953638452759596,0.067269744951289,0.7389172346901425,0.6779343315476203,0.638742152633362,-0.1293621271659522,-0.0906433181687324,-0.0474370887085718,0.0059503693737349,0.0001939715010755,0.0043334875169026,0.0014229103557567,downstairs,wiktor
1672842719420193700,0.1369123558429786,0.8320138244977469,-0.182708361442736,0.8627713154010925,0.1369123558429786,0.1172160871062097,0.0953638452759596,0.8320138244977469,0.7389172346901425,0.6779343315476203,-0.182708361442736,-0.1293621271659522,-0.0906433181687324,0.0045342841638468,0.000507216253964,0.0032172182741702,0.0008098496357125,downstairs,wiktor
1672842719430193700,0.1050621987330353,0.912228764180704,-0.2229538490335845,0.9449379887591378,0.1050621987330353,0.1369123558429786,0.1172160871062097,0.912228764180704,0.8320138244977469,0.7389172346901425,-0.2229538490335845,-0.182708361442736,-0.1293621271659522,0.0054117797077723,0.0029399015173137,0.0022207656921527,0.0002511124983058,downstairs,wiktor
1672842719440193700,0.0283823250070859,0.978873579315158,-0.2453642260186261,1.0095556666493417,0.0283823250070859,0.1050621987330353,0.1369123558429786,0.978873579315158,0.912228764180704,0.8320138244977469,-0.2453642260186261,-0.2229538490335845,-0.182708361442736,0.0027709705868978,0.000636509115147,0.002131061405467,3.4000662837583406e-06,downstairs,wiktor
1672842719450193700,-0.0072970560174503,1.0441585148740915,-0.2427565196380079,1.072031239767456,-0.0072970560174503,0.0283823250070859,0.1050621987330353,1.0441585148740915,0.978873579315158,0.912228764180704,-0.2427565196380079,-0.2453642260186261,-0.2229538490335845,0.002524055146505,5.904249784559755e-07,0.0020713283332038,0.0004521363883227,downstairs,wiktor
1672842719460193700,-0.0083837252205254,1.1085219879501125,-0.2126853910152652,1.12877205855246,-0.0083837252205254,-0.0072970560174503,0.0283823250070859,1.1085219879501125,1.0441585148740915,0.978873579315158,-0.2126853910152652,-0.2427565196380079,-0.2453642260186261,0.0030382034988927,0.0008664311746876,0.0013477198145403,0.0008240525096647,downstairs,wiktor
1672842719470193700,0.0332439380501326,1.1604396114423403,-0.1720885312927521,1.1736011732373255,0.0332439380501326,-0.0083837252205254,-0.0072970560174503,1.1604396114423403,1.1085219879501125,1.0441585148740915,-0.1720885312927521,-0.2126853910152652,-0.2427565196380079,0.0032976252539177,0.0029162561786207,0.0001752744253406,0.0002060946499563,downstairs,wiktor
1672842719480193700,0.1096148248934943,1.1791625612815426,-0.1517860856294188,1.19393415712726,0.1096148248934943,0.0332439380501326,-0.0083837252205254,1.1791625612815426,1.1604396114423403,1.1085219879501125,-0.1517860856294188,-0.1720885312927521,-0.2126853910152652,0.0001295413841031,8.474897444351044e-06,0.000121038525363,2.796129576260178e-08,downstairs,wiktor
1672842719490193700,0.1054978120335797,1.1947213867746884,-0.1520225652089288,1.208966434891147,0.1054978120335797,0.1096148248934943,0.0332439380501326,1.1947213867746884,1.1791625612815426,1.1604396114423403,-0.1520225652089288,-0.1517860856294188,-0.1720885312927521,0.004611600747449,0.0040625743932097,0.0004952681432261,5.375821101302926e-05,downstairs,wiktor
1672842719500193700,0.0153582048321969,1.2261941732171435,-0.1623915777957693,1.2369959779345854,0.0153582048321969,0.1054978120335797,0.1096148248934943,1.2261941732171435,1.1947213867746884,1.1791625612815426,-0.1623915777957693,-0.1520225652089288,-0.1517860856294188,0.0079992414088625,0.0075230178961223,0.0004110298548339,6.519365790629082e-05,downstairs,wiktor
1672842719510193700,-0.1073040786629534,1.2548657568788075,-0.173810304336526,1.2713820255840824,-0.1073040786629534,0.0153582048321969,0.1054978120335797,1.2548657568788075,1.2261941732171435,1.1947213867746884,-0.173810304336526,-0.1623915777957693,-0.1520225652089288,0.0018761385275906,0.0016198939139812,0.0002539573972658,2.287216343582951e-06,downstairs,wiktor
1672842719520193700,-0.1642232127740977,1.2774027219480375,-0.1759490966796875,1.2998788644625698,-0.1642232127740977,-0.1073040786629534,0.0153582048321969,1.2774027219480375,1.2548657568788075,1.2261941732171435,-0.1759490966796875,-0.173810304336526,-0.1623915777957693,0.0007168464018721,0.0003708855787996,0.0003387315052466,7.22931782591206e-06,downstairs,wiktor
1672842719530193700,-0.1369877366886829,1.3034308415592064,-0.1721466454108578,1.321866886738994,-0.1369877366886829,-0.1642232127740977,-0.1073040786629534,1.3034308415592064,1.2774027219480375,1.2548657568788075,-0.1721466454108578,-0.1759490966796875,-0.173810304336526,0.0082230133342223,0.0072785336296531,0.0006205975233278,0.0003238821812413,downstairs,wiktor
1672842719540193700,-0.0163350646946228,1.3386614397184164,-0.1466954300669354,1.3467742326500325,-0.0163350646946228,-0.1369877366886829,-0.1642232127740977,1.3386614397184164,1.3034308415592064,1.2774027219480375,-0.1466954300669354,-0.1721466454108578,-0.1759490966796875,0.0126175522956126,0.0095585749325295,0.0010156096906931,0.0020433676723899,downstairs,wiktor
1672842719550193700,0.1219297170289205,1.3837304909774155,-0.082767851160959,1.391555764150742,0.1219297170289205,-0.0163350646946228,-0.1369877366886829,1.3837304909774155,1.3386614397184164,1.3034308415592064,-0.082767851160959,-0.1466954300669354,-0.1721466454108578,0.0130592267937354,0.0066940055170329,0.0008228592811639,0.0055423619955385,downstairs,wiktor
1672842719560193700,0.2376362900231367,1.4242979479143243,0.0225161646775204,1.4441615659062184,0.2376362900231367,0.1219297170289205,-0.0163350646946228,1.4242979479143243,1.3837304909774155,1.3386614397184164,0.0225161646775204,-0.082767851160959,-0.1466954300669354,0.0111937116935254,0.00335813557979,0.0003308055665938,0.0075047705471415,downstairs,wiktor
1672842719570193700,0.3195891493971697,1.4500197505958574,0.1450295969789749,1.491887423879685,0.3195891493971697,0.2376362900231367,0.1219297170289205,1.4500197505958574,1.4242979479143243,1.3837304909774155,0.1450295969789749,0.0225161646775204,-0.082767851160959,0.00641497361261,0.0013306434656975,0.000344792358027,0.0047395377888853,downstairs,wiktor
1672842719580193700,0.371176811986157,1.4762796956844155,0.2423901412346987,1.5414042124679872,0.371176811986157,0.3195891493971697,0.2376362900231367,1.4762796956844155,1.4500197505958574,1.4242979479143243,0.2423901412346987,0.1450295969789749,0.0225161646775204,0.0044644280261137,0.0011990499266906,0.0007807423510662,0.0024846357483568,downstairs,wiktor
1672842719590193700,0.4201472097115313,1.51579532173453,0.3128832011534858,1.603762773225743,0.4201472097115313,0.371176811986157,0.3195891493971697,1.51579532173453,1.4762796956844155,1.4500197505958574,0.3128832011534858,0.2423901412346987,0.1450295969789749,0.0035764912983753,0.0003304495487922,0.0007194848539705,0.0025265568956125,downstairs,wiktor
1672842719600193700,0.4458551675764516,1.5537290759376297,0.383968458353731,1.661412847211423,0.4458551675764516,0.4201472097115313,0.371176811986157,1.5537290759376297,1.51579532173453,1.4762796956844155,0.383968458353731,0.3128832011534858,0.2423901412346987,0.0038017169790547,4.623444444139302e-06,2.7771892478275943e-05,0.0037693216421323,downstairs,wiktor
1672842719610193700,0.4488960373349711,1.546276305650243,0.470793819189518,1.67753536056247,0.4488960373349711,0.4458551675764516,0.4201472097115313,1.546276305650243,1.5537290759376297,1.51579532173453,0.470793819189518,0.383968458353731,0.3128832011534858,0.0056968688311032,4.440077063899828e-05,0.0022738522967571,0.003378615763707,downstairs,wiktor
1672842719620193700,0.439472580364305,1.4788396346654271,0.5529962007086329,1.638873885308939,0.439472580364305,0.4488960373349711,0.4458551675764516,1.4788396346654271,1.546276305650243,1.5537290759376297,0.5529962007086329,0.470793819189518,0.383968458353731,0.008322528063024,0.0003608791545239,0.0079614503528606,1.985556394965978e-07,downstairs,wiktor
1672842719630193700,0.4126070204585852,1.3526536580050972,0.5536263683680642,1.518689773323931,0.4126070204585852,0.439472580364305,0.4488960373349711,1.3526536580050972,1.4788396346654271,1.546276305650243,0.5536263683680642,0.5529962007086329,0.470793819189518,0.0130137485121012,1.292514455769256e-06,0.0086986434633252,0.0043138125343202,downstairs,wiktor
1672842719640193700,0.4109992179484682,1.2207548827012662,0.4607413584437474,1.368007836298398,0.4109992179484682,0.4126070204585852,0.439472580364305,1.2207548827012662,1.3526536580050972,1.4788396346654271,0.4607413584437474,0.5536263683680642,0.5529962007086329,0.0071152029250658,0.0002680294670693,0.0008386882245211,0.0060084852334753,downstairs,wiktor
1672842719650193700,0.4341521645026054,1.1797990961865097,0.3511194150795166,1.305258155672886,0.4341521645026054,0.4109992179484682,0.4126070204585852,1.1797990961865097,1.2207548827012662,1.3526536580050972,0.3511194150795166,0.4607413584437474,0.5536263683680642,0.0033099680606418,0.0007666281370813,0.0001570126132128,0.0023863273103476,downstairs,wiktor
1672842719660193700,0.4733089809483117,1.1975198531236633,0.2820350129275448,1.3181877478525923,0.4733089809483117,0.4341521645026054,0.4109992179484682,1.1975198531236633,1.1797990961865097,1.2207548827012662,0.2820350129275448,0.3511194150795166,0.4607413584437474,0.0059024197088817,0.001467863934716,0.001271430439815,0.0031631253343506,downstairs,wiktor
1672842719670193700,0.5274913384960612,1.247946640445781,0.2024972818265054,1.3698989301168905,0.5274913384960612,0.4733089809483117,0.4341521645026054,1.247946640445781,1.1975198531236633,1.1797990961865097,0.2024972818265054,0.2820350129275448,0.3511194150795166,0.0047732159032868,6.240515460491391e-06,0.0015391511549605,0.0032278242328657,downstairs,wiktor
1672842719680193700,0.5239584882415241,1.3034290909136643,0.1221502316894185,1.4100994899446433,0.5239584882415241,0.5274913384960612,0.4733089809483117,1.3034290909136643,1.247946640445781,1.1975198531236633,0.1221502316894185,0.2024972818265054,0.2820350129275448,0.0079621046494809,0.0046124429624563,0.001927164776112,0.0014224969109125,downstairs,wiktor
1672842719690193700,0.4279122185330515,1.3655123378666405,0.0688117481918059,1.432643664113693,0.4279122185330515,0.5239584882415241,0.5274913384960612,1.3655123378666405,1.3034290909136643,1.247946640445781,0.0688117481918059,0.1221502316894185,0.2024972818265054,0.019954257236728,0.0185050354006972,0.0004914246757387,0.0009577971602919,downstairs,wiktor
1672842719700193700,0.2355322018956821,1.396862766116945,0.0250442451720541,1.4168021102856776,0.2355322018956821,0.4279122185330515,0.5239584882415241,1.396862766116945,1.3655123378666405,1.3034290909136643,0.0250442451720541,0.0688117481918059,0.1221502316894185,0.0357742674398691,0.033966310246267,0.0001214557114735,0.0016865014821284,downstairs,wiktor
1672842719710193700,-0.0251066679847218,1.3812771502180727,-0.0330333147306908,1.3819001810456326,-0.0251066679847218,0.2355322018956821,0.4279122185330515,1.3812771502180727,1.396862766116945,1.3655123378666405,-0.0330333147306908,0.0250442451720541,0.0688117481918059,0.0335924180828564,0.0315653850590197,0.0006077691829802,0.0014192638408564,downstairs,wiktor
1672842719720193700,-0.2763650412144304,1.346412578430073,-0.0863111495376048,1.3771906483470884,-0.2763650412144304,-0.0251066679847218,0.2355322018956821,1.346412578430073,1.3812771502180727,1.396862766116945,-0.0863111495376048,-0.0330333147306908,0.0250442451720541,0.0182083818998978,0.0179357792237672,0.0002584999936895,1.4102682441098124e-05,downstairs,wiktor
1672842719730193700,-0.4657629251718138,1.323674944705802,-0.0916220218654052,1.40621657528178,-0.4657629251718138,-0.2763650412144304,-0.0251066679847218,1.323674944705802,1.346412578430073,1.3812771502180727,-0.0916220218654052,-0.0863111495376048,-0.0330333147306908,0.0007449374703931,0.0002428900706503,5.232048409701883e-06,0.000496815351333,downstairs,wiktor
1672842719740193700,-0.4878033457962196,1.3269097703300674,-0.0601001135686954,1.4150101294401918,-0.4878033457962196,-0.4657629251718138,-0.2763650412144304,1.3269097703300674,1.323674944705802,1.346412578430073,-0.0601001135686954,-0.0916220218654052,-0.0863111495376048,0.004900493998244,0.0033585393306683,0.0001494617990212,0.0013924928685544,downstairs,wiktor
1672842719750193700,-0.4058455599468158,1.34419917743507,-0.0073271494951383,1.4041494700584365,-0.4058455599468158,-0.4878033457962196,-0.4657629251718138,1.34419917743507,1.3269097703300674,1.323674944705802,-0.0073271494951383,-0.0601001135686954,-0.0916220218654052,0.0123441534092049,0.0119475846679217,7.895072678497103e-08,0.0003964897905564,downstairs,wiktor
1672842719760193700,-0.251264935883373,1.343801809276343,0.020832743635215,1.36724956530482,-0.251264935883373,-0.4058455599468158,-0.4878033457962196,1.343801809276343,1.34419917743507,1.3269097703300674,0.020832743635215,-0.0073271494951383,-0.0601001135686954,0.0205074598699223,0.0193885141994517,1.5423421434372783e-05,0.0011035222490362,downstairs,wiktor
1672842719770193700,-0.0543460987983863,1.3493558026926828,0.0678119358172069,1.352151263488777,-0.0543460987983863,-0.251264935883373,-0.4058455599468158,1.3493558026926828,1.343801809276343,1.34419917743507,0.0678119358172069,0.020832743635215,-0.0073271494951383,0.0227614987482426,0.0125723182212608,0.0002961152407937,0.009893065286188,downstairs,wiktor
1672842719780193700,0.1042245051688105,1.3250200166649508,0.2084751171134371,1.3453633957024145,0.1042245051688105,-0.0543460987983863,-0.251264935883373,1.3250200166649508,1.3493558026926828,1.343801809276343,0.2084751171134371,0.0678119358172069,0.020832743635215,0.0138903845848549,0.0001844322040935,0.004822017524026,0.0088839348567352,downstairs,wiktor
1672842719790193700,0.1234303482429168,1.226815968642213,0.3417712900272554,1.279499936096049,0.1234303482429168,0.1042245051688105,-0.0543460987983863,1.226815968642213,1.3250200166649508,1.3493558026926828,0.3417712900272554,0.2084751171134371,0.0678119358172069,0.005286661572673,0.0001920398739466,0.0049929317880419,0.0001016899106845,downstairs,wiktor
1672842719800193700,0.1038323955974673,1.126886675759276,0.3275101602904837,1.1780991687768898,0.1038323955974673,0.1234303482429168,0.1042245051688105,1.126886675759276,1.226815968642213,1.3250200166649508,0.3275101602904837,0.3417712900272554,0.2084751171134371,0.0240072236488168,0.0060414384417405,0.0043457818638914,0.0136200033431848,downstairs,wiktor
1672842719810193700,-0.0060897444994263,1.0336581193627354,0.1624646917481158,1.0463655999589176,-0.0060897444994263,0.1038323955974673,0.1234303482429168,1.0336581193627354,1.126886675759276,1.226815968642213,0.1624646917481158,0.3275101602904837,0.3417712900272554,0.0379563629643812,0.0104302465608574,0.0002835641929376,0.0272425522105861,downstairs,wiktor
1672842719820193700,-0.150521365419898,1.009843661865761,-0.0709557538456075,1.0234625649539495,-0.150521365419898,-0.0060897444994263,0.1038323955974673,1.009843661865761,1.0336581193627354,1.126886675759276,-0.0709557538456075,0.1624646917481158,0.3275101602904837,0.0125199526788114,0.0053143385528113,0.0008482935515929,0.0063573205744071,downstairs,wiktor
1672842719830193700,-0.0474258897402025,1.051033309875739,-0.1837149714236588,1.0680222021152914,-0.0474258897402025,-0.150521365419898,-0.0060897444994263,1.051033309875739,1.009843661865761,1.0336581193627354,-0.1837149714236588,-0.0709557538456075,0.1624646917481158,0.1849428528585379,0.1822141845853792,3.4890868444758685e-05,0.0026937774047139,downstairs,wiktor
1672842719840193700,0.5562531385279315,1.0426797635097027,-0.2571149360655292,1.2094241330909536,0.5562531385279315,-0.0474258897402025,-0.150521365419898,1.0426797635097027,1.051033309875739,1.009843661865761,-0.2571149360655292,-0.1837149714236588,-0.0709557538456075,0.0190693686631598,0.0091792829154829,0.0097938551270533,9.62306206235338e-05,downstairs,wiktor
1672842719850193700,0.6917469237395265,0.902723662341848,-0.2432418959788335,1.163009216220729,0.6917469237395265,0.5562531385279315,-0.0474258897402025,0.902723662341848,1.0426797635097027,1.051033309875739,-0.2432418959788335,-0.2571149360655292,-0.1837149714236588,0.1381369892349216,0.1169597424894258,0.0118667685597039,0.0093104781857918,downstairs,wiktor
1672842719860193700,0.2080946881622972,0.7486667341646058,-0.1067832708517144,0.7843519267649254,0.2080946881622972,0.6917469237395265,0.5562531385279315,0.7486667341646058,0.902723662341848,1.0426797635097027,-0.1067832708517144,-0.2432418959788335,-0.2571149360655292,0.2134373822656664,0.1956970324798552,0.0078398216944489,0.0099005280913622,downstairs,wiktor
1672842719870193700,-0.4175202612752225,0.6234483513731885,0.0339329548748322,0.7511074895324998,-0.4175202612752225,0.2080946881622972,0.6917469237395265,0.6234483513731885,0.7486667341646058,0.902723662341848,0.0339329548748322,-0.1067832708517144,-0.2432418959788335,0.0111059781816608,7.30818096562114e-05,0.0060874013838606,0.0049454949881439,downstairs,wiktor
1672842719880193700,-0.4296100759682781,0.5131088626680048,0.1333864112063643,0.6823763309321598,-0.4296100759682781,-0.4175202612752225,0.2080946881622972,0.5131088626680048,0.6234483513731885,0.7486667341646058,0.1333864112063643,0.0339329548748322,-0.1067832708517144,0.050300311697455,0.0460380923366711,0.0041131575222272,0.0001490618385567,downstairs,wiktor
1672842719890193700,-0.1261694974799318,0.4224098271469227,0.1506526695478073,0.4658809193415335,-0.1261694974799318,-0.4296100759682781,-0.4175202612752225,0.4224098271469227,0.5131088626680048,0.6234483513731885,0.1506526695478073,0.1333864112063643,0.0339329548748322,0.0267126067960459,0.0238637086362564,0.0023002019051767,0.0005486962546128,downstairs,wiktor
1672842719900193700,0.0922965577151782,0.3545835504515784,0.117525754369577,0.384786241642105,0.0922965577151782,-0.1261694974799318,-0.4296100759682781,0.3545835504515784,0.4224098271469227,0.5131088626680048,0.117525754369577,0.1506526695478073,0.1333864112063643,0.0069918292107418,0.0011111616160415,1.12737939961556e-05,0.0058693938007041,downstairs,wiktor
1672842719910193700,0.1394380811534719,0.3593319805071137,0.0091800687083186,0.3855473049476762,0.1394380811534719,0.0922965577151782,-0.1261694974799318,0.3593319805071137,0.3545835504515784,0.4224098271469227,0.0091800687083186,0.117525754369577,0.1506526695478073,0.0094420576286413,0.000176983606915,0.0023100621994953,0.0069550118222309,downstairs,wiktor
1672842719920193700,0.1582520975728892,0.4273034774671685,-0.1087606945775863,0.4684665163346824,0.1582520975728892,0.1394380811534719,0.0922965577151782,0.4273034774671685,0.3593319805071137,0.3545835504515784,-0.1087606945775863,0.0091800687083186,0.117525754369577,0.0059627688479919,0.0001232621256266,0.0018976163282108,0.0039418903941544,downstairs,wiktor
1672842719930193700,0.1425510068065372,0.488908937098777,-0.1975513516779191,0.5462410409941624,0.1425510068065372,0.1582520975728892,0.1394380811534719,0.488908937098777,0.4273034774671685,0.3593319805071137,-0.1975513516779191,-0.1087606945775863,0.0091800687083186,0.0006023870436771,3.3756879795640305e-05,5.166577190775093e-06,0.0005634635866907,downstairs,wiktor
1672842719940193700,0.134334331104571,0.4921234595176675,-0.2311210876521791,0.5600430064543939,0.134334331104571,0.1425510068065372,0.1582520975728892,0.4921234595176675,0.488908937098777,0.4273034774671685,-0.2311210876521791,-0.1975513516779191,-0.1087606945775863,0.0007383155422234,0.0003080193992229,0.000364002803637,6.629333936341516e-05,downstairs,wiktor
1672842719950193700,0.1591544600012143,0.4651418804817001,-0.2196064587512188,0.538436725940552,0.1591544600012143,0.134334331104571,0.1425510068065372,0.4651418804817001,0.4921234595176675,0.488908937098777,-0.2196064587512188,-0.2311210876521791,-0.1975513516779191,0.0030506463626937,0.0006983392694896,0.0015260501040885,0.0008262569891156,downstairs,wiktor
1672842719960193700,0.1965266226223312,0.4098960642765152,-0.1789553335732951,0.4885309696662501,0.1965266226223312,0.1591544600012143,0.134334331104571,0.4098960642765152,0.4651418804817001,0.4921234595176675,-0.1789553335732951,-0.2196064587512188,-0.2311210876521791,0.0042163315470781,0.0001077107400389,0.003148619924903,0.0009600008821362,downstairs,wiktor
1672842719970193700,0.2112038662354148,0.3305409141613141,-0.1351375088409733,0.4148813268190416,0.2112038662354148,0.1965266226223312,0.1591544600012143,0.3305409141613141,0.4098960642765152,0.4651418804817001,-0.1351375088409733,-0.1789553335732951,-0.2196064587512188,0.0070588172230889,5.901613517099949e-05,0.0060105675370864,0.0009892335508315,downstairs,wiktor
1672842719980193700,0.2220681319879633,0.2208999771251286,-0.0906575459176171,0.3260825750792438,0.2220681319879633,0.2112038662354148,0.1965266226223312,0.2208999771251286,0.3305409141613141,0.4098960642765152,-0.0906575459176171,-0.1351375088409733,-0.1789553335732951,0.0100757388117187,0.0002585066292547,0.0080525373030468,0.0017646948794171,downstairs,wiktor
1672842719990193700,0.2448060575421868,0.0939942065467435,-0.0312488785463126,0.2640859880495415,0.2448060575421868,0.2220681319879633,0.2112038662354148,0.0939942065467435,0.2208999771251286,0.3305409141613141,-0.0312488785463126,-0.0906575459176171,-0.1351375088409733,0.0022387382219815,0.0002531767127349,0.0016266464698108,0.0003589150394357,downstairs,wiktor
1672842720000193700,0.2673083557685877,0.0369565616127026,-0.0044565274200779,0.2698877639808542,0.2673083557685877,0.2448060575421868,0.2220681319879633,0.0369565616127026,0.0939942065467435,0.2208999771251286,-0.0044565274200779,-0.0312488785463126,-0.0906575459176171,0.000807462044302,0.0002383835354045,0.000314659446879,0.0002544190620184,downstairs,wiktor
1672842720010193700,0.2454733592994099,0.0620427907784853,-0.0270139679671992,0.254629598591077,0.2454733592994099,0.2673083557685877,0.2448060575421868,0.0620427907784853,0.0369565616127026,0.0939942065467435,-0.0270139679671992,-0.0044565274200779,-0.0312488785463126,0.0059236954290925,0.00123972586467,0.0025649554584939,0.0021190141059284,downstairs,wiktor
1672842720020193700,0.1956792659816263,0.1336661872142031,-0.0921141078430624,0.2542479765961054,0.1956792659816263,0.2454733592994099,0.2673083557685877,0.1336661872142031,0.0620427907784853,0.0369565616127026,-0.0921141078430624,-0.0270139679671992,-0.0044565274200779,0.0070604121074626,0.0002388267107088,0.0037374971101029,0.0030840882866509,downstairs,wiktor
1672842720030193700,0.17382398237748,0.2201242361177367,-0.1706518476456689,0.3283161727372933,0.17382398237748,0.1956792659816263,0.2454733592994099,0.2201242361177367,0.1336661872142031,0.0620427907784853,-0.1706518476456689,-0.0921141078430624,-0.0270139679671992,0.0084451095601012,9.27171908218514e-05,0.0057135325849478,0.0026388597843315,downstairs,wiktor
1672842720040193700,0.1874414117106436,0.3270216877706914,-0.2432997627476392,0.4486337500116639,0.1874414117106436,0.17382398237748,0.1956792659816263,0.3270216877706914,0.2201242361177367,0.1336661872142031,-0.2432997627476392,-0.1706518476456689,-0.0921141078430624,0.0091567675320426,0.0016771387596536,0.0042724364840666,0.0032071922883223,downstairs,wiktor
1672842720050193700,0.2453575365750309,0.4194601698446265,-0.3233896158917467,0.5837191092527827,0.2453575365750309,0.1874414117106436,0.17382398237748,0.4194601698446265,0.3270216877706914,0.2201242361177367,-0.3233896158917467,-0.2432997627476392,-0.1706518476456689,0.0041980565434911,3.4338318711542e-07,0.0022619338643927,0.0019357792959112,downstairs,wiktor
1672842720060193700,0.2445288228885078,0.4867198734477913,-0.385611465686031,0.6673730462798166,0.2445288228885078,0.2453575365750309,0.1874414117106436,0.4867198734477913,0.4194601698446265,0.3270216877706914,-0.385611465686031,-0.3233896158917467,-0.2432997627476392,0.0076932813454489,0.0010445185919485,0.0066208266934181,2.7936060082282263e-05,downstairs,wiktor
1672842720070193700,0.1988228365858684,0.6017922566977973,-0.3781367001268603,0.7380188375321525,0.1988228365858684,0.2445288228885078,0.2453575365750309,0.6017922566977973,0.4867198734477913,0.4194601698446265,-0.3781367001268603,-0.385611465686031,-0.3233896158917467,0.0488808438700021,0.0082437332189631,0.0351099010397175,0.0055272096113214,downstairs,wiktor
1672842720080193700,0.3272263662800571,0.8667824491190171,-0.2729967019214063,0.9658758243944078,0.3272263662800571,0.1988228365858684,0.2445288228885078,0.8667824491190171,0.6017922566977973,0.4867198734477913,-0.2729967019214063,-0.3781367001268603,-0.385611465686031,0.1558425633317866,0.0449433035631741,0.0851178231786471,0.0257814365899653,downstairs,wiktor
1672842720090193700,0.6270373185922571,1.279378675904108,-0.045922103650418,1.425515497940726,0.6270373185922571,0.3272263662800571,0.1988228365858684,1.279378675904108,0.8667824491190171,0.6017922566977973,-0.045922103650418,-0.2729967019214063,-0.3781367001268603,0.1184891960815046,0.0075023734772453,0.099905778131144,0.0110810444731152,downstairs,wiktor
1672842720100193700,0.5045434536255137,1.7263815352487526,0.1029472650801253,1.80154251718678,0.5045434536255137,0.6270373185922571,0.3272263662800571,1.7263815352487526,1.279378675904108,0.8667824491190171,0.1029472650801253,-0.045922103650418,-0.2729967019214063,0.350911081427058,0.2252399813069575,0.1243555657725699,0.0013155343475305,downstairs,wiktor
1672842720110193700,-0.1666345872950123,2.225091001316061,0.0516533210412709,2.2319196032552973,-0.1666345872950123,0.5045434536255137,0.6270373185922571,2.225091001316061,1.7263815352487526,1.279378675904108,0.0516533210412709,0.1029472650801253,-0.045922103650418,0.0761015755856399,0.0018407860794489,0.0485805650683028,0.0256802244378881,downstairs,wiktor
1672842720120193700,-0.2273105475997155,2.536797802872597,-0.1749751168825173,2.552964839013136,-0.2273105475997155,-0.1666345872950123,0.5045434536255137,2.536797802872597,2.225091001316061,1.7263815352487526,-0.1749751168825173,0.0516533210412709,0.1029472650801253,0.2524345750025709,0.1942129058799061,0.0091692480403316,0.0490524210823332,downstairs,wiktor
1672842720130193700,0.3959276185613534,2.401378099429327,-0.4881920419754416,2.482278575302664,0.3959276185613534,-0.2273105475997155,-0.1666345872950123,2.401378099429327,2.536797802872597,2.225091001316061,-0.4881920419754416,-0.1749751168825173,0.0516533210412709,0.2801201405113342,0.004163062139146,0.2749723116398073,0.0009847667323808,downstairs,wiktor
1672842720140193700,0.4871752173149216,1.6597955866368428,-0.532571468118213,1.8099429412107364,0.4871752173149216,0.3959276185613534,-0.2273105475997155,1.6597955866368428,2.401378099429327,2.536797802872597,-0.532571468118213,-0.4881920419754416,-0.1749751168825173,0.3490086166384851,0.0407143131416083,0.2962587932489376,0.0120355102479391,downstairs,wiktor
1672842720150193700,0.2018182018356858,0.8900439471466269,-0.3774230859291672,0.9876016404587594,0.2018182018356858,0.4871752173149216,0.3959276185613534,0.8900439471466269,1.6597955866368428,2.401378099429327,-0.3774230859291672,-0.532571468118213,-0.4881920419754416,0.0941408746230735,0.0146056504665307,0.0700196300719793,0.0095155940845634,downstairs,wiktor
1672842720160193700,0.0309050632738377,0.5158257485726416,-0.2394695134160682,0.5695410201927641,0.0309050632738377,0.2018182018356858,0.4871752173149216,0.5158257485726416,0.8900439471466269,1.6597955866368428,-0.2394695134160682,-0.3774230859291672,-0.532571468118213,0.0156618070364852,0.0006474155886672,0.0132192815845644,0.0017951098632535,downstairs,wiktor
1672842720170193700,-0.0050786994162207,0.3532263538347491,-0.1795510711256757,0.3962741946853582,-0.0050786994162207,0.0309050632738377,0.2018182018356858,0.3532263538347491,0.5158257485726416,0.8900439471466269,-0.1795510711256757,-0.2394695134160682,-0.3774230859291672,0.0012290026606206,6.283125445212579e-05,0.0003430945136771,0.0008230768924914,downstairs,wiktor
1672842720180193700,0.0061312296158584,0.3794215638425769,-0.1389782503587772,0.4041203646911845,0.0061312296158584,-0.0050786994162207,0.0309050632738377,0.3794215638425769,0.3532263538347491,0.5158257485726416,-0.1389782503587772,-0.1795510711256757,-0.2394695134160682,0.0276045469575689,0.0002561280145232,0.026256882874066,0.0010915360689795,downstairs,wiktor
1672842720190193700,-0.0165018441711141,0.6085803859466629,-0.0922548928385905,0.6157543034950683,-0.0165018441711141,0.0061312296158584,-0.0050786994162207,0.6085803859466629,0.3794215638425769,0.3532263538347491,-0.0922548928385905,-0.1389782503587772,-0.1795510711256757,0.059169650310489,0.0015193209196187,0.0562717682901969,0.0013785611006733,downstairs,wiktor
1672842720200193700,-0.0716257213863236,0.944055476796034,-0.0397465868161452,0.9476026479470346,-0.0716257213863236,-0.0165018441711141,0.0061312296158584,0.944055476796034,0.6085803859466629,0.3794215638425769,-0.0397465868161452,-0.0922548928385905,-0.1389782503587772,0.0343117287864647,0.0012267237118802,0.032518412581334,0.0005665924932505,downstairs,wiktor
1672842720210193700,-0.121158008066432,1.1990786623354437,-0.006083773705815,1.205199532728621,-0.121158008066432,-0.0716257213863236,-0.0165018441711141,1.1990786623354437,0.944055476796034,0.6085803859466629,-0.006083773705815,-0.0397465868161452,-0.0922548928385905,0.0133232624810296,0.0002435714963987,0.0130755643368109,4.126647819969145e-06,downstairs,wiktor
1672842720220193700,-0.1432293241304432,1.3607917684017787,-0.0032109187425532,1.3683125323697345,-0.1432293241304432,-0.121158008066432,-0.0716257213863236,1.3607917684017787,1.1990786623354437,0.944055476796034,-0.0032109187425532,-0.006083773705815,-0.0397465868161452,0.0017544660449547,0.0002062330754008,0.0013709579585407,0.0001772750110131,downstairs,wiktor
1672842720230193700,-0.1229200614456049,1.413155075374137,-0.0220404174620171,1.41866218267894,-0.1229200614456049,-0.1432293241304432,-0.121158008066432,1.413155075374137,1.3607917684017787,1.1990786623354437,-0.0220404174620171,-0.0032109187425532,-0.006083773705815,0.0072229462609784,0.004330023749353,0.0007398781292795,0.0021530443823458,downstairs,wiktor
1672842720240193700,-0.0298606852457501,1.3746874752597666,-0.0876612126773423,1.3778032527786686,-0.0298606852457501,-0.1229200614456049,-0.1432293241304432,1.3746874752597666,1.413155075374137,1.3607917684017787,-0.0876612126773423,-0.0220404174620171,-0.0032109187425532,0.0196607151556114,0.0081088550951126,0.0070585622104341,0.0044932978500646,downstairs,wiktor
1672842720250193700,0.0974880885615594,1.2558719694498417,-0.1824588692946303,1.2727959655991548,0.0974880885615594,-0.0298606852457501,-0.1229200614456049,1.2558719694498417,1.3746874752597666,1.413155075374137,-0.1824588692946303,-0.0876612126773423,-0.0220404174620171,0.0126131856328793,0.0003744051901927,0.0103553077902011,0.0018834726524854,downstairs,wiktor
1672842720260193700,0.1248524884341207,1.1119601367869143,-0.2438343147510248,1.1452068209373656,0.1248524884341207,0.0974880885615594,-0.0298606852457501,1.1119601367869143,1.2558719694498417,1.3746874752597666,-0.2438343147510248,-0.1824588692946303,-0.0876612126773423,0.0079292421568103,0.0013496560705148,0.0065759153924655,3.670693829926354e-06,downstairs,wiktor
1672842720270193700,0.0728975835546996,0.9972787050512968,-0.2411248152289999,1.028601015824953,0.0728975835546996,0.1248524884341207,0.0974880885615594,0.9972787050512968,1.1119601367869143,1.2558719694498417,-0.2411248152289999,-0.2438343147510248,-0.1824588692946303,0.0056587873856414,0.0039302770988999,0.000999361676947,0.0007291486097944,downstairs,wiktor
1672842720280193700,-0.015762182956384,0.9525716211171592,-0.2029371572805355,0.9740762955613016,-0.015762182956384,0.0728975835546996,0.1248524884341207,0.9525716211171592,0.9972787050512968,1.1119601367869143,-0.2029371572805355,-0.2411248152289999,-0.2438343147510248,0.0021907275991184,0.0006870721560895,3.134161841899381e-06,0.001500521281187,downstairs,wiktor
1672842720290193700,-0.0528316355039878,0.9550752831717902,-0.1481553851079042,0.9679411120373868,-0.0528316355039878,-0.015762182956384,0.0728975835546996,0.9550752831717902,0.9525716211171592,0.9972787050512968,-0.1481553851079042,-0.2029371572805355,-0.2411248152289999,0.001583085535095,0.0001340626833669,0.0001839212837718,0.0012651015679562,downstairs,wiktor
1672842720300193700,-0.0364571014118704,0.9742545054590374,-0.0978542605090201,0.9798348932092366,-0.0364571014118704,-0.0528316355039878,-0.015762182956384,0.9742545054590374,0.9550752831717902,0.9525716211171592,-0.0978542605090201,-0.1481553851079042,-0.2029371572805355,0.0035032132809996,0.0019856196138704,0.0002934058394987,0.0012241878276303,downstairs,wiktor
1672842720310193700,0.026560667730975,0.998478701606641,-0.0483731969062571,1.000002576402346,0.026560667730975,-0.0364571014118704,-0.0528316355039878,0.998478701606641,0.9742545054590374,0.9550752831717902,-0.0483731969062571,-0.0978542605090201,-0.1481553851079042,0.0037038134610094,0.0022547792966135,8.674669673880291e-05,0.0013622874676571,downstairs,wiktor
1672842720320193700,0.0937139148097804,1.0116503906964125,0.0038242640982235,1.0159888955205525,0.0937139148097804,0.026560667730975,-0.0364571014118704,1.0116503906964125,0.998478701606641,0.9742545054590374,0.0038242640982235,-0.0483731969062571,-0.0978542605090201,0.0017972526843731,0.000843322094802,3.334148862634425e-05,0.0009205891009447,downstairs,wiktor
1672842720330193700,0.1347826887092299,1.003484426132891,0.0467332165660892,1.0135735593421722,0.1347826887092299,0.0937139148097804,0.026560667730975,1.003484426132891,1.0116503906964125,0.998478701606641,0.0467332165660892,0.0038242640982235,-0.0483731969062571,0.0005714820171166,6.897533986994556e-06,0.0001285915040871,0.0004359929790425,downstairs,wiktor
1672842720340193700,0.1384968599457225,0.9874474997386506,0.0762626249259786,1.000024966146115,0.1384968599457225,0.1347826887092299,0.0937139148097804,0.9874474997386506,1.003484426132891,1.0116503906964125,0.0762626249259786,0.0467332165660892,0.0038242640982235,0.0003556328230291,0.000208342352673,0.0001470566685481,2.338018079565233e-07,downstairs,wiktor
1672842720350193700,0.1180840035717093,0.9702977668807806,0.0769464404097994,0.980480669368393,0.1180840035717093,0.1384968599457225,0.1347826887092299,0.9702977668807806,0.9874474997386506,1.003484426132891,0.0769464404097994,0.0762626249259786,0.0467332165660892,0.0013992326790323,0.0008225523220079,0.0004408343166723,0.0001358460403519,downstairs,wiktor
1672842720360193700,0.0775241139760019,0.9406048614428698,0.0604633557256771,0.9457289839078288,0.0775241139760019,0.1180840035717093,0.1384968599457225,0.9406048614428698,0.9702977668807806,0.9874474997386506,0.0604633557256771,0.0769464404097994,0.0762626249259786,0.0015554561236546,0.0002202443137387,0.0010737357146072,0.0002614760953087,downstairs,wiktor
1672842720370193700,0.0565362930439135,0.8942640432669411,0.0375952077766753,0.8968377395934318,0.0565362930439135,0.0775241139760019,0.1180840035717093,0.8942640432669411,0.9406048614428698,0.9702977668807806,0.0375952077766753,0.0604633557256771,0.0769464404097994,0.0016864909409658,1.563104608579921e-05,0.0015816980875867,8.916180729336705e-05,downstairs,wiktor
1672842720380193700,0.0621275444397638,0.838019966466149,0.0242414212504972,0.8406693419402687,0.0621275444397638,0.0565362930439135,0.0775241139760019,0.838019966466149,0.8942640432669411,0.9406048614428698,0.0242414212504972,0.0375952077766753,0.0604633557256771,0.0019618783208634,0.0001873654194453,0.0017554589320769,1.905396934116251e-05,downstairs,wiktor
1672842720390193700,0.0814855102133313,0.7787669676884172,0.0180682584726073,0.7832268766465896,0.0814855102133313,0.0621275444397638,0.0565362930439135,0.7787669676884172,0.838019966466149,0.8942640432669411,0.0180682584726073,0.0242414212504972,0.0375952077766753,0.0017127320905389,3.151909684434791e-05,0.0015942333077589,8.697968593564473e-05,downstairs,wiktor
1672842720400193700,0.0735458506684455,0.7223004588932213,0.0048788926094853,0.7260514779690198,0.0735458506684455,0.0814855102133313,0.0621275444397638,0.7223004588932213,0.7787669676884172,0.838019966466149,0.0048788926094853,0.0180682584726073,0.0242414212504972,0.0033199763895059,0.001409766592773,0.0013893242543967,0.000520885542336,downstairs,wiktor
1672842720410193700,0.0204465739733135,0.669587571391268,-0.0273975862051579,0.6704596974306298,0.0204465739733135,0.0735458506684455,0.0814855102133313,0.669587571391268,0.7223004588932213,0.7787669676884172,-0.0273975862051579,0.0048788926094853,0.0180682584726073,0.0013590716786148,1.7035161136833872e-05,5.011174983180458e-05,0.0012919247676462,downstairs,wiktor
1672842720420193700,0.0146095951080384,0.6595764026451321,-0.0782291663034834,0.66436004820884,0.0146095951080384,0.0204465739733135,0.0735458506684455,0.6595764026451321,0.669587571391268,0.7223004588932213,-0.0782291663034834,-0.0273975862051579,0.0048788926094853,0.0027111990882514,0.0010250052346498,0.0005330073091509,0.0011531865444506,downstairs,wiktor
1672842720430193700,0.0598866364126511,0.692226281945092,-0.1262538796175817,0.7061895473276547,0.0598866364126511,0.0146095951080384,0.0204465739733135,0.692226281945092,0.6595764026451321,0.669587571391268,-0.1262538796175817,-0.0782291663034834,-0.0273975862051579,0.0027659760389332,0.000843273552867,0.0009704934717336,0.0009522090143325,downstairs,wiktor
1672842720440193700,0.1009542283281027,0.7362829153101969,-0.1698935178913479,0.7623438168021717,0.1009542283281027,0.0598866364126511,0.0146095951080384,0.7362829153101969,0.692226281945092,0.6595764026451321,-0.1698935178913479,-0.1262538796175817,-0.0782291663034834,0.0032641174413032,0.0007207356541378,0.0009932283030149,0.0015501534841504,downstairs,wiktor
1672842720450193700,0.1389209414894453,0.780852597898588,-0.2255739181081288,0.8245686145857971,0.1389209414894453,0.1009542283281027,0.0598866364126511,0.780852597898588,0.7362829153101969,0.692226281945092,-0.2255739181081288,-0.1698935178913479,-0.1262538796175817,0.0013636606701706,3.984408144397875e-06,0.0010844052270157,0.0002752710350105,downstairs,wiktor
1672842720460193700,0.1360980323005418,0.8274230869880473,-0.2490375510327442,0.8747407279310229,0.1360980323005418,0.1389209414894453,0.1009542283281027,0.8274230869880473,0.780852597898588,0.7362829153101969,-0.2490375510327442,-0.2255739181081288,-0.1698935178913479,0.0016492036819762,0.0009364392777011,0.0007127613007033,3.103571706510261e-09,downstairs,wiktor
1672842720470193700,0.0928212653764476,0.8651791805546069,-0.2491163364591441,0.9051020665439072,0.0928212653764476,0.1360980323005418,0.1389209414894453,0.8651791805546069,0.8274230869880473,0.780852597898588,-0.2491163364591441,-0.2490375510327442,-0.2255739181081288,0.0021677141033531,0.0019478774128906,5.535944149246383e-06,0.0002143007463132,downstairs,wiktor
1672842720480193700,0.0304052832422115,0.8685066252646648,-0.2698190293425974,0.9099618387454704,0.0304052832422115,0.0928212653764476,0.1360980323005418,0.8685066252646648,0.8651791805546069,0.8274230869880473,-0.2698190293425974,-0.2491163364591441,-0.2490375510327442,0.000159218482699,9.44437224685277e-05,5.185504956119183e-05,1.291971066934226e-05,downstairs,wiktor
1672842720490193700,0.0166616503550504,0.858322809716336,-0.2647357802498729,0.8983766969464471,0.0166616503550504,0.0304052832422115,0.0928212653764476,0.858322809716336,0.8685066252646648,0.8651791805546069,-0.2647357802498729,-0.2698190293425974,-0.2491163364591441,0.0014077621991981,2.7617457730276733e-05,5.3572631125498354e-05,0.0013265721103424,downstairs,wiktor
1672842720500193700,0.0240936699635117,0.8686739092835799,-0.2132270992273031,0.8947852599630919,0.0240936699635117,0.0166616503550504,0.0304052832422115,0.8686739092835799,0.858322809716336,0.8685066252646648,-0.2132270992273031,-0.2647357802498729,-0.2698190293425974,0.0032314517406635,0.0003137946810137,0.000949736559126,0.0019679205005237,downstairs,wiktor
1672842720510193700,0.0491454036765202,0.9122568545517932,-0.1504908178500363,0.9258916381717855,0.0491454036765202,0.0240936699635117,0.0166616503550504,0.9122568545517932,0.8686739092835799,0.858322809716336,-0.1504908178500363,-0.2132270992273031,-0.2647357802498729,0.0054740364811393,0.0007788389744838,0.0030427244672259,0.0016524730394294,downstairs,wiktor
1672842720520193700,0.0886128326397527,0.9902661420402196,-0.0930021574128772,0.9985633016805248,0.0886128326397527,0.0491454036765202,0.0240936699635117,0.9902661420402196,0.9122568545517932,0.8686739092835799,-0.0930021574128772,-0.1504908178500363,-0.2132270992273031,0.0069970785275251,1.0984872525766262e-09,0.0054250264547573,0.0015720509742804,downstairs,wiktor
1672842720530193700,0.0885659607451339,1.0944297292937062,-0.0369298652485561,1.0986283159976715,0.0885659607451339,0.0886128326397527,0.0491454036765202,1.0944297292937062,0.9902661420402196,0.9122568545517932,-0.0369298652485561,-0.0930021574128772,-0.1504908178500363,0.0081884934058543,0.0020787335288387,0.0052184550785209,0.0008913047984946,downstairs,wiktor
1672842720540193700,0.0240875375504129,1.1965909262181835,0.005291096334397,1.1968450400420905,0.0240875375504129,0.0885659607451339,0.0886128326397527,1.1965909262181835,1.0944297292937062,0.9902661420402196,0.005291096334397,-0.0369298652485561,-0.0930021574128772,0.0087150345094477,0.0025540968618644,0.004415579573837,0.0017453580737461,downstairs,wiktor
1672842720550193700,-0.047384091252413,1.2905651734760053,0.0643733791905315,1.2930381475584456,-0.047384091252413,0.0240875375504129,0.0885659607451339,1.2905651734760053,1.1965909262181835,1.0944297292937062,0.0643733791905315,0.005291096334397,-0.0369298652485561,0.0067540139483215,8.702933977246288e-06,0.0029764476012433,0.003768863413101,downstairs,wiktor
1672842720560193700,-0.0515561252832537,1.3677201811066615,0.1511934622715909,1.3770170626736375,-0.0515561252832537,-0.047384091252413,0.0240875375504129,1.3677201811066615,1.2905651734760053,1.1965909262181835,0.1511934622715909,0.0643733791905315,0.005291096334397,0.0032323263297469,1.740055576408911e-05,0.0014073368261025,0.0018075889478803,downstairs,wiktor
1672842720570193700,-0.0574553719748388,1.4207736791271035,0.2113198117014433,1.437551748594348,-0.0574553719748388,-0.0515561252832537,-0.047384091252413,1.4207736791271035,1.3677201811066615,1.2905651734760053,0.2113198117014433,0.1511934622715909,0.0643733791905315,0.0005052670052583,9.358511955552034e-05,0.0003912060521475,2.0475833555264173e-05,downstairs,wiktor
1672842720580193700,-0.0711363894483691,1.4487453094745668,0.2177191606613398,1.4667395782985426,-0.0711363894483691,-0.0574553719748388,-0.0515561252832537,1.4487453094745668,1.4207736791271035,1.3677201811066615,0.2177191606613398,0.2113198117014433,0.1511934622715909,0.0015142814900504,0.0005566110066715,0.0003820124135863,0.0005756580697925,downstairs,wiktor
1672842720590193700,-0.0377714076059764,1.4763863085008797,0.1837881108752635,1.4882611601666185,-0.0377714076059764,-0.0711363894483691,-0.0574553719748388,1.4763863085008797,1.4487453094745668,1.4207736791271035,0.1837881108752635,0.2177191606613398,0.2113198117014433,0.0073641591789002,0.0026253462657825,0.0001925263294777,0.0045462865836399,downstairs,wiktor
1672842720600193700,0.0346902548892017,1.4567635498019738,0.088433125859901,1.459857483306257,0.0346902548892017,-0.0377714076059764,-0.0711363894483691,1.4567635498019738,1.4763863085008797,1.4487453094745668,0.088433125859901,0.1837881108752635,0.2177191606613398,0.0074303570743111,0.0005069440517127,0.0041112893742785,0.0028121236483198,downstairs,wiktor
1672842720610193700,0.0665318645128598,1.3660851138397383,0.0134381440501845,1.3677703063620013,0.0665318645128598,0.0346902548892017,-0.0377714076059764,1.3660851138397383,1.4567635498019738,1.4763863085008797,0.0134381440501845,0.088433125859901,0.1837881108752635,0.006963564764769,0.0001484478557836,0.0065431527935857,0.0002719641153996,downstairs,wiktor
1672842720620193700,0.0837625264724954,1.251689722380242,-0.0098841249389039,1.254528205294401,0.0837625264724954,0.0665318645128598,0.0346902548892017,1.251689722380242,1.3660851138397383,1.4567635498019738,-0.0098841249389039,0.0134381440501845,0.088433125859901,0.002089151804388,0.0002541433886731,0.001660129599923,0.0001748788157918,downstairs,wiktor
1672842720630193700,0.1063077427576919,1.1940680320210886,0.0088176833047858,1.1988234035102143,0.1063077427576919,0.0837625264724954,0.0665318645128598,1.1940680320210886,1.251689722380242,1.3660851138397383,0.0088176833047858,-0.0098841249389039,0.0134381440501845,0.0041226462438117,0.0004619552884716,0.0008867396056154,0.0027739513497246,downstairs,wiktor
1672842720640193700,0.1367036401279508,1.2361807285772448,0.0833019279438317,1.2465030646288675,0.1367036401279508,0.1063077427576919,0.0837625264724954,1.2361807285772448,1.1940680320210886,1.251689722380242,0.0833019279438317,0.0088176833047858,-0.0098841249389039,0.0158447290777483,1.1914308035054532e-05,0.012314410192722,0.0035184045769912,downstairs,wiktor
1672842720650193700,0.141585096475201,1.393116449130101,0.1671876189404637,1.4102380934819958,0.141585096475201,0.1367036401279508,0.1063077427576919,1.393116449130101,1.2361807285772448,1.1940680320210886,0.1671876189404637,0.0833019279438317,0.0088176833047858,0.0207302899140537,8.390139992079338e-05,0.0194144913417059,0.0012318971724269,downstairs,wiktor
1672842720660193700,0.1286312244733019,1.5901671600737863,0.2168242419607082,1.6100280559010354,0.1286312244733019,0.141585096475201,0.1367036401279508,1.5901671600737863,1.393116449130101,1.2361807285772448,0.2168242419607082,0.1671876189404637,0.0833019279438317,0.0164148595704797,0.0003060152652256,0.0156314750708395,0.0004773692344145,downstairs,wiktor
1672842720670193700,0.103891973667116,1.766980480108446,0.2477230844767175,1.7872829339137613,0.103891973667116,0.1286312244733019,0.141585096475201,1.766980480108446,1.5901671600737863,1.393116449130101,0.2477230844767175,0.2168242419607082,0.1671876189404637,0.0080675343265764,0.001144416401157,0.0062700624813028,0.0006530554441164,downstairs,wiktor
1672842720680193700,0.056050226183207,1.8789631794981545,0.2838632406500515,1.9011108850241616,0.056050226183207,0.103891973667116,0.1286312244733019,1.8789631794981545,1.766980480108446,1.5901671600737863,0.2838632406500515,0.2477230844767175,0.2168242419607082,0.0036103956395291,1.638136978775393e-05,0.0030196719527372,0.0005743423170041,downstairs,wiktor
1672842720690193700,0.0503263516584198,1.8012499637271255,0.3177554910033156,1.8297548266259545,0.0503263516584198,0.056050226183207,0.103891973667116,1.8012499637271255,1.8789631794981545,1.766980480108446,0.3177554910033156,0.2838632406500515,0.2477230844767175,0.0383396765628969,0.0025054664155729,0.0355350214058992,0.0002991887414247,downstairs,wiktor
1672842720700193700,0.1211142943545171,1.534660311242641,0.2932937354888478,1.5671222538389766,0.1211142943545171,0.0503263516584198,0.056050226183207,1.534660311242641,1.8012499637271255,1.8789631794981545,0.2932937354888478,0.3177554910033156,0.2838632406500515,0.0297379474082531,0.0071896415298334,0.0217480468971663,0.0008002589812532,downstairs,wiktor
1672842720710193700,0.2410279427005953,1.3261031397180614,0.2532872614814254,1.3714220514346929,0.2410279427005953,0.1211142943545171,0.0503263516584198,1.3261031397180614,1.534660311242641,1.8012499637271255,0.2532872614814254,0.2932937354888478,0.3177554910033156,0.0158318181533374,0.0081909141220363,0.0069294246652972,0.0007114793660037,downstairs,wiktor
1672842720720193700,0.3690194589978592,1.208379525559327,0.2155651362495737,1.281727259160994,0.3690194589978592,0.2410279427005953,0.1211142943545171,1.208379525559327,1.3261031397180614,1.534660311242641,0.2155651362495737,0.2532872614814254,0.2932937354888478,0.0182050956707487,0.0128795617369587,0.0034386982567042,0.0018868356770857,downstairs,wiktor
1672842720730193700,0.5295159495324424,1.1254494555400123,0.154134920930306,1.253308099245651,0.5295159495324424,0.3690194589978592,0.2410279427005953,1.1254494555400123,1.208379525559327,1.3261031397180614,0.154134920930306,0.2155651362495737,0.2532872614814254,0.0120748582141074,0.0091433838215495,1.393526901263148e-05,0.0029175391235452,downstairs,wiktor
1672842720740193700,0.6647445250743713,1.1201702000976927,0.0777472370598651,1.3048797621519383,0.6647445250743713,0.5295159495324424,0.3690194589978592,1.1201702000976927,1.1254494555400123,1.208379525559327,0.0777472370598651,0.154134920930306,0.2155651362495737,0.0044624721024011,0.0017983632782701,0.0007353712999464,0.0019287375241845,downstairs,wiktor
1672842720750193700,0.7247172401749921,1.1585204621553735,0.0156386623831814,1.366612347083361,0.7247172401749921,0.6647445250743713,0.5295159495324424,1.1585204621553735,1.1201702000976927,1.1254494555400123,0.0156386623831814,0.0777472370598651,0.154134920930306,0.0038366381838845,0.0008678917539196,0.0025166219692584,0.0004521244607065,downstairs,wiktor
1672842720760193700,0.6830545049330611,1.2294658209783216,-0.0144320695901693,1.406541128547581,0.6830545049330611,0.7247172401749921,0.6647445250743713,1.2294658209783216,1.1585204621553735,1.1201702000976927,-0.0144320695901693,0.0156386623831814,0.0777472370598651,0.0155046780301975,0.0137837577832905,0.0014955917134649,0.000225328533442,downstairs,wiktor
1672842720770193700,0.5170198231145294,1.284157533576575,0.0067966154111212,1.3843468721804872,0.5170198231145294,0.6830545049330611,0.7247172401749921,1.284157533576575,1.2294658209783216,1.1585204621553735,0.0067966154111212,-0.0144320695901693,0.0156386623831814,0.0288002153421692,0.026555880614527,0.0003030864875711,0.0019412482400709,downstairs,wiktor
1672842720780193700,0.2865599323980446,1.308778113893503,0.0691062974849528,1.3415634262362277,0.2865599323980446,0.5170198231145294,0.6830545049330611,1.308778113893503,1.284157533576575,1.2294658209783216,0.0691062974849528,0.0067966154111212,-0.0144320695901693,0.0316529713127837,0.0298862260540936,0.0010591807869537,0.0007075644717362,downstairs,wiktor
1672842720790193700,0.0420758795271317,1.3548037760170135,0.1067244971158838,1.3596520766109903,0.0420758795271317,0.2865599323980446,0.5170198231145294,1.3548037760170135,1.308778113893503,1.284157533576575,0.1067244971158838,0.0691062974849528,0.0067966154111212,0.0313606997213623,0.0289394989478127,0.002420865863521,3.349100285736163e-07,downstairs,wiktor
1672842720800193700,-0.1985046639414235,1.4243863293406884,0.1059060717636695,1.4420459815330262,-0.1985046639414235,0.0420758795271317,0.2865599323980446,1.4243863293406884,1.3548037760170135,1.308778113893503,0.1059060717636695,0.1067244971158838,0.0691062974849528,0.0252897847817601,0.0245607016013936,0.0005081297877309,0.0002209533926355,downstairs,wiktor
1672842720810193700,-0.420138152392035,1.4562651557849264,0.0848844927251863,1.518034798070815,-0.420138152392035,-0.1985046639414235,0.0420758795271317,1.4562651557849264,1.4243863293406884,1.3548037760170135,0.0848844927251863,0.1059060717636695,0.1067244971158838,0.0193755055401728,0.0149928079890783,0.0023088498390374,0.002073847712057,downstairs,wiktor
1672842720820193700,-0.5933017050760706,1.3883114974722583,0.0204818885533504,1.50991232693112,-0.5933017050760706,-0.420138152392035,-0.1985046639414235,1.3883114974722583,1.4562651557849264,1.4243863293406884,0.0204818885533504,0.0848844927251863,0.1059060717636695,0.011402430033676,0.0018778420244352,0.0090148278802191,0.0005097601290216,downstairs,wiktor
1672842720830193700,-0.6545853411371805,1.2540369438128312,-0.0114480387569836,1.4146454265541193,-0.6545853411371805,-0.5933017050760706,-0.420138152392035,1.2540369438128312,1.3883114974722583,1.4562651557849264,-0.0114480387569836,0.0204818885533504,0.0848844927251863,0.0106649567244805,0.0074305446838059,0.0027271264457973,0.0005072855948771,downstairs,wiktor
1672842720840193700,-0.5326792733324482,1.1801840299123303,0.0204042953765511,1.2949895319916322,-0.5326792733324482,-0.6545853411371805,-0.5933017050760706,1.1801840299123303,1.2540369438128312,1.3883114974722583,0.0204042953765511,-0.0114480387569836,0.0204818885533504,0.0267928749779269,0.0160556855916578,0.0039102416503035,0.0068269477359656,downstairs,wiktor
1672842720850193700,-0.3534828135925425,1.0917505334270785,0.1372541797236537,1.1557283576148951,-0.3534828135925425,-0.5326792733324482,-0.6545853411371805,1.0917505334270785,1.1801840299123303,1.2540369438128312,0.1372541797236537,0.0204042953765511,-0.0114480387569836,0.0141246759405253,0.0029588829328682,0.0061365875359254,0.0050292054717316,downstairs,wiktor
1672842720860193700,-0.2765557971045982,0.9809661704878488,0.2375458092022061,1.0465207824134628,-0.2765557971045982,-0.3534828135925425,-0.5326792733324482,0.9809661704878488,1.0917505334270785,1.1801840299123303,0.2375458092022061,0.1372541797236537,0.0204042953765511,0.0090558497365669,0.0053542664784742,0.0024093472175707,0.0012922360405219,downstairs,wiktor
1672842720870193700,-0.1730737553922876,0.9115493538283278,0.2883835125437609,0.9716181346483344,-0.1730737553922876,-0.2765557971045982,-0.3534828135925425,0.9115493538283278,0.9809661704878488,1.0917505334270785,0.2883835125437609,0.2375458092022061,0.1372541797236537,0.0128499893721397,0.0125537104805688,0.0002498832605753,4.639563099556576e-05,downstairs,wiktor
1672842720880193700,-0.0146205415998951,0.8891938954087212,0.2787506904239908,0.9319771946140428,-0.0146205415998951,-0.1730737553922876,-0.2765557971045982,0.8891938954087212,0.9115493538283278,0.9809661704878488,0.2787506904239908,0.2883835125437609,0.2375458092022061,0.0378059506965617,0.022106497826671,5.1126323922231016e-05,0.0156483265459685,downstairs,wiktor
1672842720890193700,0.195648323554559,0.8790818902740082,0.1018420894687601,0.9063305398720688,0.195648323554559,-0.0146205415998951,-0.1730737553922876,0.8790818902740082,0.8891938954087212,0.9115493538283278,0.1018420894687601,0.2787506904239908,0.2883835125437609,0.0551564847914921,0.0261864821141592,0.0011946856940617,0.027775316983271,downstairs,wiktor
1672842720900193700,0.4244997256221858,0.9279630869463849,-0.1338497304286264,1.0291896123281612,0.4244997256221858,0.195648323554559,-0.0146205415998951,0.9279630869463849,0.8790818902740082,0.8891938954087212,-0.1338497304286264,0.1018420894687601,0.2787506904239908,0.0825550653324479,0.0804339645154525,0.000228579987597,0.0018925208293983,downstairs,wiktor
1672842720910193700,0.8255831695972582,0.9493443866074012,-0.1953724226551275,1.2731899771202144,0.8255831695972582,0.4244997256221858,0.195648323554559,0.9493443866074012,0.9279630869463849,0.8790818902740082,-0.1953724226551275,-0.1338497304286264,0.1018420894687601,0.0033825201776151,0.001541178302496,0.001576570160307,0.000264771714812,downstairs,wiktor
1672842720920193700,0.7700641944176674,0.8931915565752996,-0.1723606120000731,1.1918465508741374,0.7700641944176674,0.8255831695972582,0.4244997256221858,0.8931915565752996,0.9493443866074012,0.9279630869463849,-0.1723606120000731,-0.1953724226551275,-0.1338497304286264,0.148025136283705,0.1399572643141711,0.0063439669441397,0.0017239050253941,downstairs,wiktor
1672842720930193700,0.2409947012238694,0.7805508273150558,-0.1136425564226927,0.824774314991977,0.2409947012238694,0.7700641944176674,0.8255831695972582,0.7805508273150558,0.8931915565752996,0.9493443866074012,-0.1136425564226927,-0.1723606120000731,-0.1953724226551275,0.1638529980996675,0.1525573194315087,0.0073360480420701,0.0039596306260886,downstairs,wiktor
1672842720940193700,-0.3113771290345331,0.6594223992556598,-0.024652325205006,0.7296583818910686,-0.3113771290345331,0.2409947012238694,0.7700641944176674,0.6594223992556598,0.7805508273150558,0.8931915565752996,-0.024652325205006,-0.1136425564226927,-0.1723606120000731,0.0256070175070568,0.0143474623921389,0.0052689517302927,0.0059906033846251,downstairs,wiktor
1672842720950193700,-0.4807728928076507,0.5567681082562791,0.0848063737149528,0.7404899876788293,-0.4807728928076507,-0.3113771290345331,0.2409947012238694,0.5567681082562791,0.6594223992556598,0.7805508273150558,0.0848063737149528,-0.024652325205006,-0.1136425564226927,0.014978576058646,0.0083237742924589,0.003259958402071,0.003394843364116,downstairs,wiktor
1672842720960193700,-0.3517475131921743,0.4760221064720291,0.1672059291035114,0.6150456744131407,-0.3517475131921743,-0.4807728928076507,-0.3113771290345331,0.4760221064720291,0.5567681082562791,0.6594223992556598,0.1672059291035114,0.0848063737149528,-0.024652325205006,0.0335876844728993,0.0308683428340532,0.002679848636632,3.9493002214051706e-05,downstairs,wiktor
1672842720970193700,-0.1032788317288829,0.4028121530963838,0.1583185220334992,0.4449594388079649,-0.1032788317288829,-0.3517475131921743,-0.4807728928076507,0.4028121530963838,0.4760221064720291,0.5567681082562791,0.1583185220334992,0.1672059291035114,0.0848063737149528,0.0199997326014864,0.0164662109990973,0.0012207762964022,0.0023127453059868,downstairs,wiktor
1672842720980193700,0.0781940918663317,0.353400083793384,0.0903075625345053,0.3730434171499274,0.0781940918663317,-0.1032788317288829,-0.3517475131921743,0.353400083793384,0.4028121530963838,0.4760221064720291,0.0903075625345053,0.1583185220334992,0.1672059291035114,0.0138679286191306,0.0069271549482731,7.577952971925321e-05,0.0068649941411382,downstairs,wiktor
1672842720990193700,0.1958984243972382,0.3657110163103994,-0.0268674701400219,0.4157434317987846,0.1958984243972382,0.0781940918663317,-0.1032788317288829,0.3657110163103994,0.353400083793384,0.4028121530963838,-0.0268674701400219,0.0903075625345053,0.1583185220334992,0.0128070169837307,0.0023610897918733,0.0022853218287062,0.0081606053631511,downstairs,wiktor
1672842721000193700,0.2646165412496867,0.4333175519220733,-0.1546219640973866,0.5307484964538471,0.2646165412496867,0.1958984243972382,0.0781940918663317,0.4333175519220733,0.3657110163103994,0.353400083793384,-0.1546219640973866,-0.0268674701400219,0.0903075625345053,0.0079000832932383,5.869659522501447e-07,0.0024499516717816,0.0054495446555044,downstairs,wiktor
1672842721010193700,0.2635330598679822,0.5033168615155487,-0.2590206676861236,0.6243951016926772,0.2635330598679822,0.2646165412496867,0.1958984243972382,0.5033168615155487,0.4333175519220733,0.3657110163103994,-0.2590206676861236,-0.1546219640973866,-0.0268674701400219,0.0009935742484867,9.370685896559952e-05,0.0003384938909357,0.0005613734985854,downstairs,wiktor
1672842721020193700,0.24984314686858,0.5293358503865931,-0.2925280847332617,0.6543628358177158,0.24984314686858,0.2635330598679822,0.2646165412496867,0.5293358503865931,0.5033168615155487,0.4333175519220733,-0.2925280847332617,-0.2590206676861236,-0.1546219640973866,0.0007643459301065,6.010936029825232e-05,0.0003355575130761,0.0003686790567321,downstairs,wiktor
1672842721030193700,0.2608075766575159,0.5034299625200829,-0.2653737459737859,0.6260076231621285,0.2608075766575159,0.24984314686858,0.2635330598679822,0.5034299625200829,0.5293358503865931,0.5033168615155487,-0.2653737459737859,-0.2925280847332617,-0.2590206676861236,0.0052972387308122,0.0001421380500603,0.0028195295804546,0.0023355711002972,downstairs,wiktor
1672842721040193700,0.243947087337196,0.4283362932735391,-0.1970279911634501,0.5308504411390476,0.243947087337196,0.2608075766575159,0.24984314686858,0.4283362932735391,0.5034299625200829,0.5293358503865931,-0.1970279911634501,-0.2653737459737859,-0.2925280847332617,0.0077390321825875,0.0005874916779176,0.0040839233769011,0.0030676171277687,downstairs,wiktor
1672842721050193700,0.209669057116144,0.3379601528724226,-0.1187002549805534,0.4150517184327425,0.209669057116144,0.243947087337196,0.2608075766575159,0.3379601528724226,0.4283362932735391,0.5034299625200829,-0.1187002549805534,-0.1970279911634501,-0.2653737459737859,0.0062794048907716,0.0001162860741665,0.0036413793323275,0.0025217394842775,downstairs,wiktor
1672842721060193700,0.1944187407806337,0.2526210723485787,-0.0476827996012237,0.3223192553030047,0.1944187407806337,0.209669057116144,0.243947087337196,0.2526210723485787,0.3379601528724226,0.4283362932735391,-0.0476827996012237,-0.1187002549805534,-0.1970279911634501,0.0023093246673996,7.391799966528607e-05,0.0015045452580913,0.0007308614096429,downstairs,wiktor
1672842721070193700,0.2065775235869253,0.1977658946879168,-0.0094503157780932,0.2861379576730857,0.2065775235869253,0.1944187407806337,0.209669057116144,0.1977658946879168,0.2526210723485787,0.3379601528724226,-0.0094503157780932,-0.0476827996012237,-0.1187002549805534,0.0009117570457602,0.0003242853840726,9.050708278590948e-05,0.0004969645789017,downstairs,wiktor
1672842721080193700,0.2320445761872021,0.211220045184021,-0.0409769578099285,0.316445420091356,0.2320445761872021,0.2065775235869253,0.1944187407806337,0.211220045184021,0.1977658946879168,0.2526210723485787,-0.0409769578099285,-0.0094503157780932,-0.0476827996012237,0.0068957978782416,0.0003173737343133,0.0037527231126272,0.002825701031301,downstairs,wiktor
1672842721090193700,0.2572387713247084,0.2978540236523706,-0.116152765504971,0.4103416501075724,0.2572387713247084,0.2320445761872021,0.2065775235869253,0.2978540236523706,0.211220045184021,0.1977658946879168,-0.116152765504971,-0.0409769578099285,-0.0094503157780932,0.0088704570939957,0.0004795721680408,0.004999285982671,0.0033915989432838,downstairs,wiktor
1672842721100193700,0.288208826799016,0.3978468832241529,-0.198512937229948,0.529862110915377,0.288208826799016,0.2572387713247084,0.2320445761872021,0.3978468832241529,0.2978540236523706,0.211220045184021,-0.198512937229948,-0.116152765504971,-0.0409769578099285,0.0098761186813335,0.0015880967550035,0.001933085627217,0.0063549362991128,downstairs,wiktor
1672842721110193700,0.3445665548405822,0.4600254265846577,-0.3112510079879031,0.6536258056354491,0.3445665548405822,0.288208826799016,0.2572387713247084,0.4600254265846577,0.3978468832241529,0.2978540236523706,-0.3112510079879031,-0.198512937229948,-0.116152765504971,0.006520704355425,0.0014809249581051,0.0008466715884648,0.004193107808855,downstairs,wiktor
1672842721120193700,0.3989894352881502,0.5011756778224039,-0.4028272910403953,0.7567294469751038,0.3989894352881502,0.3445665548405822,0.288208826799016,0.5011756778224039,0.4600254265846577,0.3978468832241529,-0.4028272910403953,-0.3112510079879031,-0.198512937229948,0.0024924038586703,0.0003960648266061,2.749566642432944e-05,0.0020688433656398,downstairs,wiktor
1672842721130193700,0.3708446373103298,0.493760063697555,-0.4671521441788188,0.7743099323496448,0.3708446373103298,0.3989894352881502,0.3445665548405822,0.493760063697555,0.5011756778224039,0.4600254265846577,-0.4671521441788188,-0.4028272910403953,-0.3112510079879031,0.0140167249072005,0.0137101252279175,0.0002813825777249,2.52171015580896e-05,downstairs,wiktor
1672842721140193700,0.205254026296797,0.4700373919371933,-0.4742538484190824,0.6985564242568205,0.205254026296797,0.3708446373103298,0.3989894352881502,0.4700373919371933,0.493760063697555,0.5011756778224039,-0.4742538484190824,-0.4671521441788188,-0.4028272910403953,0.024279314370018,0.0220014259259574,0.0007154072330655,0.001562481210995,downstairs,wiktor
1672842721150193700,-0.004514541062364,0.4322112836767469,-0.4183524850905361,0.6015361806241851,-0.004514541062364,0.205254026296797,0.3708446373103298,0.4322112836767469,0.4700373919371933,0.493760063697555,-0.4183524850905361,-0.4742538484190824,-0.4671521441788188,0.0172251724475206,0.0080738726002278,0.0011551353221721,0.0079961645251207,downstairs,wiktor
1672842721160193700,0.1225592375092029,0.3841460088481948,-0.2918917044103527,0.4977847827288569,0.1225592375092029,-0.004514541062364,0.205254026296797,0.3841460088481948,0.4322112836767469,0.4700373919371933,-0.2918917044103527,-0.4183524850905361,-0.4742538484190824,0.1084704924946512,0.0857886991093822,0.0067981426700076,0.0158836507152612,downstairs,wiktor
1672842721170193700,0.5367782595479843,0.5007491191841347,-0.1136578652256384,0.7428315358240383,0.5367782595479843,0.1225592375092029,-0.004514541062364,0.5007491191841347,0.3841460088481948,0.4322112836767469,-0.1136578652256384,-0.2918917044103527,-0.4183524850905361,0.3006762543612091,0.1770562931854893,0.1190771651481787,0.004542796027541,downstairs,wiktor
1672842721180193700,1.1318518569886526,0.9887597033893928,-0.0183394931503551,1.503020530207207,1.1318518569886526,0.5367782595479843,0.1225592375092029,0.9887597033893928,0.5007491191841347,0.3841460088481948,-0.0183394931503551,-0.1136578652256384,-0.2918917044103527,0.434767684457326,0.1928855582051174,0.2357850850927043,0.0060970411595042,downstairs,wiktor
1672842721190193700,0.5107471022087243,1.6754693728898369,-0.1287663119898401,1.7563146030850898,0.5107471022087243,1.1318518569886526,0.5367782595479843,1.6754693728898369,0.9887597033893928,0.5007491191841347,-0.1287663119898401,-0.0183394931503551,-0.1136578652256384,0.7353280307574381,0.4415306295884296,0.2905619182798811,0.0032354828891274,downstairs,wiktor
1672842721200193700,-0.4289662898299649,2.4377841612546973,-0.2092086253470211,2.484063594917478,-0.4289662898299649,0.5107471022087243,1.1318518569886526,2.4377841612546973,1.6754693728898369,0.9887597033893928,-0.2092086253470211,-0.1287663119898401,-0.0183394931503551,0.1779030715456266,0.0514090026236091,0.1226627959941309,0.0038312729278864,downstairs,wiktor
1672842721210193700,-0.1083138218101188,2.9330876964614045,-0.2967445942727888,2.95004960523692,-0.1083138218101188,-0.4289662898299649,0.5107471022087243,2.9330876964614045,2.4377841612546973,1.6754693728898369,-0.2967445942727888,-0.2092086253470211,-0.1287663119898401,0.245558192531701,0.1729927626564525,0.0500536649954676,0.0225117648797807,downstairs,wiktor
1672842721220193700,0.4798915210021555,2.616690272339565,-0.5089320815559968,2.708574480593655,0.4798915210021555,-0.1083138218101188,-0.4289662898299649,2.616690272339565,2.9330876964614045,2.4377841612546973,-0.5089320815559968,-0.2967445942727888,-0.2092086253470211,0.5973051456053105,0.0289040542098482,0.5683786756564058,2.241573905652576e-05,downstairs,wiktor
1672842721230193700,0.2394583527002415,1.5505020378739938,-0.5022364502853061,1.647312454916949,0.2394583527002415,0.4798915210021555,-0.1083138218101188,1.5505020378739938,2.616690272339565,2.9330876964614045,-0.5022364502853061,-0.5089320815559968,-0.2967445942727888,0.3283507533769767,0.0151772346123919,0.3053182383794509,0.0078552803851339,downstairs,wiktor
1672842721240193700,0.0652330123367231,0.769069714023168,-0.3768946744471287,0.8589372308573007,0.0652330123367231,0.2394583527002415,0.4798915210021555,0.769069714023168,1.5505020378739938,2.616690272339565,-0.3768946744471287,-0.5022364502853061,-0.5089320815559968,0.0754291472109103,0.0005420941733612,0.0725120686741633,0.0023749843633857,downstairs,wiktor
1672842721250193700,0.0981600277909451,0.388249366157765,-0.307974657566896,0.505194369605672,0.0981600277909451,0.0652330123367231,0.2394583527002415,0.388249366157765,0.769069714023168,1.5505020378739938,-0.307974657566896,-0.3768946744471287,-0.5022364502853061,0.0178340799266363,0.0021236238111745,0.0151293674931098,0.0005810886223519,downstairs,wiktor
1672842721260193700,0.1633309386511533,0.214298985341224,-0.2738839367663047,0.3842049732337599,0.1633309386511533,0.0981600277909451,0.0652330123367231,0.214298985341224,0.388249366157765,0.769069714023168,-0.2738839367663047,-0.307974657566896,-0.3768946744471287,0.0080076524607571,0.000181932062756,0.0050436552151247,0.0027820651828763,downstairs,wiktor
1672842721270193700,0.1824061614679931,0.3147345887408629,-0.1992908381193609,0.4147851338339948,0.1824061614679931,0.1633309386511533,0.0981600277909451,0.3147345887408629,0.214298985341224,0.388249366157765,-0.1992908381193609,-0.2738839367663047,-0.307974657566896,0.082941433053161,0.0056850213783268,0.0699541378172662,0.0073022738575679,downstairs,wiktor
1672842721280193700,0.0757757588772982,0.6887777354960634,-0.0784415612694932,0.6973591707885622,0.0757757588772982,0.1824061614679931,0.1633309386511533,0.6887777354960634,0.3147345887408629,0.214298985341224,-0.0784415612694932,-0.1992908381193609,-0.2738839367663047,0.0804409846675184,0.0057361899184312,0.0717967857242129,0.0029080090248742,downstairs,wiktor
1672842721290193700,-0.0313334369784383,1.0677151596816743,-0.0021787390705445,1.0681770421568155,-0.0313334369784383,0.0757757588772982,0.1824061614679931,1.0677151596816743,0.6887777354960634,0.3147345887408629,-0.0021787390705445,-0.0784415612694932,-0.1992908381193609,0.0371080030138036,0.0021940932135714,0.0339860495356804,0.0009278602645517,downstairs,wiktor
1672842721300193700,-0.0975768247778467,1.328429752812479,0.0408993357367566,1.3326363346970769,-0.0975768247778467,-0.0313334369784383,0.0757757588772982,1.328429752812479,1.0677151596816743,0.6887777354960634,0.0408993357367566,-0.0021787390705445,-0.0784415612694932,0.01462212581114,4.212141716303495e-06,0.0139590782445077,0.000658835424916,downstairs,wiktor
1672842721310193700,-0.094674363161803,1.4955170248861338,0.0771990719593798,1.5004979518399069,-0.094674363161803,-0.0975768247778467,-0.0313334369784383,1.4955170248861338,1.328429752812479,1.0677151596816743,0.0771990719593798,0.0408993357367566,-0.0021787390705445,0.00289059527118,0.0014309237194729,0.0011617687046475,0.0002979028470595,downstairs,wiktor
1672842721320193700,-0.041178125546939,1.5437201099460671,0.1016082033269444,1.5476083622347054,-0.041178125546939,-0.094674363161803,-0.0975768247778467,1.5437201099460671,1.4955170248861338,1.328429752812479,0.1016082033269444,0.0771990719593798,0.0408993357367566,0.0049680652935166,0.0018694712865893,0.0028608331107574,0.0002377608961698,downstairs,wiktor
1672842721330193700,0.0199687678588481,1.4680784136303784,0.0798017411576764,1.470381344464451,0.0199687678588481,-0.041178125546939,-0.094674363161803,1.4680784136303784,1.5437201099460671,1.4955170248861338,0.0798017411576764,0.1016082033269444,0.0771990719593798,0.0238024157562289,0.0001903565410346,0.0196675389949519,0.0039445202202423,downstairs,wiktor
1672842721340193700,0.0004568975725483,1.2697476848213916,-0.009018529279227,1.2697797941907234,0.0004568975725483,0.0199687678588481,-0.041178125546939,1.2697476848213916,1.4680784136303784,1.5437201099460671,-0.009018529279227,0.0798017411576764,0.1016082033269444,0.0229669281660827,0.0007642502293187,0.0191613774468971,0.0030413004898668,downstairs,wiktor
1672842721350193700,-0.0386391438976243,1.0739856995081178,-0.0870095606849833,1.0781970737484294,-0.0386391438976243,0.0004568975725483,0.0199687678588481,1.0739856995081178,1.2697476848213916,1.4680784136303784,-0.0870095606849833,-0.009018529279227,0.0798017411576764,0.0072605226321002,6.059095637978796e-05,0.0059633302481431,0.0012366014275773,downstairs,wiktor
1672842721360193700,-0.0496474095539198,0.9647764485433472,-0.1367408672750441,0.9756825947624872,-0.0496474095539198,-0.0386391438976243,0.0004568975725483,0.9647764485433472,1.0739856995081178,1.2697476848213916,-0.1367408672750441,-0.0870095606849833,-0.009018529279227,0.0015033075725861,1.3221232469109329e-07,0.0007742484423664,0.000728926917895,downstairs,wiktor
1672842721370193700,-0.0501616319273948,0.925425503386556,-0.1749227194536663,0.9431471303126284,-0.0501616319273948,-0.0496474095539198,-0.0386391438976243,0.925425503386556,0.9647764485433472,1.0739856995081178,-0.1749227194536663,-0.1367408672750441,-0.0870095606849833,0.0002423860534609,2.202353611300056e-06,6.595825159474671e-05,0.0001742254482549,downstairs,wiktor
1672842721380193700,-0.0522603713639614,0.9369109943725562,-0.1935895589427143,0.9581285274549056,-0.0522603713639614,-0.0501616319273948,-0.0496474095539198,0.9369109943725562,0.925425503386556,0.9647764485433472,-0.1935895589427143,-0.1749227194536663,-0.1367408672750441,0.0009475457474652,7.539038323600084e-05,0.0008316030392918,4.055232493743441e-05,downstairs,wiktor
1672842721390193700,-0.0399810893624761,0.9776934180202956,-0.2025953709480178,0.9992636246138372,-0.0399810893624761,-0.0522603713639614,-0.0501616319273948,0.9776934180202956,0.9369109943725562,0.925425503386556,-0.2025953709480178,-0.1935895589427143,-0.1749227194536663,0.0013420354098891,0.0008465321534659,0.000458703408325,3.679984809813122e-05,downstairs,wiktor
1672842721400193700,0.0011657732996008,1.0079821422695965,-0.2111743974776575,1.0298660030857618,0.0011657732996008,-0.0399810893624761,-0.0522603713639614,1.0079821422695965,0.9776934180202956,0.9369109943725562,-0.2111743974776575,-0.2025953709480178,-0.1935895589427143,0.0025059746078018,0.0015400495948009,2.3350645933413177e-05,0.0009425743670675,downstairs,wiktor
1672842721410193700,0.0566644146307349,1.001148307923724,-0.1677560979469862,1.01668623416587,0.0566644146307349,0.0011657732996008,-0.0399810893624761,1.001148307923724,1.0079821422695965,0.9776934180202956,-0.1677560979469862,-0.2111743974776575,-0.2025953709480178,0.0061708382364818,0.0004720744050847,0.0001987860245389,0.0054999778068581,downstairs,wiktor
1672842721420193700,0.0873914192060188,0.9812090990859104,-0.0628754247334896,0.9870977030239928,0.0873914192060188,0.0566644146307349,0.0011657732996008,0.9812090990859104,1.001148307923724,1.0079821422695965,-0.0628754247334896,-0.1677560979469862,-0.2111743974776575,0.0029461350447151,3.855793678611738e-06,0.0005875897915262,0.0023546894595103,downstairs,wiktor
1672842721430193700,0.0901683937030611,0.946928206695944,0.0057494899769902,0.951228902259799,0.0901683937030611,0.0873914192060188,0.0566644146307349,0.946928206695944,0.9812090990859104,1.001148307923724,0.0057494899769902,-0.0628754247334896,-0.1677560979469862,0.0009488598583821,2.055623010088918e-07,0.0005096890854253,0.0004389652106558,downstairs,wiktor
1672842721440193700,0.0895272037140424,0.9150005044477296,0.0353793806502897,0.9200504029234776,0.0895272037140424,0.0901683937030611,0.0873914192060188,0.9150005044477296,0.946928206695944,0.9812090990859104,0.0353793806502897,0.0057494899769902,-0.0628754247334896,0.0007780877327293,1.6947355013694886e-05,0.0007395608753936,2.15795023219904e-05,downstairs,wiktor
1672842721450193700,0.095349120067563,0.8765411525188767,0.0419489319777382,0.8827092157958091,0.095349120067563,0.0895272037140424,0.0901683937030611,0.8765411525188767,0.9150005044477296,0.946928206695944,0.0419489319777382,0.0353793806502897,0.0057494899769902,0.0015029625758875,0.0002438117853037,0.001247315440334,1.183535024965609e-05,downstairs,wiktor
1672842721460193700,0.1174313203792975,0.8265948725706349,0.046814186390337,0.8362061745846406,0.1174313203792975,0.095349120067563,0.0895272037140424,0.8265948725706349,0.8765411525188767,0.9150005044477296,0.046814186390337,0.0419489319777382,0.0353793806502897,0.0008422947613864,2.387836269089335e-05,0.0007516733537701,6.674304492547517e-05,downstairs,wiktor
1672842721470193700,0.1243419444742535,0.7878218573726877,0.0583678044319268,0.7997068204685974,0.1243419444742535,0.1174313203792975,0.095349120067563,0.7878218573726877,0.8265948725706349,0.8765411525188767,0.0583678044319268,0.046814186390337,0.0419489319777382,0.0004335286656844,0.0001771177726298,0.0002517175797564,4.693313298126644e-06,downstairs,wiktor
1672842721480193700,0.1055207982482727,0.7653844965761726,0.0553040442265169,0.7746009319449095,0.1055207982482727,0.1243419444742535,0.1174313203792975,0.7653844965761726,0.7878218573726877,0.8265948725706349,0.0553040442265169,0.0583678044319268,0.046814186390337,0.000837919429916,0.0004376602947192,0.0001908264953718,0.0002094326398248,downstairs,wiktor
1672842721490193700,0.0759349808784831,0.7458485555764716,0.0348378457605152,0.7505130676235812,0.0759349808784831,0.1055207982482727,0.1243419444742535,0.7458485555764716,0.7653844965761726,0.7878218573726877,0.0348378457605152,0.0553040442265169,0.0583678044319268,0.0002140878709254,7.691184930740542e-05,1.0560826184582193e-05,0.0001266151954334,downstairs,wiktor
1672842721500193700,0.0635324126519096,0.741252725687413,0.0189246314130978,0.7442110671513246,0.0635324126519096,0.0759349808784831,0.1055207982482727,0.741252725687413,0.7458485555764716,0.7653844965761726,0.0189246314130978,0.0348378457605152,0.0553040442265169,0.000466153402493,0.0002785456703141,7.840198502936223e-07,0.0001868237123286,downstairs,wiktor
1672842721510193700,0.0399296301755096,0.7400005117677542,-0.000405330424868,0.7410771195194494,0.0399296301755096,0.0635324126519096,0.0759349808784831,0.7400005117677542,0.741252725687413,0.7458485555764716,-0.000405330424868,0.0189246314130978,0.0348378457605152,0.0018703679545186,0.0009951495139023,8.33802776342959e-05,0.0007918381629819,downstairs,wiktor
1672842721520193700,-0.0046831373670298,0.7270869315024446,-0.040200761393309,0.7282124957413467,-0.0046831373670298,0.0399296301755096,0.0635324126519096,0.7270869315024446,0.7400005117677542,0.741252725687413,-0.040200761393309,-0.000405330424868,0.0189246314130978,0.0020220525526426,0.0010799996716712,2.281282016697551e-06,0.0009397715989546,downstairs,wiktor
1672842721530193700,-0.0511589304570089,0.7292229474278055,-0.0835544601733361,0.735774891550166,-0.0511589304570089,-0.0046831373670298,0.0399296301755096,0.7292229474278055,0.7270869315024446,0.7400005117677542,-0.0835544601733361,-0.040200761393309,-0.000405330424868,0.0010900375850705,2.1057160799164093e-05,0.0004756595096965,0.0005933209145747,downstairs,wiktor
1672842721540193700,-0.0446693756496027,0.7600664073406167,-0.118002128151728,0.7704679090896224,-0.0446693756496027,-0.0511589304570089,-0.0046831373670298,0.7600664073406167,0.7292229474278055,0.7270869315024446,-0.118002128151728,-0.0835544601733361,-0.040200761393309,0.0075901735107203,0.006699029718468,0.000762881181523,0.0001282626107291,downstairs,wiktor
1672842721550193700,0.0710806111190188,0.7991274155591225,-0.1019857233910343,0.8087386273394194,0.0710806111190188,-0.0446693756496027,-0.0511589304570089,0.7991274155591225,0.7600664073406167,0.7292229474278055,-0.1019857233910343,-0.118002128151728,-0.0835544601733361,0.0049663065310493,0.0040602059908131,0.0007881756514563,0.0001179248887798,downstairs,wiktor
1672842721560193700,0.1611939396649468,0.8388307063914036,-0.0866283219975805,0.8585597861197111,0.1611939396649468,0.0710806111190188,-0.0446693756496027,0.8388307063914036,0.7991274155591225,0.7600664073406167,-0.0866283219975805,-0.1019857233910343,-0.118002128151728,0.0033185432662729,0.0004579059483475,0.0024543136513903,0.000406323666535,downstairs,wiktor
1672842721570193700,0.1309315554777232,0.908892302881783,-0.1151352919009231,0.9254644379438238,0.1309315554777232,0.1611939396649468,0.0710806111190188,0.908892302881783,0.8388307063914036,0.7991274155591225,-0.1151352919009231,-0.0866283219975805,-0.1019857233910343,0.0056174938965172,0.0034499403299566,0.0017205994779252,0.0004469540886353,downstairs,wiktor
1672842721580193700,0.047866035194556,0.967554036199598,-0.1450335891312135,0.9795339260422076,0.047866035194556,0.1309315554777232,0.1611939396649468,0.967554036199598,0.908892302881783,0.8388307063914036,-0.1450335891312135,-0.1151352919009231,-0.0866283219975805,0.006491183624115,0.005131266495623,0.0012647550052335,9.516212325844943e-05,downstairs,wiktor
1672842721590193700,-0.0534381255849802,1.0178482705656466,-0.1588293945269452,1.031551022356776,-0.0534381255849802,0.047866035194556,0.1309315554777232,1.0178482705656466,0.967554036199598,0.908892302881783,-0.1588293945269452,-0.1450335891312135,-0.1151352919009231,0.0011884752568798,0.0002319228778022,0.0008292806156929,0.0001272717633846,downstairs,wiktor
1672842721600193700,-0.0319010469621846,1.058573707719666,-0.1428749742375929,1.068648319016147,-0.0319010469621846,-0.0534381255849802,0.047866035194556,1.058573707719666,1.0178482705656466,0.967554036199598,-0.1428749742375929,-0.1588293945269452,-0.1450335891312135,0.0068820617328379,0.0040391737381194,0.0004712277117628,0.0023716602829556,downstairs,wiktor
1672842721610193700,0.0579785807419786,1.0892731445797406,-0.0740032052323521,1.0933224472735168,0.0579785807419786,-0.0319010469621846,-0.0534381255849802,1.0892731445797406,1.058573707719666,1.0178482705656466,-0.0740032052323521,-0.1428749742375929,-0.1588293945269452,0.0036712871086827,0.0006284718297644,0.0006599650960674,0.0023828501828509,downstairs,wiktor
1672842721620193700,0.0934319819826062,1.1256039881170825,-0.0049691530138864,1.1294859741510537,0.0934319819826062,0.0579785807419786,-0.0319010469621846,1.1256039881170825,1.0892731445797406,1.058573707719666,-0.0049691530138864,-0.0740032052323521,-0.1428749742375929,0.0018796838977014,0.0010886918106284,3.309262671530932e-05,0.0007578994603577,downstairs,wiktor
1672842721630193700,0.0467695386126226,1.1337394200927442,0.0339641093810812,1.1352118846895145,0.0467695386126226,0.0934319819826062,0.0579785807419786,1.1337394200927442,1.1256039881170825,1.0892731445797406,0.0339641093810812,-0.0049691530138864,-0.0740032052323521,0.003084675256834,0.0025510163510875,4.288745403185942e-06,0.0005293701603432,downstairs,wiktor
1672842721640193700,-0.0246589760168665,1.13666815545231,0.0665023994511894,1.1388788916519277,-0.0246589760168665,0.0467695386126226,0.0934319819826062,1.13666815545231,1.1337394200927442,1.1256039881170825,0.0665023994511894,0.0339641093810812,-0.0049691530138864,0.0015904032350604,0.0001644902587573,0.0001655348711342,0.0012603781051689,downstairs,wiktor
1672842721650193700,-0.0427967961040407,1.1548634774408983,0.116709532513513,1.1615344731273274,-0.0427967961040407,-0.0246589760168665,0.0467695386126226,1.1548634774408983,1.13666815545231,1.1337394200927442,0.116709532513513,0.0665023994511894,0.0339641093810812,0.0024847594835165,0.0001526765606799,0.000386952130424,0.0019451307924124,downstairs,wiktor
1672842721660193700,-0.0253224399968789,1.1826826122377987,0.17908149404131,1.1964320159395128,-0.0253224399968789,-0.0427967961040407,-0.0246589760168665,1.1826826122377987,1.1548634774408983,1.13666815545231,0.17908149404131,0.116709532513513,0.0665023994511894,0.0019585914747537,0.000258544463445,0.0003766719733529,0.0013233750379557,downstairs,wiktor
1672842721670193700,-0.0025828505790808,1.2101297240477134,0.2305280690090519,1.2318943991844231,-0.0025828505790808,-0.0253224399968789,-0.0427967961040407,1.2101297240477134,1.1826826122377987,1.1548634774408983,0.2305280690090519,0.17908149404131,0.116709532513513,0.0005704648269386,5.1845861633066446e-05,0.0002214114054366,0.0002972075598688,downstairs,wiktor
1672842721680193700,0.0076000627204681,1.2311730795518474,0.2549086990201428,1.2573079804100014,0.0076000627204681,-0.0025828505790808,-0.0253224399968789,1.2311730795518474,1.2101297240477134,1.1826826122377987,0.2549086990201428,0.2305280690090519,0.17908149404131,0.0016056399284403,2.5920662878688423e-06,0.0012441383925998,0.0003589094695526,downstairs,wiktor
1672842721690193700,0.0098769317495819,1.2810557096468986,0.2281165557855073,1.3012449608060532,0.0098769317495819,0.0076000627204681,-0.0025828505790808,1.2810557096468986,1.2311730795518474,1.2101297240477134,0.2281165557855073,0.2549086990201428,0.2305280690090519,0.0109252043352544,8.98555872390614e-05,0.0055287941888877,0.0053065545591276,downstairs,wiktor
1672842721700193700,0.023282571401539,1.3862107778926829,0.1250966105406407,1.3920386348250755,0.023282571401539,0.0098769317495819,0.0076000627204681,1.3862107778926829,1.2810557096468986,1.2311730795518474,0.1250966105406407,0.2281165557855073,0.2549086990201428,0.0101689635467254,0.0010443217932005,0.0037937369487083,0.0053309048048165,downstairs,wiktor
1672842721710193700,0.0689842517470254,1.4733168850116254,0.021840571445423,1.4750927025819491,0.0689842517470254,0.023282571401539,0.0098769317495819,1.4733168850116254,1.3862107778926829,1.2810557096468986,0.021840571445423,0.1250966105406407,0.2281165557855073,0.0071494642033184,0.0050719092060893,7.458939736507793e-06,0.0020700960574926,downstairs,wiktor
1672842721720193700,0.1697007767673946,1.477179252093224,-0.0425037532070682,1.4875024253717506,0.1697007767673946,0.0689842517470254,0.023282571401539,1.477179252093224,1.4733168850116254,1.3862107778926829,-0.0425037532070682,0.021840571445423,0.1250966105406407,0.0088990383973111,0.0081510460038518,5.208960441812415e-06,0.0007427834330175,downstairs,wiktor
1672842721730193700,0.2973804227870469,1.473951571674777,-0.0810468053181172,1.5058342990355285,0.2973804227870469,0.1697007767673946,0.0689842517470254,1.473951571674777,1.477179252093224,1.4733168850116254,-0.0810468053181172,-0.0425037532070682,0.021840571445423,0.0012032801438906,0.0010809266785702,8.718961692808703e-05,3.51638483923317e-05,downstairs,wiktor
1672842721740193700,0.3438761576144533,1.4871568446312962,-0.0894329663459454,1.529014240541542,0.3438761576144533,0.2973804227870469,0.1697007767673946,1.4871568446312962,1.473951571674777,1.477179252093224,-0.0894329663459454,-0.0810468053181172,-0.0425037532070682,0.0027034584099718,0.002675568633803,1.4384864916985414e-05,1.3504911251824496e-05,downstairs,wiktor
1672842721750193700,0.27072468963461,1.4817931024829476,-0.0842358688383312,1.508674364381772,0.27072468963461,0.3438761576144533,0.2973804227870469,1.4817931024829476,1.4871568446312962,1.473951571674777,-0.0842358688383312,-0.0894329663459454,-0.0810468053181172,0.0107748153591951,0.0103487976716907,3.578997638502833e-05,0.0003902277111193,downstairs,wiktor
1672842721760193700,0.1268581009373675,1.473332608834817,-0.056299236574603,1.4798552490255006,0.1268581009373675,0.27072468963461,0.3438761576144533,1.473332608834817,1.4817931024829476,1.4871568446312962,-0.056299236574603,-0.0842358688383312,-0.0894329663459454,0.0100482674861362,0.0093767130774824,4.771166440285855e-06,0.0006667832422134,downstairs,wiktor
1672842721770193700,-0.0100850484165339,1.476421675503015,-0.0197812069943135,1.4765886252598746,-0.0100850484165339,0.1268581009373675,0.27072468963461,1.476421675503015,1.473332608834817,1.4817931024829476,-0.0197812069943135,-0.056299236574603,-0.0842358688383312,0.0035613295515173,0.002058061387338,0.0005056420089148,0.0009976261552644,downstairs,wiktor
1672842721780193700,-0.0742420649827372,1.4446209834063053,0.0248870402348858,1.4467415231071354,-0.0742420649827372,-0.0100850484165339,0.1268581009373675,1.4446209834063053,1.476421675503015,1.473332608834817,0.0248870402348858,-0.0197812069943135,-0.056299236574603,0.006520936891578,0.0006651293519637,0.0042803672560351,0.0015754402835791,downstairs,wiktor
1672842721790193700,-0.037769353211778,1.3520967459759412,0.0810197452040769,1.3550484617288412,-0.037769353211778,-0.0742420649827372,-0.0100850484165339,1.3520967459759412,1.4446209834063053,1.476421675503015,0.0810197452040769,0.0248870402348858,-0.0197812069943135,0.0128978825030533,0.0071461912217759,0.0047285903730404,0.0010231009082369,downstairs,wiktor
1672842721800193700,0.0817813993728538,1.254848708740833,0.1262547075283006,1.263832951890785,0.0817813993728538,-0.037769353211778,-0.0742420649827372,1.254848708740833,1.3520967459759412,1.4446209834063053,0.1262547075283006,0.0810197452040769,0.0248870402348858,0.0212354648042769,0.0201210922119126,0.0009294890791954,0.0001848835131688,downstairs,wiktor
1672842721810193700,0.2823859467386233,1.2117328397551463,0.1454840347744024,1.2526786907386824,0.2823859467386233,0.0817813993728538,-0.037769353211778,1.2117328397551463,1.254848708740833,1.3520967459759412,0.1454840347744024,0.1262547075283006,0.0810197452040769,0.0282808726107671,0.0281103144241789,1.982490380731968e-06,0.0001685756962074,downstairs,wiktor
1672842721820193700,0.5194948433417621,1.2137240656994992,0.1271223520515438,1.326333703224012,0.5194948433417621,0.2823859467386233,0.0817813993728538,1.2137240656994992,1.2117328397551463,1.254848708740833,0.1271223520515438,0.1454840347744024,0.1262547075283006,0.0226939065533456,0.0204864752351735,2.1921788819282387e-05,0.0021855095293528,downstairs,wiktor
1672842721830193700,0.7219126055820038,1.220345514003199,0.0610086692112588,1.419198027536981,0.7219126055820038,0.5194948433417621,0.2823859467386233,1.220345514003199,1.2137240656994992,1.2117328397551463,0.0610086692112588,0.1271223520515438,0.1454840347744024,0.0066548536340526,0.0025040242584494,1.6322287112178724e-06,0.004149197146892,downstairs,wiktor
1672842721840193700,0.7926801724251479,1.218538733047345,-0.0300868536962039,1.4539888990146823,0.7926801724251479,0.7219126055820038,0.5194948433417621,1.218538733047345,1.220345514003199,1.2137240656994992,-0.0300868536962039,0.0610086692112588,0.1271223520515438,0.0049152026006091,0.0039879343828111,0.000280449221806,0.0006468189959919,downstairs,wiktor
1672842721850193700,0.7033724529064959,1.2422220276579383,-0.0660540330682901,1.4290596589334148,0.7033724529064959,0.7926801724251479,0.7219126055820038,1.2422220276579383,1.218538733047345,1.220345514003199,-0.0660540330682901,-0.0300868536962039,0.0610086692112588,0.0256000996735605,0.0245085035480046,0.0007362152099699,0.0003553809155858,downstairs,wiktor
1672842721860193700,0.48197460491332,1.280594288732052,-0.0393939162048607,1.3688583318767713,0.48197460491332,0.7033724529064959,0.7926801724251479,1.280594288732052,1.2422220276579383,1.218538733047345,-0.0393939162048607,-0.0660540330682901,-0.0300868536962039,0.0351140285658827,0.0345365624388358,0.0002427598825859,0.0003347062444609,downstairs,wiktor
1672842721870193700,0.2191569402146326,1.3026288017779974,-0.0135209092493125,1.3210050623115528,0.2191569402146326,0.48197460491332,0.7033724529064959,1.3026288017779974,1.280594288732052,1.2422220276579383,-0.0135209092493125,-0.0393939162048607,-0.0660540330682901,0.0595148002466244,0.0592350283616496,0.0002775841854368,2.187699537908904e-06,downstairs,wiktor
1672842721880193700,-0.1250378545212834,1.3261908129585764,-0.0156126547108393,1.332163763366252,-0.1250378545212834,0.2191569402146326,0.48197460491332,1.3261908129585764,1.3026288017779974,1.280594288732052,-0.0156126547108393,-0.0135209092493125,-0.0393939162048607,0.0566973403008011,0.0548967756992787,0.0010566098352682,0.0007439547662541,downstairs,wiktor
1672842721890193700,-0.4563889544116528,1.3721605820523672,0.0229607756850734,1.4462512706536557,-0.4563889544116528,-0.1250378545212834,0.2191569402146326,1.3721605820523672,1.3261908129585764,1.3026288017779974,0.0229607756850734,-0.0156126547108393,-0.0135209092493125,0.0517864240177873,0.0480550665684404,0.0036497418148656,8.161563448114405e-05,downstairs,wiktor
1672842721900193700,-0.7664052977500017,1.457597597623672,0.0357369750010784,1.6471930574160991,-0.7664052977500017,-0.4563889544116528,-0.1250378545212834,1.457597597623672,1.3721605820523672,1.3261908129585764,0.0357369750010784,0.0229607756850734,-0.0156126547108393,0.0154544624777807,0.0137247350721213,0.0017139675505398,1.5759855119517696e-05,downstairs,wiktor
1672842721910193700,-0.9320841139705514,1.5161461680680457,0.0301227332678579,1.7799964543569218,-0.9320841139705514,-0.7664052977500017,-0.4563889544116528,1.5161461680680457,1.457597597623672,1.3721605820523672,0.0301227332678579,0.0357369750010784,0.0229607756850734,0.0186861732947387,0.0162533377336463,0.0015604199128743,0.000872415648218,downstairs,wiktor
1672842721920193700,-0.7517880367328789,1.4602816907524143,0.071893911087451,1.6440123487896483,-0.7517880367328789,-0.9320841139705514,-0.7664052977500017,1.4602816907524143,1.5161461680680457,1.457597597623672,0.071893911087451,0.0301227332678579,0.0357369750010784,0.0230374075389031,0.0215028849034033,0.0013333886511573,0.0002011339843424,downstairs,wiktor
1672842721930193700,-0.5444097114266728,1.4086408415890377,0.0919505301615867,1.5129791322041892,-0.5444097114266728,-0.7517880367328789,-0.9320841139705514,1.4086408415890377,1.4602816907524143,1.5161461680680457,0.0919505301615867,0.071893911087451,0.0301227332678579,0.008818460540004,0.0026943809610855,0.0060219599801943,0.0001021195987241,downstairs,wiktor
1672842721940193700,-0.4710015244025335,1.2988960469043296,0.0776593021720694,1.38383681981188,-0.4710015244025335,-0.5444097114266728,-0.7517880367328789,1.2988960469043296,1.4086408415890377,1.4602816907524143,0.0776593021720694,0.0919505301615867,0.071893911087451,0.0081852260083389,0.005148980991854,0.0021778782651693,0.0008583667513155,downstairs,wiktor
1672842721950193700,-0.3695226498339415,1.2328978913972346,0.0362258193033662,1.2875933012159722,-0.3695226498339415,-0.4710015244025335,-0.5444097114266728,1.2328978913972346,1.2988960469043296,1.4086408415890377,0.0362258193033662,0.0776593021720694,0.0919505301615867,0.0327573698640357,0.0266746583559656,0.0009123244062462,0.0051703871018238,downstairs,wiktor
1672842721960193700,-0.1385479397206235,1.2756137995871866,-0.0654637780193084,1.284784652589939,-0.1385479397206235,-0.3695226498339415,-0.4710015244025335,1.2756137995871866,1.2328978913972346,1.2988960469043296,-0.0654637780193084,0.0362258193033662,0.0776593021720694,0.0662802043952852,0.0501741065815458,0.004196144733697,0.0119099530800423,downstairs,wiktor
1672842721970193700,0.1782299211899706,1.3672232394249788,-0.2198007669755684,1.3962011561355203,0.1782299211899706,-0.1385479397206235,-0.3695226498339415,1.3672232394249788,1.2756137995871866,1.2328978913972346,-0.2198007669755684,-0.0654637780193084,0.0362258193033662,0.1574916677878962,0.1376192365145011,0.0007280832272532,0.0191443480461417,downstairs,wiktor
1672842721980193700,0.7028616711146225,1.4053829885660103,-0.4154757426170223,1.6253417997381157,0.7028616711146225,0.1782299211899706,-0.1385479397206235,1.4053829885660103,1.3672232394249788,1.2756137995871866,-0.4154757426170223,-0.2198007669755684,-0.0654637780193084,0.0487328566649588,0.0261064341804208,0.0073243067838215,0.0153021157007164,downstairs,wiktor
1672842721990193700,0.931363024197797,1.284351531631695,-0.5904163937002765,1.692804612941962,0.931363024197797,0.7028616711146225,0.1782299211899706,1.284351531631695,1.4053829885660103,1.3672232394249788,-0.5904163937002765,-0.4154757426170223,-0.2198007669755684,0.4026878868502908,0.384939079254455,0.0086156883112582,0.0091331192845775,downstairs,wiktor
1672842722000193700,0.0539360138380121,1.1530831933984538,-0.4552637445617741,1.2408767149072943,0.0539360138380121,0.931363024197797,0.7028616711146225,1.1530831933984538,1.284351531631695,1.4053829885660103,-0.4552637445617741,-0.5904163937002765,-0.4154757426170223,0.1048904067958067,0.0777444096016204,0.007308205003148,0.0198377921910382,downstairs,wiktor
1672842722010193700,-0.3403846921910281,1.0321848476434514,-0.2560764347700191,1.1166209915755838,-0.3403846921910281,0.0539360138380121,0.931363024197797,1.0321848476434514,1.1530831933984538,1.284351531631695,-0.2560764347700191,-0.4552637445617741,-0.5904163937002765,0.0265055213246591,0.0017611595154581,0.0040523727006912,0.0206919891085096,downstairs,wiktor
1672842722020193700,-0.3997338204990024,0.9421584881625612,-0.0526459104699049,1.02480307179316,-0.3997338204990024,-0.3403846921910281,0.0539360138380121,0.9421584881625612,1.0321848476434514,1.1530831933984538,-0.0526459104699049,-0.2560764347700191,-0.4552637445617741,0.0209806940945799,0.0009896238795466,0.007785392223056,0.0122056779919772,downstairs,wiktor
1672842722030193700,-0.3552450830580128,0.8173755388220683,0.1035954284387032,0.8972367877516834,-0.3552450830580128,-0.3997338204990024,-0.3403846921910281,0.8173755388220683,0.9421584881625612,1.0321848476434514,0.1035954284387032,-0.0526459104699049,-0.2560764347700191,0.0251973615854679,0.000175356989159,0.0208752414448554,0.0041467631514535,downstairs,wiktor
1672842722040193700,-0.3739724421435346,0.613046189756128,0.1946642282710664,0.744026330196503,-0.3739724421435346,-0.3552450830580128,-0.3997338204990024,0.613046189756128,0.8173755388220683,0.9421584881625612,0.1946642282710664,0.1035954284387032,-0.0526459104699049,0.0249567369742279,0.002633216530833,0.0223197708455805,3.749597814305613e-06,downstairs,wiktor
1672842722050193700,-0.3014022481127473,0.4017654720103735,0.1919257623449297,0.5376749091401037,-0.3014022481127473,-0.3739724421435346,-0.3552450830580128,0.4017654720103735,0.613046189756128,0.8173755388220683,0.1919257623449297,0.1946642282710664,0.1035954284387032,0.0622283049013122,0.0524409300127595,0.0047544315176125,0.0050329433709402,downstairs,wiktor
1672842722060193700,0.0224524415638404,0.3042520727504511,0.0915968694880836,0.3185332359505684,0.0224524415638404,-0.3014022481127473,-0.3739724421435346,0.3042520727504511,0.4017654720103735,0.613046189756128,0.0915968694880836,0.1919257623449297,0.1946642282710664,0.0526669654140463,0.0361192537772218,0.0005837183310789,0.0159639933057455,downstairs,wiktor
1672842722070193700,0.291224664002179,0.3384198450243037,-0.0870871718012579,0.4548889665861303,0.291224664002179,0.0224524415638404,-0.3014022481127473,0.3384198450243037,0.3042520727504511,0.4017654720103735,-0.0870871718012579,0.0915968694880836,0.1919257623449297,0.0153563387166195,0.0042051679976628,0.0018705412199269,0.0092806294990297,downstairs,wiktor
1672842722080193700,0.1995167799609165,0.3995842336818703,-0.2233268833322925,0.4993489782827393,0.1995167799609165,0.291224664002179,0.0224524415638404,0.3995842336818703,0.3384198450243037,0.3042520727504511,-0.2233268833322925,-0.0870871718012579,0.0915968694880836,0.0038965120770525,0.0027522967068922,0.0010925848112213,5.163055893896011e-05,downstairs,wiktor
1672842722090193700,0.1253238327638648,0.4463300315940117,-0.2334886311090246,0.5190698421392856,0.1253238327638648,0.1995167799609165,0.291224664002179,0.4463300315940117,0.3995842336818703,0.3384198450243037,-0.2334886311090246,-0.2233268833322925,-0.0870871718012579,0.0006102366197071,4.045715555804181e-06,0.0001210290777385,0.0004851618264127,downstairs,wiktor
1672842722100193700,0.1281683768594289,0.4618882498556615,-0.2023386126046086,0.5202968405941598,0.1281683768594289,0.1253238327638648,0.1995167799609165,0.4618882498556615,0.4463300315940117,0.3995842336818703,-0.2023386126046086,-0.2334886311090246,-0.2233268833322925,0.0031962401684579,0.0014408563070941,0.0002855967760712,0.0014697870852925,downstairs,wiktor
1672842722110193700,0.0744867914302686,0.437988593955577,-0.1481207726385499,0.4683183253085455,0.0744867914302686,0.1281683768594289,0.1253238327638648,0.437988593955577,0.4618882498556615,0.4463300315940117,-0.1481207726385499,-0.2023386126046086,-0.2334886311090246,0.0069046549848418,0.0025135214321399,0.0020701669491395,0.0023209666035622,downstairs,wiktor
1672842722120193700,0.0035851492470312,0.3736431675580529,-0.0799890384236879,0.3821260475626922,0.0035851492470312,0.0744867914302686,0.1281683768594289,0.3736431675580529,0.437988593955577,0.4618882498556615,-0.0799890384236879,-0.1481207726385499,-0.2023386126046086,0.0066469170803406,0.0005999232751002,0.0039963639331252,0.0020506298721151,downstairs,wiktor
1672842722130193700,-0.0310536519764591,0.284241110164218,-0.0159479598550829,0.2863768067284805,-0.0310536519764591,0.0035851492470312,0.0744867914302686,0.284241110164218,0.3736431675580529,0.437988593955577,-0.0159479598550829,-0.0799890384236879,-0.1481207726385499,0.004321621215365,0.0001921311438071,0.0034626895217703,0.0006668005497874,downstairs,wiktor
1672842722140193700,-0.0114510427722146,0.2010222478580034,0.0205705436681311,0.2023961901352349,-0.0114510427722146,-0.0310536519764591,0.0035851492470312,0.2010222478580034,0.284241110164218,0.3736431675580529,0.0205705436681311,-0.0159479598550829,-0.0799890384236879,0.0013852736430064,0.0006512526735122,0.0007242599218044,9.761047689746702e-06,downstairs,wiktor
1672842722150193700,0.0246391961716392,0.1629628226966989,0.0161521621341875,0.1656045407314344,0.0246391961716392,-0.0114510427722146,-0.0310536519764591,0.1629628226966989,0.2010222478580034,0.284241110164218,0.0161521621341875,0.0205705436681311,-0.0159479598550829,0.0012913485085859,0.0001006084897458,4.7853908350940185e-05,0.001142886110489,downstairs,wiktor
1672842722160193700,0.038824293263016,0.1727458598887922,-0.0316575881368414,0.1798628942909926,0.038824293263016,0.0246391961716392,-0.0114510427722146,0.1727458598887922,0.1629628226966989,0.2010222478580034,-0.0316575881368414,0.0161521621341875,0.0205705436681311,0.0030821899613207,9.586817129988304e-05,0.0004918302603802,0.0024944915296406,downstairs,wiktor
1672842722170193700,0.0526711825382202,0.2041092226032789,-0.1022903217614248,0.2343035171476203,0.0526711825382202,0.038824293263016,0.0246391961716392,0.2041092226032789,0.1727458598887922,0.1629628226966989,-0.1022903217614248,-0.0316575881368414,0.0161521621341875,0.0016990956956982,0.0001650191633086,5.403000877491166e-05,0.0014800465236146,downstairs,wiktor
1672842722180193700,0.070838139537599,0.2145044146433436,-0.1566970589106907,0.2749257248528997,0.070838139537599,0.0526711825382202,0.038824293263016,0.2145044146433436,0.2041092226032789,0.1727458598887922,-0.1566970589106907,-0.1022903217614248,-0.0316575881368414,0.00026956673765,3.520800819743952e-05,3.07644674731233e-05,0.0002035942619794,downstairs,wiktor
1672842722190193700,0.0624467143669335,0.2066603764648129,-0.1768759717644331,0.279093555503197,0.0624467143669335,0.070838139537599,0.0526711825382202,0.2066603764648129,0.2145044146433436,0.2041092226032789,-0.1768759717644331,-0.1566970589106907,-0.1022903217614248,0.0028614941587986,0.0026877020555772,0.0001427380325464,3.1054070674936265e-05,downstairs,wiktor
1672842722200193700,-0.0108704330895412,0.1897643395006904,-0.1847568436292633,0.2650731260040058,-0.0108704330895412,0.0624467143669335,0.070838139537599,0.1897643395006904,0.2066603764648129,0.2145044146433436,-0.1847568436292633,-0.1768759717644331,-0.1566970589106907,0.0010483428279429,0.0009946870274557,8.198224646719223e-06,4.545757584049699e-05,downstairs,wiktor
1672842722210193700,-0.0554728327437249,0.1857150865704033,-0.194291787345982,0.2744387494188129,-0.0554728327437249,-0.0108704330895412,0.0624467143669335,0.1857150865704033,0.1897643395006904,0.2066603764648129,-0.194291787345982,-0.1847568436292633,-0.1768759717644331,0.0008766808231928,3.3572275294055675e-06,0.0001635409033743,0.000709782692289,downstairs,wiktor
1672842722220193700,-0.0528816061888264,0.2038004897107453,-0.156614667172352,0.2624104758826452,-0.0528816061888264,-0.0554728327437249,-0.0108704330895412,0.2038004897107453,0.1857150865704033,0.1897643395006904,-0.156614667172352,-0.194291787345982,-0.1847568436292633,0.0084773904278209,0.0003976611861349,0.0007178513221768,0.007361877919509,downstairs,wiktor
1672842722230193700,-0.081083066652249,0.241691156692915,-0.0352731827615449,0.2573582645718253,-0.081083066652249,-0.0528816061888264,-0.0554728327437249,0.241691156692915,0.2038004897107453,0.1857150865704033,-0.0352731827615449,-0.156614667172352,-0.194291787345982,0.0187987884062725,0.0019258598219085,0.001860365656943,0.0150125629274209,downstairs,wiktor
1672842722240193700,-0.1431452906199498,0.3026889543079609,0.138004414910058,0.3621552095737188,-0.1431452906199498,-0.081083066652249,-0.0528816061888264,0.3026889543079609,0.241691156692915,0.2038004897107453,0.138004414910058,-0.0352731827615449,-0.156614667172352,0.0175863278732952,0.0001215229454649,4.244255196424328e-07,0.0174643805023106,downstairs,wiktor
1672842722250193700,-0.1275553614690583,0.3017676231843767,0.3248967930441631,0.4614022049928152,-0.1275553614690583,-0.1431452906199498,-0.081083066652249,0.3017676231843767,0.3026889543079609,0.241691156692915,0.3248967930441631,0.138004414910058,-0.0352731827615449,0.1136819641377889,0.1126792974605879,0.0006845403796931,0.0003181262975078,downstairs,wiktor
1672842722260193700,0.3471641293054157,0.3387687145113395,0.3501208409947928,0.5982238526730224,0.3471641293054157,-0.1275553614690583,-0.1431452906199498,0.3387687145113395,0.3017676231843767,0.3026889543079609,0.3501208409947928,0.3248967930441631,0.138004414910058,0.9397616593395856,0.5452126565233566,0.3294500610138667,0.0650989418023623,downstairs,wiktor
1672842722270193700,1.3913984483386073,1.1504953446201056,-0.0107085973895005,1.805476074083972,1.3913984483386073,0.3471641293054157,-0.1275553614690583,1.1504953446201056,0.3387687145113395,0.3017676231843767,-0.0107085973895005,0.3501208409947928,0.3248967930441631,1.7017933733867523,0.131670591804579,1.5554585718200569,0.0146642097621163,downstairs,wiktor
1672842722280193700,0.8782306554977489,2.9142745665297283,-0.1819640192722331,3.049163202862016,0.8782306554977489,1.3913984483386073,0.3471641293054157,2.9142745665297283,1.1504953446201056,0.3387687145113395,-0.1819640192722331,-0.0107085973895005,0.3501208409947928,1.8943452230854587,0.0225031115818507,1.8718256412702896,1.6470233318119938e-05,downstairs,wiktor
1672842722290193700,0.6660839535113604,4.849126313444871,-0.1762246406790193,4.897831046580846,0.6660839535113604,0.8782306554977489,1.3913984483386073,4.849126313444871,2.9142745665297283,1.1504953446201056,-0.1762246406790193,-0.1819640192722331,-0.0107085973895005,0.2953307129302311,0.0640615138252702,0.2272800046540205,0.0039891944509403,downstairs,wiktor
1672842722300193700,0.3081411820372874,4.174915656967208,-0.0869028129890264,4.187173728156342,0.3081411820372874,0.6660839535113604,0.8782306554977489,4.174915656967208,4.849126313444871,2.9142745665297283,-0.0869028129890264,-0.1762246406790193,-0.1819640192722331,2.1911636977887343,0.0817796499463488,2.0734017775793387,0.0359822702630467,downstairs,wiktor
1672842722310193700,0.7125658349612872,2.138545465877514,0.1813592613451842,2.261419456990459,0.7125658349612872,0.3081411820372874,0.6660839535113604,2.138545465877514,4.174915656967208,4.849126313444871,0.1813592613451842,-0.0869028129890264,-0.1762246406790193,1.2362610479733556,0.0882594392355924,1.1442035593372537,0.0037980494005095,downstairs,wiktor
1672842722320193700,0.2924243368071714,0.62579726519291,0.0942036602571353,0.6971431269731354,0.2924243368071714,0.7125658349612872,0.3081411820372874,0.62579726519291,2.138545465877514,4.174915656967208,0.0942036602571353,0.1813592613451842,-0.0869028129890264,0.2521589397144589,0.0514360083325771,0.1998647813412008,0.0008581500406809,downstairs,wiktor
1672842722330193700,-0.0283123412718319,-0.0064444312194681,0.052775408044884,0.0602358950820782,-0.0283123412718319,0.2924243368071714,0.7125658349612872,-0.0064444312194681,0.62579726519291,2.138545465877514,0.052775408044884,0.0942036602571353,0.1813592613451842,0.0506756261131958,0.0028853719033814,0.0477662373729854,2.4016836828965608e-05,downstairs,wiktor
1672842722340193700,0.0476530706388721,-0.3155277124657543,0.0597060410360278,0.3246434410416771,0.0476530706388721,-0.0283123412718319,0.2924243368071714,-0.3155277124657543,-0.0064444312194681,0.62579726519291,0.0597060410360278,0.052775408044884,0.0942036602571353,0.0102794549063348,0.0048660810042114,0.0019834507811457,0.0034299231209776,downstairs,wiktor
1672842722350193700,-0.0509986501186638,-0.2525443689351705,-0.0231181477131249,0.2586773460287453,-0.0509986501186638,0.0476530706388721,-0.0283123412718319,-0.2525443689351705,-0.3155277124657543,-0.0064444312194681,-0.0231181477131249,0.0597060410360278,0.052775408044884,0.0672610401997272,0.0077610242127707,0.0429554916521182,0.0165445243348382,downstairs,wiktor
1672842722360193700,0.0735888630017989,0.0405613855362087,-0.2050221022321969,0.2215730334635149,0.0735888630017989,-0.0509986501186638,0.0476530706388721,0.0405613855362087,-0.2525443689351705,-0.3155277124657543,-0.2050221022321969,-0.0231181477131249,0.0597060410360278,0.1364964107655747,0.0112015199551982,0.1193318621034448,0.0059630287069316,downstairs,wiktor
1672842722370193700,0.2232653137560723,0.5290935996294963,-0.3142285920295681,0.6546197717334696,0.2232653137560723,0.0735888630017989,-0.0509986501186638,0.5290935996294963,0.0405613855362087,-0.2525443689351705,-0.3142285920295681,-0.2050221022321969,-0.0231181477131249,0.1279024869534918,0.0156233929697734,0.1111764548758299,0.0011026391078885,downstairs,wiktor
1672842722380193700,0.0464977094289589,1.0006367151042743,-0.3611889818892899,1.0648442859099323,0.0464977094289589,0.2232653137560723,0.0735888630017989,1.0006367151042743,0.5290935996294963,0.0405613855362087,-0.3611889818892899,-0.3142285920295681,-0.2050221022321969,0.1338290236556814,0.0608309498695987,0.0728765823396085,0.0001214914464741,downstairs,wiktor
1672842722390193700,-0.3023029496002313,1.3824130431803052,-0.3767768904388156,1.4643816853746756,-0.3023029496002313,0.0464977094289589,0.2232653137560723,1.3824130431803052,1.0006367151042743,0.5290935996294963,-0.3767768904388156,-0.3611889818892899,-0.3142285920295681,0.047613172716951,0.0036262497805906,0.0418244161958414,0.0021625067405189,downstairs,wiktor
1672842722400193700,-0.3874645580936205,1.671634121927486,-0.3110120557546329,1.7439088050112266,-0.3874645580936205,-0.3023029496002313,0.0464977094289589,1.671634121927486,1.3824130431803052,1.0006367151042743,-0.3110120557546329,-0.3767768904388156,-0.3611889818892899,0.0635498154678349,0.0561598623847577,0.0020583822151662,0.0053315708679109,downstairs,wiktor
1672842722410193700,-0.0523232076614251,1.735796138965081,-0.2077495662639093,1.7489670769882733,-0.0523232076614251,-0.3874645580936205,-0.3023029496002313,1.735796138965081,1.671634121927486,1.3824130431803052,-0.2077495662639093,-0.3110120557546329,-0.3767768904388156,0.1369713354092581,0.117814069400669,0.0138536636026488,0.0053036024059402,downstairs,wiktor
1672842722420193700,0.4330922214313655,1.569340958194707,-0.1047582811380282,1.6313718805958473,0.4330922214313655,-0.0523232076614251,-0.3874645580936205,1.569340958194707,1.735796138965081,1.671634121927486,-0.1047582811380282,-0.2077495662639093,-0.3110120557546329,0.0469606118419307,0.0029484479834308,0.0432911346877208,0.0007210291707791,downstairs,wiktor
1672842722430193700,0.356300972145645,1.2750923059030754,-0.0667838378694531,1.3256209308568296,0.356300972145645,0.4330922214313655,-0.0523232076614251,1.2750923059030754,1.569340958194707,1.735796138965081,-0.0667838378694531,-0.1047582811380282,-0.2077495662639093,0.1143485826712242,0.093953049432147,0.0176397808370187,0.0027557524020584,downstairs,wiktor
1672842722440193700,-0.077180398693165,1.087263762614156,-0.1410233475938376,1.0990845681761254,-0.077180398693165,0.356300972145645,0.4330922214313655,1.087263762614156,1.2750923059030754,1.569340958194707,-0.1410233475938376,-0.0667838378694531,-0.1047582811380282,0.0255587936002185,0.0224315165646154,0.0017564864171376,0.0013707906184654,downstairs,wiktor
1672842722450193700,-0.2889893530110381,1.0279934257307253,-0.1933834587179637,1.0852108051457343,-0.2889893530110381,-0.077180398693165,0.356300972145645,1.0279934257307253,1.087263762614156,1.2750923059030754,-0.1933834587179637,-0.1410233475938376,-0.0667838378694531,0.000685082840812,0.0002949714735179,3.3439267708881054e-06,0.0003867674405231,downstairs,wiktor
1672842722460193700,-0.3132780941689479,1.0254073372670844,-0.221195953770482,1.0947744158372237,-0.3132780941689479,-0.2889893530110381,-0.077180398693165,1.0254073372670844,1.0279934257307253,1.087263762614156,-0.221195953770482,-0.1933834587179637,-0.1410233475938376,0.0038911269800737,0.00311415745538,0.0001970564622604,0.0005799130624332,downstairs,wiktor
1672842722470193700,-0.2343584203812282,1.0452596148321625,-0.2552521738318244,1.1012017089745807,-0.2343584203812282,-0.3132780941689479,-0.2889893530110381,1.0452596148321625,1.0254073372670844,1.0279934257307253,-0.2552521738318244,-0.221195953770482,-0.1933834587179637,0.0166418469223182,0.0146215956283186,0.000693129733437,0.0013271215605624,downstairs,wiktor
1672842722480193700,-0.0633520133181086,1.082492120346486,-0.3067715208882939,1.1269034715679094,-0.0633520133181086,-0.2343584203812282,-0.3132780941689479,1.082492120346486,1.0452596148321625,1.0254073372670844,-0.3067715208882939,-0.2552521738318244,-0.221195953770482,0.0191537004621511,0.0159663536534792,0.0012890403978795,0.0018983064107922,downstairs,wiktor
1672842722490193700,0.1153452370999057,1.133266925080322,-0.3683881811481982,1.1972085445787293,0.1153452370999057,-0.0633520133181086,-0.2343584203812282,1.133266925080322,1.082492120346486,1.0452596148321625,-0.3683881811481982,-0.3067715208882939,-0.2552521738318244,0.0003317991888279,8.724103951512049e-05,0.0002110998160933,3.34583332195099e-05,downstairs,wiktor
1672842722500193700,0.1021360706224083,1.153814422061382,-0.3765684419288225,1.2179997081016594,0.1021360706224083,0.1153452370999057,-0.0633520133181086,1.153814422061382,1.133266925080322,1.082492120346486,-0.3765684419288225,-0.3683881811481982,-0.3067715208882939,0.0185955909473705,0.0178909111308817,3.767450913435251e-05,0.0006670053073544,downstairs,wiktor
1672842722510193700,-0.0870247663966836,1.162494803289687,-0.3400443318820471,1.2143301138022693,-0.0870247663966836,0.1021360706224083,0.1153452370999057,1.162494803289687,1.153814422061382,1.133266925080322,-0.3400443318820471,-0.3765684419288225,-0.3683881811481982,0.0081978473290582,0.0078684936096064,6.712776095849776e-05,0.0002622259584932,downstairs,wiktor
1672842722520193700,-0.212471915504238,1.1740816718017997,-0.3171434166822888,1.2345817241818642,-0.212471915504238,-0.0870247663966836,0.1021360706224083,1.1740816718017997,1.162494803289687,1.153814422061382,-0.3171434166822888,-0.3400443318820471,-0.3765684419288225,0.0008979036165689,0.0004612228446562,5.6620427476287424e-05,0.0003800603444364,downstairs,wiktor
1672842722530193700,-0.1821001244916478,1.1634402031553874,-0.2895731303422284,1.2126855154879683,-0.1821001244916478,-0.212471915504238,-0.0870247663966836,1.1634402031553874,1.1740816718017997,1.162494803289687,-0.2895731303422284,-0.3171434166822888,-0.3400443318820471,0.0079210033167512,0.0058306605866085,0.0005263009251992,0.0015640418049434,downstairs,wiktor
1672842722540193700,-0.0741125271796547,1.1309963770801772,-0.2336438570599219,1.157253180421328,-0.0741125271796547,-0.1821001244916478,-0.212471915504238,1.1309963770801772,1.1634402031553874,1.1740816718017997,-0.2336438570599219,-0.2895731303422284,-0.3171434166822888,0.0055832251035227,0.0025776386573075,5.666447277071246e-05,0.0029489219734445,downstairs,wiktor
1672842722550193700,-0.0023122673290447,1.1203507702143651,-0.1568464355739825,1.1312789219517818,-0.0023122673290447,-0.0741125271796547,-0.1821001244916478,1.1203507702143651,1.1309963770801772,1.1634402031553874,-0.1568464355739825,-0.2336438570599219,-0.2895731303422284,0.002113508067405,0.0004241815233491,3.6460874350450575e-06,0.0016856804566208,downstairs,wiktor
1672842722560193700,0.0268144050984445,1.1176503674906793,-0.0987830141002037,1.122327688399228,0.0268144050984445,-0.0023122673290447,-0.0741125271796547,1.1176503674906793,1.1203507702143651,1.1309963770801772,-0.0987830141002037,-0.1568464355739825,-0.2336438570599219,0.0020034650508773,0.0008488233085237,0.0006908817842952,0.0004637599580583,downstairs,wiktor
1672842722570193700,0.0680169125105849,1.080478286992131,-0.068327802458899,1.084771089971421,0.0680169125105849,0.0268144050984445,-0.0023122673290447,1.080478286992131,1.1176503674906793,1.1203507702143651,-0.068327802458899,-0.0987830141002037,-0.1568464355739825,0.0044138224034788,0.0029487805778006,0.0008595547827589,0.0006054870429192,downstairs,wiktor
1672842722580193700,0.1448124928235252,1.0390161408161558,-0.0335287495143363,1.0495948627914755,0.1448124928235252,0.0680169125105849,0.0268144050984445,1.0390161408161558,1.080478286992131,1.1176503674906793,-0.0335287495143363,-0.068327802458899,-0.0987830141002037,0.0069865177639383,0.0051186396603145,0.0011073147890681,0.0007605633145556,downstairs,wiktor
1672842722590193700,0.2459919340190028,0.9919562897949684,0.00547287390202,1.0220172526992664,0.2459919340190028,0.1448124928235252,0.0680169125105849,0.9919562897949684,1.0390161408161558,1.080478286992131,0.00547287390202,-0.0335287495143363,-0.068327802458899,0.0022536874025585,0.0004887563955344,0.0006741833252026,0.0010907476818214,downstairs,wiktor
1672842722600193700,0.2772571349789985,0.9552361774530208,0.052179354861763,0.9960272881229768,0.2772571349789985,0.2459919340190028,0.1448124928235252,0.9552361774530208,0.9919562897949684,1.0390161408161558,0.052179354861763,0.00547287390202,-0.0335287495143363,0.0017431185960887,2.41252739770022e-05,0.0008091904283232,0.0009098028937884,downstairs,wiktor
1672842722610193700,0.2842033964162038,0.9150070728563924,0.0948361923860914,0.962810166802377,0.2842033964162038,0.2772571349789985,0.2459919340190028,0.9150070728563924,0.9552361774530208,0.9919562897949684,0.0948361923860914,0.052179354861763,0.00547287390202,0.0027109139368022,5.777229452865529e-07,0.0021756769978616,0.0005346592159952,downstairs,wiktor
1672842722620193700,0.2852783131062654,0.8490422792485646,0.127536627123118,0.9047221115559712,0.2852783131062654,0.2842033964162038,0.2772571349789985,0.8490422792485646,0.9150070728563924,0.9552361774530208,0.127536627123118,0.0948361923860914,0.052179354861763,0.0036873301825629,0.0016021641344059,0.00206034380849,2.482223966702545e-05,downstairs,wiktor
1672842722630193700,0.2286715266861564,0.7848496969903316,0.1345825109806657,0.8284878793589282,0.2286715266861564,0.2852783131062654,0.2842033964162038,0.7848496969903316,0.8490422792485646,0.9150070728563924,0.1345825109806657,0.127536627123118,0.0948361923860914,0.0031609641945158,0.0011319375114695,0.0019111134264956,0.0001179132565506,downstairs,wiktor
1672842722640193700,0.1810913309852239,0.7230255362358885,0.1192258670406197,0.7548342888202559,0.1810913309852239,0.2286715266861564,0.2852783131062654,0.7230255362358885,0.7848496969903316,0.8490422792485646,0.1192258670406197,0.1345825109806657,0.127536627123118,0.0056229662013408,0.0018855844162895,0.0035819008062163,0.000155480978835,downstairs,wiktor
1672842722650193700,0.2425011741097516,0.6383862923094885,0.1015917535763702,0.6904091265677083,0.2425011741097516,0.1810913309852239,0.2286715266861564,0.6383862923094885,0.7230255362358885,0.7848496969903316,0.1015917535763702,0.1192258670406197,0.1345825109806657,0.0031251006258366,0.0002445157659407,0.0028566254524472,2.3959407448692057e-05,downstairs,wiktor
1672842722660193700,0.2646152314462382,0.5628002426383061,0.0946694118557251,0.6290688605933307,0.2646152314462382,0.2425011741097516,0.1810913309852239,0.5628002426383061,0.6383862923094885,0.7230255362358885,0.0946694118557251,0.1015917535763702,0.1192258670406197,0.01611728512904,0.0152297377583252,0.0008096312930016,7.791607771314483e-05,downstairs,wiktor
1672842722670193700,0.0900887993029936,0.5225601806850331,0.0821861368276609,0.5366001260567169,0.0900887993029936,0.2646152314462382,0.2425011741097516,0.5225601806850331,0.5628002426383061,0.6383862923094885,0.0821861368276609,0.0946694118557251,0.1015917535763702,0.0484510166178953,0.0468575928848512,0.0001887415158708,0.0014046822171732,downstairs,wiktor
1672842722680193700,-0.2160405618659448,0.5031312581276248,0.0291826988792936,0.5483303905405201,-0.2160405618659448,0.0900887993029936,0.2646152314462382,0.5031312581276248,0.5225601806850331,0.5628002426383061,0.0291826988792936,0.0821861368276609,0.0946694118557251,0.0173371651991632,0.0141201325793246,0.0008150717667699,0.0024019608530687,downstairs,wiktor
1672842722690193700,-0.3840889631039491,0.4627562221085716,-0.0401276301210615,0.6027253764174835,-0.3840889631039491,-0.2160405618659448,0.0900887993029936,0.4627562221085716,0.5031312581276248,0.5225601806850331,-0.0401276301210615,0.0291826988792936,0.0821861368276609,0.0051241677281569,0.0023321683707888,0.00260950526785,0.0001824940895179,downstairs,wiktor
1672842722700193700,-0.315793013432115,0.390513502505139,-0.0592322939243317,0.5057019750949225,-0.315793013432115,-0.3840889631039491,-0.2160405618659448,0.390513502505139,0.4627562221085716,0.5031312581276248,-0.0592322939243317,-0.0401276301210615,0.0291826988792936,0.0123647316483676,0.0118087086979433,0.0004945541934237,6.146875700060466e-05,downstairs,wiktor
1672842722710193700,-0.16211342013526,0.3590634089146994,-0.0481445748621796,0.3968944352067133,-0.16211342013526,-0.315793013432115,-0.3840889631039491,0.3590634089146994,0.390513502505139,0.4627562221085716,-0.0481445748621796,-0.0592322939243317,-0.0401276301210615,0.0069510346485908,0.004939606350588,0.0018378749055607,0.0001735533924421,downstairs,wiktor
1672842722720193700,-0.0627191914236488,0.4196913712020915,-0.0667753769083671,0.4295736199949696,-0.0627191914236488,-0.16211342013526,-0.315793013432115,0.4196913712020915,0.3590634089146994,0.390513502505139,-0.0667753769083671,-0.0481445748621796,-0.0592322939243317,0.0121881940612357,0.0012084208004118,0.0106076815784149,0.0003720916824089,downstairs,wiktor
1672842722730193700,-0.0135578081963267,0.5653463167303155,-0.0940551013354561,0.573277100616138,-0.0135578081963267,-0.0627191914236488,-0.16211342013526,0.5653463167303155,0.4196913712020915,0.3590634089146994,-0.0940551013354561,-0.0667753769083671,-0.0481445748621796,0.0100624831035938,0.000180722825589,0.0098816561041951,1.041738097167651e-07,downstairs,wiktor
1672842722740193700,0.0054539158490619,0.7059283646894712,-0.0935986502214981,0.7121273120689348,0.0054539158490619,-0.0135578081963267,-0.0627191914236488,0.7059283646894712,0.5653463167303155,0.4196913712020915,-0.0935986502214981,-0.0940551013354561,-0.0667753769083671,0.0037778028730001,0.0005054527813774,0.0032442591555157,2.809093610689443e-05,downstairs,wiktor
1672842722750193700,-0.026340825268848,0.7864797042874666,-0.0861031934499738,0.7916172839536972,-0.026340825268848,0.0054539158490619,-0.0135578081963267,0.7864797042874666,0.7059283646894712,0.5653463167303155,-0.0861031934499738,-0.0935986502214981,-0.0940551013354561,0.0051640663360554,0.0040470987233956,0.0011017891701243,1.5178442535454747e-05,downstairs,wiktor
1672842722760193700,-0.1163085830868095,0.833421991622541,-0.0805934851935496,0.8453491660109372,-0.1163085830868095,-0.026340825268848,0.0054539158490619,0.833421991622541,0.7864797042874666,0.7059283646894712,-0.0805934851935496,-0.0861031934499738,-0.0935986502214981,0.005026905808994,0.0037847204082359,0.0012221002889077,2.008511185039606e-05,downstairs,wiktor
1672842722770193700,-0.2033111164779232,0.8828608485856164,-0.0742554867949389,0.9090063615662808,-0.2033111164779232,-0.1163085830868095,-0.026340825268848,0.8828608485856164,0.833421991622541,0.7864797042874666,-0.0742554867949389,-0.0805934851935496,-0.0861031934499738,0.0027075903142774,0.0008798667666566,0.0017562520466449,7.147150097588519e-05,downstairs,wiktor
1672842722780193700,-0.2452602944593012,0.9421272310742572,-0.0622996094974851,0.9755191299577108,-0.2452602944593012,-0.2033111164779232,-0.1163085830868095,0.9421272310742572,0.8828608485856164,0.833421991622541,-0.0622996094974851,-0.0742554867949389,-0.0805934851935496,0.0008968608561612,2.402292045969988e-06,0.0008358855743575,5.857298975776812e-05,downstairs,wiktor
1672842722790193700,-0.2474522306107299,0.9830145292084588,-0.0514762098691088,1.0149876704924263,-0.2474522306107299,-0.2452602944593012,-0.2033111164779232,0.9830145292084588,0.9421272310742572,0.8828608485856164,-0.0514762098691088,-0.0622996094974851,-0.0742554867949389,0.0009149217288015,0.0008946038606098,2.4888270281501963e-06,1.7829041163628246e-05,downstairs,wiktor
1672842722800193700,-0.2051532031843266,0.9852455948857304,-0.0455047709866236,1.0074062751447757,-0.2051532031843266,-0.2474522306107299,-0.2452602944593012,0.9852455948857304,0.9830145292084588,0.9421272310742572,-0.0455047709866236,-0.0514762098691088,-0.0622996094974851,0.0024266669009959,0.0018195146384686,0.0005957224693084,1.1429793218836608e-05,downstairs,wiktor
1672842722810193700,-0.1448288359938011,0.9507282812791232,-0.0502859409729003,0.963010037548314,-0.1448288359938011,-0.2051532031843266,-0.2474522306107299,0.9507282812791232,0.9852455948857304,0.9830145292084588,-0.0502859409729003,-0.0455047709866236,-0.0514762098691088,0.0009144188403443,6.247419400521347e-07,0.000781341154594,0.0001324529438103,downstairs,wiktor
1672842722820193700,-0.1437110328447161,0.9111975045451908,-0.0665618706735557,0.9248590356796226,-0.1437110328447161,-0.1448288359938011,-0.2051532031843266,0.9111975045451908,0.9507282812791232,0.9852455948857304,-0.0665618706735557,-0.0502859409729003,-0.0455047709866236,0.0004714598120938,0.0001947469147854,0.0002512683820104,2.544451529790884e-05,downstairs,wiktor
1672842722830193700,-0.1634466308739373,0.8887801727677268,-0.0736955254588546,0.9066840834170016,-0.1634466308739373,-0.1437110328447161,-0.1448288359938011,0.8887801727677268,0.9111975045451908,0.9507282812791232,-0.0736955254588546,-0.0665618706735557,-0.0502859409729003,0.000475908273726,0.0001784625482962,4.972981667417663e-05,0.0002477159087556,downstairs,wiktor
1672842722840193700,-0.1445541695045858,0.8788072276987738,-0.0514372277361778,0.8921008013525985,-0.1445541695045858,-0.1634466308739373,-0.1437110328447161,0.8788072276987738,0.8887801727677268,0.9111975045451908,-0.0514372277361778,-0.0736955254588546,-0.0665618706735557,0.0038887042656506,0.0004405363549305,0.0002496345314821,0.0031985333792378,downstairs,wiktor
1672842722850193700,-0.1148713005418134,0.9011515572471038,0.028544437403251,0.908891814092148,-0.1148713005418134,-0.1445541695045858,-0.1634466308739373,0.9011515572471038,0.8788072276987738,0.8887801727677268,0.028544437403251,-0.0514372277361778,-0.0736955254588546,0.0129089924632451,0.0002901279664218,0.0020552866935518,0.0105635778032714,downstairs,wiktor
1672842722860193700,-0.090782798453811,0.9652653107412148,0.173896271263519,0.9849967257685652,-0.090782798453811,-0.1148713005418134,-0.1445541695045858,0.9652653107412148,0.9011515572471038,0.8788072276987738,0.173896271263519,0.028544437403251,-0.0514372277361778,0.0138946484362218,3.0062927700228057e-05,0.0026687081505018,0.0111958773580198,downstairs,wiktor
1672842722870193700,-0.0985368848216855,1.038322933895843,0.3235350186387882,1.0920159985137738,-0.0985368848216855,-0.090782798453811,-0.1148713005418134,1.038322933895843,0.9652653107412148,0.9011515572471038,0.3235350186387882,0.173896271263519,0.028544437403251,0.0091041560515649,0.0008788635413302,0.0011244642833335,0.0071008282269011,downstairs,wiktor
1672842722880193700,-0.1404621407262171,1.0857458035545549,0.442705721639997,1.180915712016107,-0.1404621407262171,-0.0985368848216855,-0.090782798453811,1.0857458035545549,1.038322933895843,0.9652653107412148,0.442705721639997,0.3235350186387882,0.173896271263519,0.0057717391218511,0.0007683371214158,0.00020521648498,0.0047981855154552,downstairs,wiktor
1672842722890193700,-0.1796625774945963,1.1060049488958574,0.5406667905955294,1.2441246590221575,-0.1796625774945963,-0.1404621407262171,-0.0985368848216855,1.1060049488958574,1.0857458035545549,1.038322933895843,0.5406667905955294,0.442705721639997,0.3235350186387882,0.0053376045329259,0.0020054835985613,0.0001967395299072,0.0031353814044573,downstairs,wiktor
1672842722900193700,-0.2429947746546718,1.0861686422886656,0.6198549387549266,1.2739815246303816,-0.2429947746546718,-0.1796625774945963,-0.1404621407262171,1.0861686422886656,1.1060049488958574,1.0857458035545549,0.6198549387549266,0.5406667905955294,0.442705721639997,0.0068748833260727,0.0006255370837979,0.003618890098829,0.0026304561434456,downstairs,wiktor
1672842722910193700,-0.2783653014756845,1.0010934978711674,0.6923870853307127,1.2486293719428263,-0.2783653014756845,-0.2429947746546718,-0.1796625774945963,1.0010934978711674,1.0861686422886656,1.1060049488958574,0.6923870853307127,0.6198549387549266,0.5406667905955294,0.0079945035968906,0.0060831092038696,0.0018203323080115,9.1062085009439e-05,downstairs,wiktor
1672842722920193700,-0.3886658835581888,0.9407555776549122,0.7058824241563546,1.2386897200928677,-0.3886658835581888,-0.2783653014756845,-0.2429947746546718,0.9407555776549122,1.0010934978711674,1.0861686422886656,0.7058824241563546,0.6923870853307127,0.6198549387549266,0.0435743155177535,0.0331751380200312,0.006487084377464,0.0039120931202583,downstairs,wiktor
1672842722930193700,-0.6462513568288343,1.0546597863345215,0.6174279938517246,1.3824490618847602,-0.6462513568288343,-0.3886658835581888,-0.2783653014756845,1.0546597863345215,0.9407555776549122,1.0010934978711674,0.6174279938517246,0.7058824241563546,0.6923870853307127,0.0536391126478071,0.01936050581534,0.0236668266991105,0.0106117801333565,downstairs,wiktor
1672842722940193700,-0.8430279093717631,1.2722227735318417,0.4717449122440337,1.5974323471436618,-0.8430279093717631,-0.6462513568288343,-0.3886658835581888,1.2722227735318417,1.0546597863345215,0.9407555776549122,0.4717449122440337,0.6174279938517246,0.7058824241563546,0.0251369318644245,0.0004980756569906,0.0113439463610532,0.0132949098463806,downstairs,wiktor
1672842722950193700,-0.8745897742403246,1.4228477804931912,0.3086810606620193,1.6984366567145126,-0.8745897742403246,-0.8430279093717631,-0.6462513568288343,1.4228477804931912,1.2722227735318417,1.0546597863345215,0.3086810606620193,0.4717449122440337,0.6174279938517246,0.0574751729662783,0.0391955920583187,0.0006093057923012,0.0176702751156582,downstairs,wiktor
1672842722960193700,-0.5946055173317663,1.3879391628665576,0.1206902358026221,1.5147597083624158,-0.5946055173317663,-0.8745897742403246,-0.8430279093717631,1.3879391628665576,1.4228477804931912,1.2722227735318417,0.1206902358026221,0.3086810606620193,0.4717449122440337,0.058532719165875,0.0526545271175931,0.0057397823244163,0.0001384097238654,downstairs,wiktor
1672842722970193700,-0.2700919517675724,1.2807964326006511,0.1040523438769327,1.3130940767661905,-0.2700919517675724,-0.5946055173317663,-0.8745897742403246,1.2807964326006511,1.3879391628665576,1.4228477804931912,0.1040523438769327,0.1206902358026221,0.3086810606620193,0.0190614577246468,0.0019910363879864,0.0031809651326502,0.0138894562040101,downstairs,wiktor
1672842722980193700,-0.2069882848695795,1.3605581418683228,0.2707224143995683,1.4025880482649795,-0.2069882848695795,-0.2700919517675724,-0.5946055173317663,1.3605581418683228,1.2807964326006511,1.3879391628665576,0.2707224143995683,0.1040523438769327,0.1206902358026221,0.0190238361661138,0.0012971437578718,0.0134194595881787,0.0043072328200632,downstairs,wiktor
1672842722990193700,-0.2579224336868886,1.5243840225354428,0.3635365600893629,1.5882158104243618,-0.2579224336868886,-0.2069882848695795,-0.2700919517675724,1.5243840225354428,1.3605581418683228,1.2807964326006511,0.3635365600893629,0.2707224143995683,0.1040523438769327,0.0015346579051935,1.6876706299368532e-05,0.0014141739991084,0.0001036071997857,downstairs,wiktor
1672842723000193700,-0.2521126649652666,1.577566237591013,0.349141616547569,1.63529076871008,-0.2521126649652666,-0.2579224336868886,-0.2069882848695795,1.577566237591013,1.5243840225354428,1.3605581418683228,0.349141616547569,0.3635365600893629,0.2707224143995683,0.0098898586196587,0.0035955074609749,0.0006167766935431,0.0056775744651406,downstairs,wiktor
1672842723010193700,-0.1673128128312575,1.5424442589012188,0.2425810753970978,1.5703418249845,-0.1673128128312575,-0.2521126649652666,-0.2579224336868886,1.5424442589012188,1.577566237591013,1.5243840225354428,0.2425810753970978,0.349141616547569,0.3635365600893629,0.0152463306970195,0.0013590090720845,0.0006397243278839,0.013247597297051,downstairs,wiktor
1672842723020193700,-0.1151781972273311,1.578213640441411,0.0798076297921648,1.5844221564232537,-0.1151781972273311,-0.1673128128312575,-0.2521126649652666,1.578213640441411,1.5424442589012188,1.577566237591013,0.0798076297921648,0.2425810753970978,0.349141616547569,0.0182131189457307,2.138392527607681e-05,0.0005209983061962,0.0176707367142584,downstairs,wiktor
1672842723030193700,-0.1217179105660145,1.6104936127523124,-0.1081856504827344,1.618705983629802,-0.1217179105660145,-0.1151781972273311,-0.1673128128312575,1.6104936127523124,1.578213640441411,1.5424442589012188,-0.1081856504827344,0.0798076297921648,0.2425810753970978,0.0096368929884938,0.0002655159340173,0.001424907679884,0.0079464693745924,downstairs,wiktor
1672842723040193700,-0.0986737818553261,1.5571099508343795,-0.2342528498217568,1.5777206064011116,-0.0986737818553261,-0.1217179105660145,-0.1151781972273311,1.5571099508343795,1.6104936127523124,1.578213640441411,-0.2342528498217568,-0.1081856504827344,0.0798076297921648,0.003088646913436,0.0006762187752059,2.47937362800629e-05,0.00238763440195,downstairs,wiktor
1672842723050193700,-0.1354492838969289,1.5641517881344118,-0.3033561695965702,1.5990441802728816,-0.1354492838969289,-0.0986737818553261,-0.1217179105660145,1.5641517881344118,1.5571099508343795,1.6104936127523124,-0.3033561695965702,-0.2342528498217568,-0.1081856504827344,0.0030611925720624,3.585487502096728e-06,0.0001755077453699,0.0028820993391903,downstairs,wiktor
1672842723060193700,-0.1381271515195334,1.5828871955423116,-0.3792784896242193,1.633543129669472,-0.1381271515195334,-0.1354492838969289,-0.0986737818553261,1.5828871955423116,1.5641517881344118,1.5571099508343795,-0.3792784896242193,-0.3033561695965702,-0.2342528498217568,0.0075610035216844,0.0033946363905903,0.0024070530059238,0.0017593141251702,downstairs,wiktor
1672842723070193700,-0.0557301079974468,1.5135034365503994,-0.4385965159765903,1.5767578765346566,-0.0557301079974468,-0.1381271515195334,-0.1354492838969289,1.5135034365503994,1.5828871955423116,1.5641517881344118,-0.4385965159765903,-0.3792784896242193,-0.3033561695965702,0.0124099818308731,0.0012355551937518,0.0111421589599032,3.226767721808208e-05,downstairs,wiktor
1672842723080193700,-0.0060198435895439,1.3642241080423754,-0.4466299059482128,1.4354866521037968,-0.0060198435895439,-0.0557301079974468,-0.1381271515195334,1.3642241080423754,1.5135034365503994,1.5828871955423116,-0.4466299059482128,-0.4385965159765903,-0.3792784896242193,0.0139831188896419,9.600169874705608e-05,0.0132928229000026,0.0005942942908923,downstairs,wiktor
1672842723090193700,-0.0198763726460613,1.201173055301201,-0.4121539928814838,1.270071924270172,-0.0198763726460613,-0.0060198435895439,-0.0557301079974468,1.201173055301201,1.3642241080423754,1.5135034365503994,-0.4121539928814838,-0.4466299059482128,-0.4385965159765903,0.0116481964077332,0.0032270645907063,0.0071302166519537,0.0012909151650731,downstairs,wiktor
1672842723100193700,-0.100213967714701,1.0817559991328818,-0.3613422783842714,1.1449048533101074,-0.100213967714701,-0.0198763726460613,-0.0060198435895439,1.0817559991328818,1.201173055301201,1.3642241080423754,-0.3613422783842714,-0.4121539928814838,-0.4466299059482128,0.0143237194749791,0.0095393226079723,0.0029271278400159,0.0018572690269909,downstairs,wiktor
1672842723110193700,-0.2383394368213966,1.0052428912360525,-0.3003952681706291,1.075897892304034,-0.2383394368213966,-0.100213967714701,-0.0198763726460613,1.0052428912360525,1.0817559991328818,1.201173055301201,-0.3003952681706291,-0.3613422783842714,-0.4121539928814838,0.0108363403892753,0.0070911084590912,0.0006362196348335,0.0031090122953504,downstairs,wiktor
1672842723120193700,-0.357428550170109,0.9695716245124388,-0.2215408162309894,1.0568370909429177,-0.357428550170109,-0.2383394368213966,-0.100213967714701,0.9695716245124388,1.0052428912360525,1.0817559991328818,-0.2215408162309894,-0.3003952681706291,-0.3613422783842714,0.0064702294094989,0.001423655050762,4.028561848246622e-05,0.0050062887402544,downstairs,wiktor
1672842723130193700,-0.4107887422754983,0.9785477727378712,-0.1214779485901465,1.0682041126602184,-0.4107887422754983,-0.357428550170109,-0.2383394368213966,0.9785477727378712,0.9695716245124388,1.0052428912360525,-0.1214779485901465,-0.2215408162309894,-0.3003952681706291,0.0065020236690655,0.0010684144935359,0.0007654549055874,0.0046681542699421,downstairs,wiktor
1672842723140193700,-0.4570145898834322,1.017674615329306,-0.0248533733523517,1.115859152500424,-0.4570145898834322,-0.4107887422754983,-0.357428550170109,1.017674615329306,0.9785477727378712,0.9695716245124388,-0.0248533733523517,-0.1214779485901465,-0.2215408162309894,0.0127795114515532,0.0090681576645271,0.0008572913706378,0.0028540624163883,downstairs,wiktor
1672842723150193700,-0.5916857275821025,1.0590821356761664,0.0506987598589394,1.2142146987184703,-0.5916857275821025,-0.4570145898834322,-0.4107887422754983,1.0590821356761664,1.017674615329306,0.9785477727378712,0.0506987598589394,-0.0248533733523517,-0.1214779485901465,0.0180523458064395,0.0156495980414196,0.000963990950003,0.0014387568150168,downstairs,wiktor
1672842723160193700,-0.7686015156928284,1.1029909263678492,0.104341220932549,1.348415501231284,-0.7686015156928284,-0.5916857275821025,-0.4570145898834322,1.1029909263678492,1.0590821356761664,1.017674615329306,0.104341220932549,0.0506987598589394,-0.0248533733523517,0.0076453753293318,0.006196539417011,0.0008734620050574,0.0005753739072632,downstairs,wiktor
1672842723170193700,-0.8799257216591059,1.1447871464136252,0.1382638949799549,1.4504908792840363,-0.8799257216591059,-0.7686015156928284,-0.5916857275821025,1.1447871464136252,1.1029909263678492,1.0590821356761664,0.1382638949799549,0.104341220932549,0.0506987598589394,0.0006184827933856,7.238709571533366e-06,0.0005365969339126,7.464714990150826e-05,downstairs,wiktor
1672842723180193700,-0.8837306420450097,1.1775467841989444,0.1260452903213609,1.4776615620224938,-0.8837306420450097,-0.8799257216591059,-0.7686015156928284,1.1775467841989444,1.1447871464136252,1.1029909263678492,0.1260452903213609,0.1382638949799549,0.104341220932549,0.005714074905416,0.005054024056716,0.000558713535913,0.0001013373127869,downstairs,wiktor
1672842723190193700,-0.7831918529463138,1.210974722690962,0.1118089064555798,1.4464959346920838,-0.7831918529463138,-0.8837306420450097,-0.8799257216591059,1.210974722690962,1.1775467841989444,1.1447871464136252,0.1118089064555798,0.1260452903213609,0.1382638949799549,0.0052124985518388,0.0048655426555126,0.0003288742133131,1.808168301303244e-05,downstairs,wiktor
1672842723200193700,-0.6845455894031602,1.2366213292233337,0.1057953080298396,1.4174017154859566,-0.6845455894031602,-0.7831918529463138,-0.8837306420450097,1.2366213292233337,1.210974722690962,1.1775467841989444,0.1057953080298396,0.1118089064555798,0.1260452903213609,0.002697172711455,0.0022924596777022,0.0001984709439079,0.0002062420898448,downstairs,wiktor
1672842723210193700,-0.616833556828407,1.216697928714991,0.0854856014910985,1.3668011101221815,-0.616833556828407,-0.6845455894031602,-0.7831918529463138,1.216697928714991,1.2366213292233337,1.210974722690962,0.0854856014910985,0.1057953080298396,0.1118089064555798,0.004435332465731,0.0016924141378198,0.0012336007435715,0.0015093175843397,downstairs,wiktor
1672842723220193700,-0.5586542797992134,1.1670269967009546,0.0305434940626479,1.294209998569159,-0.5586542797992134,-0.616833556828407,-0.6845455894031602,1.1670269967009546,1.216697928714991,1.2366213292233337,0.0305434940626479,0.0854856014910985,0.1057953080298396,0.0064489403180383,0.0022952685877398,0.000862022483727,0.0032916492465714,downstairs,wiktor
1672842723230193700,-0.4909007767497055,1.1255053762189202,-0.0505940342035182,1.22894494620717,-0.4909007767497055,-0.5586542797992134,-0.616833556828407,1.1255053762189202,1.1670269967009546,1.216697928714991,-0.0505940342035182,0.0305434940626479,0.0854856014910985,0.0099473292492281,0.004223036313176,1.2801997790515743e-05,0.0057114909382615,downstairs,wiktor
1672842723240193700,-0.3989982597746404,1.1204453371300365,-0.157472385035308,1.199747855529795,-0.3989982597746404,-0.4909007767497055,-0.5586542797992134,1.1204453371300365,1.1255053762189202,1.1670269967009546,-0.157472385035308,-0.0505940342035182,0.0305434940626479,0.0178351418422296,0.0109087178883031,0.0009885420159158,0.0059378819380106,downstairs,wiktor
1672842723250193700,-0.2512909959837008,1.164909750224462,-0.2664483634710225,1.221129240181761,-0.2512909959837008,-0.3989982597746404,-0.4909007767497055,1.164909750224462,1.1204453371300365,1.1255053762189202,-0.2664483634710225,-0.157472385035308,-0.0505940342035182,0.0525299446755991,0.0416463428397762,0.0022820601420993,0.0086015416937235,downstairs,wiktor
1672842723260193700,0.0373137262222125,1.2324680234720715,-0.3976088887347128,1.2955549279928638,0.0373137262222125,-0.2512909959837008,-0.3989982597746404,1.2324680234720715,1.164909750224462,1.1204453371300365,-0.3976088887347128,-0.2664483634710225,-0.157472385035308,0.0096055428483639,0.0025206691799827,0.0003683311789679,0.0067165424894132,downstairs,wiktor
1672842723270193700,0.1083161089988877,1.2596095480780325,-0.5135100750048559,1.364566301140951,0.1083161089988877,0.0373137262222125,-0.2512909959837008,1.2596095480780325,1.2324680234720715,1.164909750224462,-0.5135100750048559,-0.3976088887347128,-0.2664483634710225,0.0161218976228944,0.0138431253763762,0.0007842770268867,0.0014944952196314,downstairs,wiktor
1672842723280193700,-0.0580757500349976,1.2200045729641205,-0.5681817352984939,1.347076254382914,-0.0580757500349976,0.1083161089988877,0.0373137262222125,1.2200045729641205,1.2596095480780325,1.2324680234720715,-0.5681817352984939,-0.5135100750048559,-0.3976088887347128,0.0100103264227836,0.0092582187417108,0.0006151583273781,0.0001369493536946,downstairs,wiktor
1672842723290193700,-0.1941508670969412,1.1849287029855105,-0.5847316207177121,1.3355379659974405,-0.1941508670969412,-0.0580757500349976,0.1083161089988877,1.1849287029855105,1.2200045729641205,1.2596095480780325,-0.5847316207177121,-0.5681817352984939,-0.5135100750048559,0.0023960113767266,0.001639545804318,0.0006495196372874,0.0001069459351211,downstairs,wiktor
1672842723300193700,-0.2514142202002666,1.1488865155577914,-0.5701065781453879,1.3069701014920252,-0.2514142202002666,-0.1941508670969412,-0.0580757500349976,1.1488865155577914,1.1849287029855105,1.2200045729641205,-0.5701065781453879,-0.5847316207177121,-0.5681817352984939,0.0038992652801445,0.003630065564032,0.0002082485192288,6.095119688367606e-05,downstairs,wiktor
1672842723310193700,-0.3366206232933678,1.1284782564831473,-0.5590656364388417,1.3035839080122256,-0.3366206232933678,-0.2514142202002666,-0.1941508670969412,1.1284782564831473,1.1488865155577914,1.1849287029855105,-0.5590656364388417,-0.5701065781453879,-0.5847316207177121,0.0009176536129186,0.0006272609363309,1.3417418756051758e-05,0.0002769752578315,downstairs,wiktor
1672842723320193700,-0.3720398535597354,1.1232980212073993,-0.5826017898132383,1.3189529720876316,-0.3720398535597354,-0.3366206232933678,-0.2514142202002666,1.1232980212073993,1.1284782564831473,1.1488865155577914,-0.5826017898132383,-0.5590656364388417,-0.5701065781453879,0.0011451036420387,4.1343009281256e-05,0.0002653690116306,0.0008383916211268,downstairs,wiktor
1672842723330193700,-0.3629466682783001,1.1463357733386572,-0.6235503336488094,1.3544855140767649,-0.3629466682783001,-0.3720398535597354,-0.3366206232933678,1.1463357733386572,1.1232980212073993,1.1284782564831473,-0.6235503336488094,-0.5826017898132383,-0.5590656364388417,0.0016983671333886,0.0010125332210964,4.208138468825413e-05,0.0006437525276039,downstairs,wiktor
1672842723340193700,-0.3179459300377676,1.1555098002285518,-0.659432154327364,1.3678973934519494,-0.3179459300377676,-0.3629466682783001,-0.3720398535597354,1.1555098002285518,1.1463357733386572,1.1232980212073993,-0.659432154327364,-0.6235503336488094,-0.5826017898132383,0.001058565110644,0.000146419632363,8.553195774280984e-05,0.0008266135205381,downstairs,wiktor
1672842723350193700,-0.3008333830407196,1.142430659756578,-0.7000920490773056,1.3732361100280006,-0.3008333830407196,-0.3179459300377676,-0.3629466682783001,1.142430659756578,1.1555098002285518,1.1463357733386572,-0.7000920490773056,-0.659432154327364,-0.6235503336488094,0.0015074692317786,4.288242147292069e-05,0.0001283926175553,0.0013361941927503,downstairs,wiktor
1672842723360193700,-0.3100943140385104,1.1264061399475271,-0.7517871976456258,1.3892923616915072,-0.3100943140385104,-0.3008333830407196,-0.3179459300377676,1.1264061399475271,1.142430659756578,1.1555098002285518,-0.7517871976456258,-0.7000920490773056,-0.659432154327364,0.0022954631071304,0.0005709735634326,1.954126126367461e-05,0.001704948282434,downstairs,wiktor
1672842723370193700,-0.3438870222292628,1.132657741544506,-0.8101815172740634,1.4344218119057288,-0.3438870222292628,-0.3100943140385104,-0.3008333830407196,1.132657741544506,1.1264061399475271,1.142430659756578,-0.8101815172740634,-0.7517871976456258,-0.7000920490773056,0.0035262951053613,0.0032517516979283,5.249520232803805e-05,0.0002220482051048,downstairs,wiktor
1672842723380193700,-0.4245313239241548,1.1429042240949268,-0.8312551123686314,1.475615794265502,-0.4245313239241548,-0.3438870222292628,-0.3100943140385104,1.1429042240949268,1.132657741544506,1.1264061399475271,-0.8312551123686314,-0.8101815172740634,-0.7517871976456258,0.003502437142335,0.0027350271003677,0.0007493730114035,1.803703056384169e-05,downstairs,wiktor
1672842723390193700,-0.4984911386936324,1.1041905827936096,-0.8252489437789493,1.4658670054593754,-0.4984911386936324,-0.4245313239241548,-0.3438870222292628,1.1041905827936096,1.1429042240949268,1.132657741544506,-0.8252489437789493,-0.8312551123686314,-0.8101815172740634,0.0029086581022141,0.0003402232665774,0.0019166089508386,0.0006518258847979,downstairs,wiktor
1672842723400193700,-0.524576508791735,1.042277596258656,-0.7891428256049345,1.408641011912754,-0.524576508791735,-0.4984911386936324,-0.4245313239241548,1.042277596258656,1.1041905827936096,1.1429042240949268,-0.7891428256049345,-0.8252489437789493,-0.8312551123686314,0.0072066628450994,0.0010254916221824,0.0025512956387283,0.0036298755841885,downstairs,wiktor
1672842723410193700,-0.4792887262851364,0.9708451717060992,-0.7039386521838094,1.291428533294596,-0.4792887262851364,-0.524576508791735,-0.4984911386936324,0.9708451717060992,1.042277596258656,1.1041905827936096,-0.7039386521838094,-0.7891428256049345,-0.8252489437789493,0.0054671523604266,0.0008817089416477,0.0014671054684467,0.0031183379503321,downstairs,wiktor
1672842723420193700,-0.4372956568177164,0.9166768143662882,-0.6249660246432222,1.192521029343599,-0.4372956568177164,-0.4792887262851364,-0.524576508791735,0.9166768143662882,0.9708451717060992,1.042277596258656,-0.6249660246432222,-0.7039386521838094,-0.7891428256049345,0.0027490610105417,0.0015721819543662,0.0002830462534802,0.0008938328026952,downstairs,wiktor
1672842723430193700,-0.4933702848479802,0.8928841157601914,-0.582685229884957,1.1748099247426884,-0.4933702848479802,-0.4372956568177164,-0.4792887262851364,0.8928841157601914,0.9166768143662882,0.9708451717060992,-0.582685229884957,-0.6249660246432222,-0.7039386521838094,0.0047041060212533,0.0042350834063175,6.947750815951365e-05,0.0003995451067762,downstairs,wiktor
1672842723440193700,-0.5854037940315118,0.8810961975250226,-0.55441704611676,1.19432255793164,-0.5854037940315118,-0.4933702848479802,-0.4372956568177164,0.8810961975250226,0.8928841157601914,0.9166768143662882,-0.55441704611676,-0.582685229884957,-0.6249660246432222,0.0016758178123906,0.0012092474221536,4.051188186434614e-07,0.0004661652714183,downstairs,wiktor
1672842723450193700,-0.6345819888368037,0.8801960655139892,-0.5238829579064208,1.204945130654156,-0.6345819888368037,-0.5854037940315118,-0.4933702848479802,0.8801960655139892,0.8810961975250226,0.8928841157601914,-0.5238829579064208,-0.55441704611676,-0.582685229884957,0.0005218647588384,0.0001522726012225,1.200337476177241e-06,0.0003683918201397,downstairs,wiktor
1672842723460193700,-0.6520332123596694,0.8817454766770942,-0.4967391991342924,1.2038987613654082,-0.6520332123596694,-0.6345819888368037,-0.5854037940315118,0.8817454766770942,0.8801960655139892,0.8810961975250226,-0.4967391991342924,-0.5238829579064208,-0.55441704611676,0.0002263300800055,1.354301330374952e-05,1.2442083200459111e-05,0.0002003449835013,downstairs,wiktor
1672842723470193700,-0.6572376361133139,0.8767570734855992,-0.4767219573911694,1.1949594557514145,-0.6572376361133139,-0.6520332123596694,-0.6345819888368037,0.8767570734855992,0.8817454766770942,0.8801960655139892,-0.4767219573911694,-0.4967391991342924,-0.5238829579064208,0.0008142006348059,0.0002880911428244,0.0003195423237258,0.0002065671682556,downstairs,wiktor
1672842723480193700,-0.6332338387960365,0.8514769499207969,-0.4563962510932002,1.1551171494072432,-0.6332338387960365,-0.6572376361133139,-0.6520332123596694,0.8514769499207969,0.8767570734855992,0.8817454766770942,-0.4563962510932002,-0.4767219573911694,-0.4967391991342924,0.0027769660961673,0.0015054701739259,0.0007180455809647,0.0005534503412767,downstairs,wiktor
1672842723490193700,-0.5783618026769728,0.8135811564612386,-0.4231261341328792,1.0841828251410366,-0.5783618026769728,-0.6332338387960365,-0.6572376361133139,0.8135811564612386,0.8514769499207969,0.8767570734855992,-0.4231261341328792,-0.4563962510932002,-0.4767219573911694,0.0031019815170886,0.0004465026721499,0.0007503342646642,0.0019051445802744,downstairs,wiktor
1672842723500193700,-0.5484786076620508,0.7748426932840743,-0.3613985944074944,1.0157848819697666,-0.5484786076620508,-0.5783618026769728,-0.6332338387960365,0.7748426932840743,0.8135811564612386,0.8514769499207969,-0.3613985944074944,-0.4231261341328792,-0.4563962510932002,0.0039089020337351,3.1730896272766605e-05,0.0008635777541313,0.003013593383331,downstairs,wiktor
1672842723510193700,-0.5564448986776699,0.7332836328006775,-0.2837636360017472,0.9632536594867902,-0.5564448986776699,-0.5484786076620508,-0.5783618026769728,0.7332836328006775,0.7748426932840743,0.8135811564612386,-0.2837636360017472,-0.3613985944074944,-0.4231261341328792,0.0056311046342981,0.000650544751431,0.0012938114284409,0.003686748454426,downstairs,wiktor
1672842723520193700,-0.5203742804009872,0.6824149503243052,-0.1978945675961093,0.880705294643458,-0.5203742804009872,-0.5564448986776699,-0.5484786076620508,0.6824149503243052,0.7332836328006775,0.7748426932840743,-0.1978945675961093,-0.2837636360017472,-0.3613985944074944,0.0093500271428308,0.0051313256311089,0.0016852036702815,0.0025334978414403,downstairs,wiktor
1672842723530193700,-0.4190695358812074,0.6243597409063462,-0.126711734814035,0.7625616209250979,-0.4190695358812074,-0.5203742804009872,-0.5564448986776699,0.6243597409063462,0.6824149503243052,0.7332836328006775,-0.126711734814035,-0.1978945675961093,-0.2837636360017472,0.0100479180137627,0.0071110074337741,0.0023993027725311,0.0005376078074574,downstairs,wiktor
1672842723540193700,-0.2998134464452868,0.5550877729462662,-0.0939212542607577,0.6378336306167622,-0.2998134464452868,-0.4190695358812074,-0.5203742804009872,0.5550877729462662,0.6243597409063462,0.6824149503243052,-0.0939212542607577,-0.126711734814035,-0.1978945675961093,0.0072419515313304,0.0044160673547729,0.0028258458924856,3.828407182091422e-08,downstairs,wiktor
1672842723550193700,-0.2058340087498744,0.4799100383104621,-0.0936445447675309,0.530519165340811,-0.2058340087498744,-0.2998134464452868,-0.4190695358812074,0.4799100383104621,0.5550877729462662,0.6243597409063462,-0.0936445447675309,-0.0939212542607577,-0.126711734814035,0.0045115827685696,0.0009934264981105,0.0024498851980388,0.0010682710724202,downstairs,wiktor
1672842723560193700,-0.1612598795242675,0.4099116783576907,-0.1398672896540093,0.4621635982131855,-0.1612598795242675,-0.2058340087498744,-0.2998134464452868,0.4099116783576907,0.4799100383104621,0.5550877729462662,-0.1398672896540093,-0.0936445447675309,-0.0939212542607577,0.0025502582832654,5.675420020301165e-05,0.00116760136302,0.0013259027200424,downstairs,wiktor
1672842723570193700,-0.1506058474046415,0.3615877430249797,-0.1913629733574511,0.4359444973280125,-0.1506058474046415,-0.1612598795242675,-0.2058340087498744,0.3615877430249797,0.4099116783576907,0.4799100383104621,-0.1913629733574511,-0.1398672896540093,-0.0936445447675309,0.0018306496713558,0.0006524011060952,0.0002222635267011,0.0009559850385594,downstairs,wiktor
1672842723580193700,-0.1867278934733576,0.3405039328047594,-0.2350890534140824,0.4539571538059898,-0.1867278934733576,-0.1506058474046415,-0.1612598795242675,0.3405039328047594,0.3615877430249797,0.4099116783576907,-0.2350890534140824,-0.1913629733574511,-0.1398672896540093,0.0022039210178768,0.0009066337338708,0.0001020583524521,0.0011952289315537,downstairs,wiktor
1672842723590193700,-0.2293103718857479,0.3547908745665361,-0.2839813622479627,0.5090237965304532,-0.2293103718857479,-0.1867278934733576,-0.1506058474046415,0.3547908745665361,0.3405039328047594,0.3615877430249797,-0.2839813622479627,-0.2350890534140824,-0.1913629733574511,0.0021062528679667,7.470647434888581e-05,0.0010252988862591,0.0010062475073587,downstairs,wiktor
1672842723600193700,-0.2415338308355612,0.4000744010692088,-0.328842202796458,0.5714326838473754,-0.2415338308355612,-0.2293103718857479,-0.1867278934733576,0.4000744010692088,0.3547908745665361,0.3405039328047594,-0.328842202796458,-0.2839813622479627,-0.2350890534140824,0.0021453982811111,0.0001913569783666,0.001071823773062,0.0008822175296824,downstairs,wiktor
1672842723610193700,-0.2219707544738716,0.4463739426017571,-0.3708473817553054,0.6213280076017029,-0.2219707544738716,-0.2415338308355612,-0.2293103718857479,0.4463739426017571,0.4000744010692088,0.3547908745665361,-0.3708473817553054,-0.328842202796458,-0.2839813622479627,0.0026608389414016,0.0006013696242151,0.0009130529872939,0.0011464163298925,downstairs,wiktor
1672842723620193700,-0.1872902232145281,0.4891069038212634,-0.4187309139953678,0.6705510938122213,-0.1872902232145281,-0.2219707544738716,-0.2415338308355612,0.4891069038212634,0.4463739426017571,0.4000744010692088,-0.4187309139953678,-0.3708473817553054,-0.328842202796458,0.0036294200311112,0.0011289347740683,0.0009769320958831,0.0015235531611597,downstairs,wiktor
1672842723630193700,-0.1397731783975705,0.5333094398544623,-0.473931514737747,0.7270258459634394,-0.1397731783975705,-0.1872902232145281,-0.2219707544738716,0.5333094398544623,0.4891069038212634,0.4463739426017571,-0.473931514737747,-0.4187309139953678,-0.3708473817553054,0.0045687401078187,0.0010301788922177,0.001244619947152,0.0022939412684489,downstairs,wiktor
1672842723640193700,-0.0943820142305705,0.583201722767795,-0.5416654245385105,0.8015195856559143,-0.0943820142305705,-0.1397731783975705,-0.1872902232145281,0.583201722767795,0.5333094398544623,0.4891069038212634,-0.5416654245385105,-0.473931514737747,-0.4187309139953678,0.0041163435179728,8.65934558800349e-05,0.0014717468634816,0.0025580031986111,downstairs,wiktor
1672842723650193700,-0.0812219643917564,0.6374556970642765,-0.6131916882269086,0.8882290356264676,-0.0812219643917564,-0.0943820142305705,-0.1397731783975705,0.6374556970642765,0.583201722767795,0.5333094398544623,-0.6131916882269086,-0.5416654245385105,-0.473931514737747,0.0040434081048801,5.5107172271099146e-05,0.0014268086935426,0.0025614922390664,downstairs,wiktor
1672842723660193700,-0.0917202663755154,0.6908749575148407,-0.6847667151436544,0.9770497778280076,-0.0917202663755154,-0.0812219643917564,-0.0943820142305705,0.6908749575148407,0.6374556970642765,0.583201722767795,-0.6847667151436544,-0.6131916882269086,-0.5416654245385105,0.0029258214249282,7.038396888678192e-08,0.0013334554373867,0.0015922956035726,downstairs,wiktor
1672842723670193700,-0.0913450758402223,0.7425170999449666,-0.7411988975145791,1.0531150802584526,-0.0913450758402223,-0.0917202663755154,-0.0812219643917564,0.7425170999449666,0.6908749575148407,0.6374556970642765,-0.7411988975145791,-0.6847667151436544,-0.6131916882269086,0.0018292227357611,0.0001803340040434,0.0004730415656199,0.0011758471660977,downstairs,wiktor
1672842723680193700,-0.0723538144790905,0.7732755643286119,-0.7896931686421618,1.1076125105186856,-0.0723538144790905,-0.0913450758402223,-0.0917202663755154,0.7732755643286119,0.7425170999449666,0.6908749575148407,-0.7896931686421618,-0.7411988975145791,-0.6847667151436544,0.0005128023286885,0.0002200567635757,0.0002858050451778,6.940519934951527e-06,downstairs,wiktor
1672842723690193700,-0.051374931592925,0.7971839329545906,-0.7934188953994405,1.1259019274048674,-0.051374931592925,-0.0723538144790905,-0.0913450758402223,0.7971839329545906,0.7732755643286119,0.7425170999449666,-0.7934188953994405,-0.7896931686421618,-0.7411988975145791,0.0038801597058296,0.0002169713295787,0.0004225006393679,0.003240687736883,downstairs,wiktor
1672842723700193700,-0.0305436412066477,0.826252838657005,-0.7129119051826518,1.0917280118958557,-0.0305436412066477,-0.051374931592925,-0.0723538144790905,0.826252838657005,0.7971839329545906,0.7732755643286119,-0.7129119051826518,-0.7934188953994405,-0.7896931686421618,0.0112084607526244,0.0026572539634162,0.0004895983279687,0.0080616084612393,downstairs,wiktor
1672842723710193700,0.0423570304420591,0.8575449567690404,-0.5859346752456325,1.0394695351779626,0.0423570304420591,-0.0305436412066477,-0.051374931592925,0.8575449567690404,0.826252838657005,0.7971839329545906,-0.5859346752456325,-0.7129119051826518,-0.7934188953994405,0.0213100122461157,0.0113373924442485,0.0007905100260701,0.009182109775797,downstairs,wiktor
1672842723720193700,0.1929385196380992,0.8973069996257679,-0.4504200282454127,1.02238120375041,0.1929385196380992,0.0423570304420591,-0.0305436412066477,0.8973069996257679,0.8575449567690404,0.826252838657005,-0.4504200282454127,-0.5859346752456325,-0.7129119051826518,0.0272946947099362,0.0204160240793874,0.0015904662341436,0.0052882043964052,downstairs,wiktor
1672842723730193700,0.3950079338471154,0.9537067555497716,-0.3475783596824688,1.0892192430833174,0.3950079338471154,0.1929385196380992,0.0423570304420591,0.9537067555497716,0.8973069996257679,0.8575449567690404,-0.3475783596824688,-0.4504200282454127,-0.5859346752456325,0.017331786765505,0.0142958047503282,0.0022353861064294,0.0008005959087474,downstairs,wiktor
1672842723740193700,0.5640984702489392,1.020570588919231,-0.307563464737026,1.2059712666333238,0.5640984702489392,0.3950079338471154,0.1929385196380992,1.020570588919231,0.9537067555497716,0.8973069996257679,-0.307563464737026,-0.3475783596824688,-0.4504200282454127,0.0069997709241232,0.001755641117332,0.0041491035915719,0.0010950262152192,downstairs,wiktor
1672842723750193700,0.6233545436479092,1.111665084818511,-0.3543614607458127,1.32285380626619,0.6233545436479092,0.5640984702489392,0.3950079338471154,1.111665084818511,1.020570588919231,0.9537067555497716,-0.3543614607458127,-0.307563464737026,-0.3475783596824688,0.005757046902812,0.0003892828592845,0.0022546779150877,0.0031130861284397,downstairs,wiktor
1672842723760193700,0.595451753132102,1.178816822176345,-0.4332675584625257,1.3899254180603031,0.595451753132102,0.6233545436479092,0.5640984702489392,1.178816822176345,1.111665084818511,1.020570588919231,-0.4332675584625257,-0.3543614607458127,-0.307563464737026,0.0025297714624556,0.0010810781342193,0.0010141967014285,0.0004344966268077,downstairs,wiktor
1672842723770193700,0.5489527610092749,1.1337791334827956,-0.4627462499805606,1.3419904430404026,0.5489527610092749,0.595451753132102,0.6233545436479092,1.1337791334827956,1.178816822176345,1.111665084818511,-0.4627462499805606,-0.4332675584625257,-0.3543614607458127,0.0157352301381171,0.0010116091563142,0.0146231299810408,0.000100491000762,downstairs,wiktor
1672842723780193700,0.5039725618920126,0.9627637541682976,-0.4485694378733189,1.1756346924424346,0.5039725618920126,0.5489527610092749,0.595451753132102,0.9627637541682976,1.1337791334827956,1.178816822176345,-0.4485694378733189,-0.4627462499805606,-0.4332675584625257,0.0192808832640768,0.0001156975494503,0.0181584605819461,0.0010067251326803,downstairs,wiktor
1672842723790193700,0.4887608854919363,0.7721937639707529,-0.4036979517673211,0.99907079256843,0.4887608854919363,0.5039725618920126,0.5489527610092749,0.7721937639707529,0.9627637541682976,1.1337791334827956,-0.4036979517673211,-0.4485694378733189,-0.4627462499805606,0.0126321830509571,8.658325188113437e-07,0.010663454138604,0.0019678630798342,downstairs,wiktor
1672842723800193700,0.4900768129358414,0.6261564116350984,-0.3409625856675797,0.8651604586631407,0.4900768129358414,0.4887608854919363,0.5039725618920126,0.6261564116350984,0.7721937639707529,0.9627637541682976,-0.3409625856675797,-0.4036979517673211,-0.4485694378733189,0.0040914973934519,6.5214182971857e-05,0.0027624682391533,0.0012638149713267,downstairs,wiktor
1672842723810193700,0.5014973368267894,0.5518264951928835,-0.2906870454650764,0.8003193225472188,0.5014973368267894,0.4900768129358414,0.4887608854919363,0.5518264951928835,0.6261564116350984,0.7721937639707529,-0.2906870454650764,-0.3409625856675797,-0.4036979517673211,0.0005640312428811,0.0003341717749355,1.0188796944206151e-05,0.0002196706710014,downstairs,wiktor
1672842723820193700,0.5273496781109182,0.5473123403563264,-0.2697265745256411,0.8064743677980996,0.5273496781109182,0.5014973368267894,0.4900768129358414,0.5473123403563264,0.5518264951928835,0.6261564116350984,-0.2697265745256411,-0.2906870454650764,-0.3409625856675797,0.0055213668102498,0.0016381422409628,0.003881143895041,2.080674245967888e-06,downstairs,wiktor
1672842723830193700,0.584588515292727,0.635416186981103,-0.2717665128805763,0.9051820261212812,0.584588515292727,0.5273496781109182,0.5014973368267894,0.635416186981103,0.5473123403563264,0.5518264951928835,-0.2717665128805763,-0.2697265745256411,-0.2906870454650764,0.0114668581892031,0.0021916925290756,0.0091872365429121,8.792911721533296e-05,downstairs,wiktor
1672842723840193700,0.6507956528093977,0.7709686605322127,-0.2850276679747099,1.048412337179197,0.6507956528093977,0.584588515292727,0.5273496781109182,0.7709686605322127,0.635416186981103,0.5473123403563264,-0.2850276679747099,-0.2717665128805763,-0.2697265745256411,0.0068308587145485,0.0012425858164252,0.0052640334460875,0.0003242394520357,downstairs,wiktor
1672842723850193700,0.7006471486029101,0.8735750292048009,-0.3104929169244358,1.1620867480338126,0.7006471486029101,0.6507956528093977,0.584588515292727,0.8735750292048009,0.7709686605322127,0.635416186981103,-0.3104929169244358,-0.2850276679747099,-0.2717665128805763,0.0009044460505868,5.258614233109945e-05,0.0007694543093841,8.240559887157963e-05,downstairs,wiktor
1672842723860193700,0.7109025025540031,0.9128039549964696,-0.2976550355671729,1.1946513920777209,0.7109025025540031,0.7006471486029101,0.6507956528093977,0.9128039549964696,0.8735750292048009,0.7709686605322127,-0.2976550355671729,-0.3104929169244358,-0.2850276679747099,0.0054626681714996,0.0011223411883427,0.0004320611859555,0.0039082657972013,downstairs,wiktor
1672842723870193700,0.6635244234806018,0.8834079965682933,-0.2092438847184096,1.1244809256933272,0.6635244234806018,0.7109025025540031,0.7006471486029101,0.8834079965682933,0.9128039549964696,0.8735750292048009,-0.2092438847184096,-0.2976550355671729,-0.3104929169244358,0.0115987121537605,0.0017817496746274,0.0070846913696488,0.0027322711094842,downstairs,wiktor
1672842723880193700,0.6038293705092294,0.7643727801855033,-0.1353213426965841,0.98345692410359,0.6038293705092294,0.6635244234806018,0.7109025025540031,0.7643727801855033,0.8834079965682933,0.9128039549964696,-0.1353213426965841,-0.2092438847184096,-0.2976550355671729,0.0181599305960713,0.0012996642287965,0.0147310395657593,0.0021292268015154,downstairs,wiktor
1672842723890193700,0.5528457608136309,0.5927275672271495,-0.0700645146781238,0.8135560462670647,0.5528457608136309,0.6038293705092294,0.6635244234806018,0.5927275672271495,0.7643727801855033,0.8834079965682933,-0.0700645146781238,-0.1353213426965841,-0.2092438847184096,0.0186373215838858,0.0004025852827745,0.0162383884803323,0.0019963478207789,downstairs,wiktor
1672842723900193700,0.5244702332317677,0.4125144240864097,-0.0068767338850162,0.6672963847455285,0.5244702332317677,0.5528457608136309,0.6038293705092294,0.4125144240864097,0.5927275672271495,0.7643727801855033,-0.0068767338850162,-0.0700645146781238,-0.1353213426965841,0.0145287176875119,0.0060624187702858,0.0064309760714831,0.002035322845743,downstairs,wiktor
1672842723910193700,0.6345830732667593,0.2991038772092949,0.0569248780968612,0.7038460399722802,0.6345830732667593,0.5244702332317677,0.5528457608136309,0.2991038772092949,0.4125144240864097,0.5927275672271495,0.0569248780968612,-0.0068767338850162,-0.0700645146781238,0.1106309746593127,0.1106034399159845,4.962106026976998e-07,2.7038532725471583e-05,downstairs,wiktor
1672842723920193700,1.104909427867444,0.3001000806048901,0.0642785890954621,1.1467417491246787,1.104909427867444,0.6345830732667593,0.5244702332317677,0.3001000806048901,0.2991038772092949,0.4125144240864097,0.0642785890954621,0.0569248780968612,-0.0068767338850162,0.1851348779938195,0.1115973103891129,0.0490998651091823,0.0244377024955241,downstairs,wiktor
1672842723930193700,1.5773442072584474,0.613468442470546,-0.1567992365475642,1.6996894653615162,1.5773442072584474,1.104909427867444,0.6345830732667593,0.613468442470546,0.3001000806048901,0.2991038772092949,-0.1567992365475642,0.0642785890954621,0.0569248780968612,0.4348369136053226,0.0115297903659681,0.3071030346358544,0.1162040886035,downstairs,wiktor
1672842723940193700,1.4254903935693064,1.3971814443224413,-0.6388865493934843,2.095785025596192,1.4254903935693064,1.5773442072584474,1.104909427867444,1.3971814443224413,0.613468442470546,0.3001000806048901,-0.6388865493934843,-0.1567992365475642,0.0642785890954621,0.4129055528093558,0.1384568536309074,0.2258389598064501,0.0486097393719983,downstairs,wiktor
1672842723950193700,0.8992644846083214,2.069251321353766,-0.9506869322412234,2.4483225456088107,0.8992644846083214,1.4254903935693064,1.5773442072584474,2.069251321353766,1.3971814443224413,0.613468442470546,-0.9506869322412234,-0.6388865493934843,-0.1567992365475642,0.076407873522976,0.0213206008099859,0.0324483937637088,0.0226388789492812,downstairs,wiktor
1672842723960193700,1.1057619461422878,2.323999800303921,-0.7379012233729761,2.6773462175826985,1.1057619461422878,0.8992644846083214,1.4254903935693064,2.323999800303921,2.069251321353766,1.3971814443224413,-0.7379012233729761,-0.9506869322412234,-0.6388865493934843,0.1250072534611265,0.0612415696964946,0.0008732696932116,0.0628924140714202,downstairs,wiktor
1672842723970193700,1.455737858731982,2.282208181689379,-0.3832396549125064,2.7339567536837475,1.455737858731982,1.1057619461422878,0.8992644846083214,2.282208181689379,2.323999800303921,2.069251321353766,-0.3832396549125064,-0.7379012233729761,-0.9506869322412234,0.6460798947912288,0.3449645218150113,0.3009167644844214,0.0001986084917961,downstairs,wiktor
1672842723980193700,0.6251181842539315,1.5064288773966936,-0.3633093517639779,1.6709561310874552,0.6251181842539315,1.455737858731982,1.1057619461422878,1.5064288773966936,2.282208181689379,2.323999800303921,-0.3633093517639779,-0.3832396549125064,-0.7379012233729761,0.7846270852366132,0.2086298098021496,0.5489978916970679,0.0269993837373956,downstairs,wiktor
1672842723990193700,-0.0208381761948988,0.4585759376221582,-0.5956857005492862,0.752042268753602,-0.0208381761948988,0.6251181842539315,1.455737858731982,0.4585759376221582,1.5064288773966936,2.282208181689379,-0.5956857005492862,-0.3633093517639779,-0.3832396549125064,0.4865845911961322,0.0096082295185361,0.4751638018646303,0.0018125598129657,downstairs,wiktor
1672842724000193700,0.1177852671221401,-0.5162715395399159,-0.5354767342242327,0.7530903030748692,0.1177852671221401,-0.0208381761948988,0.6251181842539315,-0.5162715395399159,0.4585759376221582,1.5064288773966936,-0.5354767342242327,-0.5956857005492862,-0.3633093517639779,0.126067426235802,0.0284657732295116,0.08122928858243,0.0163723644238602,downstairs,wiktor
1672842724010193700,-0.1208180573706743,-0.9193330449765678,-0.3545216877410783,0.9927013033392744,-0.1208180573706743,0.1177852671221401,-0.0208381761948988,-0.9193330449765678,-0.5162715395399159,0.4585759376221582,-0.3545216877410783,-0.5354767342242327,-0.5956857005492862,0.4117599266316585,0.3865104002199811,0.0250667429064268,0.0001827835052505,downstairs,wiktor
1672842724020193700,-1.0000340720337162,-0.6954279628259973,-0.3354018809820877,1.2634012104137682,-1.0000340720337162,-0.1208180573706743,0.1177852671221401,-0.6954279628259973,-0.9193330449765678,-0.5162715395399159,-0.3354018809820877,-0.3545216877410783,-0.5354767342242327,0.1377401865495968,0.0123328190143781,0.1090131726459013,0.0163941948893173,downstairs,wiktor
1672842724030193700,-0.8429810936195634,-0.2284950497733803,-0.1543262344179109,0.8869293650570977,-0.8429810936195634,-1.0000340720337162,-0.1208180573706743,-0.2284950497733803,-0.6954279628259973,-0.9193330449765678,-0.1543262344179109,-0.3354018809820877,-0.3545216877410783,0.260810975929868,0.0838988427787109,0.1767093072165782,0.0002028259345789,downstairs,wiktor
1672842724040193700,-0.4333499356769309,0.365995164135273,-0.1341854333127462,0.5828810834423563,-0.4333499356769309,-0.8429810936195634,-1.0000340720337162,0.365995164135273,-0.2284950497733803,-0.6954279628259973,-0.1341854333127462,-0.1543262344179109,-0.3354018809820877,0.3280662632318418,0.0174001677182686,0.2696717833310346,0.0409943121825386,downstairs,wiktor
1672842724050193700,-0.2468014555530306,1.1003953048365591,-0.4205219911691912,1.2035861125928382,-0.2468014555530306,-0.4333499356769309,-0.8429810936195634,1.1003953048365591,0.365995164135273,-0.2284950497733803,-0.4205219911691912,-0.1341854333127462,-0.1543262344179109,0.1056242296077962,0.0069154784484978,0.0926326032156854,0.0060761479436129,downstairs,wiktor
1672842724060193700,-0.129196366815359,1.5308197539927044,-0.530759443458447,1.6253634692686103,-0.129196366815359,-0.2468014555530306,-0.4333499356769309,1.5308197539927044,1.1003953048365591,0.365995164135273,-0.530759443458447,-0.4205219911691912,-0.1341854333127462,0.1138304303203675,0.0464400871854507,0.0673890704757234,1.2726591933829982e-06,downstairs,wiktor
1672842724070193700,0.1755661216422945,1.897941179343292,-0.5291640380595699,1.978135172957357,0.1755661216422945,-0.129196366815359,-0.2468014555530306,1.897941179343292,1.5308197539927044,1.1003953048365591,-0.5291640380595699,-0.530759443458447,-0.4205219911691912,0.0304837997948543,0.0071589836632565,0.0230425178714347,0.000282298260163,downstairs,wiktor
1672842724080193700,0.2952238306564367,2.112615434303847,-0.5054027981860693,2.192198228231334,0.2952238306564367,0.1755661216422945,-0.129196366815359,2.112615434303847,1.897941179343292,1.5308197539927044,-0.5054027981860693,-0.5291640380595699,-0.530759443458447,0.0548308017953683,0.0449837445175471,0.0078393313479397,0.0020077259298815,downstairs,wiktor
1672842724090193700,-0.0047219795078231,1.9874009675043616,-0.442035205050752,2.035971518767393,-0.0047219795078231,0.2952238306564367,0.1755661216422945,1.9874009675043616,2.112615434303847,1.897941179343292,-0.442035205050752,-0.5054027981860693,-0.5291640380595699,0.1239712854327022,0.0049872870529621,0.1004071544301403,0.0185768439495997,downstairs,wiktor
1672842724100193700,-0.1045947691250375,1.5392778718484017,-0.2492822857493846,1.5628365527075765,-0.1045947691250375,-0.0047219795078231,0.2952238306564367,1.5392778718484017,1.9874009675043616,2.112615434303847,-0.2492822857493846,-0.442035205050752,-0.5054027981860693,0.0931976423216038,0.0115838608968415,0.0743599737114591,0.0072538077133031,downstairs,wiktor
1672842724110193700,0.047614697708281,1.1536356186876278,-0.1288347227744272,1.1617834074968536,0.047614697708281,-0.1045947691250375,-0.0047219795078231,1.1536356186876278,1.5392778718484017,1.9874009675043616,-0.1288347227744272,-0.2492822857493846,-0.442035205050752,0.0275681472830642,0.0091623103723832,0.0174164595036315,0.0009893774070494,downstairs,wiktor
1672842724120193700,0.1829831605966753,0.9669998262809648,-0.0843515257883868,0.9877685361420424,0.1829831605966753,0.047614697708281,-0.1045947691250375,0.9669998262809648,1.1536356186876278,1.5392778718484017,-0.0843515257883868,-0.1288347227744272,-0.2492822857493846,0.0027367633623675,0.0003465943952849,0.002158662413888,0.0002315065531944,downstairs,wiktor
1672842724130193700,0.2093116392950351,0.9012934732564956,-0.0628337864464184,0.9274100344498794,0.2093116392950351,0.1829831605966753,0.047614697708281,0.9012934732564956,0.9669998262809648,1.1536356186876278,-0.0628337864464184,-0.0843515257883868,-0.1288347227744272,0.0009102803032342,0.0008903568157674,1.6964027657732725e-05,2.959459809032741e-06,downstairs,wiktor
1672842724140193700,0.1671131365782925,0.8954686938344517,-0.0604009034615493,0.9129289409332938,0.1671131365782925,0.2093116392950351,0.1829831605966753,0.8954686938344517,0.9012934732564956,0.9669998262809648,-0.0604009034615493,-0.0628337864464184,-0.0843515257883868,0.0028799021199059,0.0002987668439654,0.0025764198642606,4.715411679924396e-06,downstairs,wiktor
1672842724150193700,0.1426686343757354,0.9672519769059392,-0.0634718680266085,0.9797751803826588,0.1426686343757354,0.1671131365782925,0.2093116392950351,0.9672519769059392,0.8954686938344517,0.9012934732564956,-0.0634718680266085,-0.0604009034615493,-0.0628337864464184,0.0061898640664568,0.0001774797812849,0.0059497378120182,6.264647315360773e-05,downstairs,wiktor
1672842724160193700,0.1238282638228538,1.0763366945525306,-0.0522784348487485,1.0846968026650972,0.1238282638228538,0.1426686343757354,0.1671131365782925,1.0763366945525306,0.9672519769059392,0.8954686938344517,-0.0522784348487485,-0.0634718680266085,-0.0604009034615493,0.0071561244421065,0.0008504401463743,0.0062329669223363,7.271737339582049e-05,downstairs,wiktor
1672842724170193700,0.0825865338306627,1.187987641009212,-0.0402188019027737,1.191533769050332,0.0825865338306627,0.1238282638228538,0.1426686343757354,1.187987641009212,1.0763366945525306,0.9672519769059392,-0.0402188019027737,-0.0522784348487485,-0.0634718680266085,0.0026507158771489,0.0006202354996664,0.002013527404984,1.6952972498445495e-05,downstairs,wiktor
1672842724180193700,0.0473662130011636,1.2514467208163451,-0.0460416830622077,1.253188848400454,0.0473662130011636,0.0825865338306627,0.1238282638228538,1.2514467208163451,1.187987641009212,1.0763366945525306,-0.0460416830622077,-0.0402188019027737,-0.0522784348487485,0.0006479452045296,0.0001381668587905,0.000165033927475,0.000344744418264,downstairs,wiktor
1672842724190193700,0.0639895014117378,1.269614490490966,-0.0722998025022609,1.2732803588359571,0.0639895014117378,0.0473662130011636,0.0825865338306627,1.269614490490966,1.2514467208163451,1.187987641009212,-0.0722998025022609,-0.0460416830622077,-0.0402188019027737,0.0006241738056592,0.0002736570038559,5.849314227150842e-06,0.0003446674875762,downstairs,wiktor
1672842724200193700,0.0873842445757872,1.26619416470907,-0.0985549919921967,1.273026612208073,0.0873842445757872,0.0639895014117378,0.0473662130011636,1.26619416470907,1.269614490490966,1.2514467208163451,-0.0985549919921967,-0.0722998025022609,-0.0460416830622077,0.000494622634957,3.7102167160127483e-07,0.0004636847852003,3.056682808506708e-05,downstairs,wiktor
1672842724210193700,0.0882456639528635,1.2357414214763045,-0.106373793445753,1.2434466381356295,0.0882456639528635,0.0873842445757872,0.0639895014117378,1.2357414214763045,1.26619416470907,1.269614490490966,-0.106373793445753,-0.0985549919921967,-0.0722998025022609,0.0016763322577854,2.909293648038106e-06,0.001626211026527,4.721193761041367e-05,downstairs,wiktor
1672842724220193700,0.0858334891465785,1.1787114113671164,-0.0966565986231292,1.185778426690049,0.0858334891465785,0.0882456639528635,0.0873842445757872,1.1787114113671164,1.2357414214763045,1.26619416470907,-0.0966565986231292,-0.106373793445753,-0.0985549919921967,0.004566891786425,0.0001292828393898,0.0044080756102759,2.9533336759263e-05,downstairs,wiktor
1672842724230193700,0.1019134667205588,1.0848170493396128,-0.0889711140243205,1.0932201262177874,0.1019134667205588,0.0858334891465785,0.0882456639528635,1.0848170493396128,1.1787114113671164,1.2357414214763045,-0.0889711140243205,-0.0966565986231292,-0.106373793445753,0.0051013175148868,0.000238376265905,0.0048538879409712,9.053308010513506e-06,downstairs,wiktor
1672842724240193700,0.0800788031827304,0.9862890031702984,-0.0932263009792059,0.9939163725827768,0.0800788031827304,0.1019134667205588,0.0858334891465785,0.9862890031702984,1.0848170493396128,1.1787114113671164,-0.0932263009792059,-0.0889711140243205,-0.0966565986231292,0.0032873185840843,0.0002393470199547,0.0029104882824265,0.000137483281703,downstairs,wiktor
1672842724250193700,0.0581997255077136,0.9099936785110964,-0.1098084167491003,0.9184408480508006,0.0581997255077136,0.0800788031827304,0.1019134667205588,0.9099936785110964,0.9862890031702984,1.0848170493396128,-0.1098084167491003,-0.0932263009792059,-0.0889711140243205,0.0013910649865076,4.79897838931368e-05,0.0013007892341347,4.228596847977417e-05,downstairs,wiktor
1672842724260193700,0.048402809269107,0.8589880075688431,-0.1190047169268647,0.8685420840368505,0.048402809269107,0.0581997255077136,0.0800788031827304,0.8589880075688431,0.9099936785110964,0.9862890031702984,-0.1190047169268647,-0.1098084167491003,-0.0932263009792059,0.0003359936534512,9.005379492712846e-06,0.0003249040544952,2.0842194632451185e-06,downstairs,wiktor
1672842724270193700,0.0441589008128105,0.8334966735709819,-0.121046392446258,0.8433972625632248,0.0441589008128105,0.048402809269107,0.0581997255077136,0.8334966735709819,0.8589880075688431,0.9099936785110964,-0.121046392446258,-0.1190047169268647,-0.1098084167491003,8.071642683122579e-05,6.046201935362394e-05,2.004380951056816e-05,2.1059796703369018e-07,downstairs,wiktor
1672842724280193700,0.0331623541409117,0.8271651951479644,-0.1216953885433706,0.8367268188537159,0.0331623541409117,0.0441589008128105,0.048402809269107,0.8271651951479644,0.8334966735709819,0.8589880075688431,-0.1216953885433706,-0.121046392446258,-0.1190047169268647,0.0001517577695153,0.0001031747664889,4.795083525773804e-05,6.321677686633446e-07,downstairs,wiktor
1672842724290193700,0.0187974826490446,0.8369581349780397,-0.1228198153028026,0.8461305880837038,0.0187974826490446,0.0331623541409117,0.0441589008128105,0.8369581349780397,0.8271651951479644,0.8334966735709819,-0.1228198153028026,-0.1216953885433706,-0.121046392446258,0.0001894393073041,3.58005705617026e-06,0.0001858349181553,2.433209260874243e-08,downstairs,wiktor
1672842724300193700,0.0214733216039035,0.856236875505126,-0.1225992156989555,0.8652359552200106,0.0214733216039035,0.0187974826490446,0.0331623541409117,0.856236875505126,0.8369581349780397,0.8271651951479644,-0.1225992156989555,-0.1228198153028026,-0.1216953885433706,0.0007400792714275,0.0006181391346998,2.907285808332005e-05,9.286727864437591e-05,downstairs,wiktor
1672842724310193700,0.0566340705919396,0.8638622093448106,-0.1089707690784213,0.8725479718614059,0.0566340705919396,0.0214733216039035,0.0187974826490446,0.8638622093448106,0.856236875505126,0.8369581349780397,-0.1089707690784213,-0.1225992156989555,-0.1228198153028026,0.0001467390640873,3.096134162095608e-05,2.176178744546711e-06,0.0001136015437218,downstairs,wiktor
1672842724320193700,0.0645031673153198,0.8617759788951495,-0.0938975117183273,0.8692728220192408,0.0645031673153198,0.0566340705919396,0.0214733216039035,0.8617759788951495,0.8638622093448106,0.856236875505126,-0.0938975117183273,-0.1089707690784213,-0.1225992156989555,0.0005556825212707,0.0005128089986505,4.051673904239428e-05,2.3567835777439e-06,downstairs,wiktor
1672842724330193700,0.0324778960861617,0.8527741191936884,-0.0917264366032086,0.8583077835326189,0.0324778960861617,0.0645031673153198,0.0566340705919396,0.8527741191936884,0.8617759788951495,0.8638622093448106,-0.0917264366032086,-0.0938975117183273,-0.1089707690784213,0.0020090001231244,0.0019782146083181,3.6608224598324703e-06,2.7124692346420368e-05,downstairs,wiktor
1672842724340193700,0.0953780488414321,0.8500682653691692,-0.0990918547646466,0.8611226530926037,0.0953780488414321,0.0324778960861617,0.0645031673153198,0.8500682653691692,0.8527741191936884,0.8617759788951495,-0.0990918547646466,-0.0917264366032086,-0.0938975117183273,0.0031498536523653,0.0025519201728765,1.5229076958723908e-05,0.00058270440253,downstairs,wiktor
1672842724350193700,0.1668192158654462,0.8445493747272514,-0.1332299391435356,0.8711156718934312,0.1668192158654462,0.0953780488414321,0.0324778960861617,0.8445493747272514,0.8500682653691692,0.8527741191936884,-0.1332299391435356,-0.0990918547646466,-0.0917264366032086,0.0019557058560893,0.0011460666128668,7.264275529449839e-05,0.0007369964879279,downstairs,wiktor
1672842724360193700,0.2146954440557885,0.8566028186578879,-0.1716225553067505,0.8996203777821894,0.2146954440557885,0.1668192158654462,0.0953780488414321,0.8566028186578879,0.8445493747272514,0.8500682653691692,-0.1716225553067505,-0.1332299391435356,-0.0990918547646466,0.0022814482299481,0.0001403485601672,0.0017463997940093,0.0003946998757715,downstairs,wiktor
1672842724370193700,0.1979414260202676,0.9157027305699944,-0.1997188139819372,0.9579039114476108,0.1979414260202676,0.2146954440557885,0.1668192158654462,0.9157027305699944,0.8566028186578879,0.8445493747272514,-0.1997188139819372,-0.1716225553067505,-0.1332299391435356,0.0114077503980695,0.0090089927674588,0.0020687244747405,0.0003300331558701,downstairs,wiktor
1672842724380193700,0.0637103359743406,0.980025735393161,-0.2254105696973457,1.0076305741064784,0.0637103359743406,0.1979414260202676,0.2146954440557885,0.980025735393161,0.9157027305699944,0.8566028186578879,-0.2254105696973457,-0.1997188139819372,-0.1716225553067505,0.0051822817603177,0.0042992493550034,0.0002582653335692,0.000624767071745,downstairs,wiktor
1672842724390193700,-0.0290177542141607,1.0027530464338126,-0.2607593199367831,1.0365091051823032,-0.0290177542141607,0.0637103359743406,0.1979414260202676,1.0027530464338126,0.980025735393161,0.9157027305699944,-0.2607593199367831,-0.2254105696973457,-0.1997188139819372,0.0006568057409451,0.000125604120818,1.7301489783066503e-05,0.0005139001303439,downstairs,wiktor
1672842724400193700,-0.0448673044171204,0.9968706167006044,-0.292818644020238,1.0399552200612066,-0.0448673044171204,-0.0290177542141607,0.0637103359743406,0.9968706167006044,1.0027530464338126,0.980025735393161,-0.292818644020238,-0.2607593199367831,-0.2254105696973457,0.0009307237632767,0.0008461489057251,7.480900620001493e-05,9.765851351584493e-06,downstairs,wiktor
1672842724410193700,-0.0037297569519362,0.9846387725060428,-0.2972381126198741,1.028531924153525,-0.0037297569519362,-0.0448673044171204,-0.0290177542141607,0.9846387725060428,0.9968706167006044,1.0027530464338126,-0.2972381126198741,-0.292818644020238,-0.2607593199367831,0.0046196842632265,0.0007290559457874,0.0009957623555634,0.0028948659618756,downstairs,wiktor
1672842724420193700,0.0344554743760892,1.0292652748463216,-0.2211478246472867,1.0533188245090763,0.0344554743760892,-0.0037297569519362,-0.0448673044171204,1.0292652748463216,0.9846387725060428,0.9968706167006044,-0.2211478246472867,-0.2972381126198741,-0.292818644020238,0.0138787925924356,0.0026165346974613,0.0055434519760972,0.0057188059188771,downstairs,wiktor
1672842724430193700,0.1067954314877895,1.1345596429397502,-0.1142010535985344,1.145282815822036,0.1067954314877895,0.0344554743760892,-0.0037297569519362,1.1345596429397502,1.0292652748463216,0.9846387725060428,-0.1142010535985344,-0.2211478246472867,-0.2972381126198741,0.011499361041177,0.0031078120390589,0.0072527572563206,0.0011387917457974,downstairs,wiktor
1672842724440193700,0.1856346607973017,1.25499848431844,-0.0664770188613605,1.2703938826079118,0.1856346607973017,0.1067954314877895,0.0344554743760892,1.25499848431844,1.1345596429397502,1.0292652748463216,-0.0664770188613605,-0.1142010535985344,-0.2211478246472867,0.0047686400833881,5.279325522455399e-05,0.0047090485125182,6.798315645361973e-06,downstairs,wiktor
1672842724450193700,0.1959101904892012,1.3520453648712762,-0.0627896578415085,1.3676074043888733,0.1959101904892012,0.1856346607973017,0.1067954314877895,1.3520453648712762,1.25499848431844,1.1345596429397502,-0.0627896578415085,-0.0664770188613605,-0.1142010535985344,0.0005713705876033,2.68420304613534e-05,0.0005272148110126,1.7313746129326406e-05,downstairs,wiktor
1672842724460193700,0.1885832497276891,1.3845173469793235,-0.0569051449255015,1.398459910645819,0.1885832497276891,0.1959101904892012,0.1856346607973017,1.3845173469793235,1.3520453648712762,1.25499848431844,-0.0569051449255015,-0.0627896578415085,-0.0664770188613605,0.0011036327780893,0.0005212407292566,1.898024789143172e-05,0.0005634118009413,downstairs,wiktor
1672842724470193700,0.220870731179689,1.3783561380246732,-0.0233369516187023,1.3961354291160282,0.220870731179689,0.1885832497276891,0.1959101904892012,1.3783561380246732,1.3845173469793235,1.3520453648712762,-0.0233369516187023,-0.0569051449255015,-0.0627896578415085,0.0016905289759755,0.0010679157446042,0.0002776573669469,0.0003449558644243,downstairs,wiktor
1672842724480193700,0.2670857881331157,1.3547910211377616,0.0029292191880363,1.380870055256192,0.2670857881331157,0.220870731179689,0.1885832497276891,1.3547910211377616,1.3783561380246732,1.3845173469793235,0.0029292191880363,-0.0233369516187023,-0.0569051449255015,0.0016586950664768,0.001429523077334,4.431832195858952e-05,0.0001848536671842,downstairs,wiktor
1672842724490193700,0.3205558372696936,1.3453763175355669,0.0221569942639123,1.3832152446340549,0.3205558372696936,0.2670857881331157,0.220870731179689,1.3453763175355669,1.3547910211377616,1.3783561380246732,0.0221569942639123,0.0029292191880363,-0.0233369516187023,0.0013309960191815,0.0010099246342201,8.064637292362468e-05,0.0002404250120377,downstairs,wiktor
1672842724500193700,0.3654985704803072,1.3580764256393292,0.0440852870400374,1.4070907203993093,0.3654985704803072,0.3205558372696936,0.2670857881331157,1.3580764256393292,1.3453763175355669,1.3547910211377616,0.0440852870400374,0.0221569942639123,0.0029292191880363,0.0012080341529216,0.0005813524856564,0.0002312194242815,0.0003954622429836,downstairs,wiktor
1672842724510193700,0.3995970304354551,1.3795808170179078,0.0722086667438955,1.43810121652461,0.3995970304354551,0.3654985704803072,0.3205558372696936,1.3795808170179078,1.3580764256393292,1.3453763175355669,0.0722086667438955,0.0440852870400374,0.0221569942639123,0.000997319509346,0.0002004886064473,0.0001343563105747,0.0006624745923239,downstairs,wiktor
1672842724520193700,0.419621445855006,1.3959732732447645,0.1086085181810632,1.461717943946996,0.419621445855006,0.3995970304354551,0.3654985704803072,1.3959732732447645,1.3795808170179078,1.3580764256393292,0.1086085181810632,0.0722086667438955,0.0440852870400374,0.0007770473721908,2.889145155346752e-05,0.0005673765249455,0.0001807793956917,downstairs,wiktor
1672842724530193700,0.4120199392209936,1.4296593690394854,0.127623217531396,1.493309756028908,0.4120199392209936,0.419621445855006,0.3995970304354551,1.4296593690394854,1.3959732732447645,1.3795808170179078,0.127623217531396,0.1086085181810632,0.0722086667438955,0.0092131089731845,0.0058397322498425,0.0031084045243807,0.0002649721989613,downstairs,wiktor
1672842724540193700,0.3039483680300229,1.5085061130988404,0.1046026962965796,1.5423738287967677,0.3039483680300229,0.4120199392209936,0.419621445855006,1.5085061130988404,1.4296593690394854,1.3959732732447645,0.1046026962965796,0.127623217531396,0.1086085181810632,0.023615769978445,0.0170835208151977,0.003852001327148,0.0026802478360992,downstairs,wiktor
1672842724550193700,0.1191050786457569,1.596278561249135,0.031387290320798,1.6010235559967576,0.1191050786457569,0.3039483680300229,0.4120199392209936,1.596278561249135,1.5085061130988404,1.4296593690394854,0.031387290320798,0.1046026962965796,0.127623217531396,0.0134658516314484,0.0130262885152851,8.950069863548258e-05,0.0003500624175278,downstairs,wiktor
1672842724560193700,-0.0423030284324508,1.6096577016277605,0.0049274181545218,1.6102210227399811,-0.0423030284324508,0.1191050786457569,0.3039483680300229,1.6096577016277605,1.596278561249135,1.5085061130988404,0.0049274181545218,0.031387290320798,0.1046026962965796,0.0143356376295491,0.0014400551547443,0.0116093285825008,0.001286253892304,downstairs,wiktor
1672842724570193700,-0.095969687630585,1.4572810066740975,0.055647313507411,1.4614974296445329,-0.095969687630585,-0.0423030284324508,0.1191050786457569,1.4572810066740975,1.6096577016277605,1.596278561249135,0.055647313507411,0.0049274181545218,0.031387290320798,0.0301558542015266,0.0002365842582709,0.0284609399844373,0.0014583299588184,downstairs,wiktor
1672842724580193700,-0.0742172506052341,1.2186979394440975,0.1096534235102321,1.2258697896514965,-0.0742172506052341,-0.095969687630585,-0.0423030284324508,1.2186979394440975,1.4572810066740975,1.6096577016277605,0.1096534235102321,0.055647313507411,0.0049274181545218,0.0546579153714537,0.0402366327412117,0.0129031840826938,0.0015180985475481,downstairs,wiktor
1672842724590193700,0.2094608512680396,1.0580543333921053,0.1647551212617194,1.0910990196154096,0.2094608512680396,-0.0742172506052341,-0.095969687630585,1.0580543333921053,1.2186979394440975,1.4572810066740975,0.1647551212617194,0.1096534235102321,0.055647313507411,0.0509393912286717,0.0492167786286036,0.0002189469406207,0.0015036656594473,downstairs,wiktor
1672842724600193700,0.5232020778500867,1.0789802474997716,0.2195942616533651,1.2190817973017247,0.5232020778500867,0.2094608512680396,-0.0742172506052341,1.0789802474997716,1.0580543333921053,1.2186979394440975,0.2195942616533651,0.1647551212617194,0.1096534235102321,0.0411590698681463,0.0056385115628183,0.0322862791584555,0.0032342791468724,downstairs,wiktor
1672842724610193700,0.6293954068573112,1.3330915583792975,0.1391669137314988,1.4807562632225384,0.6293954068573112,0.5232020778500867,0.2094608512680396,1.3330915583792975,1.0789802474997716,1.0580543333921053,0.1391669137314988,0.2195942616533651,0.1647551212617194,0.0393905922171031,0.0052900674911875,0.0031079070606665,0.030992617665249,downstairs,wiktor
1672842724620193700,0.5265356237427478,1.4119319929375438,-0.1098014282931412,1.5109096827428048,0.5265356237427478,0.6293954068573112,0.5232020778500867,1.4119319929375438,1.3330915583792975,1.0789802474997716,-0.1098014282931412,0.1391669137314988,0.2195942616533651,0.0311970775686206,0.0253075529420879,0.0025156920134924,0.0033738326130402,downstairs,wiktor
1672842724630193700,0.3015576117411836,1.3409997433821768,-0.1919456017084269,1.3878257884062108,0.3015576117411836,0.5265356237427478,0.6293954068573112,1.3409997433821768,1.4119319929375438,1.3330915583792975,-0.1919456017084269,-0.1098014282931412,0.1391669137314988,0.0347589471157242,0.0278338069358223,0.0060101843440772,0.0009149558358246,downstairs,wiktor
1672842724640193700,0.0656177595083642,1.231362301382856,-0.1491681348403504,1.2420990057485477,0.0656177595083642,0.3015576117411836,0.5265356237427478,1.231362301382856,1.3409997433821768,1.4119319929375438,-0.1491681348403504,-0.1919456017084269,-0.1098014282931412,0.0245927234857143,0.0199415690038977,0.0033126993966123,0.0013384550852042,downstairs,wiktor
1672842724650193700,-0.1340898718125131,1.149965748671917,-0.0974292696575059,1.1618492929064654,-0.1340898718125131,0.0656177595083642,0.3015576117411836,1.149965748671917,1.231362301382856,1.3409997433821768,-0.0974292696575059,-0.1491681348403504,-0.1919456017084269,0.0111800601269769,0.0108389304250926,0.0003408075838652,3.221180190302796e-07,downstairs,wiktor
1672842724660193700,-0.2813239060919055,1.123857987991794,-0.0966266265001436,1.162556072738244,-0.2813239060919055,-0.1340898718125131,0.0656177595083642,1.123857987991794,1.149965748671917,1.231362301382856,-0.0966266265001436,-0.0974292696575059,-0.1491681348403504,0.0015540699410319,0.0015010548748569,6.322608233432332e-06,4.669245794152215e-05,downstairs,wiktor
1672842724670193700,-0.3361154177494058,1.1274139993060146,-0.1062902136127558,1.1812423584471925,-0.3361154177494058,-0.2813239060919055,-0.1340898718125131,1.1274139993060146,1.123857987991794,1.149965748671917,-0.1062902136127558,-0.0966266265001436,-0.0974292696575059,0.0009235923439866,0.0003274575307943,0.0005944342036011,1.7006095912164445e-06,downstairs,wiktor
1672842724680193700,-0.3105241094282463,1.1618939704081226,-0.1081344530718372,1.2075246916515214,-0.3105241094282463,-0.3361154177494058,-0.2813239060919055,1.1618939704081226,1.1274139993060146,1.123857987991794,-0.1081344530718372,-0.1062902136127558,-0.0966266265001436,0.0182518930764592,0.0147026261393083,0.0002898083515095,0.0032594585856413,downstairs,wiktor
1672842724690193700,-0.1390445121619338,1.1859692004801097,-0.0273946415085034,1.1944064581343992,-0.1390445121619338,-0.3105241094282463,-0.3361154177494058,1.1859692004801097,1.1618939704081226,1.1274139993060146,-0.0273946415085034,-0.1081344530718372,-0.1062902136127558,0.0256486055579446,0.0178485441076882,2.447936102437791e-05,0.007775582089232,downstairs,wiktor
1672842724700193700,0.0498922185586342,1.1929662514338155,0.0973096654678963,1.1979678132263094,0.0498922185586342,-0.1390445121619338,-0.3105241094282463,1.1929662514338155,1.1859692004801097,1.1618939704081226,0.0973096654678963,-0.0273946415085034,-0.1081344530718372,0.0102171422383742,3.8317626764915487e-05,0.0029228849270265,0.0072559396845827,downstairs,wiktor
1672842724710193700,0.0586463749160356,1.116508617059914,0.2177749275527212,1.1390596157929695,0.0586463749160356,0.0498922185586342,-0.1390445121619338,1.116508617059914,1.1929662514338155,1.1859692004801097,0.2177749275527212,0.0973096654678963,-0.0273946415085034,0.0114149500570282,0.0011970007139603,0.0075938270473926,0.0026241222956752,downstairs,wiktor
1672842724720193700,0.0097178410332312,0.9932704164288382,0.2902196968004072,1.0348468625830516,0.0097178410332312,0.0586463749160356,0.0498922185586342,0.9932704164288382,1.116508617059914,1.1929662514338155,0.2902196968004072,0.2177749275527212,0.0973096654678963,0.0104411433641129,0.003501149681164,0.0046629239587988,0.00227706972415,downstairs,wiktor
1672842724730193700,0.093397583876575,0.8966999865985962,0.3577040612732248,0.9699207029913648,0.093397583876575,0.0097178410332312,0.0586463749160356,0.8966999865985962,0.9932704164288382,1.116508617059914,0.3577040612732248,0.2902196968004072,0.2177749275527212,0.0020270344770893,0.000415253519111,0.0013232476317692,0.0002885333262091,downstairs,wiktor
1672842724740193700,0.1222161028916468,0.8452558881660409,0.3817262729203294,0.9354727359592208,0.1222161028916468,0.093397583876575,0.0097178410332312,0.8452558881660409,0.8966999865985962,0.9932704164288382,0.3817262729203294,0.3577040612732248,0.2902196968004072,0.0489648338036059,0.0207261956046325,1.1426255378554026e-06,0.0282374955734354,downstairs,wiktor
1672842724750193700,-0.0813825002697333,0.8437441834740753,0.1440815987808255,0.8598179258446093,-0.0813825002697333,0.1222161028916468,0.093397583876575,0.8437441834740753,0.8452558881660409,0.8966999865985962,0.1440815987808255,0.3817262729203294,0.3577040612732248,0.0299298556046834,2.017309409920629e-05,0.0036832408162739,0.0262264416943103,downstairs,wiktor
1672842724760193700,-0.0750306353311178,0.9295723934784084,-0.084944346012817,0.9364560709797942,-0.0750306353311178,-0.0813825002697333,0.1222161028916468,0.9295723934784084,0.8437441834740753,0.8452558881660409,-0.084944346012817,0.1440815987808255,0.3817262729203294,0.0441734869666744,0.036310032345785,0.0013001652334725,0.0065632893874168,downstairs,wiktor
1672842724770193700,0.1944504673302193,0.9805658290063772,-0.1995156285177871,1.0193756987895837,0.1944504673302193,-0.0750306353311178,-0.0813825002697333,0.9805658290063772,0.9295723934784084,0.8437441834740753,-0.1995156285177871,-0.084944346012817,0.1440815987808255,0.0243034138205597,0.017981366694841,0.0001904549186974,0.0061315922070212,downstairs,wiktor
1672842724780193700,0.3840888953707462,0.9610489174321832,-0.3102548917176232,1.0804616601617132,0.3840888953707462,0.1944504673302193,-0.0750306353311178,0.9610489174321832,0.9805658290063772,0.9295723934784084,-0.3102548917176232,-0.1995156285177871,-0.084944346012817,0.0123785584295528,0.005548803680197,0.0065616692655044,0.0002680854838514,downstairs,wiktor
1672842724790193700,0.278743713419249,0.8464917765329412,-0.3334102575688232,0.9515297080810228,0.278743713419249,0.3840888953707462,0.1944504673302193,0.8464917765329412,0.9610489174321832,0.9805658290063772,-0.3334102575688232,-0.3102548917176232,-0.1995156285177871,0.0668794875662401,0.0559687702852246,0.0025645771897643,0.0083461400912511,downstairs,wiktor
1672842724800193700,-0.055826967559299,0.7748736616490054,-0.2042116500589035,0.8032734527195483,-0.055826967559299,0.278743713419249,0.3840888953707462,0.7748736616490054,0.8464917765329412,0.9610489174321832,-0.2042116500589035,-0.3334102575688232,-0.3102548917176232,0.0437889976029982,0.0345774337874034,0.0026740758259056,0.0065374879896891,downstairs,wiktor
1672842724810193700,-0.3188000984582692,0.7017426035969621,-0.0898657888335043,0.7759845645905034,-0.3188000984582692,-0.055826967559299,0.278743713419249,0.7017426035969621,0.7748736616490054,0.8464917765329412,-0.0898657888335043,-0.2042116500589035,-0.3334102575688232,0.0058826598446479,0.0004397519693909,0.003611841952782,0.0018310659224749,downstairs,wiktor
1672842724820193700,-0.3484565301178922,0.6167503456815256,-0.0293502383943821,0.7089882783050013,-0.3484565301178922,-0.3188000984582692,-0.055826967559299,0.6167503456815256,0.7017426035969621,0.7748736616490054,-0.0293502383943821,-0.0898657888335043,-0.2042116500589035,0.0353169401520592,0.0320060520799623,0.0028255595676691,0.0004853285044277,downstairs,wiktor
1672842724830193700,-0.0954503954888587,0.5415764197807298,0.0018051304664643,0.5499264086743731,-0.0954503954888587,-0.3484565301178922,-0.3188000984582692,0.5415764197807298,0.6167503456815256,0.7017426035969621,0.0018051304664643,-0.0293502383943821,-0.0898657888335043,0.0176232760621889,0.0158939524465605,0.0016955004829009,3.382313272751729e-05,downstairs,wiktor
1672842724840193700,0.0828412332914098,0.4833441180419025,0.0100298654442636,0.4904944490815124,0.0828412332914098,-0.0954503954888587,-0.3484565301178922,0.4833441180419025,0.5415764197807298,0.6167503456815256,0.0100298654442636,0.0018051304664643,-0.0293502383943821,0.0006313870764103,0.000445906576048,0.0001807034788002,4.777021561974315e-06,downstairs,wiktor
1672842724850193700,0.1127044741084434,0.4643334116478586,0.0069389039233209,0.4778660524082638,0.1127044741084434,0.0828412332914098,-0.0954503954888587,0.4643334116478586,0.4833441180419025,0.5415764197807298,0.0069389039233209,0.0100298654442636,0.0018051304664643,0.00038422884016,0.0001205329560253,3.020393186704945e-05,0.0002334919522676,downstairs,wiktor
1672842724860193700,0.0971781766730992,0.4721056612407435,-0.014670906453804,0.4822266986524533,0.0971781766730992,0.1127044741084434,0.0828412332914098,0.4721056612407435,0.4643334116478586,0.4833441180419025,-0.014670906453804,0.0069389039233209,0.0100298654442636,0.0007218354374263,0.0002413261854762,0.0002244874069417,0.0002560218450083,downstairs,wiktor
1672842724870193700,0.1191475273906879,0.4932946870296644,-0.037299288853274,0.5088487186620099,0.1191475273906879,0.0971781766730992,0.1127044741084434,0.4932946870296644,0.4721056612407435,0.4643334116478586,-0.037299288853274,-0.014670906453804,0.0069389039233209,0.0015968354204825,0.0014790626765997,4.100523669107699e-05,7.676750719170697e-05,downstairs,wiktor
1672842724880193700,0.1735361783502355,0.5023506504451246,-0.0496902135315784,0.5337978067769278,0.1735361783502355,0.1191475273906879,0.0971781766730992,0.5023506504451246,0.4932946870296644,0.4721056612407435,-0.0496902135315784,-0.037299288853274,-0.014670906453804,0.0012186553060799,0.0011295494892,5.105809762271662e-05,3.804771925722296e-05,downstairs,wiktor
1672842724890193700,0.22106615813563,0.4922453946222652,-0.0584134834754955,0.5427595322529296,0.22106615813563,0.1735361783502355,0.1191475273906879,0.4922453946222652,0.5023506504451246,0.4932946870296644,-0.0584134834754955,-0.0496902135315784,-0.037299288853274,0.0013015303539048,0.0003479563537941,0.0009421808412016,1.1393158908970896e-05,downstairs,wiktor
1672842724900193700,0.2474463155951366,0.4488361596324231,-0.0631869851061584,0.5164069832815934,0.2474463155951366,0.22106615813563,0.1735361783502355,0.4488361596324231,0.4922453946222652,0.5023506504451246,-0.0631869851061584,-0.0584134834754955,-0.0496902135315784,0.0028300610623588,0.0001537781008839,0.002636722555195,3.956040627983371e-05,downstairs,wiktor
1672842724910193700,0.264983595936394,0.3762176694912056,-0.0542919970477253,0.4633612649933163,0.264983595936394,0.2474463155951366,0.22106615813563,0.3762176694912056,0.4488361596324231,0.4922453946222652,-0.0542919970477253,-0.0631869851061584,-0.0584134834754955,0.0049089182437436,7.623744145345545e-05,0.0046850708204175,0.0001476099818726,downstairs,wiktor
1672842724920193700,0.2773316679683717,0.2794181775460767,-0.037110030811427,0.3954295466807142,0.2773316679683717,0.264983595936394,0.2474463155951366,0.2794181775460767,0.3762176694912056,0.4488361596324231,-0.037110030811427,-0.0542919970477253,-0.0631869851061584,0.005437664999724,0.0001479522845761,0.0052624763331143,2.723638203357608e-05,downstairs,wiktor
1672842724930193700,0.2945335448762043,0.1768269855936057,-0.0297294641619649,0.3448211607932754,0.2945335448762043,0.2773316679683717,0.264983595936394,0.1768269855936057,0.2794181775460767,0.3762176694912056,-0.0297294641619649,-0.037110030811427,-0.0542919970477253,0.0016255700842924,0.0006488694094177,0.0006137792407854,0.0003629214340892,downstairs,wiktor
1672842724940193700,0.3305576870427498,0.1417904549210227,-0.0566709353203577,0.3641215627779373,0.3305576870427498,0.2945335448762043,0.2773316679683717,0.1417904549210227,0.1768269855936057,0.2794181775460767,-0.0566709353203577,-0.0297294641619649,-0.037110030811427,0.0023778198977471,6.838618238348382e-05,0.0010680694505707,0.0012413642647929,downstairs,wiktor
1672842724950193700,0.342252658815566,0.188008837639823,-0.106497921277627,0.4047542621560114,0.342252658815566,0.3305576870427498,0.2945335448762043,0.188008837639823,0.1417904549210227,0.1768269855936057,-0.106497921277627,-0.0566709353203577,-0.0297294641619649,0.0052152247547155,0.001097288798574,0.0024900045014221,0.0016279314547194,downstairs,wiktor
1672842724960193700,0.2954063398870948,0.2585780164847288,-0.1635580904803102,0.4252984190144984,0.2954063398870948,0.342252658815566,0.3305576870427498,0.2585780164847288,0.188008837639823,0.1417904549210227,-0.1635580904803102,-0.106497921277627,-0.0566709353203577,0.0119536167049553,0.004131985329076,0.0030129310981474,0.0048087002777319,downstairs,wiktor
1672842724970193700,0.2044999558530123,0.3362044436619141,-0.2616264368284762,0.4725484655878864,0.2044999558530123,0.2954063398870948,0.342252658815566,0.3362044436619141,0.2585780164847288,0.188008837639823,-0.2616264368284762,-0.1635580904803102,-0.106497921277627,0.0212688905052771,0.0098483508256883,0.0052499005590171,0.0061706391205716,downstairs,wiktor
1672842724980193700,0.0641550177491505,0.4386729808722906,-0.3727177427040634,0.5791963105685215,0.0641550177491505,0.2044999558530123,0.2954063398870948,0.4386729808722906,0.3362044436619141,0.2585780164847288,-0.3727177427040634,-0.2616264368284762,-0.1635580904803102,0.0362279326447107,0.0271839911051192,0.0078851342446755,0.0011588072949159,downstairs,wiktor
1672842724990193700,-0.1690144103717729,0.5642527104840043,-0.4208593524593664,0.7239265064593097,-0.1690144103717729,0.0641550177491505,0.2044999558530123,0.5642527104840043,0.4386729808722906,0.3362044436619141,-0.4208593524593664,-0.3727177427040634,-0.2616264368284762,0.0101709537316585,0.0063630444009284,0.0038028720657593,5.0372649707815664e-06,downstairs,wiktor
1672842725000193700,-0.2818243780247106,0.6514636279858788,-0.4240333924625111,0.8268217199377411,-0.2818243780247106,-0.1690144103717729,0.0641550177491505,0.6514636279858788,0.5642527104840043,0.4386729808722906,-0.4240333924625111,-0.4208593524593664,-0.3727177427040634,0.0026090451335674,0.0005623500515258,0.0015013211754984,0.0005453739065432,downstairs,wiktor
1672842725010193700,-0.248287829259943,0.7062599996814286,-0.3910069210632469,0.8445924731064008,-0.248287829259943,-0.2818243780247106,-0.1690144103717729,0.7062599996814286,0.6514636279858788,0.5642527104840043,-0.3910069210632469,-0.4240333924625111,-0.4208593524593664,0.0314022693884216,0.0088812381564277,0.0185124118462166,0.0040086193857772,downstairs,wiktor
1672842725020193700,-0.1150118887723384,0.898678355594874,-0.301467886159165,0.9548473217006804,-0.1150118887723384,-0.248287829259943,-0.2818243780247106,0.898678355594874,0.7062599996814286,0.6514636279858788,-0.301467886159165,-0.3910069210632469,-0.4240333924625111,0.1671378308229162,0.0479702214218444,0.1104872117667569,0.0086803976343148,downstairs,wiktor
1672842725030193700,0.1947306540655626,1.3687575228991844,-0.1697075155288813,1.392917020124637,0.1947306540655626,-0.1150118887723384,-0.248287829259943,1.3687575228991844,0.898678355594874,0.7062599996814286,-0.1697075155288813,-0.301467886159165,-0.3910069210632469,0.750123902053926,0.3851695984340475,0.3649506611009415,3.642518936998153e-06,downstairs,wiktor
1672842725040193700,1.072420346877376,2.223100148665852,-0.1670084345975278,2.473893993004033,1.072420346877376,0.1947306540655626,-0.1150118887723384,2.223100148665852,1.3687575228991844,0.898678355594874,-0.1670084345975278,-0.1697075155288813,-0.301467886159165,0.5937785525213264,0.0133571766053439,0.5430723676446868,0.0373490082712955,downstairs,wiktor
1672842725050193700,1.2358656074715206,3.26528282712936,-0.4403178134021914,3.5189935376007933,1.2358656074715206,1.072420346877376,0.1947306540655626,3.26528282712936,2.223100148665852,1.3687575228991844,-0.4403178134021914,-0.1670084345975278,-0.1697075155288813,0.9119395433893012,0.861803870413471,0.0501066964214677,2.897655436258796e-05,downstairs,wiktor
1672842725060193700,-0.0769968151862924,3.58184781704918,-0.4479305073225573,3.610568380939357,-0.0769968151862924,1.2358656074715206,1.072420346877376,3.58184781704918,3.26528282712936,2.223100148665852,-0.4479305073225573,-0.4403178134021914,-0.1670084345975278,0.2809235629167155,0.0008775371933062,0.2748568125765152,0.005189213146894,downstairs,wiktor
1672842725070193700,-0.0351032072417331,2.8404210673611,-0.3460559457588966,2.86163917932756,-0.0351032072417331,-0.0769968151862924,1.2358656074715206,2.8404210673611,3.58184781704918,3.26528282712936,-0.3460559457588966,-0.4479305073225573,-0.4403178134021914,1.1860135836343129,0.0469109621403688,1.138603636755546,0.000498984738398,downstairs,wiktor
1672842725080193700,0.2712004399463761,1.3313792278115493,-0.3144652908622976,1.3946357036991035,0.2712004399463761,-0.0351032072417331,-0.0769968151862924,1.3313792278115493,2.8404210673611,3.58184781704918,-0.3144652908622976,-0.3460559457588966,-0.4479305073225573,0.3931175343107055,3.1106320190523485e-05,0.3833343958464901,0.0097520321440249,downstairs,wiktor
1672842725090193700,0.263312940952332,0.4557829785659394,-0.1748083386971802,0.554643834998167,0.263312940952332,0.2712004399463761,-0.0351032072417331,0.4557829785659394,1.3313792278115493,2.8404210673611,-0.1748083386971802,-0.3144652908622976,-0.3460559457588966,0.0961351470215007,0.000638461190304,0.088073360578246,0.0074233252529506,downstairs,wiktor
1672842725100193700,0.2275788902358496,0.0360846093095268,-0.052961506543442,0.2364300562224548,0.2275788902358496,0.263312940952332,0.2712004399463761,0.0360846093095268,0.4557829785659394,1.3313792278115493,-0.052961506543442,-0.1748083386971802,-0.3144652908622976,0.020255574144477,0.0052326453502826,0.0138071348488884,0.0012157939453059,downstairs,wiktor
1672842725110193700,0.125278886811777,-0.1300908091427124,-0.0036503730073737,0.1806425844791217,0.125278886811777,0.2275788902358496,0.263312940952332,-0.1300908091427124,0.0360846093095268,0.4557829785659394,-0.0036503730073737,-0.052961506543442,-0.1748083386971802,0.0082420111658896,0.0081727339171999,2.985346037188446e-05,3.942378831773577e-05,downstairs,wiktor
1672842725120193700,-0.0025705083154584,-0.1378178344916917,-0.0125299888006089,0.1384101283733332,-0.0025705083154584,0.125278886811777,0.2275788902358496,-0.1378178344916917,-0.1300908091427124,0.0360846093095268,-0.0125299888006089,-0.0036503730073737,-0.052961506543442,0.0273778883497108,0.0083596653856071,0.0188348501939195,0.0001833727701841,downstairs,wiktor
1672842725130193700,-0.1318737595167112,0.0562690027431887,-0.0316805903673568,0.1468351079435998,-0.1318737595167112,-0.0025705083154584,0.125278886811777,0.0562690027431887,-0.1378178344916917,-0.1300908091427124,-0.0316805903673568,-0.0125299888006089,-0.0036503730073737,0.0765780309828991,0.0050243960217757,0.071327427522688,0.0002262074384353,downstairs,wiktor
1672842725140193700,-0.2321174228753073,0.4339657793317321,-0.010410543896538,0.4922531615515471,-0.2321174228753073,-0.1318737595167112,-0.0025705083154584,0.4339657793317321,0.0562690027431887,-0.1378178344916917,-0.010410543896538,-0.0316805903673568,-0.0125299888006089,0.0871727349482858,0.0010809341542598,0.0858929131953405,0.0001988875986854,downstairs,wiktor
1672842725150193700,-0.2786133184847019,0.8484363167534903,-0.0303548462751849,0.893527269598235,-0.2786133184847019,-0.2321174228753073,-0.1318737595167112,0.8484363167534903,0.4339657793317321,0.0562690027431887,-0.0303548462751849,-0.010410543896538,-0.0316805903673568,0.1237059027472995,0.0004785726084381,0.1230806846187616,0.0001466455200997,downstairs,wiktor
1672842725160193700,-0.3095510820896603,1.344582836682355,-0.0474805883087284,1.3805720855463472,-0.3095510820896603,-0.2786133184847019,-0.2321174228753073,1.344582836682355,0.8484363167534903,0.4339657793317321,-0.0474805883087284,-0.0303548462751849,-0.010410543896538,0.1039656216488844,1.3000130505003796e-05,0.1036101086694323,0.0003425128489471,downstairs,wiktor
1672842725170193700,-0.3146501271973258,1.7997973106821,-0.021307592723694,1.827218945718189,-0.3146501271973258,-0.3095510820896603,-0.2786133184847019,1.7997973106821,1.344582836682355,0.8484363167534903,-0.021307592723694,-0.0474805883087284,-0.0303548462751849,0.0416392377149788,0.0134647709084864,0.028139462457636,3.500434885630812e-05,downstairs,wiktor
1672842725180193700,-0.1505478974227951,2.037029106433159,-0.0129404726867508,2.042625689084433,-0.1505478974227951,-0.3146501271973258,-0.3095510820896603,2.037029106433159,1.7997973106821,1.344582836682355,-0.0129404726867508,-0.021307592723694,-0.0474805883087284,0.0382917011792027,0.0366503904345854,0.0004821625603121,0.0011591481843052,downstairs,wiktor
1672842725190193700,0.1201932720900271,2.005975521766905,-0.0610891628933436,2.0105014554599867,0.1201932720900271,-0.1505478974227951,-0.3146501271973258,2.005975521766905,2.037029106433159,1.7997973106821,-0.0610891628933436,-0.0129404726867508,-0.021307592723694,0.1118846594526867,0.0027089157464482,0.09947940484863,0.0096963388576084,downstairs,wiktor
1672842725200193700,0.1937991923199682,1.5599275314146783,-0.2003467577139386,1.5846358741161497,0.1937991923199682,0.1201932720900271,-0.1505478974227951,1.5599275314146783,2.005975521766905,2.037029106433159,-0.2003467577139386,-0.0610891628933436,-0.0129404726867508,0.0984159987971791,0.0169638161304001,0.0778147200009159,0.003637462665863,downstairs,wiktor
1672842725210193700,0.0096046422898431,1.1654285580296622,-0.285639930545802,1.1999608922572536,0.0096046422898431,0.1937991923199682,0.1201932720900271,1.1654285580296622,1.5599275314146783,2.005975521766905,-0.285639930545802,-0.2003467577139386,-0.0610891628933436,0.0278234225977654,0.0078131941088111,0.0193511432926115,0.0006590851963427,downstairs,wiktor
1672842725220193700,-0.1154009104573144,0.9686995907034875,-0.3219465469219608,1.0273002707283083,-0.1154009104573144,0.0096046422898431,0.1937991923199682,0.9686995907034875,1.1654285580296622,1.5599275314146783,-0.3219465469219608,-0.285639930545802,-0.2003467577139386,0.0080140476714737,0.0003870757912852,0.0072256556646707,0.0004013162155177,downstairs,wiktor
1672842725230193700,-0.0875773308427037,0.8484859836145163,-0.3502773151966725,0.922113035809176,-0.0875773308427037,-0.1154009104573144,0.0096046422898431,0.8484859836145163,0.9686995907034875,1.1654285580296622,-0.3502773151966725,-0.3219465469219608,-0.285639930545802,0.0112652721149835,0.0089853833706686,0.0022408594341088,3.902931020603453e-05,downstairs,wiktor
1672842725240193700,0.0464777576147558,0.7815403424702443,-0.3591123941670083,0.8613519608764837,0.0464777576147558,-0.0875773308427037,-0.1154009104573144,0.7815403424702443,0.8484859836145163,0.9686995907034875,-0.3591123941670083,-0.3502773151966725,-0.3219465469219608,0.0017707928247797,0.0003191937615247,8.391013408048181e-08,0.0014515151531209,downstairs,wiktor
1672842725250193700,0.0717440894231015,0.7819500011918175,-0.3052326177546858,0.8424725334824937,0.0717440894231015,0.0464777576147558,-0.0875773308427037,0.7819500011918175,0.7815403424702443,0.8484859836145163,-0.3052326177546858,-0.3591123941670083,-0.3502773151966725,0.0131263347349107,3.114622763278104e-06,0.0027387496126823,0.010384470499465,downstairs,wiktor
1672842725260193700,0.0692482437695091,0.8559601303996817,-0.1611182846752514,0.8737403308510469,0.0692482437695091,0.0717440894231015,0.0464777576147558,0.8559601303996817,0.7819500011918175,0.7815403424702443,-0.1611182846752514,-0.3052326177546858,-0.3591123941670083,0.0061638745366975,8.238335200396116e-05,0.0009810042029097,0.0051004869817838,downstairs,wiktor
1672842725270193700,0.0820843921017746,0.9002546944659369,-0.060118413568563,0.9059859744966672,0.0820843921017746,0.0692482437695091,0.0717440894231015,0.9002546944659369,0.8559601303996817,0.7819500011918175,-0.060118413568563,-0.1611182846752514,-0.3052326177546858,0.001306789556817,7.863596948296448e-05,0.0002122863524727,0.0010158672348613,downstairs,wiktor
1672842725280193700,0.0695435811644416,0.9208598565605544,-0.0150436482366976,0.923604621284546,0.0695435811644416,0.0820843921017746,0.0692482437695091,0.9208598565605544,0.9002546944659369,0.8559601303996817,-0.0150436482366976,-0.060118413568563,-0.1611182846752514,0.0005857429566888,5.489751213391796e-05,1.9432521009307305e-05,0.0005114129235455,downstairs,wiktor
1672842725290193700,0.0800218932550331,0.9270940399087256,0.0169380003620093,0.9306953089441596,0.0800218932550331,0.0695435811644416,0.0820843921017746,0.9270940399087256,0.9208598565605544,0.9002546944659369,0.0169380003620093,-0.0150436482366976,-0.060118413568563,0.0023756765037331,0.0014647230880735,8.139650223928574e-05,0.0008295569134202,downstairs,wiktor
1672842725300193700,0.1341462516913893,0.9143350037194764,0.057670221352774,0.925920930911718,0.1341462516913893,0.0800218932550331,0.0695435811644416,0.9143350037194764,0.9270940399087256,0.9208598565605544,0.057670221352774,0.0169380003620093,-0.0150436482366976,0.0010470648462212,0.0002085903318236,0.0003475060978865,0.000490968416511,downstairs,wiktor
1672842725310193700,0.1545712526374692,0.8879719197615409,0.0890060926989174,0.9057088312280284,0.1545712526374692,0.1341462516913893,0.0800218932550331,0.8879719197615409,0.9143350037194764,0.9270940399087256,0.0890060926989174,0.057670221352774,0.0169380003620093,0.0009510205728784,6.417920950700471e-08,0.000891972645179,5.898374848982068e-05,downstairs,wiktor
1672842725320193700,0.1549295240695064,0.8457351432467762,0.099867377014303,0.8655891536651588,0.1549295240695064,0.1545712526374692,0.1341462516913893,0.8457351432467762,0.8879719197615409,0.9143350037194764,0.099867377014303,0.0890060926989174,0.057670221352774,0.0026009861435507,4.3228694555458005e-06,0.0025949299455082,1.73332858688973e-06,downstairs,wiktor
1672842725330193700,0.1578698878073953,0.7736944610525012,0.1017292731375546,0.7961625873857268,0.1578698878073953,0.1549295240695064,0.1545712526374692,0.7736944610525012,0.8457351432467762,0.8879719197615409,0.1017292731375546,0.099867377014303,0.0890060926989174,0.0026921361702156,5.513775176813463e-05,0.0026110314835834,2.596693486409129e-05,downstairs,wiktor
1672842725340193700,0.1473686734235124,0.7014306183151622,0.0945227573547243,0.7229501987512948,0.1473686734235124,0.1578698878073953,0.1549295240695064,0.7014306183151622,0.7736944610525012,0.8457351432467762,0.0945227573547243,0.1017292731375546,0.099867377014303,0.0014098031061539,0.0003223679270828,0.0007595856269232,0.0003278495521478,downstairs,wiktor
1672842725350193700,0.1219770241236808,0.662454070830214,0.0689161350804805,0.6771065086439668,0.1219770241236808,0.1473686734235124,0.1578698878073953,0.662454070830214,0.7014306183151622,0.7736944610525012,0.0689161350804805,0.0945227573547243,0.1017292731375546,0.000778283072196,2.359123172648036e-06,3.147721056760162e-06,0.0007727762279666,downstairs,wiktor
1672842725360193700,0.1198048716554373,0.659944998867611,0.0296026201532527,0.6713843339866404,0.1198048716554373,0.1219770241236808,0.1473686734235124,0.659944998867611,0.662454070830214,0.7014306183151622,0.0296026201532527,0.0689161350804805,0.0945227573547243,0.0036004222884205,0.0004854408237597,0.0002387914673552,0.0028761899973055,downstairs,wiktor
1672842725370193700,0.088645897867465,0.6817986698340736,-0.0462418258834293,0.6890905802993351,0.088645897867465,0.1198048716554373,0.1219770241236808,0.6817986698340736,0.659944998867611,0.662454070830214,-0.0462418258834293,0.0296026201532527,0.0689161350804805,0.004363952146561,0.0003182970640634,0.0003756579637301,0.0036699971187674,downstairs,wiktor
1672842725380193700,0.0634150808349785,0.7092088126184571,-0.131915592215574,0.7241549114951679,0.0634150808349785,0.088645897867465,0.1198048716554373,0.7092088126184571,0.6817986698340736,0.659944998867611,-0.131915592215574,-0.0462418258834293,0.0296026201532527,0.0011567913701701,2.071667696476081e-05,0.0002722745020464,0.0008638001911589,downstairs,wiktor
1672842725390193700,0.0698519553816449,0.7325443864081209,-0.1734800046656238,0.756039605938389,0.0698519553816449,0.0634150808349785,0.088645897867465,0.7325443864081209,0.7092088126184571,0.6817986698340736,-0.1734800046656238,-0.131915592215574,-0.0462418258834293,0.0003540300066682,5.951573038329186e-05,0.0002635272681045,3.0987008180329515e-05,downstairs,wiktor
1672842725400193700,0.0589418013604322,0.7555020547611824,-0.1813523624039802,0.7791958483240821,0.0589418013604322,0.0698519553816449,0.0634150808349785,0.7555020547611824,0.7325443864081209,0.7092088126184571,-0.1813523624039802,-0.1734800046656238,-0.131915592215574,0.0014326823075409,0.0010003958404763,0.0004291794094056,3.107057658890756e-06,downstairs,wiktor
1672842725410193700,0.0142115914240515,0.7847998160888229,-0.1788595496717876,0.8050487309304009,0.0142115914240515,0.0589418013604322,0.0698519553816449,0.7847998160888229,0.7555020547611824,0.7325443864081209,-0.1788595496717876,-0.1813523624039802,-0.1734800046656238,0.0029172160648948,0.0023057861418645,0.0005766543667529,3.4775556277379376e-05,downstairs,wiktor
1672842725420193700,-0.0536969668269457,0.8187602155786101,-0.1705198187076162,0.8380505136522646,-0.0536969668269457,0.0142115914240515,0.0589418013604322,0.8187602155786101,0.7847998160888229,0.7555020547611824,-0.1705198187076162,-0.1788595496717876,-0.1813523624039802,0.0022593479507992,0.0008417970060753,0.0014162844409988,1.2665037251431017e-06,downstairs,wiktor
1672842725430193700,-0.0947285889268657,0.8719820990664916,-0.1689282762324412,0.8932318003538298,-0.0947285889268657,-0.0536969668269457,0.0142115914240515,0.8719820990664916,0.8187602155786101,0.7847998160888229,-0.1689282762324412,-0.1705198187076162,-0.1788595496717876,0.0030203044834009,4.288286103114635e-05,0.0029743543339418,3.067288427996203e-06,downstairs,wiktor
1672842725440193700,-0.1039895673882537,0.9491099712521266,-0.17140508402797,0.9700532307489338,-0.1039895673882537,-0.0947285889268657,-0.0536969668269457,0.9491099712521266,0.8719820990664916,0.8187602155786101,-0.17140508402797,-0.1689282762324412,-0.1705198187076162,0.0035357450798281,0.0007838609259969,0.0027444996953267,7.384458504446499e-06,downstairs,wiktor
1672842725450193700,-0.1435840348299807,1.0231977529077647,-0.1752481188975611,1.0479799233719556,-0.1435840348299807,-0.1039895673882537,-0.0947285889268657,1.0231977529077647,0.9491099712521266,0.8719820990664916,-0.1752481188975611,-0.17140508402797,-0.1689282762324412,0.0038034317523741,0.0010922221798828,0.0022683730237275,0.0004428365487636,downstairs,wiktor
1672842725460193700,-0.1903220745809775,1.0905531242411273,-0.1454878585235768,1.1165551154522857,-0.1903220745809775,-0.1435840348299807,-0.1039895673882537,1.0905531242411273,1.0231977529077647,0.9491099712521266,-0.1454878585235768,-0.1752481188975611,-0.17140508402797,0.0053777407998022,6.078804042605758e-07,0.0024114765775077,0.0029656563418902,downstairs,wiktor
1672842725470193700,-0.1892194591409799,1.1600006091129025,-0.0684728425605809,1.17732491141071,-0.1892194591409799,-0.1903220745809775,-0.1435840348299807,1.1600006091129025,1.0905531242411273,1.0231977529077647,-0.0684728425605809,-0.1454878585235768,-0.1752481188975611,0.0086498638152673,0.002352343172986,0.0027135113262748,0.0035840093160065,downstairs,wiktor
1672842725480193700,-0.1206287429618056,1.233668937806783,0.0161913094283987,1.2396582191228631,-0.1206287429618056,-0.1892194591409799,-0.1903220745809775,1.233668937806783,1.1600006091129025,1.0905531242411273,0.0161913094283987,-0.0684728425605809,-0.1454878585235768,0.0127194458207587,0.0057510171576334,0.0037423333026982,0.0032260953604271,downstairs,wiktor
1672842725490193700,-0.0133812053897623,1.3201829054963794,0.0965168391238467,1.3237739462827494,-0.0133812053897623,-0.1206287429618056,-0.1892194591409799,1.3201829054963794,1.233668937806783,1.1600006091129025,0.0965168391238467,0.0161913094283987,-0.0684728425605809,0.0159117671235571,0.0076802116132296,0.0049323291673859,0.0032992263429415,downstairs,wiktor
1672842725500193700,0.1105559691240179,1.4195038918727336,0.1777476995519076,1.434854754338147,0.1105559691240179,-0.0133812053897623,-0.1206287429618056,1.4195038918727336,1.3201829054963794,1.233668937806783,0.1777476995519076,0.0965168391238467,0.0161913094283987,0.0138684402635144,0.0060266042892818,0.005249164546939,0.0025926714272934,downstairs,wiktor
1672842725510193700,0.220343074826663,1.5219652460209108,0.249757024327154,1.5579819806147677,0.220343074826663,0.1105559691240179,-0.0133812053897623,1.5219652460209108,1.4195038918727336,1.3201829054963794,0.249757024327154,0.1777476995519076,0.0965168391238467,0.0088947959368102,0.0037526640793946,0.0036752760209066,0.001466855836509,downstairs,wiktor
1672842725520193700,0.3069763718826407,1.6077006065311066,0.303920773025135,1.664723271120733,0.3069763718826407,0.220343074826663,0.1105559691240179,1.6077006065311066,1.5219652460209108,1.4195038918727336,0.303920773025135,0.249757024327154,0.1777476995519076,0.0066196382656333,0.0046329206670314,0.0011331573505197,0.0008535602480822,downstairs,wiktor
1672842725530193700,0.4032356121355268,1.6553064328661198,0.3452380877510995,1.738340496800413,0.4032356121355268,0.3069763718826407,0.220343074826663,1.6553064328661198,1.6077006065311066,1.5219652460209108,0.3452380877510995,0.303920773025135,0.249757024327154,0.0091486558904668,0.0082967280276295,0.0001465198114408,0.0007054080513964,downstairs,wiktor
1672842725540193700,0.5320512014687249,1.6724248329923512,0.3827989197811924,1.7962790195232632,0.5320512014687249,0.4032356121355268,0.3069763718826407,1.6724248329923512,1.6553064328661198,1.6077006065311066,0.3827989197811924,0.3452380877510995,0.303920773025135,0.0019781154873827,0.0013537299698323,1.9576266846796786e-05,0.0006048092507036,downstairs,wiktor
1672842725550193700,0.5840844594838122,1.678682031542309,0.4175784899540293,1.8257874504185303,0.5840844594838122,0.5320512014687249,0.4032356121355268,1.678682031542309,1.6724248329923512,1.6553064328661198,0.4175784899540293,0.3827989197811924,0.3452380877510995,0.0008336732659221,0.0007877645511537,1.5599125059459777e-07,4.57527235178339e-05,downstairs,wiktor
1672842725560193700,0.544391524315101,1.6792405854798915,0.427144337905762,1.8162222774412609,0.544391524315101,0.5840844594838122,0.5320512014687249,1.6792405854798915,1.678682031542309,1.6724248329923512,0.427144337905762,0.4175784899540293,0.3827989197811924,0.0050874726648088,0.0041619955460786,0.0002470189702253,0.0006784581485047,downstairs,wiktor
1672842725570193700,0.4531556153090665,1.6570136212145947,0.3903079931222532,1.7616425522994057,0.4531556153090665,0.544391524315101,0.5840844594838122,1.6570136212145947,1.6792405854798915,1.678682031542309,0.3903079931222532,0.427144337905762,0.4175784899540293,0.0138687919356169,0.0054035411689375,0.0033847232189795,0.0050805275476997,downstairs,wiktor
1672842725580193700,0.3491984975254576,1.5747369754519047,0.2895059341383242,1.6387647233299705,0.3491984975254576,0.4531556153090665,0.544391524315101,1.5747369754519047,1.6570136212145947,1.6792405854798915,0.2895059341383242,0.3903079931222532,0.427144337905762,0.0188305439699813,0.005501587546786,0.0068673808725161,0.0064615755506791,downstairs,wiktor
1672842725590193700,0.244302477135873,1.4575415756060388,0.1758258958670506,1.4882963047096196,0.244302477135873,0.3491984975254576,0.4531556153090665,1.4575415756060388,1.5747369754519047,1.6570136212145947,0.1758258958670506,0.2895059341383242,0.3903079931222532,0.0180711286149911,0.0023474583245075,0.0092941740193897,0.0064294962710939,downstairs,wiktor
1672842725600193700,0.1757830153092135,1.3212024834909033,0.0624283979132253,1.3343061776517944,0.1757830153092135,0.244302477135873,0.3491984975254576,1.3212024834909033,1.4575415756060388,1.5747369754519047,0.0624283979132253,0.1758258958670506,0.2895059341383242,0.0111941578998387,0.0003566751551216,0.0073456139345173,0.0034918688101997,downstairs,wiktor
1672842725610193700,0.1490743966582361,1.1999951080179778,-0.0211403619220111,1.2094041301022125,0.1490743966582361,0.1757830153092135,0.244302477135873,1.1999951080179778,1.3212024834909033,1.4575415756060388,-0.0211403619220111,0.0624283979132253,0.1758258958670506,0.0051432755461528,5.272060871816935e-08,0.0044300247417377,0.0007131980838063,downstairs,wiktor
1672842725620193700,0.1493991137927337,1.105867272159102,-0.0589080222627402,1.1174670795694943,0.1493991137927337,0.1490743966582361,0.1757830153092135,1.105867272159102,1.1999951080179778,1.3212024834909033,-0.0589080222627402,-0.0211403619220111,0.0624283979132253,0.0024075563309673,0.000249023746014,0.0018287867993536,0.0003297457855995,downstairs,wiktor
1672842725630193700,0.1717160914561195,1.0453893952229247,-0.0845885902315209,1.0627702636538503,0.1717160914561195,0.1493991137927337,0.1490743966582361,1.0453893952229247,1.105867272159102,1.1999951080179778,-0.0845885902315209,-0.0589080222627402,-0.0211403619220111,0.0011298052081365,0.0006351793593011,7.284168753841368e-05,0.0004217841612969,downstairs,wiktor
1672842725640193700,0.2073581834065401,1.033319458393064,-0.1136328378994144,1.060027802073356,0.2073581834065401,0.1717160914561195,0.1493991137927337,1.033319458393064,1.0453893952229247,1.105867272159102,-0.1136328378994144,-0.0845885902315209,-0.0589080222627402,0.0008920342456679,3.0862880663269465e-05,0.0004107716838563,0.0004503996811483,downstairs,wiktor
1672842725650193700,0.215214757808055,1.0619820362204802,-0.1436461576474306,1.093049612707606,0.215214757808055,0.2073581834065401,0.1717160914561195,1.0619820362204802,1.033319458393064,1.0453893952229247,-0.1436461576474306,-0.1136328378994144,-0.0845885902315209,0.0035666040784483,0.0002032574029446,0.0031433411515375,0.000220005523966,downstairs,wiktor
1672842725660193700,0.1950525454817905,1.1412706375644002,-0.1646225979539308,1.1694634510845905,0.1950525454817905,0.215214757808055,0.2073581834065401,1.1412706375644002,1.0619820362204802,1.033319458393064,-0.1646225979539308,-0.1436461576474306,-0.1136328378994144,0.0052156414204884,0.0011103411825553,0.0037454618789256,0.0003598383590074,downstairs,wiktor
1672842725670193700,0.1479284288841219,1.22782076037108,-0.1914493890034569,1.2514309842017413,0.1479284288841219,0.1950525454817905,0.215214757808055,1.22782076037108,1.1412706375644002,1.0619820362204802,-0.1914493890034569,-0.1646225979539308,-0.1436461576474306,0.0057318768617047,0.0040527463969866,0.0005606073718209,0.0011185230928972,downstairs,wiktor
1672842725680193700,0.0578979185336124,1.261305305218544,-0.2387468116160521,1.2850071135989094,0.0578979185336124,0.1479284288841219,0.1950525454817905,1.261305305218544,1.22782076037108,1.1412706375644002,-0.2387468116160521,-0.1914493890034569,-0.1646225979539308,0.0115658390773124,0.0106230619655833,0.000399377699034,0.0005433994126951,downstairs,wiktor
1672842725690193700,-0.0878625834247943,1.2330430441966789,-0.2717134436155484,1.2656789394824073,-0.0878625834247943,0.0578979185336124,0.1479284288841219,1.2330430441966789,1.261305305218544,1.22782076037108,-0.2717134436155484,-0.2387468116160521,-0.1914493890034569,0.0150787836112867,0.0149029277910763,0.0001739740459677,1.881774242592368e-06,downstairs,wiktor
1672842725700193700,-0.2605063078463694,1.2143896774245502,-0.2736534303384887,1.2718065988974394,-0.2605063078463694,-0.0878625834247943,0.0578979185336124,1.2143896774245502,1.2330430441966789,1.261305305218544,-0.2736534303384887,-0.2717134436155484,-0.2387468116160521,0.0043237295199688,0.0032051727261743,0.0006277440635793,0.000490812730215,downstairs,wiktor
1672842725710193700,-0.3405709408146705,1.2498225453180585,-0.2423225276954096,1.3178638654813295,-0.3405709408146705,-0.2605063078463694,-0.0878625834247943,1.2498225453180585,1.2143896774245502,1.2330430441966789,-0.2423225276954096,-0.2736534303384887,-0.2717134436155484,0.0032056442891661,7.727286710570758e-05,0.001127154476094,0.0020012169459663,downstairs,wiktor
1672842725720193700,-0.3281392983563541,1.2973021088395158,-0.1790577358129356,1.350085120827465,-0.3281392983563541,-0.3405709408146705,-0.2605063078463694,1.2973021088395158,1.2498225453180585,1.2143896774245502,-0.1790577358129356,-0.2423225276954096,-0.2736534303384887,0.0071551426848763,0.0018709641529791,1.9467642781529844e-05,0.0052647108891156,downstairs,wiktor
1672842725730193700,-0.2669679953952576,1.303541923385082,-0.0764447650040202,1.3327930292000936,-0.2669679953952576,-0.3281392983563541,-0.3405709408146705,1.303541923385082,1.2973021088395158,1.2498225453180585,-0.0764447650040202,-0.1790577358129356,-0.2423225276954096,0.009047911698248,0.0007448207813581,0.0001387774928971,0.0081643134239927,downstairs,wiktor
1672842725740193700,-0.2283721204509554,1.286881941818636,0.0513387505525078,1.3079964162360924,-0.2283721204509554,-0.2669679953952576,-0.3281392983563541,1.286881941818636,1.303541923385082,1.2973021088395158,0.0513387505525078,-0.0764447650040202,-0.1790577358129356,0.0123939881009411,0.0031209052307282,0.0002178494046015,0.0090552334656112,downstairs,wiktor
1672842725750193700,-0.1493669911145852,1.266008542258355,0.1859138854445915,1.2882748541778084,-0.1493669911145852,-0.2283721204509554,-0.2669679953952576,1.266008542258355,1.286881941818636,1.303541923385082,0.1859138854445915,0.0513387505525078,-0.0764447650040202,0.0321923978710361,0.0208792004197908,0.0018414010865828,0.0094717963646624,downstairs,wiktor
1672842725760193700,0.054981732491856,1.205322446872627,0.3235496102013743,1.2492035631170295,0.054981732491856,-0.1493669911145852,-0.2283721204509554,1.205322446872627,1.266008542258355,1.286881941818636,0.3235496102013743,0.1859138854445915,0.0513387505525078,0.0714641429128912,0.0536581568963342,0.0052420459341336,0.0125639400824233,downstairs,wiktor
1672842725770193700,0.3825734201041464,1.1029305923710728,0.4820673699787779,1.263015147397863,0.3825734201041464,0.054981732491856,-0.1493669911145852,1.1029305923710728,1.205322446872627,1.266008542258355,0.4820673699787779,0.3235496102013743,0.1859138854445915,0.0061124266179974,0.0011563289980024,0.0033884736334912,0.0015676239865038,downstairs,wiktor
1672842725780193700,0.4306635229945003,1.0206083762506208,0.5380606550494696,1.231511995972117,0.4306635229945003,0.3825734201041464,0.054981732491856,1.0206083762506208,1.1029305923710728,1.205322446872627,0.5380606550494696,0.4820673699787779,0.3235496102013743,0.079498233812565,0.0632010071876588,0.0015447262582135,0.0147525003666926,downstairs,wiktor
1672842725790193700,0.0751329133765411,0.9650255325267962,0.3662904575954721,1.0349337816626598,0.0751329133765411,0.4306635229945003,0.3825734201041464,0.9650255325267962,1.0206083762506208,1.1029305923710728,0.3662904575954721,0.5380606550494696,0.4820673699787779,0.04138822762081,0.0052923548460453,9.397587843790992e-05,0.0360018968963267,downstairs,wiktor
1672842725800193700,-0.0277491049361397,0.9513159826845944,0.0979552310733967,0.9567483154051304,-0.0277491049361397,0.0751329133765411,0.4306635229945003,0.9513159826845944,0.9650255325267962,1.0206083762506208,0.0979552310733967,0.3662904575954721,0.5380606550494696,0.0178629945900046,0.0029820178567968,0.0001116330070245,0.0147693437261832,downstairs,wiktor
1672842725810193700,0.0494780645937195,0.9662580713621868,-0.0739129959273103,0.9703431714169292,0.0494780645937195,-0.0277491049361397,0.0751329133765411,0.9662580713621868,0.9513159826845944,0.9650255325267962,-0.0739129959273103,0.0979552310733967,0.3662904575954721,0.0293897566148451,0.0213725799550742,1.8853353306352322e-07,0.0080169881262378,downstairs,wiktor
1672842725820193700,0.2562270909763084,0.965644013493475,-0.2005383340412742,1.0189878833264003,0.2562270909763084,0.0494780645937195,-0.0277491049361397,0.965644013493475,0.9662580713621868,0.9513159826845944,-0.2005383340412742,-0.0739129959273103,0.0979552310733967,0.0071810281530208,0.0027022952953208,0.0010976831673607,0.0033810496903392,downstairs,wiktor
1672842725830193700,0.3297430116373571,0.9187892769696022,-0.2827703191850033,1.0162987959306,0.3297430116373571,0.2562270909763084,0.0494780645937195,0.9187892769696022,0.965644013493475,0.9662580713621868,-0.2827703191850033,-0.2005383340412742,-0.0739129959273103,0.0243513179775756,0.0201203794937756,0.0042275267874537,3.411696346229769e-06,downstairs,wiktor
1672842725840193700,0.1291420171544,0.8268379117001979,-0.285382481640223,0.8841842306027539,0.1291420171544,0.3297430116373571,0.2562270909763084,0.8268379117001979,0.9187892769696022,0.965644013493475,-0.285382481640223,-0.2827703191850033,-0.2005383340412742,0.0839288428432393,0.0770291733741775,0.0053136246664133,0.0015860448026483,downstairs,wiktor
1672842725850193700,-0.2633606538535246,0.7237493607702971,-0.2290611747901797,0.8035178859302553,-0.2633606538535246,0.1291420171544,0.3297430116373571,0.7237493607702971,0.8268379117001979,0.9187892769696022,-0.2290611747901797,-0.285382481640223,-0.2827703191850033,0.0136502894219795,0.0051168630455523,0.0064476653131052,0.0020857610633219,downstairs,wiktor
1672842725860193700,-0.3645225344761419,0.6101917514866805,-0.1644738530726478,0.7295630884768335,-0.3645225344761419,-0.2633606538535246,0.1291420171544,0.6101917514866805,0.7237493607702971,0.8268379117001979,-0.1644738530726478,-0.2290611747901797,-0.285382481640223,0.0127083680251575,0.0050701829633492,0.0050803321209944,0.0025578529408138,downstairs,wiktor
1672842725870193700,-0.2638231505321554,0.5093916312387915,-0.0929496901511028,0.5811386526742265,-0.2638231505321554,-0.3645225344761419,-0.2633606538535246,0.5093916312387915,0.6101917514866805,0.7237493607702971,-0.0929496901511028,-0.1644738530726478,-0.2290611747901797,0.0332632229028197,0.0302633028979632,0.0021632352631079,0.0008366847417485,downstairs,wiktor
1672842725880193700,-0.0178015949807638,0.4436157197953461,-0.052042851071347,0.4470125971167218,-0.0178015949807638,-0.2638231505321554,-0.3645225344761419,0.4436157197953461,0.5093916312387915,0.6101917514866805,-0.052042851071347,-0.0929496901511028,-0.1644738530726478,0.0122215693692463,0.0120215755679234,0.0001989107847384,1.0830165843628628e-06,downstairs,wiktor
1672842725890193700,0.137256946015361,0.4236702549103907,-0.0535145960114524,0.4485529691257969,0.137256946015361,-0.0178015949807638,-0.2638231505321554,0.4236702549103907,0.4436157197953461,0.5093916312387915,-0.0535145960114524,-0.052042851071347,-0.0929496901511028,0.0019587064174364,0.000626196139341,7.154344543363737e-06,0.0013253559335519,downstairs,wiktor
1672842725900193700,0.1726461008326514,0.4274529376999895,-0.1049996605166464,0.4728082262288592,0.1726461008326514,0.137256946015361,-0.0178015949807638,0.4274529376999895,0.4236702549103907,0.4436157197953461,-0.1049996605166464,-0.0535145960114524,-0.052042851071347,0.0025573329225832,6.999614600529441e-06,1.901025275705308e-05,0.0025313230552257,downstairs,wiktor
1672842725910193700,0.1689045464496363,0.4336190146954629,-0.1761519346226187,0.4975778328946265,0.1689045464496363,0.1726461008326514,0.137256946015361,0.4336190146954629,0.4274529376999895,0.4236702549103907,-0.1761519346226187,-0.1049996605166464,-0.0535145960114524,0.0006263983832993,8.340516949431545e-05,0.0001387900980928,0.0004042031157121,downstairs,wiktor
1672842725920193700,0.1559890387558354,0.4169582765309699,-0.2045844201176342,0.4899403734481524,0.1559890387558354,0.1689045464496363,0.1726461008326514,0.4169582765309699,0.4336190146954629,0.4274529376999895,-0.2045844201176342,-0.1761519346226187,-0.1049996605166464,0.0013327017772385,2.470315873326892e-06,0.0012676307402756,6.260072108952448e-05,downstairs,wiktor
1672842725930193700,0.1537662855651609,0.3666068964053831,-0.1933950750885877,0.442093137400949,0.1537662855651609,0.1559890387558354,0.1689045464496363,0.3666068964053831,0.4169582765309699,0.4336190146954629,-0.1933950750885877,-0.2045844201176342,-0.1761519346226187,0.0032684336915877,5.593653114203152e-06,0.0016133357355156,0.0016495043029578,downstairs,wiktor
1672842725940193700,0.1571110286387625,0.3098030983718767,-0.1359580782493053,0.373023369404638,0.1571110286387625,0.1537662855651609,0.1559890387558354,0.3098030983718767,0.3666068964053831,0.4169582765309699,-0.1359580782493053,-0.1933950750885877,-0.2045844201176342,0.003213229122401,4.426337252098178e-05,0.0010718597289637,0.0020971060209163,downstairs,wiktor
1672842725950193700,0.1665198938754403,0.2635027802528031,-0.0711953417271917,0.3197364022767763,0.1665198938754403,0.1571110286387625,0.1537662855651609,0.2635027802528031,0.3098030983718767,0.3666068964053831,-0.0711953417271917,-0.1359580782493053,-0.1933950750885877,0.002837940978636,0.0002097440446976,0.0004678093683888,0.0021603875655494,downstairs,wiktor
1672842725960193700,0.1870013022595166,0.232914894795031,-0.0054627384689993,0.2987451702968872,0.1870013022595166,0.1665198938754403,0.1571110286387625,0.232914894795031,0.2635027802528031,0.3098030983718767,-0.0054627384689993,-0.0711953417271917,-0.1359580782493053,0.0021790008978808,0.0013059605353941,6.372761564768345e-05,0.000809312746839,downstairs,wiktor
1672842725970193700,0.2381082594257208,0.2216252875700047,0.0347694065605427,0.3271425116517356,0.2381082594257208,0.1870013022595166,0.1665198938754403,0.2216252875700047,0.232914894795031,0.2635027802528031,0.0347694065605427,-0.0054627384689993,-0.0711953417271917,0.0004089845388925,0.0001284297772257,0.0001397968435198,0.0001407579181469,downstairs,wiktor
1672842725980193700,0.2541350979926854,0.2383463427711485,0.017990972894257,0.3488800685763168,0.2541350979926854,0.2381082594257208,0.1870013022595166,0.2383463427711485,0.2216252875700047,0.232914894795031,0.017990972894257,0.0347694065605427,-0.0054627384689993,0.0095955377366899,0.0001180283252246,0.0050873237905399,0.0043901856209253,downstairs,wiktor
1672842725990193700,0.2694992331928589,0.3392158008894511,-0.0757126622638873,0.4398063249791846,0.2694992331928589,0.2541350979926854,0.2381082594257208,0.3392158008894511,0.2383463427711485,0.2216252875700047,-0.0757126622638873,0.017990972894257,0.0347694065605427,0.0107272177399765,0.0005680368147176,0.0061053334399173,0.0040538474853415,downstairs,wiktor
1672842726000193700,0.303204924543658,0.4497176872074442,-0.1657554019527881,0.5671455525094667,0.303204924543658,0.2694992331928589,0.2541350979926854,0.4497176872074442,0.3392158008894511,0.2383463427711485,-0.1657554019527881,-0.0757126622638873,0.017990972894257,0.0077047012370443,0.0010873141190651,0.0023811622776495,0.0042362248403296,downstairs,wiktor
1672842726010193700,0.2565720151541468,0.5187272847667627,-0.2578013126748799,0.6335366696085153,0.2565720151541468,0.303204924543658,0.2694992331928589,0.5187272847667627,0.4497176872074442,0.3392158008894511,-0.2578013126748799,-0.1657554019527881,-0.0757126622638873,0.0107150593272731,0.0055877481288796,0.0017829649527534,0.00334434624564,downstairs,wiktor
1672842726020193700,0.1508577954022174,0.5784426923723963,-0.3395857396232916,0.6875118161516514,0.1508577954022174,0.2565720151541468,0.303204924543658,0.5784426923723963,0.5187272847667627,0.4497176872074442,-0.3395857396232916,-0.2578013126748799,-0.1657554019527881,0.0112557998776386,0.0099513886222584,0.0003725857690771,0.000931825486303,downstairs,wiktor
1672842726030193700,0.009780592266782,0.6057405226553014,-0.3827557636284525,0.7166025504856974,0.009780592266782,0.1508577954022174,0.2565720151541468,0.6057405226553014,0.5784426923723963,0.5187272847667627,-0.3827557636284525,-0.3395857396232916,-0.2578013126748799,0.0012142366477819,0.001165232035133,4.878899618934427e-05,2.156164596149576e-07,downstairs,wiktor
1672842726040193700,-0.0384942880569022,0.5958623653180908,-0.3834124469000758,0.7096047301514985,-0.0384942880569022,0.009780592266782,0.1508577954022174,0.5958623653180908,0.6057405226553014,0.5784426923723963,-0.3834124469000758,-0.3827557636284525,-0.3395857396232916,0.0043970313887953,0.0029517901983543,4.329255796774878e-05,0.0014019486324732,downstairs,wiktor
1672842726050193700,0.038340472284422,0.5865572529632883,-0.3304606077918213,0.6743319776793708,0.038340472284422,-0.0384942880569022,0.009780592266782,0.5865572529632883,0.5958623653180908,0.6057405226553014,-0.3304606077918213,-0.3834124469000758,-0.3827557636284525,0.0234802409027608,0.0106813866358414,0.0041748033551074,0.0086240509118119,downstairs,wiktor
1672842726060193700,0.184500566946689,0.6779334353644747,-0.1991285788589521,0.7302646047201754,0.184500566946689,0.038340472284422,-0.0384942880569022,0.6779334353644747,0.5865572529632883,0.5958623653180908,-0.1991285788589521,-0.3304606077918213,-0.3834124469000758,0.0710142158147216,0.0102027333682038,0.0437861916339814,0.0170252908125363,downstairs,wiktor
1672842726070193700,0.3273482716409114,0.9738597492805624,-0.0146005819991996,1.0275080920410344,0.3273482716409114,0.184500566946689,0.038340472284422,0.9738597492805624,0.6779334353644747,0.5865572529632883,-0.0146005819991996,-0.1991285788589521,-0.3304606077918213,0.1532289752426076,0.0435285349533666,0.0906659114790927,0.0190345288101481,downstairs,wiktor
1672842726080193700,0.622402622408246,1.3996904937767594,0.1805123535542801,1.5424341841827145,0.622402622408246,0.3273482716409114,0.184500566946689,1.3996904937767594,0.9738597492805624,0.6779334353644747,0.1805123535542801,-0.0146005819991996,-0.1991285788589521,0.1306410693380711,0.0004151495438154,0.1291537596350642,0.0010721601591914,downstairs,wiktor
1672842726090193700,0.5935877115523894,1.9079301215805429,0.2268191599479727,2.010967590852685,0.5935877115523894,0.622402622408246,0.3273482716409114,1.9079301215805429,1.3996904937767594,0.9738597492805624,0.2268191599479727,0.1805123535542801,-0.0146005819991996,0.1474752010854629,0.0570153235260256,0.0790561183238354,0.0114037592356018,downstairs,wiktor
1672842726100193700,0.2559034699122868,2.305563415769637,0.0757975771486794,2.320959827905282,0.2559034699122868,0.5935877115523894,0.622402622408246,2.305563415769637,1.9079301215805429,1.3996904937767594,0.0757975771486794,0.2268191599479727,0.1805123535542801,0.0447495520769489,0.0015636759334938,0.0030934132140136,0.0400924629294413,downstairs,wiktor
1672842726110193700,0.1999807386933294,2.3842197977613573,-0.2073718524493665,2.401561872006178,0.1999807386933294,0.2559034699122868,0.5935877115523894,2.3842197977613573,2.305563415769637,1.9079301215805429,-0.2073718524493665,0.0757975771486794,0.2268191599479727,0.0559769268013681,0.0022498676560517,0.0208948401308804,0.0328322190144359,downstairs,wiktor
1672842726120193700,0.2670608051222138,2.179794554061464,-0.4636225851875809,2.2444980893385846,0.2670608051222138,0.1999807386933294,0.2559034699122868,2.179794554061464,2.3842197977613573,2.305563415769637,-0.4636225851875809,-0.2073718524493665,0.0757975771486794,0.1847242722651854,1.4338326682316754e-05,0.1822460545658403,0.0024638793726627,downstairs,wiktor
1672842726130193700,0.2724158637927266,1.576062735178542,-0.5338205819205752,1.686163859696449,0.2724158637927266,0.2670608051222138,0.1999807386933294,1.576062735178542,2.179794554061464,2.3842197977613573,-0.5338205819205752,-0.4636225851875809,-0.2073718524493665,0.2087785589951636,0.0318097559043225,0.1752531133983215,0.0017156896925195,downstairs,wiktor
1672842726140193700,0.0201867778239488,0.9840270717285748,-0.4752426049579059,1.092964920507883,0.0201867778239488,0.2724158637927266,0.2670608051222138,0.9840270717285748,1.576062735178542,2.179794554061464,-0.4752426049579059,-0.5338205819205752,-0.4636225851875809,0.0919452381348353,0.0101452819016081,0.0741030203086546,0.0076969359245724,downstairs,wiktor
1672842726150193700,-0.1222581722557795,0.5990516950909132,-0.3511705619782527,0.705075001453563,-0.1222581722557795,0.0201867778239488,0.2724158637927266,0.5990516950909132,0.9840270717285748,1.576062735178542,-0.3511705619782527,-0.4752426049579059,-0.5338205819205752,0.0304810387982626,0.0014575649823869,0.0245807250397704,0.0044427487761052,downstairs,wiktor
1672842726160193700,-0.0682662287384923,0.3773278802230896,-0.2569076448145531,0.4615605541464598,-0.0682662287384923,-0.1222581722557795,0.0201867778239488,0.3773278802230896,0.5990516950909132,0.9840270717285748,-0.2569076448145531,-0.3511705619782527,-0.4752426049579059,0.0053708502051447,0.0007378304635732,0.0012372005164081,0.0033958192251633,downstairs,wiktor
1672842726170193700,-0.0298518964242834,0.3275845285787108,-0.1744962472391774,0.3723596371585116,-0.0298518964242834,-0.0682662287384923,-0.1222581722557795,0.3275845285787108,0.3773278802230896,0.5990516950909132,-0.1744962472391774,-0.2569076448145531,-0.3511705619782527,0.0068438469900123,0.0003281814911178,0.0035665919415859,0.0029490735573084,downstairs,wiktor
1672842726180193700,-0.0554714784317196,0.4120427068871019,-0.0976968519641039,0.4270842447362662,-0.0554714784317196,-0.0298518964242834,-0.0682662287384923,0.4120427068871019,0.3275845285787108,0.3773278802230896,-0.0976968519641039,-0.1744962472391774,-0.2569076448145531,0.0504154539406861,0.0022869757197206,0.0474341985539728,0.0006942796669926,downstairs,wiktor
1672842726190193700,-0.1231024730971931,0.7200498449666369,-0.0604334740444181,0.7329926349590427,-0.1231024730971931,-0.0554714784317196,-0.0298518964242834,0.7200498449666369,0.4120427068871019,0.3275845285787108,-0.0604334740444181,-0.0976968519641039,-0.1744962472391774,0.0620625802974381,0.0006133299628384,0.0614429325923835,6.317742216204015e-06,downstairs,wiktor
1672842726200193700,-0.1581261782934867,1.0706006475399117,-0.0639881167033091,1.0841052134612297,-0.1581261782934867,-0.1231024730971931,-0.0554714784317196,1.0706006475399117,0.7200498449666369,0.4120427068871019,-0.0639881167033091,-0.0604334740444181,-0.0976968519641039,0.0460704619137654,6.091181464664206e-07,0.0455889627621394,0.0004808900334795,downstairs,wiktor
1672842726210193700,-0.1592299157137696,1.3725574747922176,-0.0950006958762694,1.3850246639981465,-0.1592299157137696,-0.1581261782934867,-0.1231024730971931,1.3725574747922176,1.0706006475399117,0.7200498449666369,-0.0950006958762694,-0.0639881167033091,-0.0604334740444181,0.0275921462345439,0.0002700030753449,0.0265656206464559,0.000756522512743,downstairs,wiktor
1672842726220193700,-0.1359918832951251,1.6030596250921916,-0.1338985753234323,1.6143799993794885,-0.1359918832951251,-0.1592299157137696,-0.1581261782934867,1.6030596250921916,1.3725574747922176,1.0706006475399117,-0.1338985753234323,-0.0950006958762694,-0.0639881167033091,0.0048751894040224,0.0013219834576779,0.0018570174367609,0.0016961885095834,downstairs,wiktor
1672842726230193700,-0.0845723644782795,1.664002507150082,-0.1921426910705781,1.6771927862851812,-0.0845723644782795,-0.1359918832951251,-0.1592299157137696,1.664002507150082,1.6030596250921916,1.3725574747922176,-0.1921426910705781,-0.1338985753234323,-0.0950006958762694,0.0082824583146028,0.002672881366163,0.0023397475402546,0.0032698294081851,downstairs,wiktor
1672842726240193700,-0.0114576413896564,1.5955956721077469,-0.2730108480693027,1.618824187352878,-0.0114576413896564,-0.0845723644782795,-0.1359918832951251,1.5955956721077469,1.664002507150082,1.6030596250921916,-0.2730108480693027,-0.1921426910705781,-0.1338985753234323,0.0326995375367411,0.0019219545473519,0.0300742246850141,0.0007033583043751,downstairs,wiktor
1672842726250193700,0.0505416254987825,1.3503438640205725,-0.310517069003306,1.3865077919537534,0.0505416254987825,-0.0114576413896564,-0.0845723644782795,1.3503438640205725,1.5955956721077469,1.664002507150082,-0.310517069003306,-0.2730108480693027,-0.1921426910705781,0.0220351554435728,2.205632686023414e-08,0.0216161176509276,0.0004190157363183,downstairs,wiktor
1672842726260193700,0.0503315953730375,1.1424202354887112,-0.281568295754052,1.1776833059531406,0.0503315953730375,0.0505416254987825,-0.0114576413896564,1.1424202354887112,1.3503438640205725,1.5955956721077469,-0.281568295754052,-0.310517069003306,-0.2730108480693027,0.0099861123275488,0.0009436893212662,0.0064911471357404,0.002551275870542,downstairs,wiktor
1672842726270193700,0.006887624070536,1.028480364190377,-0.2101361479417111,1.0497506844781233,0.006887624070536,0.0503315953730375,0.0505416254987825,1.028480364190377,1.1424202354887112,1.3503438640205725,-0.2101361479417111,-0.281568295754052,-0.310517069003306,0.0019561776736417,0.0003038637935222,0.0014846385604511,0.0001676753196683,downstairs,wiktor
1672842726280193700,-0.0177645074203619,0.9739892904176726,-0.1918235664924268,0.9928579939921338,-0.0177645074203619,0.006887624070536,0.0503315953730375,0.9739892904176726,1.028480364190377,1.1424202354887112,-0.1918235664924268,-0.2101361479417111,-0.281568295754052,0.0001627832354433,7.291338870638e-06,5.032889570372504e-05,0.0001051630008689,downstairs,wiktor
1672842726290193700,-0.0139457801793461,0.9639564547563328,-0.1773209459796393,0.9802291820458738,-0.0139457801793461,-0.0177645074203619,0.006887624070536,0.9639564547563328,0.9739892904176726,1.028480364190377,-0.1773209459796393,-0.1918235664924268,-0.2101361479417111,0.002016360252741,0.0007448575917413,0.0001166748246306,0.001154827836369,downstairs,wiktor
1672842726300193700,0.0246510484919657,0.979232241127626,-0.1292620688315188,0.9880344825430896,0.0246510484919657,-0.0139457801793461,-0.0177645074203619,0.979232241127626,0.9639564547563328,0.9739892904176726,-0.1292620688315188,-0.1773209459796393,-0.1918235664924268,0.0032667519980311,0.0005157265279941,0.000635755038624,0.0021152704314129,downstairs,wiktor
1672842726310193700,0.0567672913604616,1.014890481090474,-0.0642194607747535,1.0185034870429543,0.0567672913604616,0.0246510484919657,-0.0139457801793461,1.014890481090474,0.979232241127626,0.9639564547563328,-0.0642194607747535,-0.1292620688315188,-0.1773209459796393,0.0009304518502432,1.888917512758922e-06,7.018850486374463e-05,0.0008583744278667,downstairs,wiktor
1672842726320193700,0.0587109567188805,1.0267385615142173,-0.0227857926323665,1.0286681887202576,0.0587109567188805,0.0567672913604616,0.0246510484919657,1.0267385615142173,1.014890481090474,0.979232241127626,-0.0227857926323665,-0.0642194607747535,-0.1292620688315188,0.0003720695266598,6.928531756137688e-05,3.867390489464845e-05,0.0002641103042037,downstairs,wiktor
1672842726330193700,0.0469393538066704,1.0179438011542474,0.000197257826778,1.0190254776769794,0.0469393538066704,0.0587109567188805,0.0567672913604616,1.0179438011542474,1.0267385615142173,1.014890481090474,0.000197257826778,-0.0227857926323665,-0.0642194607747535,0.0009420340917608,1.56496535045165e-05,0.0007336214203231,0.0001927630179332,downstairs,wiktor
1672842726340193700,0.0413447754482029,0.9796391951564536,0.0198320747565695,0.9807118100302435,0.0413447754482029,0.0469393538066704,0.0587109567188805,0.9796391951564536,1.0179438011542474,1.0267385615142173,0.0198320747565695,0.000197257826778,-0.0227857926323665,0.0017494330336712,2.478762731669401e-07,0.0015272828216408,0.0002219023357572,downstairs,wiktor
1672842726350193700,0.0420488724204545,0.9243710701359532,0.0408987468125583,0.9262303657659668,0.0420488724204545,0.0413447754482029,0.0469393538066704,0.9243710701359532,0.9796391951564536,1.0179438011542474,0.0408987468125583,0.0198320747565695,0.000197257826778,0.0030091724862042,1.2580546146200904e-05,0.0028650119450154,0.0001315799950426,downstairs,wiktor
1672842726360193700,0.047064955782242,0.8486741488641418,0.0571209535084836,0.8518953717110913,0.047064955782242,0.0420488724204545,0.0413447754482029,0.8486741488641418,0.9243710701359532,0.9796391951564536,0.0571209535084836,0.0408987468125583,0.0198320747565695,0.0030531584990993,6.010380247694796e-05,0.0029184985890164,7.455610760597041e-05,downstairs,wiktor
1672842726370193700,0.0580288786638522,0.7722739055527956,0.0693321047732883,0.7775482471905178,0.0580288786638522,0.047064955782242,0.0420488724204545,0.7722739055527956,0.8486741488641418,0.9243710701359532,0.0693321047732883,0.0571209535084836,0.0408987468125583,0.0019718113760054,7.586689142019292e-05,0.0017692968937228,0.0001266475908623,downstairs,wiktor
1672842726380193700,0.0703469054068166,0.7127878249334969,0.0852473547469701,0.7213059558641511,0.0703469054068166,0.0580288786638522,0.047064955782242,0.7127878249334969,0.7722739055527956,0.8486741488641418,0.0852473547469701,0.0693321047732883,0.0571209535084836,0.0012374608697133,9.35131163307317e-06,0.0011857095127065,4.240004537377469e-05,downstairs,wiktor
1672842726390193700,0.0746715583716389,0.664090607092915,0.0944560512208229,0.6749178629069735,0.0746715583716389,0.0703469054068166,0.0580288786638522,0.664090607092915,0.7127878249334969,0.7722739055527956,0.0944560512208229,0.0852473547469701,0.0693321047732883,0.0003639032152544,2.759454198259457e-06,0.0003610071198861,1.3664117010767204e-07,downstairs,wiktor
1672842726400193700,0.072322322666879,0.6372202844344091,0.0949788153552232,0.6483063971741163,0.072322322666879,0.0746715583716389,0.0703469054068166,0.6372202844344091,0.664090607092915,0.7127878249334969,0.0949788153552232,0.0944560512208229,0.0852473547469701,4.106910982847745e-05,3.5620585731068934e-05,5.143847085841976e-06,3.0467701156653545e-07,downstairs,wiktor
1672842726410193700,0.0638818741324622,0.6404277279914626,0.094198204041487,0.6504628123633389,0.0638818741324622,0.072322322666879,0.0746715583716389,0.6404277279914626,0.6372202844344091,0.664090607092915,0.094198204041487,0.0949788153552232,0.0944560512208229,0.0004931944469024,3.83155990353671e-05,0.0004319643258378,2.291452202929956e-05,downstairs,wiktor
1672842726420193700,0.0726357988563066,0.66982039122016,0.0874284888289689,0.6793960968601006,0.0726357988563066,0.0638818741324622,0.072322322666879,0.66982039122016,0.6404277279914626,0.6372202844344091,0.0874284888289689,0.094198204041487,0.0949788153552232,0.0018425820626829,0.0009210341430017,0.0004480075845513,0.0004735403351299,downstairs,wiktor
1672842726430193700,0.1155551218472799,0.6997539036953552,0.0566538130344161,0.7114901028499038,0.1155551218472799,0.0726357988563066,0.0638818741324622,0.6997539036953552,0.66982039122016,0.6404277279914626,0.0566538130344161,0.0874284888289689,0.094198204041487,0.0027298290740066,0.0013686158793255,0.0005460200858467,0.0008151931088343,downstairs,wiktor
1672842726440193700,0.1678736822121364,0.7327999347988545,0.016275771753682,0.75195892066445,0.1678736822121364,0.1155551218472799,0.0726357988563066,0.7327999347988545,0.6997539036953552,0.66982039122016,0.016275771753682,0.0566538130344161,0.0874284888289689,0.0019672272745615,2.219633092006523e-05,0.0008156093817428,0.0011294215618986,downstairs,wiktor
1672842726450193700,0.1745364640515884,0.7731882841521723,-0.0312515164479112,0.79325894720079,0.1745364640515884,0.1678736822121364,0.1155551218472799,0.7731882841521723,0.7327999347988545,0.6997539036953552,-0.0312515164479112,0.016275771753682,0.0566538130344161,0.0051641318119514,0.0025020080640865,0.0006197523957352,0.0020423713521295,downstairs,wiktor
1672842726460193700,0.1037973933185546,0.808394885684706,-0.0951635083137502,0.8205682685648384,0.1037973933185546,0.1745364640515884,0.1678736822121364,0.808394885684706,0.7731882841521723,0.7327999347988545,-0.0951635083137502,-0.0312515164479112,0.016275771753682,0.0060296642934467,0.0037273969709109,0.0005977513778385,0.0017045159446972,downstairs,wiktor
1672842726470193700,0.01745624471708,0.8429709287734856,-0.1535504237091917,0.8570195096134788,0.01745624471708,0.1037973933185546,0.1745364640515884,0.8429709287734856,0.808394885684706,0.7731882841521723,-0.1535504237091917,-0.0951635083137502,-0.0312515164479112,0.002199356011861,0.0010179256581655,0.0010705442883485,0.0001108860653469,downstairs,wiktor
1672842726480193700,-0.0276641643716149,0.889242827121156,-0.168442439378463,0.9054783083876572,-0.0276641643716149,0.01745624471708,0.1037973933185546,0.889242827121156,0.8429709287734856,0.808394885684706,-0.168442439378463,-0.1535504237091917,-0.0951635083137502,0.0054611067247657,0.0039647833438347,0.0014617837726995,3.4539608231445484e-05,downstairs,wiktor
1672842726490193700,-0.1167122788248109,0.9433128515838752,-0.1601310486125989,0.9638998105205504,-0.1167122788248109,-0.0276641643716149,0.01745624471708,0.9433128515838752,0.889242827121156,0.8429709287734856,-0.1601310486125989,-0.168442439378463,-0.1535504237091917,0.0118806183529731,0.0105059061119115,0.001091216703953,0.0002834955371085,downstairs,wiktor
1672842726500193700,-0.2616667966013297,0.9900293733712052,-0.1363194742375795,1.0330588906920035,-0.2616667966013297,-0.1167122788248109,-0.0276641643716149,0.9900293733712052,0.9433128515838752,0.889242827121156,-0.1363194742375795,-0.1601310486125989,-0.168442439378463,0.0026342777296315,0.0002408780150531,0.0012726216643454,0.0011207780502328,downstairs,wiktor
1672842726510193700,-0.2836157380360853,1.0404797780146864,-0.0889743995152202,1.0821055859241917,-0.2836157380360853,-0.2616667966013297,-0.1167122788248109,1.0404797780146864,0.9900293733712052,0.9433128515838752,-0.0889743995152202,-0.1363194742375795,-0.1601310486125989,0.0106170746054558,0.0037208764914246,0.0025707753967292,0.0043254227173019,downstairs,wiktor
1672842726520193700,-0.197350142444046,1.1121843859102636,0.0040355216470078,1.1295651696206992,-0.197350142444046,-0.2836157380360853,-0.2616667966013297,1.1121843859102636,1.0404797780146864,0.9900293733712052,0.0040355216470078,-0.0889743995152202,-0.1363194742375795,0.0085080842224577,0.002253268099323,0.0037634642465222,0.0024913518766124,downstairs,wiktor
1672842726530193700,-0.1302194028484922,1.1989422587117824,0.074623790879401,1.2082997735530456,-0.1302194028484922,-0.197350142444046,-0.2836157380360853,1.1989422587117824,1.1121843859102636,1.0404797780146864,0.074623790879401,0.0040355216470078,-0.0889743995152202,0.0071088431349569,0.0006165170319976,0.0055980165579112,0.000894309545048,downstairs,wiktor
1672842726540193700,-0.0951048180724297,1.3047535677284583,0.1169158597587556,1.3134291443332071,-0.0951048180724297,-0.1302194028484922,-0.197350142444046,1.3047535677284583,1.1989422587117824,1.1121843859102636,0.1169158597587556,0.074623790879401,0.0040355216470078,0.0144537290608696,0.0045113773281844,0.0099386286456905,3.723086994664232e-06,downstairs,wiktor
1672842726550193700,-0.0001166364056092,1.445740295087388,0.1141870919068985,1.450242637078904,-0.0001166364056092,-0.0951048180724297,-0.1302194028484922,1.445740295087388,1.3047535677284583,1.1989422587117824,0.1141870919068985,0.1169158597587556,0.074623790879401,0.0243028723064035,0.0147571173455107,0.0078634756332708,0.0016822793276219,downstairs,wiktor
1672842726560193700,0.1716804377575483,1.5711474370950966,0.0561822761133464,1.5814976730771344,0.1716804377575483,-0.0001166364056092,-0.0951048180724297,1.5711474370950966,1.445740295087388,1.3047535677284583,0.0561822761133464,0.1141870919068985,0.1169158597587556,0.0117460312891187,0.0096424774934155,0.001252623174976,0.0008509306207271,downstairs,wiktor
1672842726570193700,0.3105507189080924,1.6211998730992714,0.0149286551637344,1.6507433605186557,0.3105507189080924,0.1716804377575483,-0.0001166364056092,1.6211998730992714,1.5711474370950966,1.445740295087388,0.0149286551637344,0.0561822761133464,0.1141870919068985,0.0038450964304761,0.0037799512086741,6.508721974600519e-05,5.8002056015814724e-08,downstairs,wiktor
1672842726580193700,0.3974984182298586,1.6097904717349574,0.0145880613997991,1.6582048024653953,0.3974984182298586,0.3105507189080924,0.1716804377575483,1.6097904717349574,1.6211998730992714,1.5711474370950966,0.0145880613997991,0.0149286551637344,0.0561822761133464,0.0047240094060777,0.0013246406583033,0.0027639324281881,0.0006354363195862,downstairs,wiktor
1672842726590193700,0.4489695879912567,1.53544085938643,0.0502373620825962,1.6005237005940884,0.4489695879912567,0.3974984182298586,0.3105507189080924,1.53544085938643,1.6097904717349574,1.6211998730992714,0.0502373620825962,0.0145880613997991,0.0149286551637344,0.005365342775373,0.0001997721887071,0.001956128265527,0.0032094423211388,downstairs,wiktor
1672842726600193700,0.4689581941811395,1.4728928255959577,0.1303553041572514,1.5512342082688897,0.4689581941811395,0.4489695879912567,0.3974984182298586,1.4728928255959577,1.53544085938643,1.6097904717349574,0.1303553041572514,0.0502373620825962,0.0145880613997991,0.0038448348737387,1.1425825051812848e-05,5.18543768867904e-06,0.0038282236109982,downstairs,wiktor
1672842726610193700,0.473738534138049,1.4696724412435302,0.2178564311328311,1.559431533560842,0.473738534138049,0.4689581941811395,0.4489695879912567,1.4696724412435302,1.4728928255959577,1.53544085938643,0.2178564311328311,0.1303553041572514,0.0502373620825962,0.0011591875606444,2.240955600078182e-05,0.0003908889410163,0.0007458890636272,downstairs,wiktor
1672842726620193700,0.4670438263773201,1.497632732408552,0.2564799748238821,1.5895960853073126,0.4670438263773201,0.473738534138049,0.4689581941811395,1.497632732408552,1.4696724412435302,1.4728928255959577,0.2564799748238821,0.2178564311328311,0.1303553041572514,0.0009846946822126,0.0006871470869384,0.0002469130214643,5.063457380984301e-05,downstairs,wiktor
1672842726630193700,0.4299723525210401,1.5198549294855457,0.24641671751724,1.5986107810489585,0.4299723525210401,0.4670438263773201,0.473738534138049,1.5198549294855457,1.497632732408552,1.4696724412435302,0.24641671751724,0.2564799748238821,0.2178564311328311,0.0063113888162557,0.0047957032886703,2.2132721557408743e-05,0.0014935528060279,downstairs,wiktor
1672842726640193700,0.3320366257542431,1.5132017014633885,0.1917622976405648,1.5610254606989424,0.3320366257542431,0.4299723525210401,0.4670438263773201,1.5132017014633885,1.5198549294855457,1.497632732408552,0.1917622976405648,0.24641671751724,0.2564799748238821,0.018648827765789,0.0141737432471412,0.0023851642002469,0.0020899203184008,downstairs,wiktor
1672842726650193700,0.1636695075444143,1.4441341374373289,0.1271106106030111,1.4589270790343014,0.1636695075444143,0.3320366257542431,0.4299723525210401,1.4441341374373289,1.5132017014633885,1.5198549294855457,0.1271106106030111,0.1917622976405648,0.24641671751724,0.0169917656503667,0.0084716353259524,0.0084101929246064,0.0001099373998078,downstairs,wiktor
1672842726660193700,0.0335031883527555,1.3144407071904076,0.1122824347335486,1.3196530534571247,0.0335031883527555,0.1636695075444143,0.3320366257542431,1.3144407071904076,1.4441341374373289,1.5132017014633885,0.1122824347335486,0.1271106106030111,0.1917622976405648,0.0094205623412616,1.4931388378826646e-06,0.009240330896966,0.0001787383054576,downstairs,wiktor
1672842726670193700,0.0317751033792182,1.1784971093494936,0.1311894866167821,1.1862022489182218,0.0317751033792182,0.0335031883527555,0.1636695075444143,1.1784971093494936,1.3144407071904076,1.4441341374373289,0.1311894866167821,0.1122824347335486,0.1271106106030111,0.0113036854671488,0.0059478528984476,0.0045438435572443,0.0008119890114568,downstairs,wiktor
1672842726680193700,0.1408425403019554,1.0831677481091668,0.1714880972989593,1.1056659347279398,0.1408425403019554,0.0317751033792182,0.0335031883527555,1.0831677481091668,1.1784971093494936,1.3144407071904076,0.1714880972989593,0.1311894866167821,0.1122824347335486,0.0117670289467374,0.0116674522878525,9.642320464459902e-05,3.1534542403106963e-06,downstairs,wiktor
1672842726690193700,0.2936002064785016,1.0692808330705703,0.1739994532037687,1.1224252273231932,0.2936002064785016,0.1408425403019554,0.0317751033792182,1.0692808330705703,1.0831677481091668,1.1784971093494936,0.1739994532037687,0.1714880972989593,0.1311894866167821,0.0096902732887124,0.0068596002119615,0.0008530399939658,0.0019776330827849,downstairs,wiktor
1672842726700193700,0.4107291970142486,1.110585554204259,0.1111085463445892,1.1893039374180003,0.4107291970142486,0.2936002064785016,0.1408425403019554,1.110585554204259,1.0692808330705703,1.0831677481091668,0.1111085463445892,0.1739994532037687,0.1714880972989593,0.0126892816025795,0.0002738784635803,0.003503382410211,0.0089120207287882,downstairs,wiktor
1672842726710193700,0.434133404481297,1.1942919746295888,-0.0223981630657488,1.2709472102569344,0.434133404481297,0.4107291970142486,0.2936002064785016,1.1942919746295888,1.110585554204259,1.0692808330705703,-0.0223981630657488,0.1111085463445892,0.1739994532037687,0.0109332818294115,0.0005457862049574,0.0010858112403567,0.0093016843840973,downstairs,wiktor
1672842726720193700,0.4010944515633424,1.2408926450186892,-0.1587923299798613,1.313737538322176,0.4010944515633424,0.434133404481297,0.4107291970142486,1.2408926450186892,1.1942919746295888,1.110585554204259,-0.1587923299798613,-0.0223981630657488,0.1111085463445892,0.0079175996079803,0.0075445521035937,5.749842954865729e-06,0.0003672976614317,downstairs,wiktor
1672842726730193700,0.2782567366416317,1.244283763699852,-0.1858957490052075,1.288497623432704,0.2782567366416317,0.4010944515633424,0.434133404481297,1.244283763699852,1.2408926450186892,1.1942919746295888,-0.1858957490052075,-0.1587923299798613,-0.0223981630657488,0.0215847982737933,0.0203093595484063,0.0001069574376667,0.0011684812877203,downstairs,wiktor
1672842726740193700,0.0767158745396431,1.2296579346521228,-0.1375536082226499,1.2397035761803612,0.0767158745396431,0.2782567366416317,0.4010944515633424,1.2296579346521228,1.244283763699852,1.2408926450186892,-0.1375536082226499,-0.1858957490052075,-0.1587923299798613,0.0271251177365572,0.0234207917418353,2.0692660518583968e-06,0.00370225672867,downstairs,wiktor
1672842726750193700,-0.1397132905090411,1.231692272899248,-0.0515041256132809,1.2406604425142955,-0.1397132905090411,0.0767158745396431,0.2782567366416317,1.231692272899248,1.2296579346521228,1.244283763699852,-0.0515041256132809,-0.1375536082226499,-0.1858957490052075,0.0182889268415718,0.016023163448291,0.0007904082260335,0.0014753551672472,downstairs,wiktor
1672842726760193700,-0.3187281694900414,1.2714517554419962,0.002816315608182,1.3107956149135571,-0.3187281694900414,-0.1397132905090411,0.0767158745396431,1.2714517554419962,1.231692272899248,1.2296579346521228,0.002816315608182,-0.0515041256132809,-0.1375536082226499,0.0030905894738391,0.0028920612031299,0.0001483041448283,5.022412588089819e-05,downstairs,wiktor
1672842726770193700,-0.3947815876003395,1.2886740749622203,0.0128387031362013,1.3478494744170058,-0.3947815876003395,-0.3187281694900414,-0.1397132905090411,1.2886740749622203,1.2714517554419962,1.231692272899248,0.0128387031362013,0.002816315608182,-0.0515041256132809,0.0010701448457603,0.0006290357608838,0.000166437992522,0.0002746710923543,downstairs,wiktor
1672842726780193700,-0.3593122836634452,1.2704291856766117,-0.0105993467977992,1.320306017241048,-0.3593122836634452,-0.3947815876003395,-0.3187281694900414,1.2704291856766117,1.2886740749622203,1.2714517554419962,-0.0105993467977992,0.0128387031362013,0.002816315608182,0.0114970991299492,0.0067498015498813,0.001631923545801,0.0031153740342669,downstairs,wiktor
1672842726790193700,-0.2431244912764538,1.2132990964800938,-0.0895344344872029,1.2406533080344362,-0.2431244912764538,-0.3593122836634452,-0.3947815876003395,1.2132990964800938,1.2704291856766117,1.2886740749622203,-0.0895344344872029,-0.0105993467977992,0.0128387031362013,0.0043083369588072,0.0013978856786332,0.0028502081166165,6.02431635574183e-05,downstairs,wiktor
1672842726800193700,-0.1902494370706513,1.1377979956057809,-0.1005110608867319,1.1579644210729485,-0.1902494370706513,-0.2431244912764538,-0.3593122836634452,1.1377979956057809,1.2132990964800938,1.2704291856766117,-0.1005110608867319,-0.0895344344872029,-0.0105993467977992,0.0099442955968819,0.0019314213442639,0.0037042782472815,0.0043085960053363,downstairs,wiktor
1672842726810193700,-0.128097665667674,1.0517250236891384,-0.0076822291011666,1.059525154985661,-0.128097665667674,-0.1902494370706513,-0.2431244912764538,1.0517250236891384,1.1377979956057809,1.2132990964800938,-0.0076822291011666,-0.1005110608867319,-0.0895344344872029,0.0274318020474682,0.0098556457741419,0.0011693161915082,0.0164068400818181,downstairs,wiktor
1672842726820193700,0.0122992415214937,1.0033656152662005,0.1734632377580297,1.0183237815616524,0.0122992415214937,-0.128097665667674,-0.1902494370706513,1.0033656152662005,1.0517250236891384,1.1377979956057809,0.1734632377580297,-0.0076822291011666,-0.1005110608867319,0.0410441111722197,0.0170778515438532,0.0005820059344986,0.0233842536938678,downstairs,wiktor
1672842726830193700,0.1971118576701392,0.9692479971049436,0.3897235147109081,1.063098858171121,0.1971118576701392,0.0122992415214937,-0.128097665667674,0.9692479971049436,1.0033656152662005,1.0517250236891384,0.3897235147109081,0.1734632377580297,-0.0076822291011666,0.0030073805823939,0.0008952595657539,0.0006879712924575,0.0014241497241824,downstairs,wiktor
1672842726840193700,0.1547973314231417,0.9321542970345126,0.4430929764691548,1.0436499571656808,0.1547973314231417,0.1971118576701392,0.0122992415214937,0.9321542970345126,0.9692479971049436,1.0033656152662005,0.4430929764691548,0.3897235147109081,0.1734632377580297,0.0444490954513117,0.0330357256611623,0.0001317624381012,0.0112816073520481,downstairs,wiktor
1672842726850193700,-0.1022463444810217,0.9159208477336842,0.2928824085849468,0.9670291720167712,-0.1022463444810217,0.1547973314231417,0.1971118576701392,0.9159208477336842,0.9321542970345126,0.9692479971049436,0.2928824085849468,0.4430929764691548,0.3897235147109081,0.0388042189133722,9.951345586335842e-05,0.000406778218182,0.0382979272393268,downstairs,wiktor
1672842726860193700,-0.1163540342893041,0.944443758461101,0.0161228478130492,0.951720663016796,-0.1163540342893041,-0.1022463444810217,0.1547973314231417,0.944443758461101,0.9159208477336842,0.9321542970345126,0.0161228478130492,0.2928824085849468,0.4430929764691548,0.0409100002752295,0.0316585572819118,0.0007921212071413,0.0084593217861762,downstairs,wiktor
1672842726870193700,0.1352748880622883,0.9842463012728704,-0.1139488384693715,1.000012207274546,0.1352748880622883,-0.1163540342893041,-0.1022463444810217,0.9842463012728704,0.944443758461101,0.9159208477336842,-0.1139488384693715,0.0161228478130492,0.2928824085849468,0.0609793134297584,0.0539219406991221,0.0010130745786713,0.0060442981519648,downstairs,wiktor
1672842726880193700,0.4636708097760702,0.939233534668908,-0.2238969912684511,1.0711116259214597,0.4636708097760702,0.1352748880622883,-0.1163540342893041,0.939233534668908,0.9842463012728704,0.944443758461101,-0.2238969912684511,-0.1139488384693715,0.0161228478130492,0.0206321890806314,0.0002727846563465,0.0162644995749129,0.0040949048493719,downstairs,wiktor
1672842726890193700,0.4403133845606697,0.7588755596585804,-0.3143945586321311,0.9319935247456864,0.4403133845606697,0.4636708097760702,0.1352748880622883,0.7588755596585804,0.939233534668908,0.9842463012728704,-0.3143945586321311,-0.2238969912684511,-0.1139488384693715,0.086325901781054,0.0714837207014168,0.0141770679602661,0.000665113119371,downstairs,wiktor
1672842726900193700,0.0622030284437898,0.5904886957987996,-0.2779222919251922,0.6555813580042511,0.0622030284437898,0.4403133845606697,0.4636708097760702,0.5904886957987996,0.7588755596585804,0.939233534668908,-0.2779222919251922,-0.3143945586321311,-0.2238969912684511,0.0836727144126957,0.0655423098055277,0.0049981379985867,0.0131322666085812,downstairs,wiktor
1672842726910193700,-0.2998530716443807,0.4905073175467792,-0.1158589301892264,0.5864576581869309,-0.2998530716443807,0.0622030284437898,0.4403133845606697,0.4905073175467792,0.5904886957987996,0.7588755596585804,-0.1158589301892264,-0.2779222919251922,-0.3143945586321311,0.0179110092085981,0.0003459351153175,0.00077023950933,0.0167948345839505,downstairs,wiktor
1672842726920193700,-0.3261564978591349,0.4512583810177458,0.0674159157877957,0.5608538965149481,-0.3261564978591349,-0.2998530716443807,0.0622030284437898,0.4512583810177458,0.4905073175467792,0.5904886957987996,0.0674159157877957,-0.1158589301892264,-0.2779222919251922,0.0254577895326922,0.0192214663004354,3.3058094982631653e-08,0.0062362901741618,downstairs,wiktor
1672842726930193700,-0.1300878042824425,0.4510012503311966,0.1790966229324212,0.5023948297595503,-0.1300878042824425,-0.3261564978591349,-0.2998530716443807,0.4510012503311966,0.4512583810177458,0.4905073175467792,0.1790966229324212,0.0674159157877957,-0.1158589301892264,0.0207333105425718,0.0205805593404984,6.500367198417591e-07,0.0001521011653534,downstairs,wiktor
1672842726940193700,0.072794227157005,0.4498610427011206,0.1616552258924204,0.4835352823795328,0.072794227157005,-0.1300878042824425,-0.3261564978591349,0.4498610427011206,0.4510012503311966,0.4512583810177458,0.1616552258924204,0.1790966229324212,0.0674159157877957,0.0104681049645685,0.0024038725265031,8.789374723936293e-06,0.0080554430633414,downstairs,wiktor
1672842726950193700,0.1421321320359839,0.4540537446280255,0.0347265603881972,0.477045364681622,0.1421321320359839,0.072794227157005,-0.1300878042824425,0.4540537446280255,0.4498610427011206,0.4510012503311966,0.0347265603881972,0.1616552258924204,0.1790966229324212,0.0111045935856875,0.0001221512628085,0.0005261144055318,0.0104563279173471,downstairs,wiktor
1672842726960193700,0.15776231199711,0.4864918211903564,-0.1098855270550532,0.5231042613360649,0.15776231199711,0.1421321320359839,0.072794227157005,0.4864918211903564,0.4540537446280255,0.4498610427011206,-0.1098855270550532,0.0347265603881972,0.1616552258924204,0.0061458672958883,0.0001858586194358,0.0011547157202846,0.0048052929561678,downstairs,wiktor
1672842726970193700,0.1770422818848374,0.5345483653916332,-0.2079191228900305,0.6002635139513453,0.1770422818848374,0.15776231199711,0.1421321320359839,0.5345483653916332,0.4864918211903564,0.4540537446280255,-0.2079191228900305,-0.1098855270550532,0.0347265603881972,0.0028585646690197,0.0011516574158643,0.0005579281293787,0.0011489791237766,downstairs,wiktor
1672842726980193700,0.2250351441846498,0.5679528001085621,-0.2558561466561468,0.6623243669465092,0.2250351441846498,0.1770422818848374,0.15776231199711,0.5679528001085621,0.5345483653916332,0.4864918211903564,-0.2558561466561468,-0.2079191228900305,-0.1098855270550532,0.001715504500082,0.0016952357470466,1.481290060866464e-07,2.0120624029280984e-05,downstairs,wiktor
1672842726990193700,0.2832628995431845,0.5684970959951654,-0.2621997456392606,0.6871502928951144,0.2832628995431845,0.2250351441846498,0.1770422818848374,0.5684970959951654,0.5679528001085621,0.5345483653916332,-0.2621997456392606,-0.2558561466561468,-0.2079191228900305,0.0007486283782786,0.0003545027225962,0.0002823610159979,0.0001117646396843,downstairs,wiktor
1672842727000193700,0.3098900557036269,0.5447332151674057,-0.2472488500350254,0.6737196124310606,0.3098900557036269,0.2832628995431845,0.2250351441846498,0.5447332151674057,0.5684970959951654,0.5679528001085621,-0.2472488500350254,-0.2621997456392606,-0.2558561466561468,0.001442728167227,2.121480017838805e-05,0.000700676357481,0.0007208370095675,downstairs,wiktor
1672842727010193700,0.3033762549424141,0.5072985692499928,-0.2092794673809028,0.6270461593002614,0.3033762549424141,0.3098900557036269,0.2832628995431845,0.5072985692499928,0.5447332151674057,0.5684970959951654,-0.2092794673809028,-0.2472488500350254,-0.2621997456392606,0.0025378637505709,0.0008575736771723,0.0006605619100624,0.0010197281633361,downstairs,wiktor
1672842727020193700,0.2619619173967688,0.4709513022258416,-0.1641191271843058,0.5633420480863699,0.2619619173967688,0.3033762549424141,0.3098900557036269,0.4709513022258416,0.5072985692499928,0.5447332151674057,-0.1641191271843058,-0.2092794673809028,-0.2472488500350254,0.0021884301923011,0.0008218015678493,0.0003692425195767,0.0009973861048751,downstairs,wiktor
1672842727030193700,0.221420541794816,0.4437762210087882,-0.1194562543507069,0.5101315392769316,0.221420541794816,0.2619619173967688,0.3033762549424141,0.4437762210087882,0.4709513022258416,0.5072985692499928,-0.1194562543507069,-0.1641191271843058,-0.2092794673809028,1.2837005642228805e-05,7.973694148236095e-06,4.505888290169291e-06,3.574232038234153e-07,downstairs,wiktor
1672842727040193700,0.2254139599167352,0.4467781831305243,-0.120301740251031,0.514679227241767,0.2254139599167352,0.221420541794816,0.2619619173967688,0.4467781831305243,0.4437762210087882,0.4709513022258416,-0.120301740251031,-0.1194562543507069,-0.1641191271843058,0.0023032193971243,0.0006503285076231,0.0005708607662644,0.0010820301232366,downstairs,wiktor
1672842727050193700,0.2614785826826314,0.4805675532419787,-0.1668212011945263,0.5719663762833305,0.2614785826826314,0.2254139599167352,0.221420541794816,0.4805675532419787,0.4467781831305243,0.4437762210087882,-0.1668212011945263,-0.120301740251031,-0.1194562543507069,0.0033551044727241,4.38821506408106e-08,0.0009015927035713,0.0024534678870021,downstairs,wiktor
1672842727060193700,0.2617748330856381,0.5230314839025136,-0.2368707249188474,0.6310275245295243,0.2617748330856381,0.2614785826826314,0.2254139599167352,0.5230314839025136,0.4805675532419787,0.4467781831305243,-0.2368707249188474,-0.1668212011945263,-0.120301740251031,0.0048051700692019,0.001180301070715,0.0002402372065347,0.0033846317919521,downstairs,wiktor
1672842727070193700,0.2131888048323426,0.544951210476298,-0.3191462594592216,0.6665400387315363,0.2131888048323426,0.2617748330856381,0.2614785826826314,0.544951210476298,0.5230314839025136,0.4805675532419787,-0.3191462594592216,-0.2368707249188474,-0.1668212011945263,0.0077872249602522,0.0046052394015746,3.619116269989484e-05,0.0031457943959776,downstairs,wiktor
1672842727080193700,0.1172175653741104,0.5534589907625883,-0.3984657954636345,0.6919767353333808,0.1172175653741104,0.2131888048323426,0.2617748330856381,0.5534589907625883,0.544951210476298,0.5230314839025136,-0.3984657954636345,-0.3191462594592216,-0.2368707249188474,0.0104011885352875,0.0090391257205269,7.310262702600179e-05,0.0012889601877345,downstairs,wiktor
1672842727090193700,-0.01723782291901,0.5655505272262477,-0.4492390204495382,0.7224681576923196,-0.01723782291901,0.1172175653741104,0.2131888048323426,0.5655505272262477,0.5534589907625883,0.544951210476298,-0.4492390204495382,-0.3984657954636345,-0.3191462594592216,0.011451365803473,0.0111336247305283,0.0003067885468205,1.0952526124155996e-05,downstairs,wiktor
1672842727100193700,-0.1664599709435466,0.5903210155872205,-0.4539193038008228,0.7630403382085887,-0.1664599709435466,-0.01723782291901,0.1172175653741104,0.5903210155872205,0.5655505272262477,0.5534589907625883,-0.4539193038008228,-0.4492390204495382,-0.3984657954636345,0.0027311281720449,7.432606781890486e-05,0.0021109125062293,0.0005458895979966,downstairs,wiktor
1672842727110193700,-0.1786522691533925,0.655296588016085,-0.420877221602611,0.7990418557266648,-0.1786522691533925,-0.1664599709435466,-0.01723782291901,0.655296588016085,0.5903210155872205,0.5655505272262477,-0.420877221602611,-0.4539193038008228,-0.4492390204495382,0.0249522368256943,0.0043521217842822,0.0185461918387876,0.0020539232026244,downstairs,wiktor
1672842727120193700,-0.0853557334804936,0.847890418855952,-0.3567847383830557,0.9238501573138256,-0.0853557334804936,-0.1786522691533925,-0.1664599709435466,0.847890418855952,0.655296588016085,0.5903210155872205,-0.3567847383830557,-0.420877221602611,-0.4539193038008228,0.0711086101654928,0.0160011948367991,0.0545688647606311,0.0005385505680624,downstairs,wiktor
1672842727130193700,0.0935363839355577,1.1782504187367824,-0.3239655193776473,1.2255516154445605,0.0935363839355577,-0.0853557334804936,-0.1786522691533925,1.1782504187367824,0.847890418855952,0.655296588016085,-0.3239655193776473,-0.3567847383830557,-0.420877221602611,0.1002858572200963,0.0321356689278589,0.0678312327204906,0.0003189555717467,downstairs,wiktor
1672842727140193700,0.34705430806661,1.54657427818792,-0.2987086164896556,1.6129369263133766,0.34705430806661,0.0935363839355577,-0.0853557334804936,1.54657427818792,1.1782504187367824,0.847890418855952,-0.2987086164896556,-0.3239655193776473,-0.3567847383830557,0.1318118329018558,0.0368287333502477,0.0947475721288361,0.0002355274227719,downstairs,wiktor
1672842727150193700,0.618453399259811,1.9818846780839847,-0.2770048185375928,2.0945365009407504,0.618453399259811,0.34705430806661,0.0935363839355577,1.9818846780839847,1.54657427818792,1.1782504187367824,-0.2770048185375928,-0.2987086164896556,-0.3239655193776473,0.0838094142489767,0.010942704411506,0.0718694530150849,0.0009972568223857,downstairs,wiktor
1672842727160193700,0.4705162206230255,2.36101381971012,-0.2323448404277519,2.418626861590052,0.4705162206230255,0.618453399259811,0.34705430806661,2.36101381971012,1.9818846780839847,1.54657427818792,-0.2323448404277519,-0.2770048185375928,-0.2987086164896556,0.0817546299387333,0.0643817458296632,0.0080180949650858,0.0093547891439843,downstairs,wiktor
1672842727170193700,0.1116799185863912,2.234379740844392,-0.0955618799101179,2.2392090798769253,0.1116799185863912,0.4705162206230255,0.618453399259811,2.234379740844392,2.36101381971012,1.9818846780839847,-0.0955618799101179,-0.2323448404277519,-0.2770048185375928,0.2638566402027452,0.0025513963328742,0.2612500308040234,5.5213065847530975e-05,downstairs,wiktor
1672842727180193700,0.0402460844057422,1.5115380834891674,-0.0850534960336571,1.5144640049653364,0.0402460844057422,0.1116799185863912,0.4705162206230255,1.5115380834891674,2.234379740844392,2.36101381971012,-0.0850534960336571,-0.0955618799101179,-0.2323448404277519,0.2000427338384028,0.0010554829260647,0.1971681696751968,0.0018190812371412,downstairs,wiktor
1672842727190193700,0.0861913328230643,0.8835760310127508,-0.1453706782811939,0.8995933428710976,0.0861913328230643,0.0402460844057422,0.1116799185863912,0.8835760310127508,1.5115380834891674,2.234379740844392,-0.1453706782811939,-0.0850534960336571,-0.0955618799101179,0.0514909794638863,0.0001853652044854,0.0511005493183,0.0002050649411008,downstairs,wiktor
1672842727200193700,0.1054456936011046,0.5638869654559193,-0.1656223419709174,0.5970913366228274,0.1054456936011046,0.0861913328230643,0.0402460844057422,0.5638869654559193,0.8835760310127508,1.5115380834891674,-0.1656223419709174,-0.1453706782811939,-0.0850534960336571,0.0105622697585677,0.001756708718816,0.008778878024797,2.6683014954574537e-05,downstairs,wiktor
1672842727210193700,0.0461716061966394,0.4313812823717808,-0.1583171362989907,0.4618289116603819,0.0461716061966394,0.1054456936011046,0.0861913328230643,0.4313812823717808,0.5638869654559193,0.8835760310127508,-0.1583171362989907,-0.1656223419709174,-0.1453706782811939,0.0024604396786192,0.0005014820770947,0.00143571129481,0.0005232463067144,downstairs,wiktor
1672842727220193700,0.0145019968812474,0.4849669389378817,-0.1259675982276548,0.5012694640406162,0.0145019968812474,0.0461716061966394,0.1054456936011046,0.4849669389378817,0.4313812823717808,0.5638869654559193,-0.1259675982276548,-0.1583171362989907,-0.1656223419709174,0.0293779671740688,0.0001451541409015,0.0286375984669021,0.0005952145662652,downstairs,wiktor
1672842727230193700,-0.0025364385458423,0.7242893092541649,-0.0914650022016964,0.7300460832359341,-0.0025364385458423,0.0145019968812474,0.0461716061966394,0.7242893092541649,0.4849669389378817,0.4313812823717808,-0.0914650022016964,-0.1259675982276548,-0.1583171362989907,0.0369994457970205,0.0007608403174457,0.0356879160425022,0.0005506894370725,downstairs,wiktor
1672842727240193700,-0.0415451636581992,0.9914518666700656,-0.058277973498525,0.994031753387204,-0.0415451636581992,-0.0025364385458423,0.0145019968812474,0.9914518666700656,0.7242893092541649,0.4849669389378817,-0.058277973498525,-0.0914650022016964,-0.1259675982276548,0.0243355398947193,0.0013086110774084,0.0228931761760584,0.0001337526412525,downstairs,wiktor
1672842727250193700,-0.0927039571820585,1.2054293242494023,-0.0419223847746347,1.2097154069378369,-0.0927039571820585,-0.0415451636581992,-0.0025364385458423,1.2054293242494023,0.9914518666700656,0.7242893092541649,-0.0419223847746347,-0.058277973498525,-0.0914650022016964,0.0125488880119548,8.453693593300284e-05,0.0124641816067661,1.694692556986061e-07,downstairs,wiktor
1672842727260193700,-0.1057067980972588,1.3633165093327153,-0.0425045690336088,1.368068883562464,-0.1057067980972588,-0.0927039571820585,-0.0415451636581992,1.3633165093327153,1.2054293242494023,0.9914518666700656,-0.0425045690336088,-0.0419223847746347,-0.058277973498525,0.0041779372947526,0.00043767163137,0.0036401523692522,0.0001001132941303,downstairs,wiktor
1672842727270193700,-0.0761205975513944,1.4486412111400138,-0.0566547134943825,1.451745659730353,-0.0761205975513944,-0.1057067980972588,-0.0927039571820585,1.4486412111400138,1.3633165093327153,1.2054293242494023,-0.0566547134943825,-0.0425045690336088,-0.0419223847746347,0.0050734557059261,0.0043732631442156,5.198587283523508e-05,0.0006482066888752,downstairs,wiktor
1672842727280193700,0.0174022675053996,1.4384445574894051,-0.0926604543942787,1.4415309721590357,0.0174022675053996,-0.0761205975513944,-0.1057067980972588,1.4384445574894051,1.4486412111400138,1.3633165093327153,-0.0926604543942787,-0.0566547134943825,-0.0425045690336088,0.0111455480601812,0.0042504788893451,0.0052316926937773,0.0016633764770587,downstairs,wiktor
1672842727290193700,0.1096029062162582,1.3361538668692188,-0.1503384654046932,1.349044701698522,0.1096029062162582,0.0174022675053996,-0.0761205975513944,1.3361538668692188,1.4384445574894051,1.4486412111400138,-0.1503384654046932,-0.0926604543942787,-0.0566547134943825,0.0147241378190593,1.0475249072460071e-06,0.0141977568950611,0.0005253333990909,downstairs,wiktor
1672842727300193700,0.1081554775256168,1.1676441823103714,-0.1827524561830887,1.1867977940841488,0.1081554775256168,0.1096029062162582,0.0174022675053996,1.1676441823103714,1.3361538668692188,1.4384445574894051,-0.1827524561830887,-0.1503384654046932,-0.0926604543942787,0.0126173565907924,0.0015494743189954,0.0110412137201201,2.6668551676898574e-05,downstairs,wiktor
1672842727310193700,0.0524872762075318,1.0190426095049656,-0.1754492306385914,1.0353671748138673,0.0524872762075318,0.1081554775256168,0.1096029062162582,1.0190426095049656,1.1676441823103714,1.3361538668692188,-0.1754492306385914,-0.1827524561830887,-0.1503384654046932,0.0053358702680195,0.0014267050426978,0.0036538845020989,0.0002552807232228,downstairs,wiktor
1672842727320193700,-0.0009300438805789,0.9335571194835716,-0.1528536238433396,0.9459883670754752,-0.0009300438805789,0.0524872762075318,0.1081554775256168,0.9335571194835716,1.0190426095049656,1.1676441823103714,-0.1528536238433396,-0.1754492306385914,-0.1827524561830887,0.0014508098129689,3.0150007567116964e-05,0.0012432841498754,0.0001773756555263,downstairs,wiktor
1672842727330193700,-0.0086953523183832,0.8836916173829119,-0.1340187808375506,0.8938386417032724,-0.0086953523183832,-0.0009300438805789,0.0524872762075318,0.8836916173829119,0.9335571194835716,1.0190426095049656,-0.1340187808375506,-0.1528536238433396,-0.1754492306385914,0.001001191884072,0.0001738858884253,0.0006244355042958,0.0002028704913507,downstairs,wiktor
1672842727340193700,0.0099532877620833,0.8483522482800008,-0.1138757675897394,0.8560188640112782,0.0099532877620833,-0.0086953523183832,-0.0009300438805789,0.8483522482800008,0.8836916173829119,0.9335571194835716,-0.1138757675897394,-0.1340187808375506,-0.1528536238433396,0.0019448168989223,0.0013114421821574,0.0002351124304158,0.000398262286349,downstairs,wiktor
1672842727350193700,0.0611673909399669,0.8266675794830882,-0.0856530006683672,0.833340970555466,0.0611673909399669,0.0099532877620833,-0.0086953523183832,0.8266675794830882,0.8483522482800008,0.8836916173829119,-0.0856530006683672,-0.1138757675897394,-0.1340187808375506,0.0009777765200299,0.0002597757386433,2.0694462533678802e-07,0.0007177938367612,downstairs,wiktor
1672842727360193700,0.0839610628092971,0.8273109217331182,-0.0477638508557553,0.8329310936299228,0.0839610628092971,0.0611673909399669,0.0099532877620833,0.8273109217331182,0.8266675794830882,0.8483522482800008,-0.0477638508557553,-0.0856530006683672,-0.1138757675897394,0.0003017035466416,6.312723221432173e-05,3.494021452454731e-08,0.0002385413742127,downstairs,wiktor
1672842727370193700,0.0727247616194641,0.8270465726664485,-0.0259216268749989,0.8306424351378718,0.0727247616194641,0.0839610628092971,0.0611673909399669,0.8270465726664485,0.8273109217331182,0.8266675794830882,-0.0259216268749989,-0.0477638508557553,-0.0856530006683672,0.0002684960283397,1.619794805631851e-05,0.0002522596925195,3.838776387240057e-08,downstairs,wiktor
1672842727380193700,0.067033022332336,0.8045850637002387,-0.0261987108473697,0.8077975756726364,0.067033022332336,0.0727247616194641,0.0839610628092971,0.8045850637002387,0.8270465726664485,0.8273109217331182,-0.0261987108473697,-0.0259216268749989,-0.0477638508557553,0.0008455410625904,1.9114910236844347e-05,0.0008263800684644,4.6083889208310136e-08,downstairs,wiktor
1672842727390193700,0.0732160491375253,0.7639309109366047,-0.0265023023136803,0.7678889233239823,0.0732160491375253,0.067033022332336,0.0727247616194641,0.7639309109366047,0.8045850637002387,0.8270465726664485,-0.0265023023136803,-0.0261987108473697,-0.0259216268749989,0.0006757145135458,4.422313861009068e-08,0.0006753614210878,3.0886931930021977e-07,downstairs,wiktor
1672842727400193700,0.0735134483258567,0.7271787294751486,-0.0272882658233934,0.7313944087409323,0.0735134483258567,0.0732160491375253,0.067033022332336,0.7271787294751486,0.7639309109366047,0.8045850637002387,-0.0272882658233934,-0.0265023023136803,-0.0261987108473697,0.0004651070075889,0.0002294778640188,0.0002179140522005,1.7715091369537223e-05,downstairs,wiktor
1672842727410193700,0.052090196284261,0.7063022330161867,-0.0332405916494108,0.7090001197784013,0.052090196284261,0.0735134483258567,0.0732160491375253,0.7063022330161867,0.7271787294751486,0.7639309109366047,-0.0332405916494108,-0.0272882658233934,-0.0265023023136803,0.0011575764054531,0.0009535564284739,0.0001425855843309,6.143439264816674e-05,downstairs,wiktor
1672842727420193700,0.0084196930017486,0.6894152211827695,-0.044325210961608,0.6908899787632773,0.0084196930017486,0.052090196284261,0.0735134483258567,0.6894152211827695,0.7063022330161867,0.7271787294751486,-0.044325210961608,-0.0332405916494108,-0.0272882658233934,0.0001219505436883,3.492720186762103e-05,9.955235938147082e-07,8.602781822688777e-05,downstairs,wiktor
1672842727430193700,6.179830659716402e-05,0.688004176467805,-0.057442208958626,0.6903979707576057,6.179830659716402e-05,0.0084196930017486,0.052090196284261,0.688004176467805,0.6894152211827695,0.7063022330161867,-0.057442208958626,-0.044325210961608,-0.0332405916494108,0.0002818825501919,5.2379296957568766e-06,0.000180328856092,9.63157644041156e-05,downstairs,wiktor
1672842727440193700,0.003298441535548,0.7069951667575232,-0.0713213850439789,0.7105911521400002,0.003298441535548,6.179830659716402e-05,0.0084196930017486,0.7069951667575232,0.688004176467805,0.6894152211827695,-0.0713213850439789,-0.057442208958626,-0.044325210961608,0.001132750705457,0.0001165096950822,0.0008276152589701,0.0001886257514046,downstairs,wiktor
1672842727450193700,-0.0119665311196653,0.7476796910627216,-0.090744348329979,0.753261345781474,-0.0119665311196653,0.003298441535548,6.179830659716402e-05,0.7476796910627216,0.7069951667575232,0.688004176467805,-0.090744348329979,-0.0713213850439789,-0.057442208958626,0.0018302142857481,2.6081476042052714e-05,0.0015399726871165,0.0002641601225896,downstairs,wiktor
1672842727460193700,-0.0191889235269017,0.8031769466185872,-0.1137295663010843,0.8114159455031129,-0.0191889235269017,-0.0119665311196653,0.003298441535548,0.8031769466185872,0.7476796910627216,0.7069951667575232,-0.1137295663010843,-0.090744348329979,-0.0713213850439789,0.003489662120804,3.6326483298801794e-05,0.003251156053053,0.0002021795844521,downstairs,wiktor
1672842727470193700,-0.0106652525690571,0.8838138619000275,-0.1338382502188402,0.8939537836603432,-0.0106652525690571,-0.0191889235269017,-0.0119665311196653,0.8838138619000275,0.8031769466185872,0.7476796910627216,-0.1338382502188402,-0.1137295663010843,-0.090744348329979,0.0046479089341695,0.0013599970819246,0.0029634232604493,0.0003244885917955,downstairs,wiktor
1672842727480193700,0.0414883107209925,0.9607998769995164,-0.1593132808094227,0.9748017259992052,0.0414883107209925,-0.0106652525690571,-0.0191889235269017,0.9607998769995164,0.8838138619000275,0.8031769466185872,-0.1593132808094227,-0.1338382502188402,-0.1137295663010843,0.0040651647393314,0.0018326547672681,0.0021640740474201,6.843592464323106e-05,downstairs,wiktor
1672842727490193700,0.1020301106160753,1.026588539357405,-0.1710125051121901,1.045724365938293,0.1020301106160753,0.0414883107209925,-0.0106652525690571,1.026588539357405,0.9607998769995164,0.8838138619000275,-0.1710125051121901,-0.1593132808094227,-0.1338382502188402,0.0020647163707246,0.0012670150751562,0.0007828765604721,1.4824735096253058e-05,downstairs,wiktor
1672842727500193700,0.0516909593487711,1.0661581378004554,-0.176457637818792,1.0818976051462168,0.0516909593487711,0.1020301106160753,0.0414883107209925,1.0661581378004554,1.026588539357405,0.9607998769995164,-0.176457637818792,-0.1710125051121901,-0.1593132808094227,0.0055708082030315,0.0055189022897228,1.0217005476122929e-06,5.088421276100879e-05,downstairs,wiktor
1672842727510193700,-0.0533699971452841,1.067587613611802,-0.1865456715975825,1.0850764751502184,-0.0533699971452841,0.0516909593487711,0.1020301106160753,1.067587613611802,1.0661581378004554,1.026588539357405,-0.1865456715975825,-0.176457637818792,-0.1710125051121901,0.0001515225309784,3.480650013956652e-05,7.870375729922051e-05,3.801227353963983e-05,downstairs,wiktor
1672842727520193700,-0.0617134376993441,1.055041398461469,-0.1778264659526123,1.071701055730281,-0.0617134376993441,-0.0533699971452841,0.0516909593487711,1.055041398461469,1.067587613611802,1.0661581378004554,-0.1778264659526123,-0.1865456715975825,-0.176457637818792,0.001283294501329,0.000580932386851,2.981999714204e-07,0.0007020639145066,downstairs,wiktor
1672842727530193700,-0.0276273001401834,1.054269129115424,-0.1403547722490545,1.0639295683511736,-0.0276273001401834,-0.0617134376993441,-0.0533699971452841,1.054269129115424,1.055041398461469,1.067587613611802,-0.1403547722490545,-0.1778264659526123,-0.1865456715975825,0.0012703357929486,0.0006958147562027,6.909232521685477e-05,0.000505428711529,downstairs,wiktor
1672842727540193700,0.0096772506868346,1.0660243258570234,-0.1085607881788233,1.0715815215044466,0.0096772506868346,-0.0276273001401834,-0.0617134376993441,1.0660243258570234,1.054269129115424,1.055041398461469,-0.1085607881788233,-0.1403547722490545,-0.1778264659526123,0.0007570376164296,0.0002870131148372,0.0004699456076663,7.889392605478057e-08,downstairs,wiktor
1672842727550193700,-0.0142815938110628,1.096681971156895,-0.1081635629881448,1.1020955794034597,-0.0142815938110628,0.0096772506868346,-0.0276273001401834,1.096681971156895,1.0660243258570234,1.054269129115424,-0.1081635629881448,-0.1085607881788233,-0.1403547722490545,0.0056979740960846,0.0043369337408013,0.0013462299096541,1.4810445629053258e-05,downstairs,wiktor
1672842727560193700,-0.1074151939863095,1.1485708892349238,-0.1027210551784943,1.158147109254262,-0.1074151939863095,-0.0142815938110628,0.0096772506868346,1.1485708892349238,1.096681971156895,1.0660243258570234,-0.1027210551784943,-0.1081635629881448,-0.1085607881788233,0.0037805266006346,0.0010304156017935,0.0011570870432835,0.0015930239555575,downstairs,wiktor
1672842727570193700,-0.1528115727360199,1.1966767525632855,-0.0462759676055699,1.2072812812535854,-0.1528115727360199,-0.1074151939863095,-0.0142815938110628,1.1966767525632855,1.1485708892349238,1.096681971156895,-0.0462759676055699,-0.1027210551784943,-0.1081635629881448,0.0065992142882208,0.0001242178152072,0.000209062258849,0.0062659342141645,downstairs,wiktor
1672842727580193700,-0.1370497317770935,1.2171248458166473,0.0656698604914568,1.2265757415917444,-0.1370497317770935,-0.1528115727360199,-0.1074151939863095,1.2171248458166473,1.1966767525632855,1.1485708892349238,0.0656698604914568,-0.0462759676055699,-0.1027210551784943,0.0076388402389905,0.0014219710475339,0.0002447346923587,0.0059721344990979,downstairs,wiktor
1672842727590193700,-0.0837211081771181,1.2392488008138325,0.1749596999011469,1.25433556549371,-0.0837211081771181,-0.1370497317770935,-0.1528115727360199,1.2392488008138325,1.2171248458166473,1.1966767525632855,0.1749596999011469,0.0656698604914568,-0.0462759676055699,0.0067091139959175,0.0018971619028289,0.0002014725665995,0.004610479526489,downstairs,wiktor
1672842727600193700,-0.0221230253688205,1.2593222941121875,0.2709855248284972,1.2883381634361486,-0.0221230253688205,-0.0837211081771181,-0.1370497317770935,1.2593222941121875,1.2392488008138325,1.2171248458166473,0.2709855248284972,0.1749596999011469,0.0656698604914568,0.0035045057885285,0.0008923594103994,1.8278514962428784e-06,0.0026103185266328,downstairs,wiktor
1672842727610193700,0.0201229072259145,1.25741030483594,0.3432395008662612,1.303571617157168,0.0201229072259145,-0.0221230253688205,-0.0837211081771181,1.25741030483594,1.2593222941121875,1.2392488008138325,0.3432395008662612,0.2709855248284972,0.1749596999011469,0.0007689817071465,0.000573596222156,0.000195351472908,3.4012082431946185e-08,downstairs,wiktor
1672842727620193700,0.0539931366953482,1.2376440976677423,0.3435003152923651,1.2855623819589457,0.0539931366953482,0.0201229072259145,-0.0221230253688205,1.2376440976677423,1.25741030483594,1.2593222941121875,0.3435003152923651,0.3432395008662612,0.2709855248284972,0.0030221790865226,0.0013532392814273,2.3805715175252905e-07,0.0016687017479435,downstairs,wiktor
1672842727630193700,0.1060169635716428,1.2369540873029616,0.2857300504852252,1.2739453176689897,0.1060169635716428,0.0539931366953482,0.0201229072259145,1.2369540873029616,1.2376440976677423,1.25741030483594,0.2857300504852252,0.3435003152923651,0.3432395008662612,0.0053034271614158,0.0021769810884092,0.001416648232164,0.0017097978408425,downstairs,wiktor
1672842727640193700,0.1720015237112575,1.2901828057200737,0.2272527413671991,1.3212872529444997,0.1720015237112575,0.1060169635716428,0.0539931366953482,1.2901828057200737,1.2369540873029616,1.2376440976677423,0.2272527413671991,0.2857300504852252,0.3435003152923651,0.0096762574480416,0.002020313451363,0.0076223798796002,3.3564117078329175e-05,downstairs,wiktor
1672842727650193700,0.2355674493532718,1.4136524771345569,0.2190595591919598,1.4497904813375109,0.2355674493532718,0.1720015237112575,0.1060169635716428,1.4136524771345569,1.2901828057200737,1.2369540873029616,0.2190595591919598,0.2272527413671991,0.2857300504852252,0.0083402730556565,0.0015819734002696,0.0067571941188844,1.1055365024711116e-06,downstairs,wiktor
1672842727660193700,0.2918164209042189,1.5299038781487766,0.2205465269135134,1.5730236712833117,0.2918164209042189,0.2355674493532718,0.1720015237112575,1.5299038781487766,1.4136524771345569,1.2901828057200737,0.2205465269135134,0.2190595591919598,0.2272527413671991,0.0032209794811996,1.3232897044864953e-06,0.003053895733569,0.0001657604579261,downstairs,wiktor
1672842727670193700,0.2901895898100444,1.608056238747405,0.2023388110805951,1.646510206308507,0.2901895898100444,0.2918164209042189,0.2355674493532718,1.608056238747405,1.5299038781487766,1.4136524771345569,0.2023388110805951,0.2205465269135134,0.2190595591919598,0.0045941317411471,0.0032731043933665,0.0002312866933918,0.0010897406543887,downstairs,wiktor
1672842727680193700,0.2092809451128733,1.6295637580553994,0.1556538958640334,1.6503044236905582,0.2092809451128733,0.2901895898100444,0.2918164209042189,1.6295637580553994,1.608056238747405,1.5299038781487766,0.1556538958640334,0.2023388110805951,0.2205465269135134,0.0155473721673545,0.0138782309072325,0.0006017988250849,0.001067342435037,downstairs,wiktor
1672842727690193700,0.042678238608852,1.5948708531587217,0.1094512458310087,1.599191685045899,0.042678238608852,0.2092809451128733,0.2901895898100444,1.5948708531587217,1.6295637580553994,1.608056238747405,0.1094512458310087,0.1556538958640334,0.2023388110805951,0.01430416778282,0.0046072891820287,0.009589966612953,0.0001069119878382,downstairs,wiktor
1672842727700193700,-0.0533143567517151,1.456379217216669,0.094828524617895,1.4604366792359378,-0.0533143567517151,0.042678238608852,0.2092809451128733,1.456379217216669,1.5948708531587217,1.6295637580553994,0.094828524617895,0.1094512458310087,0.1556538958640334,0.0119207327064311,0.0002804854455692,0.0115958627089644,4.4384551897422505e-05,downstairs,wiktor
1672842727710193700,-0.0296295326835787,1.3040909201681796,0.1042502603282005,1.3085867010063317,-0.0296295326835787,-0.0533143567517151,0.042678238608852,1.3040909201681796,1.456379217216669,1.5948708531587217,0.1042502603282005,0.094828524617895,0.1094512458310087,0.0166860442909508,0.0098041757145651,0.0060620338285108,0.0008198347478748,downstairs,wiktor
1672842727720193700,0.1104002906724848,1.193981576073222,0.1447430929748507,1.2077792808070482,0.1104002906724848,-0.0296295326835787,-0.0533143567517151,1.193981576073222,1.3040909201681796,1.456379217216669,0.1447430929748507,0.1042502603282005,0.094828524617895,0.0224786205754774,0.0190320831572222,0.0025772190360316,0.0008693183822235,downstairs,wiktor
1672842727730193700,0.3055006912729054,1.122187160746797,0.1864400564667781,1.177877154362252,0.3055006912729054,0.1104002906724848,-0.0296295326835787,1.122187160746797,1.193981576073222,1.3040909201681796,0.1864400564667781,0.1447430929748507,0.1042502603282005,0.0133590001784531,0.0132842836041116,2.786719973176564e-05,4.68493746097125e-05,downstairs,wiktor
1672842727740193700,0.4684993636853617,1.1147216132475488,0.1767602450419917,1.2220229592941827,0.4684993636853617,0.3055006912729054,0.1104002906724848,1.1147216132475488,1.122187160746797,1.193981576073222,0.1767602450419917,0.1864400564667781,0.1447430929748507,0.0097236210468641,0.0069841024400634,0.0006061139945938,0.0021334046122068,downstairs,wiktor
1672842727750193700,0.5866865240714496,1.149538677873788,0.1114394273464531,1.2953991645134566,0.5866865240714496,0.4684993636853617,0.3055006912729054,1.149538677873788,1.1147216132475488,1.122187160746797,0.1114394273464531,0.1767602450419917,0.1864400564667781,0.0073060288527167,0.000891148374902,0.0026169860345086,0.0037978944433061,downstairs,wiktor
1672842727760193700,0.6289037806119213,1.2218848738278072,0.0242856042139467,1.374449853843057,0.6289037806119213,0.5866865240714496,0.4684993636853617,1.2218848738278072,1.149538677873788,1.1147216132475488,0.0242856042139467,0.1114394273464531,0.1767602450419917,0.005539486343263,0.0012288001655419,0.0032051469789734,0.0011055391987476,downstairs,wiktor
1672842727770193700,0.5793295904411891,1.3019491852152596,-0.022736501199309,1.42520574084243,0.5793295904411891,0.6289037806119213,0.5866865240714496,1.3019491852152596,1.2218848738278072,1.149538677873788,-0.022736501199309,0.0242856042139467,0.1114394273464531,0.0139371315310205,0.0133368049216851,0.0003588996600727,0.0002414269492626,downstairs,wiktor
1672842727780193700,0.4160090165891167,1.32874096231469,-0.0447104380001044,1.3930596075123898,0.4160090165891167,0.5793295904411891,0.6289037806119213,1.32874096231469,1.3019491852152596,1.2218848738278072,-0.0447104380001044,-0.022736501199309,0.0242856042139467,0.0390490291243058,0.0384642788433629,0.0004876322702375,9.711801070523387e-05,downstairs,wiktor
1672842727790193700,0.138649038065311,1.2975117365722035,-0.0307735796234663,1.3052613820618049,0.138649038065311,0.4160090165891167,0.5793295904411891,1.2975117365722035,1.32874096231469,1.3019491852152596,-0.0307735796234663,-0.0447104380001044,-0.022736501199309,0.0454052128179253,0.0436021223312781,0.0011891486491811,0.0006139418374661,downstairs,wiktor
1672842727800193700,-0.1566546101724922,1.2487439470143171,0.0042675915175254,1.2585389642083205,-0.1566546101724922,0.138649038065311,0.4160090165891167,1.2487439470143171,1.2975117365722035,1.32874096231469,0.0042675915175254,-0.0307735796234663,-0.0447104380001044,0.0108842001322867,0.0105339053473074,0.0002103391414552,0.0001399556435241,downstairs,wiktor
1672842727810193700,-0.3018021581869688,1.2692543902789186,0.0209981410317628,1.3048111632935286,-0.3018021581869688,-0.1566546101724922,0.138649038065311,1.2692543902789186,1.2487439470143171,1.2975117365722035,0.0209981410317628,0.0042675915175254,-0.0307735796234663,0.0022001460199437,0.0016527208786979,0.0005180992967098,2.932584453600764e-05,downstairs,wiktor
1672842727820193700,-0.3592951295608321,1.3014444290086191,0.028656580107189,1.3504339271164458,-0.3592951295608321,-0.3018021581869688,-0.1566546101724922,1.3014444290086191,1.2692543902789186,1.2487439470143171,0.028656580107189,0.0209981410317628,0.0042675915175254,0.0025256678621039,0.0021889419420895,0.0002860981801644,5.062773985002825e-05,downstairs,wiktor
1672842727830193700,-0.4254607088613948,1.2775238027557627,0.038719158290739,1.3470646066952872,-0.4254607088613948,-0.3592951295608321,-0.3018021581869688,1.2775238027557627,1.3014444290086191,1.2692543902789186,0.038719158290739,0.028656580107189,0.0209981410317628,0.0013608225638615,0.0011699242592258,5.487786411876072e-05,0.0001360204405169,downstairs,wiktor
1672842727840193700,-0.4738326895780426,1.267047365945591,0.0552128201350316,1.353874034306621,-0.4738326895780426,-0.4254607088613948,-0.3592951295608321,1.267047365945591,1.2775238027557627,1.3014444290086191,0.0552128201350316,0.038719158290739,0.028656580107189,0.0008056974406595,0.0001041544765552,5.8392835838601935e-08,0.0007014845712683,downstairs,wiktor
1672842727850193700,-0.4593997774287029,1.266705626758963,0.0926690498243206,1.3506216543354033,-0.4593997774287029,-0.4738326895780426,-0.4254607088613948,1.266705626758963,1.267047365945591,1.2775238027557627,0.0926690498243206,0.0552128201350316,0.038719158290739,0.0113081955723078,0.0093677901623153,0.0002091642601674,0.001731241149825,downstairs,wiktor
1672842727860193700,-0.3225218013893459,1.2871587077086597,0.1515119109006662,1.3355724279672845,-0.3225218013893459,-0.4593997774287029,-0.4738326895780426,1.2871587077086597,1.266705626758963,1.267047365945591,0.1515119109006662,0.0926690498243206,0.0552128201350316,0.030954285373122,0.029816756736839,6.400722147936622e-05,0.0010735214148035,downstairs,wiktor
1672842727870193700,-0.0783220604523864,1.2984730544842684,0.1978481044172596,1.3157927233408444,-0.0783220604523864,-0.3225218013893459,-0.4593997774287029,1.2984730544842684,1.2871587077086597,1.266705626758963,0.1978481044172596,0.1515119109006662,0.0926690498243206,0.0065671694872938,0.0049834184180429,0.0015832576157865,4.934534643151337e-07,downstairs,wiktor
1672842727880193700,0.0215119860251848,1.2422012566493572,0.1988415363115686,1.2581989843131869,0.0215119860251848,-0.0783220604523864,-0.3225218013893459,1.2422012566493572,1.2984730544842684,1.2871587077086597,0.1988415363115686,0.1978481044172596,0.1515119109006662,0.0207160699564824,0.0172813379106833,0.0034087304853804,2.6001560418536e-05,downstairs,wiktor
1672842727890193700,0.2074223833174471,1.1596333393281546,0.2060528552503669,1.195922784271328,0.2074223833174471,0.0215119860251848,-0.0783220604523864,1.1596333393281546,1.2422012566493572,1.2984730544842684,0.2060528552503669,0.1988415363115686,0.1978481044172596,0.0508461794804296,0.0503128617564281,0.0003773579087283,0.0001559598152731,downstairs,wiktor
1672842727900193700,0.5246379622426572,1.1321612477176364,0.1883916086764021,1.2619530421055158,0.5246379622426572,0.2074223833174471,0.0215119860251848,1.1321612477176364,1.1596333393281546,1.2422012566493572,0.1883916086764021,0.2060528552503669,0.1988415363115686,0.0404459381651524,0.0240752105309917,0.0001017691275433,0.0162689585066173,downstairs,wiktor
1672842727910193700,0.3052059202296835,1.146427931112409,0.0080089126847005,1.1863860238810626,0.3052059202296835,0.5246379622426572,0.2074223833174471,1.146427931112409,1.1321612477176364,1.1596333393281546,0.0080089126847005,0.1883916086764021,0.2060528552503669,0.0417289727149527,0.026679421757327,0.0004980983844588,0.0145514525731668,downstairs,wiktor
1672842727920193700,0.0742105879940425,1.1779905160654467,-0.1625868233298131,1.1914710833381728,0.0742105879940425,0.3052059202296835,0.5246379622426572,1.1779905160654467,1.146427931112409,1.1321612477176364,-0.1625868233298131,0.0080089126847005,0.1883916086764021,0.0026743853513652,0.0006714702137483,0.0004047081886166,0.0015982069490002,downstairs,wiktor
1672842727930193700,0.1108567395995901,1.1495402721783865,-0.2191236599763786,1.175477448714374,0.1108567395995901,0.0742105879940425,0.3052059202296835,1.1495402721783865,1.1779905160654467,1.146427931112409,-0.2191236599763786,-0.1625868233298131,0.0080089126847005,0.0196873326016499,0.0091147703457461,0.0095080289499947,0.001064533305909,downstairs,wiktor
1672842727940193700,0.2458735559281212,1.0116415488340802,-0.265265469778531,1.0743547823177315,0.2458735559281212,0.1108567395995901,0.0742105879940425,1.0116415488340802,1.1495402721783865,1.1779905160654467,-0.265265469778531,-0.2191236599763786,-0.1625868233298131,0.0211884313990238,0.0001384893906684,0.0209793486752995,7.05933330558458e-05,downstairs,wiktor
1672842727950193700,0.2292308764161896,0.8068033264472437,-0.2533832702299755,0.8761743456078299,0.2292308764161896,0.2458735559281212,0.1108567395995901,0.8068033264472437,1.0116415488340802,1.1495402721783865,-0.2533832702299755,-0.265265469778531,-0.2191236599763786,0.0467475910881478,0.0302212937896878,0.0085690957885758,0.0079572015098841,downstairs,wiktor
1672842727960193700,-0.0166198660666746,0.6758904104414056,-0.1272309693402638,0.6879620530479782,-0.0166198660666746,0.2292308764161896,0.2458735559281212,0.6758904104414056,0.8068033264472437,1.0116415488340802,-0.1272309693402638,-0.2533832702299755,-0.265265469778531,0.0598633354416772,0.0366425921852807,0.0041748891652667,0.0190458540911297,downstairs,wiktor
1672842727970193700,-0.2873322307095949,0.5845132889583255,0.0679400023288335,0.6548522273687957,-0.2873322307095949,-0.0166198660666746,0.2292308764161896,0.5845132889583255,0.6758904104414056,0.8068033264472437,0.0679400023288335,-0.1272309693402638,-0.2533832702299755,0.0189316459843411,1.1460562142940656e-05,0.0030119510922085,0.0159082343299896,downstairs,wiktor
1672842727980193700,-0.2825446296103093,0.5068994874510094,0.246311717182897,0.6304347865729732,-0.2825446296103093,-0.2873322307095949,-0.0166198660666746,0.5068994874510094,0.5845132889583255,0.6758904104414056,0.246311717182897,0.0679400023288335,-0.1272309693402638,0.0196253178429842,0.016554415727226,0.0026974310802503,0.0003734710355078,downstairs,wiktor
1672842727990193700,-0.1005863062105478,0.4334497620566921,0.2736419581444328,0.5223755569331366,-0.1005863062105478,-0.2825446296103093,-0.2873322307095949,0.4334497620566921,0.5068994874510094,0.5845132889583255,0.2736419581444328,0.246311717182897,0.0679400023288335,0.0243363025598764,0.0179706035476318,0.0018434022605175,0.0045222967517271,downstairs,wiktor
1672842728000193700,0.0889953571835253,0.3727306998024461,0.1785388903524088,0.4227581856613943,0.0889953571835253,-0.1005863062105478,-0.2825446296103093,0.3727306998024461,0.4334497620566921,0.5068994874510094,0.1785388903524088,0.2736419581444328,0.246311717182897,0.0241712746913349,0.0029114005119236,7.262173045997632e-06,0.0212526120063652,downstairs,wiktor
1672842728010193700,0.1653026374642912,0.3765417818131086,-0.0276290606310804,0.4121553595369076,0.1653026374642912,0.0889953571835253,-0.1005863062105478,0.3765417818131086,0.3727306998024461,0.4334497620566921,-0.0276290606310804,0.1785388903524088,0.2736419581444328,0.014344039242904,5.9644083088796247e-05,0.0006529371768945,0.0136314579829207,downstairs,wiktor
1672842728020193700,0.1762245496676369,0.4126786653780908,-0.1927439175211902,0.4883738225020041,0.1762245496676369,0.1653026374642912,0.0889953571835253,0.4126786653780908,0.3765417818131086,0.3727306998024461,-0.1927439175211902,-0.0276290606310804,0.1785388903524088,0.0041419765081239,2.151569311657312e-05,0.000168373311433,0.0039520875035743,downstairs,wiktor
1672842728030193700,0.1696647184020367,0.4310293226651218,-0.2816493448422972,0.5421242912079216,0.1696647184020367,0.1762245496676369,0.1653026374642912,0.4310293226651218,0.4126786653780908,0.3765417818131086,-0.2816493448422972,-0.1927439175211902,-0.0276290606310804,0.000278862399767,4.483184943394366e-06,8.616012301744174e-06,0.0002657632025218,downstairs,wiktor
1672842728040193700,0.1726591081373232,0.4268781752811461,-0.304704201273075,0.5521601166578399,0.1726591081373232,0.1696647184020367,0.1762245496676369,0.4268781752811461,0.4310293226651218,0.4126786653780908,-0.304704201273075,-0.2816493448422972,-0.1927439175211902,0.0005693604063847,7.014465252092457e-05,4.183621267856532e-05,0.0004573795411852,downstairs,wiktor
1672842728050193700,0.1845034867635681,0.4177309120097009,-0.2744592168563081,0.5327931241990165,0.1845034867635681,0.1726591081373232,0.1696647184020367,0.4177309120097009,0.4268781752811461,0.4310293226651218,-0.2744592168563081,-0.304704201273075,-0.2816493448422972,0.0021615321383492,0.0001516882110663,7.039260409025964e-05,0.0019394513231926,downstairs,wiktor
1672842728060193700,0.2019211910363106,0.4058656177368849,-0.2121783799449011,0.5005184631624575,0.2019211910363106,0.1845034867635681,0.1726591081373232,0.4058656177368849,0.4177309120097009,0.4268781752811461,-0.2121783799449011,-0.2744592168563081,-0.304704201273075,0.0012325779626618,6.0211332416378295e-05,9.514619285029144e-05,0.0010772204373951,downstairs,wiktor
1672842728070193700,0.2128949171506601,0.3920709671178738,-0.1657624249855307,0.4759422974924744,0.2128949171506601,0.2019211910363106,0.1845034867635681,0.3920709671178738,0.4058656177368849,0.4177309120097009,-0.1657624249855307,-0.2121783799449011,-0.2744592168563081,0.0012480747050207,1.8480978489979945e-05,0.0008059289138433,0.0004236648126874,downstairs,wiktor
1672842728080193700,0.2068152825415771,0.3519230178839881,-0.1366534980837208,0.4304608578579982,0.2068152825415771,0.2128949171506601,0.2019211910363106,0.3519230178839881,0.3920709671178738,0.4058656177368849,-0.1366534980837208,-0.1657624249855307,-0.2121783799449011,0.003994974669537,3.750705922194807e-05,0.002681877348722,0.0012755902615931,downstairs,wiktor
1672842728090193700,0.1981542134133519,0.2786853588727663,-0.0861442858231218,0.3526350231095636,0.1981542134133519,0.2068152825415771,0.2128949171506601,0.2786853588727663,0.3519230178839881,0.3920709671178738,-0.0861442858231218,-0.1366534980837208,-0.1657624249855307,0.0018868936155986,0.0001138203532833,0.0008417926268961,0.0009312806354191,downstairs,wiktor
1672842728100193700,0.2132419801986221,0.2376538434999171,-0.0429868847100074,0.3221790863888967,0.2132419801986221,0.1981542134133519,0.2068152825415771,0.2376538434999171,0.2786853588727663,0.3519230178839881,-0.0429868847100074,-0.0861442858231218,-0.1366534980837208,0.0011014225222731,0.0002068776425436,0.0004419931482937,0.0004525517314357,downstairs,wiktor
1672842728110193700,0.2335829557181835,0.2673857505458405,-0.0730718221849545,0.3624853486617562,0.2335829557181835,0.2132419801986221,0.1981542134133519,0.2673857505458405,0.2376538434999171,0.2786853588727663,-0.0730718221849545,-0.0429868847100074,-0.0861442858231218,0.0055071799523564,5.595636154245401e-07,0.002147944825352,0.0033586755633889,downstairs,wiktor
1672842728120193700,0.2325250676187849,0.3329287871760126,-0.1550312702478708,0.4346770975750615,0.2325250676187849,0.2335829557181835,0.2132419801986221,0.3329287871760126,0.2673857505458405,0.2376538434999171,-0.1550312702478708,-0.0730718221849545,-0.0429868847100074,0.0042334093736455,9.809616237299544e-05,0.0005394023667499,0.0035959108445226,downstairs,wiktor
1672842728130193700,0.2465319346755536,0.3657739501912857,-0.2398358791382214,0.5020854771604255,0.2465319346755536,0.2325250676187849,0.2335829557181835,0.3657739501912857,0.3329287871760126,0.2673857505458405,-0.2398358791382214,-0.1550312702478708,-0.0730718221849545,0.0025086623605162,0.0007216107358849,3.7573759707857e-05,0.0017494778649234,downstairs,wiktor
1672842728140193700,0.2845216895019529,0.3744427170825866,-0.2989878506171745,0.5572734292875567,0.2845216895019529,0.2465319346755536,0.2325250676187849,0.3744427170825866,0.3657739501912857,0.3329287871760126,-0.2989878506171745,-0.2398358791382214,-0.1550312702478708,0.0007712959109634,0.0002435846040631,0.0001869452093173,0.000340766097583,downstairs,wiktor
1672842728150193700,0.2624497795681415,0.393778963322089,-0.3250940222086973,0.5741322861729814,0.2624497795681415,0.2845216895019529,0.2465319346755536,0.393778963322089,0.3744427170825866,0.3657739501912857,-0.3250940222086973,-0.2989878506171745,-0.2398358791382214,0.0128264634915336,0.0116177111248025,0.0007324722516943,0.0004762801150367,downstairs,wiktor
1672842728160193700,0.11001808257042,0.4320535567672013,-0.2942304477223624,0.5341776958789677,0.11001808257042,0.2624497795681415,0.2845216895019529,0.4320535567672013,0.393778963322089,0.3744427170825866,-0.2942304477223624,-0.3250940222086973,-0.2989878506171745,0.0331382204900823,0.0267744087865864,0.000664969482414,0.0056988422210819,downstairs,wiktor
1672842728170193700,-0.121388091878692,0.4685218850100479,-0.1874705093458169,0.5190308444184203,-0.121388091878692,0.11001808257042,0.2624497795681415,0.4685218850100479,0.4320535567672013,0.393778963322089,-0.1874705093458169,-0.2942304477223624,-0.3250940222086973,0.0127598408368058,0.0019519295296861,0.0009868929093005,0.0098210183978191,downstairs,wiktor
1672842728180193700,-0.183868961425877,0.5129491943884141,-0.0473204583446194,0.5469587706376949,-0.183868961425877,-0.121388091878692,0.11001808257042,0.5129491943884141,0.4685218850100479,0.4320535567672013,-0.0473204583446194,-0.1874705093458169,-0.2942304477223624,0.024779243902815,0.0152236294106063,0.0003737558584074,0.0091818586338012,downstairs,wiktor
1672842728190193700,-0.0093775323492239,0.5402898548927788,0.0881923353967926,0.5475207333387121,-0.0093775323492239,-0.183868961425877,-0.121388091878692,0.5402898548927788,0.5129491943884141,0.4685218850100479,0.0881923353967926,-0.0473204583446194,-0.1874705093458169,0.6739641438693551,0.6290670713329924,0.0184194301081116,0.026477642428251,downstairs,wiktor
1672842728200193700,1.1122882568527044,0.732224375540377,0.3183124884831795,1.3691824359055578,1.1122882568527044,-0.0093775323492239,-0.183868961425877,0.732224375540377,0.5402898548927788,0.5129491943884141,0.3183124884831795,0.0881923353967926,-0.0473204583446194,0.3213783319464217,5.61610538103859e-05,0.321222126749482,0.0001000441431293,downstairs,wiktor
1672842728210193700,1.1228864693256062,1.5337505781681913,0.3041672318132301,1.9250409252622944,1.1228864693256062,1.1122882568527044,-0.0093775323492239,1.5337505781681913,0.732224375540377,0.5402898548927788,0.3041672318132301,0.3183124884831795,0.0881923353967926,1.7018819275603123,0.9702272399347456,0.7110116945816405,0.0206429930439261,downstairs,wiktor
1672842728220193700,-0.2701154976039064,2.726236799959991,0.1009776993863543,2.741445962858881,-0.2701154976039064,1.1228864693256062,1.1122882568527044,2.726236799959991,1.5337505781681913,0.732224375540377,0.1009776993863543,0.3041672318132301,0.3183124884831795,0.9112612036075188,0.0392536165579072,0.8488354409008992,0.0231721461487124,downstairs,wiktor
1672842728230193700,-0.5503069198777055,4.029183798805991,-0.1142995458055723,4.068196673809825,-0.5503069198777055,-0.2701154976039064,1.1228864693256062,4.029183798805991,2.726236799959991,1.5337505781681913,-0.1142995458055723,0.1009776993863543,0.3041672318132301,0.2353755055366302,0.1051387203999902,0.0214310573670163,0.1088057277696236,downstairs,wiktor
1672842728240193700,-0.0917467375679235,3.82215212312801,-0.5807879760364274,3.867115073190194,-0.0917467375679235,-0.5503069198777055,-0.2701154976039064,3.82215212312801,4.029183798805991,2.726236799959991,-0.5807879760364274,-0.1142995458055723,0.1009776993863543,1.6517538702314694,0.2288831091761947,1.417515442137032,0.0053553189182426,downstairs,wiktor
1672842728250193700,0.5848374910040921,2.138397127805334,-0.6842801875138388,2.320132871650681,0.5848374910040921,-0.0917467375679235,-0.5503069198777055,2.138397127805334,3.82215212312801,4.029183798805991,-0.6842801875138388,-0.5807879760364274,-0.1142995458055723,1.117130458603529,0.0029952412408214,1.084360640148613,0.0297745772140949,downstairs,wiktor
1672842728260193700,0.5074392837790996,0.6657392312464537,-0.4402532332071681,0.9457939839585732,0.5074392837790996,0.5848374910040921,-0.0917467375679235,0.6657392312464537,2.138397127805334,3.82215212312801,-0.4402532332071681,-0.6842801875138388,-0.5807879760364274,0.2197174593207831,0.0351265979608279,0.16405190730969,0.0205389540502652,downstairs,wiktor
1672842728270193700,0.2423860892658928,0.09293576179172,-0.2375763768556585,0.3518957330364813,0.2423860892658928,0.5074392837790996,0.5848374910040921,0.09293576179172,0.6657392312464537,2.138397127805334,-0.2375763768556585,-0.4402532332071681,-0.6842801875138388,0.0644432181691849,0.034048162545834,0.0254233106818611,0.0049717449414898,downstairs,wiktor
1672842728280193700,-0.0185666365134483,-0.1325561923080264,-0.1378593277467941,0.1921485320199532,-0.0185666365134483,0.2423860892658928,0.5074392837790996,-0.1325561923080264,0.09293576179172,0.6657392312464537,-0.1378593277467941,-0.2375763768556585,-0.4402532332071681,0.006922819803021,0.0050964997979442,0.0016125286698254,0.0002137913352514,downstairs,wiktor
1672842728290193700,-0.1195270227839475,-0.1893457806112613,-0.1171812555324202,0.2527251084855571,-0.1195270227839475,-0.0185666365134483,0.2423860892658928,-0.1893457806112613,-0.1325561923080264,0.09293576179172,-0.1171812555324202,-0.1378593277467941,-0.2375763768556585,0.0068561179396354,9.609461986741604e-05,0.0063231834204858,0.0004368398992822,downstairs,wiktor
1672842728300193700,-0.1333902561634601,-0.0768897143410428,-0.1467393305469472,0.21269090187445,-0.1333902561634601,-0.1195270227839475,-0.0185666365134483,-0.0768897143410428,-0.1893457806112613,-0.1325561923080264,-0.1467393305469472,-0.1171812555324202,-0.1378593277467941,0.0850527013691284,4.2609942189973935e-06,0.0846181589587431,0.0004302814161663,downstairs,wiktor
1672842728310193700,-0.1363095006612703,0.3344937052537268,-0.1174039793076555,0.3798025976506273,-0.1363095006612703,-0.1333902561634601,-0.1195270227839475,0.3344937052537268,-0.0768897143410428,-0.1893457806112613,-0.1174039793076555,-0.1467393305469472,-0.1171812555324202,0.1008869663561946,3.068895905737626e-05,0.100586335090813,0.0002699423063242,downstairs,wiktor
1672842728320193700,-0.1441439067086202,0.7830164696499456,-0.1406393965117517,0.8084996582778977,-0.1441439067086202,-0.1363095006612703,-0.1333902561634601,0.7830164696499456,0.3344937052537268,-0.0768897143410428,-0.1406393965117517,-0.1174039793076555,-0.1467393305469472,0.1099530764128148,0.0028385738863358,0.1071036737720869,1.0828754392166012e-05,downstairs,wiktor
1672842728330193700,-0.219490756494604,1.245841866040608,-0.1359856336488275,1.27231687873933,-0.219490756494604,-0.1441439067086202,-0.1363095006612703,1.245841866040608,0.7830164696499456,0.3344937052537268,-0.1359856336488275,-0.1406393965117517,-0.1174039793076555,0.1038647522693386,2.287784410468044e-05,0.0965226736526957,0.0073192007725381,downstairs,wiktor
1672842728340193700,-0.2262550515953045,1.6852111268058458,-0.0149963715423234,1.7003978303450218,-0.2262550515953045,-0.219490756494604,-0.1441439067086202,1.6852111268058458,1.245841866040608,0.7830164696499456,-0.0149963715423234,-0.1359856336488275,-0.1406393965117517,0.0478469166997409,0.0113415964634499,0.0232380837306147,0.0132672365056762,downstairs,wiktor
1672842728350193700,-0.075645646421192,1.9007944458758272,0.1478976830187703,1.908039704497051,-0.075645646421192,-0.2262550515953045,-0.219490756494604,1.9007944458758272,1.6852111268058458,1.245841866040608,0.1478976830187703,-0.0149963715423234,-0.1359856336488275,0.0319690034417661,0.0284176944104804,0.0034194477264063,0.0001318613048794,downstairs,wiktor
1672842728360193700,0.1627560918714655,1.818096831322488,0.164137221490008,1.8327320210507048,0.1627560918714655,-0.075645646421192,-0.2262550515953045,1.818096831322488,1.9007944458758272,1.6852111268058458,0.164137221490008,0.1478976830187703,-0.0149963715423234,0.0844357888215245,0.0002332222337381,0.0675971698107809,0.0166053967770054,downstairs,wiktor
1672842728370193700,0.1411587664010233,1.450409002286005,-0.018101066347677,1.4573742552436784,0.1411587664010233,0.1627560918714655,-0.075645646421192,1.450409002286005,1.818096831322488,1.9007944458758272,-0.018101066347677,0.164137221490008,0.1478976830187703,0.0786440905876085,0.0161272553446194,0.0449631140707789,0.0175537211722102,downstairs,wiktor
1672842728380193700,-0.0384366419178944,1.1505319805895138,-0.205470867394752,1.1693671327470707,-0.0384366419178944,0.1411587664010233,0.1627560918714655,1.1505319805895138,1.450409002286005,1.818096831322488,-0.205470867394752,-0.018101066347677,0.164137221490008,0.0186940201363671,0.0061528047592586,0.0090389389251875,0.0035022764519209,downstairs,wiktor
1672842728390193700,-0.1493672937618154,1.016077981577305,-0.289164074429982,1.0669306046003584,-0.1493672937618154,-0.0384366419178944,0.1411587664010233,1.016077981577305,1.1505319805895138,1.450409002286005,-0.289164074429982,-0.205470867394752,-0.018101066347677,0.0051401030922621,0.000600710585789,0.0026395161366046,0.0018998763698684,downstairs,wiktor
1672842728400193700,-0.1147057708354057,0.9434210323349278,-0.3508062088814832,1.013047705838498,-0.1147057708354057,-0.1493672937618154,-0.0384366419178944,0.9434210323349278,1.016077981577305,1.1505319805895138,-0.3508062088814832,-0.289164074429982,-0.205470867394752,0.0058653119559276,0.0029580130019227,0.001430533527858,0.0014767654261467,downstairs,wiktor
1672842728410193700,-0.037790063701911,0.8899320890315106,-0.4051526057472691,0.9785478250685476,-0.037790063701911,-0.1147057708354057,-0.1493672937618154,0.8899320890315106,0.9434210323349278,1.016077981577305,-0.4051526057472691,-0.3508062088814832,-0.289164074429982,0.0031180027227985,0.002241490122846,0.0008725307853945,3.981814558009749e-06,downstairs,wiktor
1672842728420193700,0.0291649976877404,0.8481581549243535,-0.4079745960229468,0.9416295045583992,0.0291649976877404,-0.037790063701911,-0.1147057708354057,0.8481581549243535,0.8899320890315106,0.9434210323349278,-0.4079745960229468,-0.4051526057472691,-0.3508062088814832,0.0056799827754204,0.0010728032635139,4.635143041979868e-05,0.0045608280814866,downstairs,wiktor
1672842728430193700,0.075485689900054,0.8577863874121779,-0.3124672341968899,0.9160411280373694,0.075485689900054,0.0291649976877404,-0.037790063701911,0.8577863874121779,0.8481581549243535,0.8899320890315106,-0.3124672341968899,-0.4079745960229468,-0.4051526057472691,0.0114373340275517,6.648120725112312e-06,0.0004864762492497,0.0109442096575768,downstairs,wiktor
1672842728440193700,0.0718392887358614,0.888978573909753,-0.164519881009502,0.9069236900225252,0.0718392887358614,0.075485689900054,0.0291649976877404,0.888978573909753,0.8577863874121779,0.8481581549243535,-0.164519881009502,-0.3124672341968899,-0.4079745960229468,0.0037051880274704,0.0002731768657725,6.036818000807395e-05,0.0033716429816898,downstairs,wiktor
1672842728450193700,0.0484650779139959,0.8999665837393876,-0.082402367875094,0.9050297596522318,0.0484650779139959,0.0718392887358614,0.075485689900054,0.8999665837393876,0.888978573909753,0.8577863874121779,-0.082402367875094,-0.164519881009502,-0.3124672341968899,0.0013827412486226,0.0001625272595676,3.514642931599884e-07,0.0012198625247618,downstairs,wiktor
1672842728460193700,0.0664943463166613,0.8991281753744962,-0.0330087949174345,0.902187649209549,0.0664943463166613,0.0484650779139959,0.0718392887358614,0.8991281753744962,0.8999665837393876,0.888978573909753,-0.0330087949174345,-0.082402367875094,-0.164519881009502,0.0017621633877135,0.0008894039703653,4.123206500743914e-05,0.0008315273523407,downstairs,wiktor
1672842728470193700,0.1086702629128746,0.8900471991045746,0.0077717728162471,0.8966903830911532,0.1086702629128746,0.0664943463166613,0.0484650779139959,0.8900471991045746,0.8991281753744962,0.8999665837393876,0.0077717728162471,-0.0330087949174345,-0.082402367875094,0.0007908443838679,0.0001915496220112,0.0002740706547532,0.0003252241071034,downstairs,wiktor
1672842728480193700,0.1282431841057517,0.8666347812562091,0.0332756590731858,0.8767037286560004,0.1282431841057517,0.1086702629128746,0.0664943463166613,0.8666347812562091,0.8900471991045746,0.8991281753744962,0.0332756590731858,0.0077717728162471,-0.0330087949174345,0.0011865137885779,5.2875063138547285e-05,0.001006497606076,0.0001271411193633,downstairs,wiktor
1672842728490193700,0.1179596960653495,0.8217683660645304,0.0492218886816792,0.831649284064857,0.1179596960653495,0.1282431841057517,0.1086702629128746,0.8217683660645304,0.8666347812562091,0.8900471991045746,0.0492218886816792,0.0332756590731858,0.0077717728162471,0.0018245567748491,0.0002148243801176,0.0015920706122757,1.7661782455759506e-05,downstairs,wiktor
1672842728500193700,0.0972317255849746,0.7653401707668651,0.0551652517794142,0.7734615636562506,0.0972317255849746,0.1179596960653495,0.1282431841057517,0.7653401707668651,0.8217683660645304,0.8666347812562091,0.0551652517794142,0.0492218886816792,0.0332756590731858,0.0023960350920745,0.0007598800681548,0.0016172793923025,1.8875631617179967e-05,downstairs,wiktor
1672842728510193700,0.05824762451403,0.7084669891730325,0.0490210461159977,0.7125456641308935,0.05824762451403,0.0972317255849746,0.1179596960653495,0.7084669891730325,0.7653401707668651,0.8217683660645304,0.0490210461159977,0.0551652517794142,0.0492218886816792,0.0011950862893111,4.5731170030623146e-05,0.0011284838462423,2.087127303818833e-05,downstairs,wiktor
1672842728520193700,0.0486840299983029,0.6609594351159706,0.055481893279983,0.6650682296784518,0.0486840299983029,0.05824762451403,0.0972317255849746,0.6609594351159706,0.7084669891730325,0.7653401707668651,0.055481893279983,0.0490210461159977,0.0551652517794142,0.0008115506064839,0.0003288252041175,0.0001886232400897,0.0002941021622765,downstairs,wiktor
1672842728530193700,0.0743287255167755,0.6415366011265776,0.0797348173212839,0.6507315968317876,0.0743287255167755,0.0486840299983029,0.05824762451403,0.6415366011265776,0.6609594351159706,0.7084669891730325,0.0797348173212839,0.055481893279983,0.0490210461159977,0.0008850352824526,0.0002251504467404,1.309319850205211e-05,0.00064679163721,downstairs,wiktor
1672842728540193700,0.095549019894586,0.6466538657283062,0.1157012360256835,0.6638355318014012,0.095549019894586,0.0743287255167755,0.0486840299983029,0.6466538657283062,0.6415366011265776,0.6609594351159706,0.1157012360256835,0.0797348173212839,0.055481893279983,0.0010553707890788,0.0006652205725399,0.0003887247936186,1.4254229202110112e-06,downstairs,wiktor
1672842728550193700,0.1320242326435173,0.6745366487177673,0.1173896808250246,0.6972879072755438,0.1320242326435173,0.095549019894586,0.0743287255167755,0.6745366487177673,0.6466538657283062,0.6415366011265776,0.1173896808250246,0.1157012360256835,0.0797348173212839,0.0010446482675794,0.0005741261690142,0.000389567653084,8.09544454811277e-05,downstairs,wiktor
1672842728560193700,0.1659101048918237,0.7024496440097105,0.1046653383680543,0.7293260576246294,0.1659101048918237,0.1320242326435173,0.095549019894586,0.7024496440097105,0.6745366487177673,0.6466538657283062,0.1046653383680543,0.1173896808250246,0.1157012360256835,0.0018757443722845,0.0004799978331715,0.0008005308323399,0.000595215706773,downstairs,wiktor
1672842728570193700,0.1349263080563294,0.7424629126175093,0.0701627092864014,0.757878018544274,0.1349263080563294,0.1659101048918237,0.1320242326435173,0.7424629126175093,0.7024496440097105,0.6745366487177673,0.0701627092864014,0.1046653383680543,0.1173896808250246,0.0043071855169406,0.0019174803650179,0.0010116203039591,0.0013780848479635,downstairs,wiktor
1672842728580193700,0.0729992483002269,0.7874433595685834,0.0176634740926673,0.7910170245311271,0.0729992483002269,0.1349263080563294,0.1659101048918237,0.7874433595685834,0.7424629126175093,0.7024496440097105,0.0176634740926673,0.0701627092864014,0.1046653383680543,0.0048065478048009,0.0027145976702558,0.0016782996067536,0.0004136505277914,downstairs,wiktor
1672842728590193700,-0.0006838253362035,0.8453795245565019,-0.0110993674843211,0.8454526622555633,-0.0006838253362035,0.0729992483002269,0.1349263080563294,0.8453795245565019,0.7874433595685834,0.7424629126175093,-0.0110993674843211,0.0176634740926673,0.0701627092864014,0.0069087357096206,0.0045076854201531,0.0022798282409486,0.0001212220485189,downstairs,wiktor
1672842728600193700,-0.0956331320230154,0.9129047530411002,-0.0266699839473223,0.9182875759310446,-0.0956331320230154,-0.0006838253362035,0.0729992483002269,0.9129047530411002,0.8453795245565019,0.7874433595685834,-0.0266699839473223,-0.0110993674843211,0.0176634740926673,0.0017894744461101,4.847644306974754e-05,0.0014276401476643,0.000313357855376,downstairs,wiktor
1672842728610193700,-0.105479597690426,0.9663395759127892,-0.0517042746453232,0.9734533648412964,-0.105479597690426,-0.0956331320230154,-0.0006838253362035,0.9663395759127892,0.9129047530411002,0.8453795245565019,-0.0517042746453232,-0.0266699839473223,-0.0110993674843211,0.0017817008872045,0.00026975667589,0.0013700388641506,0.0001419053471638,downstairs,wiktor
1672842728620193700,-0.0822521709758699,1.018685327682166,-0.0685509566429084,1.0242970517002494,-0.0822521709758699,-0.105479597690426,-0.0956331320230154,1.018685327682166,0.9663395759127892,0.9129047530411002,-0.0685509566429084,-0.0517042746453232,-0.0266699839473223,0.001036707647126,0.0001125678620055,0.0007165932403008,0.0002075465448196,downstairs,wiktor
1672842728630193700,-0.0672476475242213,1.056542777155178,-0.0889247900975948,1.0624088216643437,-0.0672476475242213,-0.0822521709758699,-0.105479597690426,1.056542777155178,1.018685327682166,0.9663395759127892,-0.0889247900975948,-0.0685509566429084,-0.0517042746453232,0.0007099553846462,0.0002742600563109,0.0002289693152525,0.0002067260130828,downstairs,wiktor
1672842728640193700,-0.0906681537660148,1.0779422778620882,-0.1092583098658398,1.087252338137097,-0.0906681537660148,-0.0672476475242213,-0.0822521709758699,1.0779422778620882,1.056542777155178,1.018685327682166,-0.1092583098658398,-0.0889247900975948,-0.0685509566429084,0.000352209984769,0.0003365592397527,1.4793341035022735e-05,8.574039812977789e-07,downstairs,wiktor
1672842728650193700,-0.116612680732323,1.0833816419857745,-0.1079488031027433,1.0949736268927606,-0.116612680732323,-0.0906681537660148,-0.0672476475242213,1.0833816419857745,1.0779422778620882,1.056542777155178,-0.1079488031027433,-0.1092583098658398,-0.0889247900975948,0.0003934458062553,0.0001969229310517,1.3779538041438612e-05,0.0001827433371622,downstairs,wiktor
1672842728660193700,-0.0967671305483793,1.078131968083247,-0.0888310973218594,1.0861046828041157,-0.0967671305483793,-0.116612680732323,-0.0906681537660148,1.078131968083247,1.0833816419857745,1.0779422778620882,-0.0888310973218594,-0.1079488031027433,-0.1092583098658398,0.000492568211766,0.0001720673699876,8.610510610374377e-05,0.0002343957356746,downstairs,wiktor
1672842728670193700,-0.0782162615667056,1.0912548569499367,-0.0671795045086417,1.096114972170495,-0.0782162615667056,-0.0967671305483793,-0.116612680732323,1.0912548569499367,1.078131968083247,1.0833816419857745,-0.0671795045086417,-0.0888310973218594,-0.1079488031027433,0.0011626134188331,8.883386720852917e-05,0.0007796347627231,0.0002941447889015,downstairs,wiktor
1672842728680193700,-0.064887055498186,1.1307424439292182,-0.0429248229439824,1.1334157864168903,-0.064887055498186,-0.0782162615667056,-0.0967671305483793,1.1307424439292182,1.0912548569499367,1.078131968083247,-0.0429248229439824,-0.0671795045086417,-0.0888310973218594,0.0018318589874526,0.0001809076145127,0.0012185526258732,0.0004323987470667,downstairs,wiktor
1672842728690193700,-0.045865614200916,1.1801094901417115,-0.0135173835088084,1.1810778056273357,-0.045865614200916,-0.064887055498186,-0.0782162615667056,1.1801094901417115,1.1307424439292182,1.0912548569499367,-0.0135173835088084,-0.0429248229439824,-0.0671795045086417,0.0030144537236817,5.198900653551159e-05,0.0021437495507123,0.0008187151664339,downstairs,wiktor
1672842728700193700,-0.0356686532285957,1.2455884875487029,0.0269477908126724,1.2463904350430044,-0.0356686532285957,-0.045865614200916,-0.064887055498186,1.2455884875487029,1.1801094901417115,1.1307424439292182,0.0269477908126724,-0.0135173835088084,-0.0429248229439824,0.0047325174627917,4.684112618746037e-07,0.0036432330719511,0.0010888159795786,downstairs,wiktor
1672842728710193700,-0.0366365491546896,1.3309492873569424,0.0736128951108242,1.3334868205484876,-0.0366365491546896,-0.0356686532285957,-0.045865614200916,1.3309492873569424,1.2455884875487029,1.1801094901417115,0.0736128951108242,0.0269477908126724,-0.0135173835088084,0.0046847042598825,0.0002076131538988,0.0034691165544774,0.0010079745515061,downstairs,wiktor
1672842728720193700,-0.0162594466178285,1.4142453443401808,0.1185122169655291,1.419295391792096,-0.0162594466178285,-0.0366365491546896,-0.0356686532285957,1.4142453443401808,1.3309492873569424,1.2455884875487029,0.1185122169655291,0.0736128951108242,0.0269477908126724,0.0039049162494489,0.0014303170492201,0.0018021052975429,0.0006724939026858,downstairs,wiktor
1672842728730193700,0.0372254493663669,1.4742804223786563,0.1551862923508989,1.4828928765164178,0.0372254493663669,-0.0162594466178285,-0.0366365491546896,1.4742804223786563,1.4142453443401808,1.3309492873569424,0.1551862923508989,0.1185122169655291,0.0736128951108242,0.0021865670546312,0.0020688587728674,4.89891888794006e-05,6.871909288442875e-05,downstairs,wiktor
1672842728740193700,0.1015505420265016,1.4841788251669248,0.1669096956864862,1.496983013989773,0.1015505420265016,0.0372254493663669,-0.0162594466178285,1.4841788251669248,1.4742804223786563,1.4142453443401808,0.1669096956864862,0.1551862923508989,0.1185122169655291,0.0019095582153572,0.0016708404601358,0.0001648019180638,7.391583715750757e-05,downstairs,wiktor
1672842728750193700,0.1593578159656152,1.466023830368585,0.1547510907371092,1.4827571226611032,0.1593578159656152,0.1015505420265016,0.0372254493663669,1.466023830368585,1.4841788251669248,1.4742804223786563,0.1547510907371092,0.1669096956864862,0.1551862923508989,0.0012986585827854,0.0006818453875707,0.0002617610362372,0.0003550521589774,downstairs,wiktor
1672842728760193700,0.1962859999873289,1.443143225645926,0.128103308128516,1.4620536997908875,0.1962859999873289,0.1593578159656152,0.1015505420265016,1.443143225645926,1.466023830368585,1.4841788251669248,0.128103308128516,0.1547510907371092,0.1669096956864862,0.0007544516000339,2.650287335081364e-05,1.5665339579488433e-08,0.0007279330613435,downstairs,wiktor
1672842728770193700,0.1890054954236583,1.4433202303892494,0.0899474943816297,1.4584193212162104,0.1890054954236583,0.1962859999873289,0.1593578159656152,1.4433202303892494,1.443143225645926,1.466023830368585,0.0899474943816297,0.128103308128516,0.1547510907371092,0.0027952478274904,0.0013696234148605,0.0005053853490248,0.0009202390636051,downstairs,wiktor
1672842728780193700,0.1366676808941901,1.475112850571449,0.047046700365548,1.4821772393804016,0.1366676808941901,0.1890054954236583,0.1962859999873289,1.475112850571449,1.4433202303892494,1.443143225645926,0.047046700365548,0.0899474943816297,0.128103308128516,0.0049944913452819,0.0030065023302052,0.0010893231258061,0.0008986658892705,downstairs,wiktor
1672842728790193700,0.0591241146851844,1.521788821387409,0.0046517504476487,1.5229440293783658,0.0591241146851844,0.1366676808941901,0.1890054954236583,1.521788821387409,1.475112850571449,1.4433202303892494,0.0046517504476487,0.047046700365548,0.0899474943816297,0.0047718431029187,0.0026257748682012,0.0005475588397046,0.0015985093950127,downstairs,wiktor
1672842728800193700,-0.0133434624538546,1.4886962590899775,-0.0518904354848523,1.4896601012021364,-0.0133434624538546,0.0591241146851844,0.1366676808941901,1.4886962590899775,1.521788821387409,1.475112850571449,-0.0518904354848523,0.0046517504476487,0.047046700365548,0.0058221901672589,0.0016363716476509,0.0036602994635557,0.0005255190560523,downstairs,wiktor
1672842728810193700,-0.0705513578469016,1.4031357604523973,-0.0843101534371228,1.4074358451904514,-0.0705513578469016,-0.0133434624538546,0.0591241146851844,1.4031357604523973,1.4886962590899775,1.521788821387409,-0.0843101534371228,-0.0518904354848523,0.0046517504476487,0.0031130043793755,0.0012526707318793,0.001799857445806,6.0476201690052905e-05,downstairs,wiktor
1672842728820193700,-0.1206047439836935,1.343138136402672,-0.0733123171326442,1.3505333219043405,-0.1206047439836935,-0.0705513578469016,-0.0133434624538546,1.343138136402672,1.4031357604523973,1.4886962590899775,-0.0733123171326442,-0.0843101534371228,-0.0518904354848523,0.0047727716435945,0.0025598431600409,0.0020492887098895,0.000163639773664,downstairs,wiktor
1672842728830193700,-0.0490527606423357,1.2791180034773255,-0.0552214479625861,1.2812487847649023,-0.0490527606423357,-0.1206047439836935,-0.0705513578469016,1.2791180034773255,1.343138136402672,1.4031357604523973,-0.0552214479625861,-0.0733123171326442,-0.0843101534371228,0.0243845214692177,0.0218508429118825,0.0012105253254825,0.0013231532318527,downstairs,wiktor
1672842728840193700,0.1599967211168045,1.2299138303721406,-0.0037791845626789,1.2402827351635424,0.1599967211168045,-0.0490527606423357,-0.1206047439836935,1.2299138303721406,1.2791180034773255,1.343138136402672,-0.0037791845626789,-0.0552214479625861,-0.0733123171326442,0.0172535774953198,0.0170824648400243,3.215867895467282e-06,0.0001678967874,downstairs,wiktor
1672842728850193700,0.3448342975996418,1.2324499170802274,0.0145454866431048,1.2798652515377478,0.3448342975996418,0.1599967211168045,-0.0490527606423357,1.2324499170802274,1.2299138303721406,1.2791180034773255,0.0145454866431048,-0.0037791845626789,-0.0552214479625861,0.0236742216542995,0.0220107414364084,0.0011707397686416,0.0004927404492493,downstairs,wiktor
1672842728860193700,0.5546472687735349,1.2808387539879629,-0.0168468834250943,1.395874394047157,0.5546472687735349,0.3448342975996418,0.1599967211168045,1.2808387539879629,1.2324499170802274,1.2299138303721406,-0.0168468834250943,0.0145454866431048,-0.0037791845626789,0.0335964679467008,0.0238857054813504,0.0037529796376327,0.0059577828277177,downstairs,wiktor
1672842728870193700,0.7732139884787563,1.3674756934264345,-0.1260053263208933,1.5759844499082372,0.7732139884787563,0.5546472687735349,0.3448342975996418,1.3674756934264345,1.2808387539879629,1.2324499170802274,-0.1260053263208933,-0.0168468834250943,0.0145454866431048,0.0142697188734606,0.0005944028031736,0.0002167045828445,0.0134586114874424,downstairs,wiktor
1672842728880193700,0.8076930488828229,1.3882941747756852,-0.2900700177535257,1.6321364502177085,0.8076930488828229,0.7732139884787563,0.5546472687735349,1.3882941747756852,1.3674756934264345,1.2808387539879629,-0.2900700177535257,-0.1260053263208933,-0.0168468834250943,0.0322503519423214,0.0223561605943277,0.0015340016017285,0.0083601897462651,downstairs,wiktor
1672842728890193700,0.5962401671605453,1.3329046161616551,-0.4193773241694059,1.5192150580968369,0.5962401671605453,0.8076930488828229,0.7732139884787563,1.3329046161616551,1.3882941747756852,1.3674756934264345,-0.4193773241694059,-0.2900700177535257,-0.1260053263208933,0.0845392864316691,0.0819564303920132,0.0020219992057206,0.0005608568339352,downstairs,wiktor
1672842728900193700,0.1913786343076122,1.2693121762694697,-0.4528693182556134,1.3612016022296949,0.1913786343076122,0.5962401671605453,0.8076930488828229,1.2693121762694697,1.3329046161616551,1.3882941747756852,-0.4528693182556134,-0.4193773241694059,-0.2900700177535257,0.0652439737842067,0.0640948849949871,0.0010429472619695,0.00010614152725,downstairs,wiktor
1672842728910193700,-0.1666573554894671,1.2236405819909777,-0.4674392549232865,1.3204432608322094,-0.1666573554894671,0.1913786343076122,0.5962401671605453,1.2236405819909777,1.2693121762694697,1.3329046161616551,-0.4674392549232865,-0.4528693182556134,-0.4193773241694059,0.0076200479955252,0.0063443310466671,0.0004349853407764,0.0008407316080817,downstairs,wiktor
1672842728920193700,-0.2793013171267174,1.2531358474000711,-0.5084449035117847,1.380896410921153,-0.2793013171267174,-0.1666573554894671,0.1913786343076122,1.2531358474000711,1.2236405819909777,1.2693121762694697,-0.5084449035117847,-0.4674392549232865,-0.4528693182556134,0.0023726171297144,5.394829456870666e-07,0.0006754164209253,0.0016966612258433,downstairs,wiktor
1672842728930193700,-0.2782625842970764,1.2898895253364453,-0.5666971348140001,1.4361026063616642,-0.2782625842970764,-0.2793013171267174,-0.1666573554894671,1.2898895253364453,1.2531358474000711,1.2236405819909777,-0.5666971348140001,-0.5084449035117847,-0.4674392549232865,0.0393084551312661,0.0376524055269912,7.387938853279833e-05,0.001582170215742,downstairs,wiktor
1672842728940193700,-0.552679805064984,1.3020451321524622,-0.5104446643661683,1.503772006811033,-0.552679805064984,-0.2782625842970764,-0.2793013171267174,1.3020451321524622,1.2898895253364453,1.2531358474000711,-0.5104446643661683,-0.5666971348140001,-0.5084449035117847,0.1137764800782646,0.0866156836792682,0.0003405556361436,0.0268202407628527,downstairs,wiktor
1672842728950193700,-0.9688905297688732,1.3281432407484357,-0.2788405160317623,1.6674727464046972,-0.9688905297688732,-0.552679805064984,-0.2782625842970764,1.3281432407484357,1.3020451321524622,1.2898895253364453,-0.2788405160317623,-0.5104446643661683,-0.5666971348140001,0.0318018972894739,0.0002810206295646,0.0001346757363651,0.0313862009235441,downstairs,wiktor
1672842728960193700,-0.9451831203969228,1.3117313099439791,-0.0282963046695989,1.6170376747090855,-0.9451831203969228,-0.9688905297688732,-0.552679805064984,1.3117313099439791,1.3281432407484357,1.3020451321524622,-0.0282963046695989,-0.2788405160317623,-0.5104446643661683,0.0384843836297576,0.0160800441114506,4.929261474591613e-05,0.022355046903561,downstairs,wiktor
1672842728970193700,-0.7658507802490807,1.3216603194359593,0.183151310136343,1.5384595607244107,-0.7658507802490807,-0.9451831203969228,-0.9688905297688732,1.3216603194359593,1.3117313099439791,1.3281432407484357,0.183151310136343,-0.0282963046695989,-0.2788405160317623,0.0248791751034407,0.0159008702530771,0.0001319403315188,0.0088463645188447,downstairs,wiktor
1672842728980193700,-0.5875203551776582,1.3054159153829406,0.3161653283362661,1.466032535356955,-0.5875203551776582,-0.7658507802490807,-0.9451831203969228,1.3054159153829406,1.3216603194359593,1.3117313099439791,0.3161653283362661,0.183151310136343,-0.0282963046695989,0.0132119435852508,0.010643832947726,0.0012618241112832,0.0013062865262415,downstairs,wiktor
1672842728990193700,-0.4416174220493207,1.2551799897662412,0.367278663704671,1.3803609567717272,-0.4416174220493207,-0.5875203551776582,-0.7658507802490807,1.2551799897662412,1.3054159153829406,1.3216603194359593,0.367278663704671,0.3161653283362661,0.183151310136343,0.0091053903934341,0.0065614231278751,0.002503656433299,4.031083225988943e-05,downstairs,wiktor
1672842729000193700,-0.3270624297715926,1.1844176207654928,0.3582997069434554,1.2799193776733184,-0.3270624297715926,-0.4416174220493207,-0.5875203551776582,1.1844176207654928,1.2551799897662412,1.3054159153829406,0.3582997069434554,0.367278663704671,0.3161653283362661,0.0087064715077757,0.0050009246545499,0.0024057730497767,0.0012997738034489,downstairs,wiktor
1672842729010193700,-0.2270531836535464,1.1150523117158424,0.3073139480798473,1.1787012635754992,-0.2270531836535464,-0.3270624297715926,-0.4416174220493207,1.1150523117158424,1.1844176207654928,1.2551799897662412,0.3073139480798473,0.3582997069434554,0.367278663704671,0.0298906743474762,0.0255800959878377,9.54530518468873e-05,0.0042151253077916,downstairs,wiktor
1672842729020193700,-0.0008669949158707,1.1288691892101888,0.2154975518557343,1.1492543638742765,-0.0008669949158707,-0.2270531836535464,-0.3270624297715926,1.1288691892101888,1.1150523117158424,1.1844176207654928,0.2154975518557343,0.3073139480798473,0.3582997069434554,0.9845869418685548,0.8990325800873908,0.0613920813169087,0.0241622804642552,downstairs,wiktor
1672842729030193700,1.3400525254785418,1.479274900684499,-0.0043309288479964,1.9959994388228768,1.3400525254785418,-0.0008669949158707,-0.2270531836535464,1.479274900684499,1.1288691892101888,1.1150523117158424,-0.0043309288479964,0.2154975518557343,0.3073139480798473,0.0605836950713187,0.0013861831096268,0.0001200811784397,0.0590774307832521,downstairs,wiktor
1672842729040193700,1.287399261389278,1.4947720732291772,-0.3480675454114698,2.0032202638003334,1.287399261389278,1.3400525254785418,-0.0008669949158707,1.4947720732291772,1.479274900684499,1.1288691892101888,-0.3480675454114698,-0.0043309288479964,0.2154975518557343,0.528090610478899,0.4958696904572046,0.0266534306648113,0.0055674893568831,downstairs,wiktor
1672842729050193700,0.2915381360739009,1.263889286236247,-0.4535899539973536,1.3741013277831935,0.2915381360739009,1.287399261389278,1.3400525254785418,1.263889286236247,1.4947720732291772,1.479274900684499,-0.4535899539973536,-0.3480675454114698,-0.0043309288479964,0.4012328501161388,0.4001236206898436,0.0010897041848034,1.95252414917523e-05,downstairs,wiktor
1672842729060193700,-0.6030272563819482,1.2172051522118612,-0.4598389925620853,1.4341137171058485,-0.6030272563819482,0.2915381360739009,1.287399261389278,1.2172051522118612,1.263889286236247,1.4947720732291772,-0.4598389925620853,-0.4535899539973536,-0.3480675454114698,0.0025600583635147,4.884104175257933e-05,0.0006787323418369,0.0018324849799252,downstairs,wiktor
1672842729070193700,-0.6129106810670034,1.254048939797747,-0.3992999971966974,1.451805336171194,-0.6129106810670034,-0.6030272563819482,0.2915381360739009,1.254048939797747,1.2172051522118612,1.263889286236247,-0.3992999971966974,-0.4598389925620853,-0.4535899539973536,0.1048127397457969,0.1009896586395277,0.0010712796292547,0.0027518014770144,downstairs,wiktor
1672842729080193700,-0.1634895897961825,1.3003367271558566,-0.3251137251915015,1.3502975169458111,-0.1634895897961825,-0.6129106810670034,-0.6030272563819482,1.3003367271558566,1.254048939797747,1.2172051522118612,-0.3251137251915015,-0.3992999971966974,-0.4598389925620853,0.0678971002524918,0.0677716068798376,0.000124850696831,6.426758231060545e-07,downstairs,wiktor
1672842729090193700,0.2046723497897491,1.2845347844378812,-0.3262474586902622,1.3410286303808676,0.2046723497897491,-0.1634895897961825,-0.6129106810670034,1.2845347844378812,1.3003367271558566,1.254048939797747,-0.3262474586902622,-0.3251137251915015,-0.3992999971966974,0.0062849958549298,0.0029905096788375,0.0031189648394925,0.0001755213365997,downstairs,wiktor
1672842729100193700,0.1273352994343393,1.205554219239947,-0.3449835915142845,1.260392372407643,0.1273352994343393,0.2046723497897491,-0.1634895897961825,1.205554219239947,1.2845347844378812,1.3003367271558566,-0.3449835915142845,-0.3262474586902622,-0.3251137251915015,0.0261159113924883,0.0218647687366542,0.0040446185407895,0.0002065241150445,downstairs,wiktor
1672842729110193700,-0.0817807866836552,1.115614033107279,-0.324660003492256,1.1647690268049191,-0.0817807866836552,0.1273352994343393,0.2046723497897491,1.115614033107279,1.205554219239947,1.2845347844378812,-0.324660003492256,-0.3449835915142845,-0.3262474586902622,0.0121751623897766,0.0080386574142288,0.0022531865857447,0.001883318389803,downstairs,wiktor
1672842729120193700,-0.2085771384784043,1.0484845077738654,-0.2632870715140121,1.1009742357403596,-0.2085771384784043,-0.0817807866836552,0.1273352994343393,1.0484845077738654,1.115614033107279,1.205554219239947,-0.2632870715140121,-0.324660003492256,-0.3449835915142845,0.0040998443460747,0.0003432139856313,0.0030006891225935,0.0007559412378498,downstairs,wiktor
1672842729130193700,-0.1823773680354648,0.971015944826131,-0.2244041385523692,1.013158766866061,-0.1823773680354648,-0.2085771384784043,-0.0817807866836552,0.971015944826131,1.0484845077738654,1.115614033107279,-0.2244041385523692,-0.2632870715140121,-0.324660003492256,0.0054290114556564,0.0037850173447368,0.0012405745017378,0.0004034196091817,downstairs,wiktor
1672842729140193700,-0.0953714217474455,0.9212048114975698,-0.1959992231614807,0.9466412775134552,-0.0953714217474455,-0.1823773680354648,-0.2085771384784043,0.9212048114975698,0.971015944826131,1.0484845077738654,-0.1959992231614807,-0.2244041385523692,-0.2632870715140121,0.0040984206500142,0.0026559771266897,0.0005518062314085,0.0008906372919158,downstairs,wiktor
1672842729150193700,-0.0224882669489634,0.8879841483070615,-0.1537940743780475,0.90148443531144,-0.0224882669489634,-0.0953714217474455,-0.1823773680354648,0.8879841483070615,0.9212048114975698,0.971015944826131,-0.1537940743780475,-0.1959992231614807,-0.2244041385523692,0.0038936169087249,0.0004765666161238,0.0007690721507848,0.0026479781418162,downstairs,wiktor
1672842729160193700,0.008384588964406,0.8487649654806719,-0.0810207531426356,0.852664430124365,0.008384588964406,-0.0224882669489634,-0.0953714217474455,0.8487649654806719,0.8879841483070615,0.9212048114975698,-0.0810207531426356,-0.1537940743780475,-0.1959992231614807,0.0094518092542882,0.0001060362099041,0.0027629795831799,0.0065827934612041,downstairs,wiktor
1672842729170193700,0.0229472954370466,0.7744281699729297,0.0337206383532336,0.7755015475590269,0.0229472954370466,0.008384588964406,-0.0224882669489634,0.7744281699729297,0.8487649654806719,0.8879841483070615,0.0337206383532336,-0.0810207531426356,-0.1537940743780475,0.0170268575145496,9.676026700279638e-05,0.0097016845074542,0.0072284127400925,downstairs,wiktor
1672842729180193700,0.0090361296337937,0.6351321936674077,0.1539571780580383,0.6535880719131331,0.0090361296337937,0.0229472954370466,0.008384588964406,0.6351321936674077,0.7744281699729297,0.8487649654806719,0.1539571780580383,0.0337206383532336,-0.0810207531426356,0.0200647160503533,2.301090530729023e-07,0.0183471989543412,0.0017172869869589,downstairs,wiktor
1672842729190193700,0.0097145234030353,0.443574374958062,0.2125624165092035,0.4919709127546218,0.0097145234030353,0.0090361296337937,0.0229472954370466,0.443574374958062,0.6351321936674077,0.7744281699729297,0.2125624165092035,0.1539571780580383,0.0337206383532336,0.0175233068168084,0.0001288248249816,0.0163174243236015,0.0010770576682253,downstairs,wiktor
1672842729200193700,0.0257659921820387,0.262923195478926,0.2589748645856692,0.3699465820373803,0.0257659921820387,0.0097145234030353,0.0090361296337937,0.262923195478926,0.443574374958062,0.6351321936674077,0.2589748645856692,0.2125624165092035,0.1539571780580383,0.0101329971848622,0.0001104451237367,0.0100125879538112,9.964107314158676e-06,downstairs,wiktor
1672842729210193700,0.0406283690940133,0.1214128569604187,0.2634389674774401,0.2929024339197443,0.0406283690940133,0.0257659921820387,0.0097145234030353,0.1214128569604187,0.262923195478926,0.443574374958062,0.2634389674774401,0.2589748645856692,0.2125624165092035,0.0060394816341028,0.0004042962982065,0.0046936170409211,0.0009415682949752,downstairs,wiktor
1672842729220193700,0.069064131725127,0.024525117375669,0.2200438457475673,0.2319280701523971,0.069064131725127,0.0406283690940133,0.0257659921820387,0.024525117375669,0.1214128569604187,0.262923195478926,0.2200438457475673,0.2634389674774401,0.2589748645856692,0.0007881822699352,3.025416851043442e-05,2.286719892565896e-05,0.0007350609024991,downstairs,wiktor
1672842729230193700,0.0768428422237166,0.0312878385625373,0.1817016782945094,0.199747969045935,0.0768428422237166,0.069064131725127,0.0406283690940133,0.0312878385625373,0.024525117375669,0.1214128569604187,0.1817016782945094,0.2200438457475673,0.2634389674774401,0.0018894712651033,9.113482178950062e-05,0.0013390239541335,0.0004593124891803,downstairs,wiktor
1672842729240193700,0.0903435697440765,0.0830376975794191,0.1513928515544224,0.1948769235060254,0.0903435697440765,0.0768428422237166,0.069064131725127,0.0830376975794191,0.0312878385625373,0.024525117375669,0.1513928515544224,0.1817016782945094,0.2200438457475673,0.0026199144987564,0.0009604425045172,0.0013980342861739,0.0002614377080652,downstairs,wiktor
1672842729250193700,0.1341714719187691,0.1359155622521528,0.1285263823007205,0.2302043763408482,0.1341714719187691,0.0903435697440765,0.0768428422237166,0.1359155622521528,0.0830376975794191,0.0312878385625373,0.1285263823007205,0.1513928515544224,0.1817016782945094,0.0023022256944323,0.001910771584963,0.0003211980690506,7.025604041869113e-05,downstairs,wiktor
1672842729260193700,0.1959901031712169,0.1612610971271814,0.1166726031211769,0.2793380717102453,0.1959901031712169,0.1341714719187691,0.0903435697440765,0.1612610971271814,0.1359155622521528,0.0830376975794191,0.1166726031211769,0.1285263823007205,0.1513928515544224,0.0021795058337107,0.0021502026035466,2.1391678074454305e-06,2.716406235667205e-05,downstairs,wiktor
1672842729270193700,0.2615675780165724,0.1591926833351922,0.1240433645956342,0.3303735228451576,0.2615675780165724,0.1959901031712169,0.1341714719187691,0.1591926833351922,0.1612610971271814,0.1359155622521528,0.1240433645956342,0.1166726031211769,0.1285263823007205,0.0026031721299118,0.0023470118608211,0.0001416384952714,0.0001145217738192,downstairs,wiktor
1672842729280193700,0.3300805236665906,0.1423618488180665,0.1391775493321318,0.3854743030877761,0.3300805236665906,0.2615675780165724,0.1959901031712169,0.1423618488180665,0.1591926833351922,0.1612610971271814,0.1391775493321318,0.1240433645956342,0.1166726031211769,0.0023053783858579,0.0022335236936113,5.341745534538964e-05,1.84372369012618e-05,downstairs,wiktor
1672842729290193700,0.3969164974174283,0.1320257513586392,0.1331051137579553,0.4389652335350156,0.3969164974174283,0.3300805236665906,0.2615675780165724,0.1320257513586392,0.1423618488180665,0.1591926833351922,0.1331051137579553,0.1391775493321318,0.1240433645956342,0.0012426170409138,0.0007624353560549,3.299580542588295e-05,0.000447185879433,downstairs,wiktor
1672842729300193700,0.4359660904000685,0.140149273430485,0.1031990648904423,0.4694233673519836,0.4359660904000685,0.3969164974174283,0.3300805236665906,0.140149273430485,0.1320257513586392,0.1423618488180665,0.1031990648904423,0.1331051137579553,0.1391775493321318,0.0022061793697346,0.0005234483094276,9.55032766578644e-05,0.0015872277836491,downstairs,wiktor
1672842729310193700,0.468321872245903,0.1539697854801787,0.0468567578086556,0.4952046310537283,0.468321872245903,0.4359660904000685,0.3969164974174283,0.1539697854801787,0.140149273430485,0.1320257513586392,0.0468567578086556,0.1031990648904423,0.1331051137579553,0.0045086779833616,0.0008492508087695,7.952527022541305e-05,0.0035799019043666,downstairs,wiktor
1672842729320193700,0.5095347539400913,0.1665813095931012,-0.0377588660957587,0.5374018330331405,0.5095347539400913,0.468321872245903,0.4359660904000685,0.1665813095931012,0.1539697854801787,0.140149273430485,-0.0377588660957587,0.0468567578086556,0.1031990648904423,0.005290784525589,0.0002657928342485,0.0001709527030701,0.0048540389882703,downstairs,wiktor
1672842729330193700,0.5325908956055359,0.1850719939000808,-0.1362884452917581,0.5800683109152774,0.5325908956055359,0.5095347539400913,0.468321872245903,0.1850719939000808,0.1665813095931012,0.1539697854801787,-0.1362884452917581,-0.0377588660957587,0.0468567578086556,0.0061794108886758,0.0001196837151961,0.0005183464369096,0.00554138073657,downstairs,wiktor
1672842729340193700,0.5480623994235971,0.217269709251007,-0.2415631406042598,0.6371273586329197,0.5480623994235971,0.5325908956055359,0.5095347539400913,0.217269709251007,0.1850719939000808,0.1665813095931012,-0.2415631406042598,-0.1362884452917581,-0.0377588660957587,0.006266922343423,0.000718802289519,0.0018288564681214,0.0037192635857825,downstairs,wiktor
1672842729350193700,0.5859781557662862,0.2777487381473353,-0.327810037195181,0.7266183186953112,0.5859781557662862,0.5480623994235971,0.5325908956055359,0.2777487381473353,0.217269709251007,0.1850719939000808,-0.327810037195181,-0.2415631406042598,-0.1362884452917581,0.0104757127755571,0.0009853395382481,0.0013838441206591,0.0081065291166498,downstairs,wiktor
1672842729360193700,0.6303704870465446,0.3303575609940629,-0.4551405450607339,0.844781619593742,0.6303704870465446,0.5859781557662862,0.5480623994235971,0.3303575609940629,0.2777487381473353,0.217269709251007,-0.4551405450607339,-0.327810037195181,-0.2415631406042598,0.0145033764248638,0.0010177023684458,0.0007906981926751,0.0126949758637428,downstairs,wiktor
1672842729370193700,0.6754859471117115,0.3701243358865578,-0.614482792212849,0.985323495450388,0.6754859471117115,0.6303704870465446,0.5859781557662862,0.3701243358865578,0.3303575609940629,0.2777487381473353,-0.614482792212849,-0.4551405450607339,-0.327810037195181,0.0137765381899714,0.0003340577332321,0.0014979176550696,0.0119445628016696,downstairs,wiktor
1672842729380193700,0.7013338767476488,0.4248585601903626,-0.769043866236483,1.1241896953080792,0.7013338767476488,0.6754859471117115,0.6303704870465446,0.4248585601903626,0.3701243358865578,0.3303575609940629,-0.769043866236483,-0.614482792212849,-0.4551405450607339,0.011611219498114,0.0001451227477225,0.0048218016136154,0.0066442951367759,downstairs,wiktor
1672842729390193700,0.6842972839120731,0.5230604095987671,-0.8843200141316654,1.2344540705319496,0.6842972839120731,0.7013338767476488,0.6754859471117115,0.5230604095987671,0.4248585601903626,0.3701243358865578,-0.8843200141316654,-0.769043866236483,-0.614482792212849,0.0125870218082374,6.064756080216971e-07,0.009362346635552,0.0032240686970773,downstairs,wiktor
1672842729400193700,0.6853986245569434,0.6598986106652242,-0.9646203092379392,1.3548910627414812,0.6853986245569434,0.6842972839120731,0.7013338767476488,0.6598986106652242,0.5230604095987671,0.4248585601903626,-0.9646203092379392,-0.8843200141316654,-0.769043866236483,0.0127828254244442,0.0012274024055954,0.0090776319303524,0.0024777910884964,downstairs,wiktor
1672842729410193700,0.7349446113892876,0.7946400811214462,-1.035016205261733,1.497616434701906,0.7349446113892876,0.6853986245569434,0.6842972839120731,0.7946400811214462,0.6598986106652242,0.5230604095987671,-1.035016205261733,-0.9646203092379392,-0.8843200141316654,0.0040518829308523,2.4553112499889693e-08,0.0037367767240125,0.0003150816537272,downstairs,wiktor
1672842729420193700,0.7347230121451558,0.8810897974195647,-1.060119259009325,1.562046727538898,0.7347230121451558,0.7349446113892876,0.6853986245569434,0.8810897974195647,0.7946400811214462,0.6598986106652242,-1.060119259009325,-1.035016205261733,-0.9646203092379392,0.0055924123490622,0.0013827058074317,0.0002478308677885,0.0039618756738419,downstairs,wiktor
1672842729430193700,0.6821358310563811,0.9033532593151684,-0.971103803341874,1.4914419197512756,0.6821358310563811,0.7347230121451558,0.7349446113892876,0.9033532593151684,0.8810897974195647,0.7946400811214462,-0.971103803341874,-1.060119259009325,-1.035016205261733,0.0108708149036315,0.0001019711551121,0.0003696407677823,0.010399202980737,downstairs,wiktor
1672842729440193700,0.696416668224572,0.8761635271435432,-0.8268872787634678,1.3915463606572656,0.696416668224572,0.6821358310563811,0.7347230121451558,0.8761635271435432,0.9033532593151684,0.8810897974195647,-0.8268872787634678,-0.971103803341874,-1.060119259009325,0.0069932952272633,0.00253078845632,0.0032543766036981,0.0012081301672451,downstairs,wiktor
1672842729450193700,0.7675614284858875,0.7954866828361686,-0.7777318077099807,1.3515977115224862,0.7675614284858875,0.696416668224572,0.6821358310563811,0.7954866828361686,0.8761635271435432,0.9033532593151684,-0.7777318077099807,-0.8268872787634678,-0.971103803341874,0.0064574206381107,0.0006576265279546,0.0057997822845569,1.1825599165629516e-08,downstairs,wiktor
1672842729460193700,0.8038278462288807,0.6877854081495898,-0.7775780182489268,1.3129415632465853,0.8038278462288807,0.7675614284858875,0.696416668224572,0.6877854081495898,0.7954866828361686,0.8761635271435432,-0.7775780182489268,-0.7777318077099807,-0.8268872787634678,0.0107007939543898,0.0026791051099629,0.0080099209729584,1.176787146842404e-05,downstairs,wiktor
1672842729470193700,0.7306280496449699,0.5612158938662644,-0.772726653189807,1.202450459273081,0.7306280496449699,0.8038278462288807,0.7675614284858875,0.5612158938662644,0.6877854081495898,0.7954866828361686,-0.772726653189807,-0.7775780182489268,-0.7777318077099807,0.0170591905805825,0.0088315281040639,0.0076151267385685,0.00061253573795,downstairs,wiktor
1672842729480193700,0.5977256184853859,0.4378049807461637,-0.7377256321204152,1.0455564185864634,0.5977256184853859,0.7306280496449699,0.8038278462288807,0.4378049807461637,0.5612158938662644,0.6877854081495898,-0.7377256321204152,-0.772726653189807,-0.7775780182489268,0.0042923582833773,8.970547998355892e-06,4.810556564605943e-05,0.0042352821697328,downstairs,wiktor
1672842729490193700,0.6019613115805843,0.4279962534438008,-0.6456899632769403,0.981047268116233,0.6019613115805843,0.5977256184853859,0.7306280496449699,0.4279962534438008,0.4378049807461637,0.5612158938662644,-0.6456899632769403,-0.7377256321204152,-0.772726653189807,0.1728858573327716,0.0699415803271311,0.0614309246065738,0.0415133523990667,downstairs,wiktor
1672842729500193700,0.9759708845252648,0.7785127997196473,-0.3575464143327839,1.2986303497033258,0.9759708845252648,0.6019613115805843,0.5977256184853859,0.7785127997196473,0.4279962534438008,0.4378049807461637,-0.3575464143327839,-0.6456899632769403,-0.7377256321204152,0.942426144643087,0.3509180798442879,0.5907270027967623,0.0007810620020368,downstairs,wiktor
1672842729510193700,1.813727507709216,1.8654599031214287,-0.3180226998809045,2.6211994506359937,1.813727507709216,0.9759708845252648,0.6019613115805843,1.8654599031214287,0.7785127997196473,0.4279962534438008,-0.3180226998809045,-0.3575464143327839,-0.6456899632769403,0.7160716155441972,0.0830246112973357,0.469362031089834,0.1636849731570274,downstairs,wiktor
1672842729520193700,1.406236130383668,2.834337636470518,-0.8901852172778892,3.2868525389755168,1.406236130383668,1.813727507709216,0.9759708845252648,2.834337636470518,1.8654599031214287,0.7785127997196473,-0.8901852172778892,-0.3180226998809045,-0.3575464143327839,1.1613230216936057,0.8861017801987522,0.1134068011003106,0.1618144403945428,downstairs,wiktor
1672842729530193700,0.0749947696990234,2.3580881197247043,-1.4590691077064069,2.774001884810494,0.0749947696990234,1.406236130383668,1.813727507709216,2.3580881197247043,2.834337636470518,1.8654599031214287,-1.4590691077064069,-0.8901852172778892,-0.3180226998809045,0.7212492560389925,0.0291721136002527,0.6912950053023513,0.0007821371363884,downstairs,wiktor
1672842729540193700,-0.1665507274656008,1.182252242314637,-1.4986200150635942,1.9160692729717568,-0.1665507274656008,0.0749947696990234,1.406236130383668,1.182252242314637,2.3580881197247043,2.834337636470518,-1.4986200150635942,-1.4590691077064069,-0.8901852172778892,1.078109663280726,0.3458732678411917,0.5501618596663285,0.1820745357732056,downstairs,wiktor
1672842729550193700,0.6651622853473427,0.1332890783605079,-0.8951723607087105,1.12318315498208,0.6651622853473427,-0.1665507274656008,0.0749947696990234,0.1332890783605079,1.182252242314637,2.3580881197247043,-0.8951723607087105,-1.4986200150635942,-1.4590691077064069,0.5034411503524137,0.1209125464154827,0.0638619209422726,0.3186666829946582,downstairs,wiktor
1672842729560193700,1.1569194335729334,-0.2240956469489898,-0.0968407466601896,1.182395688834286,1.1569194335729334,0.6651622853473427,-0.1665507274656008,-0.2240956469489898,0.1332890783605079,1.182252242314637,-0.0968407466601896,-0.8951723607087105,-1.4986200150635942,0.1485358987104349,0.1079657937627038,0.003622449546248,0.036947655401483,downstairs,wiktor
1672842729570193700,0.6922350379608065,-0.3092126199478934,0.1749961728392891,0.778090902545479,0.6922350379608065,1.1569194335729334,0.6651622853473427,-0.3092126199478934,-0.2240956469489898,0.1332890783605079,0.1749961728392891,-0.0968407466601896,-0.8951723607087105,0.143624080779297,0.1377466533537423,0.0058539849110005,2.3442514554130106e-05,downstairs,wiktor
1672842729580193700,0.1673604751293766,-0.2010092474403732,0.1818434371914417,0.3185612685837274,0.1673604751293766,0.6922350379608065,1.1569194335729334,-0.2010092474403732,-0.3092126199478934,-0.2240956469489898,0.1818434371914417,0.1749961728392891,-0.0968407466601896,0.1057209765378016,0.0081866860531762,0.0923957540802851,0.0051385364043402,downstairs,wiktor
1672842729590193700,0.0394019970735927,0.2288645807471198,0.0804675386322649,0.2457774165123342,0.0394019970735927,0.1673604751293766,0.6922350379608065,0.2288645807471198,-0.2010092474403732,-0.3092126199478934,0.0804675386322649,0.1818434371914417,0.1749961728392891,0.1944494292880984,0.0127957204944236,0.1794951488630401,0.0021585599306346,downstairs,wiktor
1672842729600193700,0.1993752479277507,0.8280225713690261,0.0147627453423587,0.851815594382299,0.1993752479277507,0.0394019970735927,0.1673604751293766,0.8280225713690261,0.2288645807471198,-0.2010092474403732,0.0147627453423587,0.0804675386322649,0.1818434371914417,0.0878216702248416,0.0005610774791222,0.0851802052484139,0.0020803874973054,downstairs,wiktor
1672842729610193700,0.1658766664914494,1.240769964452045,-0.0497413242549224,1.252796620569866,0.1658766664914494,0.1993752479277507,0.0394019970735927,1.240769964452045,0.8280225713690261,0.2288645807471198,-0.0497413242549224,0.0147627453423587,0.0804675386322649,0.0337037804945915,0.0008053174007789,0.0238317345814754,0.009066728512337,downstairs,wiktor
1672842729620193700,0.1257439516373811,1.459089613505791,-0.1844018493715065,1.4760616801697326,0.1257439516373811,0.1658766664914494,0.1993752479277507,1.459089613505791,1.240769964452045,0.8280225713690261,-0.1844018493715065,-0.0497413242549224,0.0147627453423587,0.0237740872046597,0.0005953361262918,4.820881772459044e-05,0.0231305422606432,downstairs,wiktor
1672842729630193700,0.1602500706973932,1.468908861717807,-0.3994857504921774,1.5306737712647729,0.1602500706973932,0.1257439516373811,0.1658766664914494,1.468908861717807,1.459089613505791,1.240769964452045,-0.3994857504921774,-0.1844018493715065,-0.0497413242549224,0.0317759562070358,0.0023347616246984,0.0173431532919947,0.0120980412903426,downstairs,wiktor
1672842729640193700,0.0919161607448892,1.2826662602970005,-0.5550366507810709,1.4006237894669078,0.0919161607448892,0.1602500706973932,0.1257439516373811,1.2826662602970005,1.468908861717807,1.459089613505791,-0.5550366507810709,-0.3994857504921774,-0.1844018493715065,0.0383238509756597,0.0065857522397741,0.0296586653371461,0.0020794333987394,downstairs,wiktor
1672842729650193700,-0.022851014351252,1.0391147653841333,-0.6195259273895035,1.2099975368586615,-0.022851014351252,0.0919161607448892,0.1602500706973932,1.0391147653841333,1.2826662602970005,1.468908861717807,-0.6195259273895035,-0.5550366507810709,-0.3994857504921774,0.023267758563398,0.0026505867125806,0.0199886099047931,0.0006285619460242,downstairs,wiktor
1672842729660193700,-0.0956601719151278,0.8391717239708689,-0.6549818703617108,1.0688130338396875,-0.0956601719151278,-0.022851014351252,0.0919161607448892,0.8391717239708689,1.0391147653841333,1.2826662602970005,-0.6549818703617108,-0.6195259273895035,-0.5550366507810709,0.0048492143951832,2.765635040814206e-05,0.0048215561273515,1.917423618834885e-09,downstairs,wiktor
1672842729670193700,-0.0882229210240872,0.7409723744073253,-0.6549199442183006,0.9928461495940616,-0.0882229210240872,-0.0956601719151278,-0.022851014351252,0.7409723744073253,0.8391717239708689,1.0391147653841333,-0.6549199442183006,-0.6549818703617108,-0.6195259273895035,0.0004529637930214,7.763662940780825e-06,0.0004129051234303,3.229500665037595e-05,downstairs,wiktor
1672842729680193700,-0.0842824482248457,0.7122354600486007,-0.6468831529866739,0.9658367849939224,-0.0842824482248457,-0.0882229210240872,-0.0956601719151278,0.7122354600486007,0.7409723744073253,0.8391717239708689,-0.6468831529866739,-0.6549199442183006,-0.6549818703617108,0.0001007893802321,8.245003416695896e-05,1.785436592389859e-05,4.849801412949931e-07,downstairs,wiktor
1672842729690193700,-0.0971237903795396,0.7182111384073979,-0.6458982873701606,0.9707959969107032,-0.0971237903795396,-0.0842824482248457,-0.0882229210240872,0.7182111384073979,0.7122354600486007,0.7409723744073253,-0.6458982873701606,-0.6468831529866739,-0.6549199442183006,0.0007829537069642,1.020236815543433e-09,0.0007813940453852,1.5586413421856845e-06,downstairs,wiktor
1672842729700193700,-0.0970786187774971,0.7577432530835753,-0.6441327045529665,0.9992527392467556,-0.0970786187774971,-0.0971237903795396,-0.0842824482248457,0.7577432530835753,0.7182111384073979,0.7122354600486007,-0.6441327045529665,-0.6458982873701606,-0.6468831529866739,0.001902577006256,0.0001330210407077,0.0017631047076156,6.451257932693519e-06,downstairs,wiktor
1672842729710193700,-0.1133894152453427,0.8171251477588988,-0.6405406973334042,1.0444343213098883,-0.1133894152453427,-0.0970786187774971,-0.0971237903795396,0.8171251477588988,0.7577432530835753,0.7182111384073979,-0.6405406973334042,-0.6441327045529665,-0.6458982873701606,0.0027787912807955,0.0007185966286198,0.0020494254877672,1.0769164408405274e-05,downstairs,wiktor
1672842729720193700,-0.1512997470460484,0.8811474171308493,-0.6358997568234633,1.0971239150163052,-0.1512997470460484,-0.1133894152453427,-0.0970786187774971,0.8811474171308493,0.8171251477588988,0.7577432530835753,-0.6358997568234633,-0.6405406973334042,-0.6441327045529665,0.0013358989015621,4.985405445782924e-06,0.0013233532500557,7.560246060639627e-06,downstairs,wiktor
1672842729730193700,-0.1544574061301748,0.9325935685914925,-0.6320112491249652,1.1371130434161658,-0.1544574061301748,-0.1512997470460484,-0.1133894152453427,0.9325935685914925,0.8811474171308493,0.8171251477588988,-0.6320112491249652,-0.6358997568234633,-0.6405406973334042,0.0001417028720519,1.53831894519081e-05,0.0001128279869849,1.349169561510663e-05,downstairs,wiktor
1672842729740193700,-0.1600041510227957,0.9476154184765744,-0.6372058031222024,1.1530860961834852,-0.1600041510227957,-0.1544574061301748,-0.1512997470460484,0.9476154184765744,0.9325935685914925,0.8811474171308493,-0.6372058031222024,-0.6320112491249652,-0.6358997568234633,0.00038711233498,0.0001676841813552,0.000192140555603,2.728759802173209e-05,downstairs,wiktor
1672842729750193700,-0.1783172163781752,0.9280123291484572,-0.644593305815499,1.1438987903702664,-0.1783172163781752,-0.1600041510227957,-0.1544574061301748,0.9280123291484572,0.9476154184765744,0.9325935685914925,-0.644593305815499,-0.6372058031222024,-0.6320112491249652,0.0003280981671252,1.3041971004164169e-05,0.0002806314319422,3.4424764178789754e-05,downstairs,wiktor
1672842729760193700,-0.1732099723064347,0.9043213421727208,-0.6362957442244302,1.1192278849874984,-0.1732099723064347,-0.1783172163781752,-0.1600041510227957,0.9043213421727208,0.9280123291484572,0.9476154184765744,-0.6362957442244302,-0.644593305815499,-0.6372058031222024,0.0005283546746412,0.000282094367253,0.0001848899827778,6.137032461032765e-05,downstairs,wiktor
1672842729770193700,-0.1494573148865569,0.8850916784846636,-0.6252169063241514,1.093901708678363,-0.1494573148865569,-0.1732099723064347,-0.1783172163781752,0.8850916784846636,0.9043213421727208,0.9280123291484572,-0.6252169063241514,-0.6362957442244302,-0.644593305815499,0.0001555923908621,5.184842141932313e-05,6.762125911153119e-05,3.612271033133206e-05,downstairs,wiktor
1672842729780193700,-0.1596404795635444,0.8734622968062139,-0.6167171757012043,1.0810927534037655,-0.1596404795635444,-0.1494573148865569,-0.1732099723064347,0.8734622968062139,0.8850916784846636,0.9043213421727208,-0.6167171757012043,-0.6252169063241514,-0.6362957442244302,0.0009265522353634,0.0006714767541491,3.026229164175667e-05,0.0002248131895725,downstairs,wiktor
1672842729790193700,-0.1962868096430793,0.8812420515120843,-0.5955127804222732,1.081550524311903,-0.1962868096430793,-0.1596404795635444,-0.1494573148865569,0.8812420515120843,0.8734622968062139,0.8850916784846636,-0.5955127804222732,-0.6167171757012043,-0.6252169063241514,0.0006766796373517,1.612465214503422e-05,0.0003133213784944,0.0003472336067122,downstairs,wiktor
1672842729800193700,-0.2019656567347052,0.9062748850909852,-0.5691600345800565,1.0890672333745657,-0.2019656567347052,-0.1962868096430793,-0.1596404795635444,0.9062748850909852,0.8812420515120843,0.8734622968062139,-0.5691600345800565,-0.5955127804222732,-0.6167171757012043,0.0010914097016784,0.0001381617467804,0.0005415217151451,0.0004117262397528,downstairs,wiktor
1672842729810193700,-0.1853426758479687,0.9391845102831736,-0.5404641728661144,1.0993275098887425,-0.1853426758479687,-0.2019656567347052,-0.1962868096430793,0.9391845102831736,0.9062748850909852,0.8812420515120843,-0.5404641728661144,-0.5691600345800565,-0.5955127804222732,0.0007181213664209,6.695934026047249e-05,0.0001520494191521,0.0004991126070083,downstairs,wiktor
1672842729820193700,-0.1737703519447527,0.9566229402097564,-0.5088694705567602,1.097393148791845,-0.1737703519447527,-0.1853426758479687,-0.2019656567347052,0.9566229402097564,0.9391845102831736,0.9062748850909852,-0.5088694705567602,-0.5404641728661144,-0.5691600345800565,0.0010618755152192,0.0002181465417793,2.678771938178371e-05,0.0008169412540581,downstairs,wiktor
1672842729830193700,-0.1528827220275327,0.9493034157194928,-0.4684481580085975,1.0695764481947478,-0.1528827220275327,-0.1737703519447527,-0.1853426758479687,0.9493034157194928,0.9566229402097564,0.9391845102831736,-0.4684481580085975,-0.5088694705567602,-0.5404641728661144,0.0024071444787673,0.0011519001502476,0.0001597912078775,0.0010954531206421,downstairs,wiktor
1672842729840193700,-0.104884802275784,0.931426547544246,-0.4216410405873734,1.02778276027876,-0.104884802275784,-0.1528827220275327,-0.1737703519447527,0.931426547544246,0.9493034157194928,0.9566229402097564,-0.4216410405873734,-0.4684481580085975,-0.5088694705567602,0.0016625789794734,0.0003785103806649,0.000196876580495,0.0010871920183134,downstairs,wiktor
1672842729850193700,-0.0773707920022891,0.911583333061959,-0.3750107496100827,0.9887383247829166,-0.0773707920022891,-0.104884802275784,-0.1528827220275327,0.911583333061959,0.931426547544246,0.9493034157194928,-0.3750107496100827,-0.4216410405873734,-0.4684481580085975,0.0010308581018118,5.192123859901906e-06,0.0002378474917965,0.0007878184861554,downstairs,wiktor
1672842729860193700,-0.0741483321158353,0.889772900154906,-0.3353164556585478,0.9537457283998936,-0.0741483321158353,-0.0773707920022891,-0.104884802275784,0.889772900154906,0.911583333061959,0.931426547544246,-0.3353164556585478,-0.3750107496100827,-0.4216410405873734,0.000891392555742,1.4374003916185305e-05,0.0003100326901912,0.0005669858616345,downstairs,wiktor
1672842729870193700,-0.0795100489894096,0.864871788123864,-0.3016419590287666,0.9194090108485888,-0.0795100489894096,-0.0741483321158353,-0.0773707920022891,0.864871788123864,0.889772900154906,0.911583333061959,-0.3016419590287666,-0.3353164556585478,-0.3750107496100827,0.0008279758873196,0.0001069056849135,0.0002153662286759,0.0005057039737301,downstairs,wiktor
1672842729880193700,-0.0941323391598024,0.8441176931700496,-0.2698393184550617,0.8911839512596231,-0.0941323391598024,-0.0795100489894096,-0.0741483321158353,0.8441176931700496,0.864871788123864,0.889772900154906,-0.2698393184550617,-0.3016419590287666,-0.3353164556585478,0.00042560535678,9.72901161803792e-08,1.3817093195056387e-06,0.0004241263573443,downstairs,wiktor
1672842729890193700,-0.0945734516538,0.8424553398264396,-0.2407145400921499,0.881259682029974,-0.0945734516538,-0.0941323391598024,-0.0795100489894096,0.8424553398264396,0.8441176931700496,0.864871788123864,-0.2407145400921499,-0.2698393184550617,-0.3016419590287666,0.001614332465248,0.001171407636896,5.3933380340987146e-05,0.0003889914480109,downstairs,wiktor
1672842729900193700,-0.0461708145996875,0.8528412322138069,-0.2128221953355333,0.8802063384867205,-0.0461708145996875,-0.0945734516538,-0.0941323391598024,0.8528412322138069,0.8424553398264396,0.8441176931700496,-0.2128221953355333,-0.2407145400921499,-0.2698393184550617,0.0008765154066665,0.0003824235782807,0.0003322157084757,0.0001618761199101,downstairs,wiktor
1672842729910193700,-0.0185149443989228,0.8786177994203112,-0.1948290788789487,0.9001502155757699,-0.0185149443989228,-0.0461708145996875,-0.0945734516538,0.8786177994203112,0.8528412322138069,0.8424553398264396,-0.1948290788789487,-0.2128221953355333,-0.2407145400921499,0.0012152324768766,0.0001382755872464,0.0010312954479363,4.566144169387469e-05,downstairs,wiktor
1672842729920193700,-0.0351447722541035,0.9240335554513696,-0.2043853795956356,0.9470198255629838,-0.0351447722541035,-0.0185149443989228,-0.0461708145996875,0.9240335554513696,0.8786177994203112,0.8528412322138069,-0.2043853795956356,-0.1948290788789487,-0.2128221953355333,0.0017711219325072,0.0006776449504825,0.0008347475100424,0.0002587294719822,downstairs,wiktor
1672842729930193700,-0.0719590344491434,0.9648930099274748,-0.2271331035249549,0.9938742727139248,-0.0719590344491434,-0.0351447722541035,-0.0185149443989228,0.9648930099274748,0.9240335554513696,0.8786177994203112,-0.2271331035249549,-0.2043853795956356,-0.1948290788789487,0.0011935397443035,0.0008696648873169,6.827589647279592e-05,0.0002555989605138,downstairs,wiktor
1672842729940193700,-0.1136643071929328,0.9765785476962552,-0.2497427899674431,1.014394743524876,-0.1136643071929328,-0.0719590344491434,-0.0351447722541035,0.9765785476962552,0.9648930099274748,0.9240335554513696,-0.2497427899674431,-0.2271331035249549,-0.2043853795956356,0.0002314224893783,1.4438919543715324e-08,0.0001529888509989,7.841919945983665e-05,downstairs,wiktor
1672842729950193700,-0.1134943723845873,0.9590863293693004,-0.2622663038082018,1.0007553016893116,-0.1134943723845873,-0.1136643071929328,-0.0719590344491434,0.9590863293693004,0.9765785476962552,0.9648930099274748,-0.2622663038082018,-0.2497427899674431,-0.2271331035249549,0.0018988184441903,0.0015575601193252,9.310504067952218e-05,0.0002481532841855,downstairs,wiktor
1672842729960193700,-0.0576811101734386,0.9454404478895628,-0.2399883647569524,0.9771280193481164,-0.0576811101734386,-0.1134943723845873,-0.1136643071929328,0.9454404478895628,0.9590863293693004,0.9765785476962552,-0.2399883647569524,-0.2622663038082018,-0.2497427899674431,0.0006546146547356,0.0003666255322606,0.0002150559547323,7.29331677427193e-05,downstairs,wiktor
1672842729970193700,-0.0306025011891989,0.9247013083349762,-0.2279108511268446,0.9528653518608045,-0.0306025011891989,-0.0576811101734386,-0.1134943723845873,0.9247013083349762,0.9454404478895628,0.9590863293693004,-0.2279108511268446,-0.2399883647569524,-0.2622663038082018,6.822366884756529e-05,3.982638806148089e-05,2.7134958969688592e-05,1.2623218163958013e-06,downstairs,wiktor
1672842729980193700,-0.0216776607915805,0.9173344964099046,-0.2263219384065256,0.945089476761378,-0.0216776607915805,-0.0306025011891989,-0.0576811101734386,0.9173344964099046,0.9247013083349762,0.9454404478895628,-0.2263219384065256,-0.2279108511268446,-0.2399883647569524,0.0001727346793083,0.0001500308848016,1.863268207778435e-05,4.071112428836736e-06,downstairs,wiktor
1672842729990193700,-0.004355369672812,0.9234390327686766,-0.2234684800035217,0.95010356174515,-0.004355369672812,-0.0216776607915805,-0.0306025011891989,0.9234390327686766,0.9173344964099046,0.9247013083349762,-0.2234684800035217,-0.2263219384065256,-0.2279108511268446,0.0011335387017302,0.0005210594529049,0.0005386265942828,7.385265454248014e-05,downstairs,wiktor
1672842730000193700,-0.0366372361896327,0.9562605682075564,-0.2113150727000138,0.9800156230052997,-0.0366372361896327,-0.004355369672812,-0.0216776607915805,0.9562605682075564,0.9234390327686766,0.9173344964099046,-0.2113150727000138,-0.2234684800035217,-0.2263219384065256,0.0020223873228589,0.0010638135441048,0.0005155630099991,0.0004430107687549,downstairs,wiktor
1672842730010193700,-0.0827634444470824,0.9883717192301876,-0.1815489587865385,1.0083097081488694,-0.0827634444470824,-0.0366372361896327,-0.004355369672812,0.9883717192301876,0.9562605682075564,0.9234390327686766,-0.1815489587865385,-0.2113150727000138,-0.2234684800035217,0.0015523080166521,2.412569603381548e-06,0.0001245702644773,0.0014253251825714,downstairs,wiktor
1672842730020193700,-0.0849600643975434,1.0041559052704825,-0.1281574766461931,1.0158600461935376,-0.0849600643975434,-0.0827634444470824,-0.0366372361896327,1.0041559052704825,0.9883717192301876,0.9562605682075564,-0.1281574766461931,-0.1815489587865385,-0.2113150727000138,0.0030145116229421,0.0007136010126024,0.0002032725019866,0.002097638108353,downstairs,wiktor
1672842730030193700,-0.0471817369437654,0.9839929440798926,-0.063386524694673,0.9871606160159114,-0.0471817369437654,-0.0849600643975434,-0.0827634444470824,0.9839929440798926,1.0041559052704825,0.9883717192301876,-0.063386524694673,-0.1281574766461931,-0.1815489587865385,0.0042189913047993,0.000408890338545,0.0017073106256576,0.0021027903405967,downstairs,wiktor
1672842730040193700,-0.0185848721315149,0.9255581834376582,0.0014639238866082,0.9257459108598364,-0.0185848721315149,-0.0471817369437654,-0.0849600643975434,0.9255581834376582,0.9839929440798926,1.0041559052704825,0.0014639238866082,-0.063386524694673,-0.1281574766461931,0.0039021478460209,0.0006672647536719,0.0018472856436404,0.0013875974487084,downstairs,wiktor
1672842730050193700,-0.0551160849137913,0.8647751982585722,0.0541440425028084,0.868219732370742,-0.0551160849137913,-0.0185848721315149,-0.0471817369437654,0.8647751982585722,0.9255581834376582,0.9839929440798926,0.0541440425028084,0.0014639238866082,-0.063386524694673,0.0034209505684164,0.0006488276322544,0.0016819501005269,0.0010901728356351,downstairs,wiktor
1672842730060193700,-0.0911390673626232,0.8067760586006959,0.1008382142083894,0.8181456372649917,-0.0911390673626232,-0.0551160849137913,-0.0185848721315149,0.8067760586006959,0.8647751982585722,0.9255581834376582,0.1008382142083894,0.0541440425028084,0.0014639238866082,0.0026260886834007,1.3699251383000549e-05,0.002012892010068,0.0005994974219496,downstairs,wiktor
1672842730070193700,-0.0963734252760641,0.7433269922550342,0.1354647191417405,0.7616912397070793,-0.0963734252760641,-0.0911390673626232,-0.0551160849137913,0.7433269922550342,0.8067760586006959,0.8647751982585722,0.1354647191417405,0.1008382142083894,0.0541440425028084,0.001155661776266,4.571814316530704e-05,0.0006153799553094,0.0004945636777912,downstairs,wiktor
1672842730080193700,-0.0868111929880147,0.7082448043155827,0.1669151142995507,0.7328079840242274,-0.0868111929880147,-0.0963734252760641,-0.0911390673626232,0.7082448043155827,0.7433269922550342,0.8067760586006959,0.1669151142995507,0.1354647191417405,0.1008382142083894,0.0017388231093738,0.0001156583891993,1.641855581602091e-05,0.0016067461643584,downstairs,wiktor
1672842730090193700,-0.1020202948154972,0.7139751718109569,0.2236027878160833,0.755093963183292,-0.1020202948154972,-0.0868111929880147,-0.0963734252760641,0.7139751718109569,0.7082448043155827,0.7433269922550342,0.2236027878160833,0.1669151142995507,0.1354647191417405,0.0023331838963642,0.000734897805808,0.000796366941758,0.0008019191487982,downstairs,wiktor
1672842730100193700,-0.1403582083165742,0.7538842420020306,0.2636507377960315,0.8108967804358375,-0.1403582083165742,-0.1020202948154972,-0.0868111929880147,0.7538842420020306,0.7139751718109569,0.7082448043155827,0.2636507377960315,0.2236027878160833,0.1669151142995507,0.0015042349563949,0.0002338612075766,0.0012279706250525,4.2403123765740414e-05,downstairs,wiktor
1672842730110193700,-0.1619850993357037,0.8034416960337409,0.2544417070364194,0.8581947993386928,-0.1619850993357037,-0.1403582083165742,-0.1020202948154972,0.8034416960337409,0.7538842420020306,0.7139751718109569,0.2544417070364194,0.2636507377960315,0.2236027878160833,0.0031845443307753,0.0001950346686614,0.0015416385919603,0.0014478710701535,downstairs,wiktor
1672842730120193700,-0.1422349262396795,0.8589689612637228,0.2006296067214622,0.8934823388014419,-0.1422349262396795,-0.1619850993357037,-0.1403582083165742,0.8589689612637228,0.8034416960337409,0.7538842420020306,0.2006296067214622,0.2544417070364194,0.2636507377960315,0.0049628863155492,0.0010339656865421,0.0014361217573299,0.0024927988716771,downstairs,wiktor
1672842730130193700,-0.0967604127944064,0.9125622772150604,0.1300208413778146,0.9268429783262512,-0.0967604127944064,-0.1422349262396795,-0.1619850993357037,0.9125622772150604,0.8589689612637228,0.8034416960337409,0.1300208413778146,0.2006296067214622,0.2544417070364194,0.0021728532836653,0.000200470580948,0.0008169162361735,0.0011554664665437,downstairs,wiktor
1672842730140193700,-0.0767368975711474,0.9529829708304236,0.0819486775708099,0.9595731758950068,-0.0767368975711474,-0.0967604127944064,-0.1422349262396795,0.9529829708304236,0.9125622772150604,0.8589689612637228,0.0819486775708099,0.1300208413778146,0.2006296067214622,0.0021657269946869,0.0007480480910905,0.0006443667233619,0.0007733121802344,downstairs,wiktor
1672842730150193700,-0.1154163001283359,0.9888819046129732,0.0426215322323925,0.9965063665707972,-0.1154163001283359,-0.0767368975711474,-0.0967604127944064,0.9888819046129732,0.9529829708304236,0.9125622772150604,0.0426215322323925,0.0819486775708099,0.1300208413778146,0.0065481355562857,0.005232080038939,0.0005834068857327,0.000732648631614,downstairs,wiktor
1672842730160193700,-0.2177107773882454,1.0230405604920536,0.0043423307879005,1.045958329399198,-0.2177107773882454,-0.1154163001283359,-0.0767368975711474,1.0230405604920536,0.9888819046129732,0.9529829708304236,0.0043423307879005,0.0426215322323925,0.0819486775708099,0.0055987718738481,0.0054209546650898,4.389005696959245e-05,0.0001339271517887,downstairs,wiktor
1672842730170193700,-0.3218352669676888,1.0324096647149337,-0.0120239242381408,1.0814768742858305,-0.3218352669676888,-0.2177107773882454,-0.1154163001283359,1.0324096647149337,1.0230405604920536,0.9888819046129732,-0.0120239242381408,0.0043423307879005,0.0426215322323925,0.001381622041819,0.0006207729623408,0.0006252929756054,0.0001355561038727,downstairs,wiktor
1672842730180193700,-0.3570708445091691,0.9970460400249932,0.0044415611098681,1.0590656832289034,-0.3570708445091691,-0.3218352669676888,-0.2177107773882454,0.9970460400249932,1.0324096647149337,1.0230405604920536,0.0044415611098681,-0.0120239242381408,0.0043423307879005,0.0023018600961559,7.541690071814622e-05,0.001872069786239,0.0003543734091987,downstairs,wiktor
1672842730190193700,-0.3447894031671973,0.9358566653552184,0.0310638603794188,0.997833850923015,-0.3447894031671973,-0.3570708445091691,-0.3218352669676888,0.9358566653552184,0.9970460400249932,1.0324096647149337,0.0310638603794188,0.0044415611098681,-0.0120239242381408,0.0021378977090406,4.249638284057932e-06,0.0014434317032518,0.0006902163675048,downstairs,wiktor
1672842730200193700,-0.3418740512899592,0.8821271259331869,0.0682180355823436,0.94851454054815,-0.3418740512899592,-0.3447894031671973,-0.3570708445091691,0.8821271259331869,0.9358566653552184,0.9970460400249932,0.0682180355823436,0.0310638603794188,0.0044415611098681,0.0003703536639225,0.00034792103288,6.651761129262283e-06,1.578086991325598e-05,downstairs,wiktor
1672842730210193700,-0.3682528697957231,0.878479726550267,0.0738360191909448,0.9553996879853912,-0.3682528697957231,-0.3418740512899592,-0.3447894031671973,0.878479726550267,0.8821271259331869,0.9358566653552184,0.0738360191909448,0.0682180355823436,0.0310638603794188,0.001073567655,0.0006018774153367,0.0001416198970852,0.000330070342578,downstairs,wiktor
1672842730220193700,-0.4029480399303902,0.8953094560243433,0.0481428160983744,0.9829872205030088,-0.4029480399303902,-0.3682528697957231,-0.3418740512899592,0.8953094560243433,0.878479726550267,0.8821271259331869,0.0481428160983744,0.0738360191909448,0.0682180355823436,0.0053437063338866,0.0017011856224143,0.0020166506050028,0.0016258701064694,downstairs,wiktor
1672842730230193700,-0.4612778885915056,0.9588177327290832,-0.0088812157911627,1.064043049454817,-0.4612778885915056,-0.4029480399303902,-0.3682528697957231,0.9588177327290832,0.8953094560243433,0.878479726550267,-0.0088812157911627,0.0481428160983744,0.0738360191909448,0.0176280299849944,0.001892950647221,0.0117848713861192,0.0039502079516541,downstairs,wiktor
1672842730240193700,-0.5228075667512531,1.1123421372133162,-0.0977654995724271,1.2329602081897453,-0.5228075667512531,-0.4612778885915056,-0.4029480399303902,1.1123421372133162,0.9588177327290832,0.8953094560243433,-0.0977654995724271,-0.0088812157911627,0.0481428160983744,0.0271042557346581,4.690826439953812e-06,0.0203092341652918,0.0067903307429262,downstairs,wiktor
1672842730250193700,-0.5258705151477997,1.3138823771917971,-0.2143015947783872,1.431346175221613,-0.5258705151477997,-0.5228075667512531,-0.4612778885915056,1.3138823771917971,1.1123421372133162,0.9588177327290832,-0.2143015947783872,-0.0977654995724271,-0.0088812157911627,0.0147745975639706,0.0008544322705654,0.007424953472739,0.0064952118206661,downstairs,wiktor
1672842730260193700,-0.4845321003120705,1.4357425714534109,-0.3282771344407738,1.5504496008297477,-0.4845321003120705,-0.5258705151477997,-0.5228075667512531,1.4357425714534109,1.3138823771917971,1.1123421372133162,-0.3282771344407738,-0.2143015947783872,-0.0977654995724271,0.003583823249921,0.00231488757737,0.0001023878251516,0.0011665478473993,downstairs,wiktor
1672842730270193700,-0.4164896491897004,1.4214325871660949,-0.3765792637395811,1.5283148136488447,-0.4164896491897004,-0.4845321003120705,-0.5258705151477997,1.4214325871660949,1.4357425714534109,1.3138823771917971,-0.3765792637395811,-0.3282771344407738,-0.2143015947783872,0.0125388942461552,0.0063322720772736,0.0033356649306279,0.0028709572382536,downstairs,wiktor
1672842730280193700,-0.3039527923180631,1.339754377946892,-0.3008038424177089,1.4063470570236456,-0.3039527923180631,-0.4164896491897004,-0.4845321003120705,1.339754377946892,1.4214325871660949,1.4357425714534109,-0.3008038424177089,-0.3765792637395811,-0.3282771344407738,0.0186204757875169,0.0090296655682804,0.0002161751276358,0.0093746350916006,downstairs,wiktor
1672842730290193700,-0.169567781485155,1.3189613441309322,-0.1638758679815063,1.33987594945807,-0.169567781485155,-0.3039527923180631,-0.4164896491897004,1.3189613441309322,1.339754377946892,1.4214325871660949,-0.1638758679815063,-0.3008038424177089,-0.3765792637395811,0.003618427280268,0.0002729917709287,0.0001450127090161,0.0032004228003232,downstairs,wiktor
1672842730300193700,-0.1462014907684521,1.3359914767796308,-0.083870583152025,1.346581737826931,-0.1462014907684521,-0.169567781485155,-0.3039527923180631,1.3359914767796308,1.3189613441309322,1.339754377946892,-0.083870583152025,-0.1638758679815063,-0.3008038424177089,0.0088521063203723,0.0070913547587561,0.0007930559128046,0.0009676956488115,downstairs,wiktor
1672842730310193700,-0.2652926722955172,1.3758174962343692,-0.039877500768278,1.4017290037613652,-0.2652926722955172,-0.1462014907684521,-0.169567781485155,1.3758174962343692,1.3359914767796308,1.3189613441309322,-0.039877500768278,-0.083870583152025,-0.1638758679815063,0.0100942919820756,0.009350567330791,0.0005286853903199,0.0002150392609645,downstairs,wiktor
1672842730320193700,-0.4020447642779881,1.408334734441818,-0.0191391661695434,1.464722849006021,-0.4020447642779881,-0.2652926722955172,-0.1462014907684521,1.408334734441818,1.3758174962343692,1.3359914767796308,-0.0191391661695434,-0.039877500768278,-0.083870583152025,0.0123932913148317,0.0111258762634886,0.0012442072914226,2.320775992036749e-05,downstairs,wiktor
1672842730330193700,-0.5512149775478541,1.458218745736474,-0.0259520598162059,1.5591386632686142,-0.5512149775478541,-0.4020447642779881,-0.2652926722955172,1.458218745736474,1.408334734441818,1.3758174962343692,-0.0259520598162059,-0.0191391661695434,-0.039877500768278,0.0181958837582821,0.0112943888687203,0.0068327195058523,6.87753837094832e-05,downstairs,wiktor
1672842730340193700,-0.7015106120068784,1.5751180143898953,-0.0376802637460055,1.7246836522359106,-0.7015106120068784,-0.5512149775478541,-0.4020447642779881,1.5751180143898953,1.458218745736474,1.408334734441818,-0.0376802637460055,-0.0259520598162059,-0.0191391661695434,0.0082546076117677,0.0059791977975621,0.0009052281053075,0.0013701817088979,downstairs,wiktor
1672842730350193700,-0.8108650613682294,1.6176674704453513,-0.0900287443141746,1.8117547757595536,-0.8108650613682294,-0.7015106120068784,-0.5512149775478541,1.6176674704453513,1.5751180143898953,1.458218745736474,-0.0900287443141746,-0.0376802637460055,-0.0259520598162059,0.017405981955198,1.1148153679890835e-05,0.0166222719965461,0.000772561804972,downstairs,wiktor
1672842730360193700,-0.8155869579532662,1.4353366063737625,-0.1293368046828066,1.6559291254838082,-0.8155869579532662,-0.8108650613682294,-0.7015106120068784,1.4353366063737625,1.6176674704453513,1.5751180143898953,-0.1293368046828066,-0.0900287443141746,-0.0376802637460055,0.0850184068545642,0.03280135208129,0.0474115030787155,0.0048055516945586,downstairs,wiktor
1672842730370193700,-0.5594567095198176,1.1274031620104858,-0.0313005696004793,1.258971574419096,-0.5594567095198176,-0.8155869579532662,-0.8108650613682294,1.1274031620104858,1.4353366063737625,1.6176674704453513,-0.0313005696004793,-0.1293368046828066,-0.0900287443141746,0.043190911748151,0.0241142483467223,0.0032268847870077,0.0158497786144209,downstairs,wiktor
1672842730380193700,-0.3398468356674687,1.0470678050746045,0.1467431251175364,1.1105766092018154,-0.3398468356674687,-0.5594567095198176,-0.8155869579532662,1.0470678050746045,1.1274031620104858,1.4353366063737625,0.1467431251175364,-0.0313005696004793,-0.1293368046828066,0.0242497179876233,0.009154738460161,0.0062772766181722,0.00881770290929,downstairs,wiktor
1672842730390193700,-0.2045343199110829,1.1591149078320804,0.2795414903882738,1.2097624156951474,-0.2045343199110829,-0.3398468356674687,-0.5594567095198176,1.1591149078320804,1.0470678050746045,1.1274031620104858,0.2795414903882738,0.1467431251175364,-0.0313005696004793,0.0396016326563744,0.0229035759454447,0.01668834589068,9.710820249678254e-06,downstairs,wiktor
1672842730400193700,0.0094917343227169,1.341807797078926,0.2839484894238258,1.371555686790852,0.0094917343227169,-0.2045343199110829,-0.3398468356674687,1.341807797078926,1.1591149078320804,1.0470678050746045,0.2839484894238258,0.2795414903882738,0.1467431251175364,0.0215201350357804,0.007203083648339,0.0061209926869989,0.0081960587004424,downstairs,wiktor
1672842730410193700,0.1295174286413839,1.452451302871168,0.1559167847531274,1.4665263704760931,0.1295174286413839,0.0094917343227169,-0.2045343199110829,1.452451302871168,1.341807797078926,1.1591149078320804,0.1559167847531274,0.2839484894238258,0.2795414903882738,0.0156978244527484,0.0020041147711805,0.0003813030540106,0.0133124066275572,downstairs,wiktor
1672842730420193700,0.1928280086605328,1.4248359790812628,-0.0072543317323418,1.437843118541564,0.1928280086605328,0.1295174286413839,0.0094917343227169,1.4248359790812628,1.452451302871168,1.341807797078926,-0.0072543317323418,0.1559167847531274,0.2839484894238258,0.0325011260585024,6.447617117501777e-05,0.0181230448310234,0.014313605056304,downstairs,wiktor
1672842730430193700,0.1814722901737951,1.2344519207621725,-0.176450106244024,1.260134269341115,0.1814722901737951,0.1928280086605328,0.1295174286413839,1.2344519207621725,1.4248359790812628,1.452451302871168,-0.176450106244024,-0.0072543317323418,0.1559167847531274,0.0397866447912171,0.0192072245734534,0.0110367617145658,0.0095426585031978,downstairs,wiktor
1672842730440193700,-0.0145237535283852,1.0858803103208376,-0.314599724435301,1.1306281326651124,-0.0145237535283852,0.1814722901737951,0.1928280086605328,1.0858803103208376,1.2344519207621725,1.4248359790812628,-0.314599724435301,-0.176450106244024,-0.0072543317323418,0.0184358705580842,0.0108161015938452,0.0044428775546856,0.0031768914095534,downstairs,wiktor
1672842730450193700,-0.1616026547606504,0.991616027003288,-0.3943103436720555,1.079304595636584,-0.1616026547606504,-0.0145237535283852,0.1814722901737951,0.991616027003288,1.0858803103208376,1.2344519207621725,-0.3943103436720555,-0.314599724435301,-0.176450106244024,0.0137935494385197,0.0135333713526147,7.793543529394308e-05,0.000182242650611,downstairs,wiktor
1672842730460193700,-0.3261223882433835,0.9791312013902534,-0.4134018418118594,1.111735042383268,-0.3261223882433835,-0.1616026547606504,-0.0145237535283852,0.9791312013902534,0.991616027003288,1.0858803103208376,-0.4134018418118594,-0.3943103436720555,-0.314599724435301,0.0151272671364414,0.0135189087695549,0.0014482875025583,0.0001600708643281,downstairs,wiktor
1672842730470193700,-0.4905541903350404,1.0329510397876027,-0.3955093369940244,1.2099830163696552,-0.4905541903350404,-0.3261223882433835,-0.1616026547606504,1.0329510397876027,0.9791312013902534,0.991616027003288,-0.3955093369940244,-0.4134018418118594,-0.3943103436720555,0.0173131729143607,0.0101163486006127,0.0049251363332243,0.0022716879805236,downstairs,wiktor
1672842730480193700,-0.6327958762123719,1.1321995796582165,-0.3281047677049375,1.337893586097316,-0.6327958762123719,-0.4905541903350404,-0.3261223882433835,1.1321995796582165,1.0329510397876027,0.9791312013902534,-0.3281047677049375,-0.3955093369940244,-0.4134018418118594,0.014889885093562,0.0016574161694157,0.005467302715795,0.0077651662083512,downstairs,wiktor
1672842730490193700,-0.6903704568780739,1.2367682433753653,-0.2034840133471564,1.4309482168267629,-0.6903704568780739,-0.6327958762123719,-0.4905541903350404,1.2367682433753653,1.1321995796582165,1.0329510397876027,-0.2034840133471564,-0.3281047677049375,-0.3955093369940244,0.0106107270776797,0.0008469749100556,0.0027163799108549,0.0070473722567692,downstairs,wiktor
1672842730500193700,-0.6492128352253198,1.310475500967205,-0.0847627241293484,1.4649259583536547,-0.6492128352253198,-0.6903704568780739,-0.6327958762123719,1.310475500967205,1.2367682433753653,1.1321995796582165,-0.0847627241293484,-0.2034840133471564,-0.3281047677049375,0.0120673263954806,0.0063478839164301,0.001704792583594,0.0040146498954564,downstairs,wiktor
1672842730510193700,-0.5365373372993718,1.3688671541993938,0.0048436360852754,1.4702697238849658,-0.5365373372993718,-0.6492128352253198,-0.6903704568780739,1.3688671541993938,1.310475500967205,1.2367682433753653,0.0048436360852754,-0.0847627241293484,-0.2034840133471564,0.008135614444296,0.0055440479565857,0.0004427950445212,0.0021487714431889,downstairs,wiktor
1672842730520193700,-0.4312373092216376,1.3986260199211007,0.0703992833353624,1.4652905580666211,-0.4312373092216376,-0.5365373372993718,-0.6492128352253198,1.3986260199211007,1.3688671541993938,1.310475500967205,0.0703992833353624,0.0048436360852754,-0.0847627241293484,0.0024239101580345,0.0006739580875865,1.552144767260793e-05,0.0017344306227754,downstairs,wiktor
1672842730530193700,-0.394523331295335,1.4041976350680052,0.1292963226968694,1.4642872656449213,-0.394523331295335,-0.4312373092216376,-0.5365373372993718,1.4041976350680052,1.3986260199211007,1.3688671541993938,0.1292963226968694,0.0703992833353624,0.0048436360852754,0.0028191438034818,0.0001836098123209,0.0001355345359114,0.0024999994552494,downstairs,wiktor
1672842730540193700,-0.4136863066551753,1.4206618104747166,0.2000069931115877,1.493123952439595,-0.4136863066551753,-0.394523331295335,-0.4312373092216376,1.4206618104747166,1.4041976350680052,1.3986260199211007,0.2000069931115877,0.1292963226968694,0.0703992833353624,0.0023441483093508,7.538058411544061e-05,1.834829472751469e-05,0.0022504194305079,downstairs,wiktor
1672842730550193700,-0.4014078227002694,1.4267195814719589,0.2670952846460714,1.505987016996049,-0.4014078227002694,-0.4136863066551753,-0.394523331295335,1.4267195814719589,1.4206618104747166,1.4041976350680052,0.2670952846460714,0.2000069931115877,0.1292963226968694,0.0027642162238295,0.0006115970245589,2.5289739147532824e-05,0.002127329460123,downstairs,wiktor
1672842730560193700,-0.366433631514227,1.4196076563953663,0.3323230311980273,1.5033290063940408,-0.366433631514227,-0.4014078227002694,-0.4136863066551753,1.4196076563953663,1.4267195814719589,1.4206618104747166,0.3323230311980273,0.2670952846460714,0.2000069931115877,0.0009177975567801,0.0001450314641366,2.3240575516199818e-07,0.0007725336868883,downstairs,wiktor
1672842730570193700,-0.3494023976107972,1.420289427258871,0.371630376233996,1.5091100785493838,-0.3494023976107972,-0.366433631514227,-0.4014078227002694,1.420289427258871,1.4196076563953663,1.4267195814719589,0.371630376233996,0.3323230311980273,0.2670952846460714,0.0002706779494397,1.6176660076089946e-07,0.0002540008137695,1.6515369069490345e-05,downstairs,wiktor
1672842730580193700,-0.34883359782043,1.3977505358145474,0.3773776136694062,1.4892297682483435,-0.34883359782043,-0.3494023976107972,-0.366433631514227,1.3977505358145474,1.420289427258871,1.4196076563953663,0.3773776136694062,0.371630376233996,0.3323230311980273,0.0020696724924313,6.800588434485903e-06,0.0004951526722223,0.0015677192317744,downstairs,wiktor
1672842730590193700,-0.3451456204792615,1.3662814185017809,0.3213826276121797,1.445384795551054,-0.3451456204792615,-0.34883359782043,-0.3494023976107972,1.3662814185017809,1.3977505358145474,1.420289427258871,0.3213826276121797,0.3773776136694062,0.371630376233996,0.0075972992482457,0.0006259364423401,4.304828599590391e-05,0.0069283145199097,downstairs,wiktor
1672842730600193700,-0.3097638047446184,1.3570025946543416,0.2036684439306051,1.406730426087952,-0.3097638047446184,-0.3451456204792615,-0.34883359782043,1.3570025946543416,1.3662814185017809,1.3977505358145474,0.2036684439306051,0.3213826276121797,0.3773776136694062,0.0094958477040927,0.0022846484076767,0.0008866952677203,0.0063245040286957,downstairs,wiktor
1672842730610193700,-0.2421672307533763,1.3991142383581996,0.0912006349478059,1.4228433418483877,-0.2421672307533763,-0.3097638047446184,-0.3451456204792615,1.3991142383581996,1.3570025946543416,1.3662814185017809,0.0912006349478059,0.2036684439306051,0.3213826276121797,0.0105258837157164,0.0005786791882531,0.0035359591748348,0.0064112453526284,downstairs,wiktor
1672842730620193700,-0.208147260493155,1.4832089370595425,-0.0220358022323564,1.497905073629209,-0.208147260493155,-0.2421672307533763,-0.3097638047446184,1.4832089370595425,1.3991142383581996,1.3570025946543416,-0.0220358022323564,0.0912006349478059,0.2036684439306051,0.016120264751018,0.0013326319517429,0.0049223301686354,0.0098653026306396,downstairs,wiktor
1672842730630193700,-0.1565210665264693,1.5824291987870287,-0.1625014751253426,1.5984329022071129,-0.1565210665264693,-0.208147260493155,-0.2421672307533763,1.5824291987870287,1.4832089370595425,1.3991142383581996,-0.1625014751253426,-0.0220358022323564,0.0912006349478059,0.0209195694610876,0.0051761776651167,0.0043136845363473,0.0114297072596236,downstairs,wiktor
1672842730640193700,-0.0547745416215203,1.6753128306749707,-0.3136947769586157,1.7053086946723597,-0.0547745416215203,-0.1565210665264693,-0.208147260493155,1.6753128306749707,1.5824291987870287,1.4832089370595425,-0.3136947769586157,-0.1625014751253426,-0.0220358022323564,0.0081715457065857,0.0005618495975366,0.002883182847803,0.004726513261246,downstairs,wiktor
1672842730650193700,-0.0882961644204441,1.5993762407093552,-0.41092145294053,1.653679839776644,-0.0882961644204441,-0.0547745416215203,-0.1565210665264693,1.5993762407093552,1.6753128306749707,1.5824291987870287,-0.41092145294053,-0.3136947769586157,-0.1625014751253426,0.0475344817872669,0.0303856387579912,0.0171457857626642,3.0572666114822053e-06,downstairs,wiktor
1672842730660193700,-0.3348144751318038,1.4141964050756437,-0.4133942111622259,1.5109424140942955,-0.3348144751318038,-0.0882961644204441,-0.0547745416215203,1.4141964050756437,1.5993762407093552,1.6753128306749707,-0.4133942111622259,-0.41092145294053,-0.3136947769586157,0.0100468920044781,0.0018770190284737,0.002069856230008,0.0061000167459963,downstairs,wiktor
1672842730670193700,-0.3960846804272608,1.3498558077826734,-0.3029404493793302,1.4390158761264344,-0.3960846804272608,-0.3348144751318038,-0.0882961644204441,1.3498558077826734,1.4141964050756437,1.5993762407093552,-0.3029404493793302,-0.4133942111622259,-0.41092145294053,0.0272437321452553,0.016984038503168,0.0003760891731135,0.0098836044689737,downstairs,wiktor
1672842730680193700,-0.2117803749801658,1.3772816778003596,-0.1623445428317085,1.402893972407947,-0.2117803749801658,-0.3960846804272608,-0.3348144751318038,1.3772816778003596,1.3498558077826734,1.4141964050756437,-0.1623445428317085,-0.3029404493793302,-0.4133942111622259,0.0145289037993539,0.0058872329045504,2.156721579030915e-05,0.0086201036790131,downstairs,wiktor
1672842730690193700,-0.1032701643587639,1.383849358637658,-0.0310425727092981,1.3880444573460016,-0.1032701643587639,-0.2117803749801658,-0.3960846804272608,1.383849358637658,1.3772816778003596,1.3498558077826734,-0.0310425727092981,-0.1623445428317085,-0.3029404493793302,0.0101239655709352,0.0022305190396709,0.001849995768177,0.0060434507630873,downstairs,wiktor
1672842730700193700,-0.170061167340766,1.3230218029054568,0.0788978726517,1.3362381396702734,-0.170061167340766,-0.1032701643587639,-0.2117803749801658,1.3230218029054568,1.383849358637658,1.3772816778003596,0.0788978726517,-0.0310425727092981,-0.1623445428317085,0.0142256637826018,0.0013767681973552,0.0090815000558713,0.0037673955293751,downstairs,wiktor
1672842730710193700,-0.2225353171167327,1.1882516277488488,0.1657010468952165,1.2202133973835088,-0.2225353171167327,-0.170061167340766,-0.1032701643587639,1.1882516277488488,1.3230218029054568,1.383849358637658,0.1657010468952165,0.0788978726517,-0.0310425727092981,0.0171538793779291,0.000440353684047,0.0143358680384394,0.0023776576554427,downstairs,wiktor
1672842730720193700,-0.2522120313569246,1.0189243231672225,0.2346598411921408,1.07558492280772,-0.2522120313569246,-0.2225353171167327,-0.170061167340766,1.0189243231672225,1.1882516277488488,1.3230218029054568,0.2346598411921408,0.1657010468952165,0.0788978726517,0.0186030200242625,1.8363323292534523e-06,0.0159674731983849,0.0026337104935483,downstairs,wiktor
1672842730730193700,-0.2541284511070073,0.8402208078219169,0.3072368415923832,0.930025135354214,-0.2541284511070073,-0.2522120313569246,-0.2225353171167327,0.8402208078219169,1.0189243231672225,1.1882516277488488,0.3072368415923832,0.2346598411921408,0.1657010468952165,0.0177127671529959,0.0007303555942811,0.0157134718694122,0.0012689396893025,downstairs,wiktor
1672842730740193700,-0.2159091995632863,0.6629443464999902,0.3576142112994755,0.7835814655386535,-0.2159091995632863,-0.2541284511070073,-0.2522120313569246,0.6629443464999902,0.8402208078219169,1.0189243231672225,0.3576142112994755,0.3072368415923832,0.2346598411921408,0.0178726021014557,2.2058506350232703e-05,0.0177556422444057,9.490135069972123e-05,downstairs,wiktor
1672842730750193700,-0.222551263451903,0.4744999661411916,0.3713911014202336,0.6423477507909283,-0.222551263451903,-0.2159091995632863,-0.2541284511070073,0.4744999661411916,0.6629443464999902,0.8402208078219169,0.3713911014202336,0.3576142112994755,0.3072368415923832,0.0176332546651187,2.5833303799665807e-09,0.0176332036143049,4.8467483410128607e-08,downstairs,wiktor
1672842730760193700,-0.2224793839641479,0.2867064432800185,0.3717024452282984,0.5194808646100849,-0.2224793839641479,-0.222551263451903,-0.2159091995632863,0.2867064432800185,0.4744999661411916,0.6629443464999902,0.3717024452282984,0.3713911014202336,0.3576142112994755,0.0137456032539155,0.0016517983504921,0.0120398716462529,5.3933257170371614e-05,downstairs,wiktor
1672842730770193700,-0.1650024607602712,0.1315299524945068,0.3613165647003535,0.418420363255682,-0.1650024607602712,-0.2224793839641479,-0.222551263451903,0.1315299524945068,0.2867064432800185,0.4744999661411916,0.3613165647003535,0.3717024452282984,0.3713911014202336,0.011825772913418,0.0035483256783402,0.0080692622711998,0.0002081849638779,downstairs,wiktor
1672842730780193700,-0.0807608359143522,0.0044924598303346,0.3409114200609285,0.3503756429046845,-0.0807608359143522,-0.1650024607602712,-0.2224793839641479,0.0044924598303346,0.1315299524945068,0.2867064432800185,0.3409114200609285,0.3613165647003535,0.3717024452282984,0.0063650385608744,0.0034126215531946,0.0023091747596757,0.000643242248004,downstairs,wiktor
1672842730790193700,0.0018541936286394,-0.0634659798173758,0.3050438233194674,0.3115816149479145,0.0018541936286394,-0.0807608359143522,-0.1650024607602712,-0.0634659798173758,0.0044924598303346,0.1315299524945068,0.3050438233194674,0.3409114200609285,0.3613165647003535,0.0068684111404224,0.0043088495477525,4.5182054085949344e-05,0.0025143795385839,downstairs,wiktor
1672842730800193700,0.0946857566635525,-0.0539599760212531,0.2341300793965304,0.2582517485040311,0.0946857566635525,0.0018541936286394,-0.0807608359143522,-0.0539599760212531,-0.0634659798173758,0.0044924598303346,0.2341300793965304,0.3050438233194674,0.3409114200609285,0.0173455098625695,0.0039220634356547,0.0058775947275995,0.0075458516993152,downstairs,wiktor
1672842730810193700,0.1832528322125931,0.0544613754515957,0.1112817851526521,0.2212041537511841,0.1832528322125931,0.0946857566635525,0.0018541936286394,0.0544613754515957,-0.0539599760212531,-0.0634659798173758,0.1112817851526521,0.2341300793965304,0.3050438233194674,0.0180314834071176,0.0015993731678193,0.0088472537698904,0.0075848564694078,downstairs,wiktor
1672842730820193700,0.2398102926898703,0.187482078876968,-0.0118836034060486,0.304630475182545,0.2398102926898703,0.1832528322125931,0.0946857566635525,0.187482078876968,0.0544613754515957,-0.0539599760212531,-0.0118836034060486,0.1112817851526521,0.2341300793965304,0.0057739343518757,0.0001361047740508,0.0027275592527665,0.0029102703250583,downstairs,wiktor
1672842730830193700,0.256309066829234,0.2613408529362031,-0.0881760712525974,0.3765214451977974,0.256309066829234,0.2398102926898703,0.1832528322125931,0.2613408529362031,0.187482078876968,0.0544613754515957,-0.0881760712525974,-0.0118836034060486,0.1112817851526521,0.0018378790459765,0.0004807862984403,0.0002306509528193,0.0011264417947168,downstairs,wiktor
1672842730840193700,0.2252998327709626,0.2828187929128084,-0.1356406221241026,0.3861927791162017,0.2252998327709626,0.256309066829234,0.2398102926898703,0.2828187929128084,0.2613408529362031,0.187482078876968,-0.1356406221241026,-0.0881760712525974,-0.0118836034060486,0.0006258069000281,0.0005175028989792,7.255324837189181e-05,3.575075267700472e-05,downstairs,wiktor
1672842730850193700,0.1931283267763952,0.2948648087165413,-0.1440964783997266,0.3807986359089217,0.1931283267763952,0.2252998327709626,0.256309066829234,0.2948648087165413,0.2828187929128084,0.2613408529362031,-0.1440964783997266,-0.1356406221241026,-0.0881760712525974,0.0005720454343645,7.0930668500331e-05,0.0004672387518316,3.387601403261427e-05,downstairs,wiktor
1672842730860193700,0.1812177710798434,0.3254340334967546,-0.1523276404115709,0.4024312372896396,0.1812177710798434,0.1931283267763952,0.2252998327709626,0.3254340334967546,0.2948648087165413,0.2828187929128084,-0.1523276404115709,-0.1440964783997266,-0.1356406221241026,0.0029236705213209,0.0001354853143719,0.0014200187516909,0.001368166455258,downstairs,wiktor
1672842730870193700,0.1647565855592346,0.3787260357427012,-0.2046376099251933,0.4609280790214616,0.1647565855592346,0.1812177710798434,0.1931283267763952,0.3787260357427012,0.3254340334967546,0.2948648087165413,-0.2046376099251933,-0.1523276404115709,-0.1440964783997266,0.0074725704681325,3.9475382451067896e-05,0.0036634138188735,0.0037696812668079,downstairs,wiktor
1672842730880193700,0.1736420098542323,0.4643229260936187,-0.2914671125934454,0.575065565832208,0.1736420098542323,0.1647565855592346,0.1812177710798434,0.4643229260936187,0.3787260357427012,0.3254340334967546,-0.2914671125934454,-0.2046376099251933,-0.1523276404115709,0.0117567546793614,2.013905107815562e-09,0.0059551611231437,0.0058015915423125,downstairs,wiktor
1672842730890193700,0.1737054748856719,0.5734573489229324,-0.3991851848219492,0.7199831489835776,0.1737054748856719,0.1736420098542323,0.1647565855592346,0.5734573489229324,0.4643229260936187,0.3787260357427012,-0.3991851848219492,-0.2914671125934454,-0.2046376099251933,0.0158259350460156,0.0071257633061527,0.0036611619195156,0.0050390098203471,downstairs,wiktor
1672842730900193700,0.0543257169184789,0.6590279270384932,-0.4995745250961754,0.8287603985835891,0.0543257169184789,0.1737054748856719,0.1736420098542323,0.6590279270384932,0.5734573489229324,0.4643229260936187,-0.4995745250961754,-0.3991851848219492,-0.2914671125934454,0.0300444583799841,0.028349316094981,0.0007254619848128,0.0009696803001902,downstairs,wiktor
1672842730910193700,-0.1837890289289004,0.6971189229512502,-0.5436126971788189,0.9029219038351932,-0.1837890289289004,0.0543257169184789,0.1737054748856719,0.6971189229512502,0.6590279270384932,0.5734573489229324,-0.5436126971788189,-0.4995745250961754,-0.3991851848219492,0.0320727841195606,0.0312104535205722,2.252378703711632e-08,0.0008623080752013,downstairs,wiktor
1672842730920193700,-0.4336307929339292,0.6969066788133471,-0.5020841991274477,0.962186638115812,-0.4336307929339292,-0.1837890289289004,0.0543257169184789,0.6969066788133471,0.6971189229512502,0.6590279270384932,-0.5020841991274477,-0.5436126971788189,-0.4995745250961754,0.01313222872391,0.0020990973385385,0.000766796591894,0.0102663347934773,downstairs,wiktor
1672842730930193700,-0.4984242700522099,0.6577455605480563,-0.3587919467655186,0.8998820125225007,-0.4984242700522099,-0.4336307929339292,-0.1837890289289004,0.6577455605480563,0.6969066788133471,0.6971189229512502,-0.3587919467655186,-0.5020841991274477,-0.5436126971788189,0.0365183009839561,0.0153101377353149,0.001853394718042,0.0193547685305991,downstairs,wiktor
1672842730940193700,-0.3234377692282037,0.5968621520028371,-0.1620445527263642,0.6979361404348267,-0.3234377692282037,-0.4984242700522099,-0.4336307929339292,0.5968621520028371,0.6577455605480563,0.6969066788133471,-0.1620445527263642,-0.3587919467655186,-0.5020841991274477,0.0407529335680299,0.0208755861018714,0.0003868247492434,0.019490522716915,downstairs,wiktor
1672842730950193700,-0.1191067333972684,0.569047596488018,0.0353916279341975,0.5824552758256987,-0.1191067333972684,-0.3234377692282037,-0.4984242700522099,0.569047596488018,0.5968621520028371,0.6577455605480563,0.0353916279341975,-0.1620445527263642,-0.3587919467655186,0.6111348837683332,0.5722837290124643,0.0183446639441338,0.020506490811735,downstairs,wiktor
1672842730960193700,0.9507378618710952,0.7605921810845755,0.2379082485446308,1.2405657107335295,0.9507378618710952,-0.1191067333972684,-0.3234377692282037,0.7605921810845755,0.569047596488018,0.5968621520028371,0.2379082485446308,0.0353916279341975,-0.1620445527263642,0.9780008996239292,0.3779177527264942,0.5998841210544134,0.0001990258430215,downstairs,wiktor
1672842730970193700,1.820125868145042,1.8559315084661987,0.2179570158498045,2.6086098214885483,1.820125868145042,0.9507378618710952,-0.1191067333972684,1.8559315084661987,0.7605921810845755,0.569047596488018,0.2179570158498045,0.2379082485446308,0.0353916279341975,5.16343974110721,4.498838022145089,0.5683503856838047,0.096251333278316,downstairs,wiktor
1672842730980193700,-1.1794867808965266,2.922093208851093,-0.2207942423325875,3.15888712760848,-1.1794867808965266,1.820125868145042,0.9507378618710952,2.922093208851093,1.8559315084661987,0.7605921810845755,-0.2207942423325875,0.2179570158498045,0.2379082485446308,1.4719442895532762,0.93100376740214,0.5287221492064784,0.0122183729446576,downstairs,wiktor
1672842730990193700,0.185067188283249,3.9504143155162033,-0.0644716723392712,3.955272395796356,0.185067188283249,-1.1794867808965266,1.820125868145042,3.9504143155162033,2.922093208851093,1.8559315084661987,-0.0644716723392712,-0.2207942423325875,0.2179570158498045,0.8509117523112395,0.4489375171788579,0.322841748072126,0.0791324870602554,downstairs,wiktor
1672842731000193700,1.1326298692483217,3.1468699818641936,-0.4622969783725988,3.3762937667927915,1.1326298692483217,0.185067188283249,-1.1794867808965266,3.1468699818641936,3.9504143155162033,2.922093208851093,-0.4622969783725988,-0.0644716723392712,-0.2207942423325875,2.3595872112225766,0.4470825032805082,1.8904960446421937,0.0220086632998744,downstairs,wiktor
1672842731010193700,0.1870268835502982,1.2023926512469434,-0.2524939121420291,1.2427712253717405,0.1870268835502982,1.1326298692483217,0.185067188283249,1.2023926512469434,3.1468699818641936,3.9504143155162033,-0.2524939121420291,-0.4622969783725988,-0.0644716723392712,0.2971615037048551,0.0298895740197466,0.2359394845125477,0.0313324451725607,downstairs,wiktor
1672842731020193700,-0.0574708629413479,0.5154581790990569,-0.0021643486759424,0.5186566483643391,-0.0574708629413479,0.1870268835502982,1.1326298692483217,0.5154581790990569,1.2023926512469434,3.1468699818641936,-0.0021643486759424,-0.2524939121420291,-0.4622969783725988,0.1201495377898228,0.042621962523913,0.0775202050303073,7.370235602464151e-06,downstairs,wiktor
1672842731030193700,0.2344947601169601,0.121706467914693,0.0016749834541197,0.2642026919320703,0.2344947601169601,-0.0574708629413479,0.1870268835502982,0.121706467914693,0.5154581790990569,1.2023926512469434,0.0016749834541197,-0.0021643486759424,-0.2524939121420291,0.0142322746224347,0.0001642718866344,0.0136315685247774,0.0004364342110227,downstairs,wiktor
1672842731040193700,0.2163689836296229,-0.0434090584586765,0.0312193301560792,0.2228778365126939,0.2163689836296229,0.2344947601169601,-0.0574708629413479,-0.0434090584586765,0.121706467914693,0.5154581790990569,0.0312193301560792,0.0016749834541197,-0.0021643486759424,0.1000900713285014,0.0886794340712514,0.0098262681555061,0.0015843691017439,downstairs,wiktor
1672842731050193700,-0.2047709790223472,0.096778445659958,-0.0250722163095135,0.2278724147956462,-0.2047709790223472,0.2163689836296229,0.2344947601169601,0.096778445659958,-0.0434090584586765,0.121706467914693,-0.0250722163095135,0.0312193301560792,0.0016749834541197,0.0507735390766289,0.0022364401073152,0.0473705185929495,0.0011665803763641,downstairs,wiktor
1672842731060193700,-0.2716505739271504,0.404578765974767,-0.0733750190514703,0.4928102125701325,-0.2716505739271504,-0.2047709790223472,0.2163689836296229,0.404578765974767,0.096778445659958,-0.0434090584586765,-0.0733750190514703,-0.0250722163095135,0.0312193301560792,0.0806839878325917,0.0015830728923443,0.0790590677692014,4.184717104595952e-05,downstairs,wiktor
1672842731070193700,-0.2153820588881992,0.8022194775957011,-0.0642265578643679,0.8331089798219344,-0.2153820588881992,-0.2716505739271504,-0.2047709790223472,0.8022194775957011,0.404578765974767,0.096778445659958,-0.0642265578643679,-0.0733750190514703,-0.0250722163095135,0.1124506551402286,0.0013002705728322,0.1101868671952151,0.0009635173721812,downstairs,wiktor
1672842731080193700,-0.1643865576585372,1.2716592867197574,-0.020328553987626,1.2824014706583322,-0.1643865576585372,-0.2153820588881992,-0.2716505739271504,1.2716592867197574,0.8022194775957011,0.404578765974767,-0.020328553987626,-0.0642265578643679,-0.0733750190514703,0.0805178691850204,0.0088551834873466,0.0705700879794089,0.0010925977182648,downstairs,wiktor
1672842731090193700,-0.0313062549285937,1.6473455600367604,0.0264175200350096,1.6478547754991282,-0.0313062549285937,-0.1643865576585372,-0.2153820588881992,1.6473455600367604,1.2716592867197574,0.8022194775957011,0.0264175200350096,-0.020328553987626,-0.0642265578643679,0.0343552101559062,0.021868407415657,0.0124194040263461,6.739871390301904e-05,downstairs,wiktor
1672842731100193700,0.1778272307481723,1.804948885041953,0.0380277494817534,1.814086302065147,0.1778272307481723,-0.0313062549285937,-0.1643865576585372,1.804948885041953,1.6473455600367604,1.2716592867197574,0.0380277494817534,0.0264175200350096,-0.020328553987626,0.010385480691475,0.008168271991663,0.002216993161633,2.1553817894843485e-07,downstairs,wiktor
1672842731110193700,0.305641721254242,1.7383607004799295,0.0373711854270742,1.7654210240745838,0.305641721254242,0.1778272307481723,-0.0313062549285937,1.7383607004799295,1.804948885041953,1.6473455600367604,0.0373711854270742,0.0380277494817534,0.0264175200350096,0.0858782008538608,0.0105444308949409,0.0714648921961516,0.0038688777627683,downstairs,wiktor
1672842731120193700,0.1604216751521909,1.3603001439650997,-0.0505933274490658,1.3706608918009129,0.1604216751521909,0.305641721254242,0.1778272307481723,1.3603001439650997,1.7383607004799295,1.804948885041953,-0.0505933274490658,0.0373711854270742,0.0380277494817534,0.0604623797349265,0.017696417612418,0.0395940392584287,0.0031719228640797,downstairs,wiktor
1672842731130193700,-0.0277081609313929,1.078896379745682,-0.1302415900048779,1.0870823391894184,-0.0277081609313929,0.1604216751521909,0.305641721254242,1.078896379745682,1.3603001439650997,1.7383607004799295,-0.1302415900048779,-0.0505933274490658,0.0373711854270742,0.0120723737468477,0.001228981835862,0.0102726803571453,0.0005707115538402,downstairs,wiktor
1672842731140193700,-0.0772860155816714,0.9355598501578246,-0.1640265438701799,0.9529690805717768,-0.0772860155816714,-0.0277081609313929,0.1604216751521909,0.9355598501578246,1.078896379745682,1.3603001439650997,-0.1640265438701799,-0.1302415900048779,-0.0505933274490658,0.0035454674573337,6.608697710459079e-05,0.0034596329239449,1.974755628417345e-05,downstairs,wiktor
1672842731150193700,-0.0657893223958383,0.8523777255883601,-0.1703110575799547,0.8717120386655745,-0.0657893223958383,-0.0772860155816714,-0.0277081609313929,0.8523777255883601,0.9355598501578246,1.078896379745682,-0.1703110575799547,-0.1640265438701799,-0.1302415900048779,0.0017170388632365,0.0006192250414144,0.0006824874008077,0.0004153264210143,downstairs,wiktor
1672842731160193700,-0.0305977028987354,0.8154321602033843,-0.1414900089864563,0.8281818942476493,-0.0305977028987354,-0.0657893223958383,-0.0772860155816714,0.8154321602033843,0.8523777255883601,0.9355598501578246,-0.1414900089864563,-0.1703110575799547,-0.1640265438701799,0.003231630281162,0.0006152964131215,6.229566861929232e-05,0.0025540381994211,downstairs,wiktor
1672842731170193700,0.004482103632133,0.8265942091747239,-0.0700192009677815,0.829566612393678,0.004482103632133,-0.0305977028987354,-0.0657893223958383,0.8265942091747239,0.8154321602033843,0.8523777255883601,-0.0700192009677815,-0.1414900089864563,-0.1703110575799547,0.0040032636951257,0.000247529758702,0.0011770471928863,0.0025786867435373,downstairs,wiktor
1672842731180193700,0.0267320366074029,0.8751132197352531,0.0017956546477156,0.8755232569796161,0.0267320366074029,0.004482103632133,-0.0305977028987354,0.8751132197352531,0.8265942091747239,0.8154321602033843,0.0017956546477156,-0.0700192009677815,-0.1414900089864563,0.0023394398767318,0.0002504256673131,0.0008863768813634,0.0012026373280551,downstairs,wiktor
1672842731190193700,0.0491117447070715,0.9172173022300304,0.0508392541904722,0.919937048251102,0.0491117447070715,0.0267320366074029,0.004482103632133,0.9172173022300304,0.8751132197352531,0.8265942091747239,0.0508392541904722,0.0017956546477156,-0.0700192009677815,0.0015724198118173,0.0003377797859013,0.0005114972784952,0.0007231427474207,downstairs,wiktor
1672842731200193700,0.0751032735540367,0.9492015883247756,0.0888693146011735,0.9563063902612444,0.0751032735540367,0.0491117447070715,0.0267320366074029,0.9492015883247756,0.9172173022300304,0.8751132197352531,0.0888693146011735,0.0508392541904722,0.0017956546477156,0.0006755915139372,0.0001307295073041,0.0002110513418292,0.0003338106648039,downstairs,wiktor
1672842731210193700,0.091272967880406,0.969746726038074,0.1147076839306797,0.9807636412918262,0.091272967880406,0.0751032735540367,0.0491117447070715,0.969746726038074,0.9492015883247756,0.9172173022300304,0.1147076839306797,0.0888693146011735,0.0508392541904722,0.0001676558570151,2.6835436716654308e-05,0.0001065475310154,3.427288928304054e-05,downstairs,wiktor
1672842731220193700,0.0985990086551566,0.955148950110524,0.1229869217317144,0.968068729131387,0.0985990086551566,0.091272967880406,0.0751032735540367,0.955148950110524,0.969746726038074,0.9492015883247756,0.1229869217317144,0.1147076839306797,0.0888693146011735,0.001053578345114,1.3718044366575189e-05,0.001039433333449,4.269672984262953e-07,downstairs,wiktor
1672842731230193700,0.10383695565118,0.909554359785596,0.1220628359148918,0.923564065279435,0.10383695565118,0.0985990086551566,0.091272967880406,0.909554359785596,0.955148950110524,0.969746726038074,0.1220628359148918,0.1229869217317144,0.1147076839306797,0.0010129400563693,1.546205242578354e-07,0.0010096544302426,3.131005602379561e-06,downstairs,wiktor
1672842731240193700,0.1032808611911144,0.864617639161085,0.124565237002799,0.8796289538813681,0.1032808611911144,0.10383695565118,0.0985990086551566,0.864617639161085,0.909554359785596,0.955148950110524,0.124565237002799,0.1220628359148918,0.1229869217317144,0.0009386868832737,8.197107850864832e-07,0.0009354041110987,2.4630613899607376e-06,downstairs,wiktor
1672842731250193700,0.1020004622024499,0.8213647985353243,0.1223457499494641,0.8366676216354879,0.1020004622024499,0.1032808611911144,0.10383695565118,0.8213647985353243,0.864617639161085,0.909554359785596,0.1223457499494641,0.124565237002799,0.1220628359148918,0.0008243435066765,1.593061995658301e-05,0.0007031898785773,0.0001052230081425,downstairs,wiktor
1672842731260193700,0.0963558860524484,0.7838630684798349,0.1078389923418806,0.7970915977307044,0.0963558860524484,0.1020004622024499,0.1032808611911144,0.7838630684798349,0.8213647985353243,0.864617639161085,0.1078389923418806,0.1223457499494641,0.124565237002799,0.0006593334916898,0.0001479391990163,0.0001097151424037,0.0004016791502698,downstairs,wiktor
1672842731270193700,0.0791547698667855,0.7690498890504387,0.0794954163406129,0.7771889928841782,0.0791547698667855,0.0963558860524484,0.1020004622024499,0.7690498890504387,0.7838630684798349,0.8213647985353243,0.0794954163406129,0.1078389923418806,0.1223457499494641,0.0006140056273684,3.8511988209452126e-05,3.855256615948475e-05,0.0005369410729995,downstairs,wiktor
1672842731280193700,0.0703784394024681,0.7602689362365939,0.0467252752667772,0.7649478619408026,0.0703784394024681,0.0791547698667855,0.0963558860524484,0.7602689362365939,0.7690498890504387,0.7838630684798349,0.0467252752667772,0.0794954163406129,0.1078389923418806,0.0035715935039026,0.0006957119627941,0.000650375810762,0.0022255057303464,downstairs,wiktor
1672842731290193700,0.1076802346084393,0.7963348706002579,-0.0199906258415263,0.8038307559311187,0.1076802346084393,0.0703784394024681,0.0791547698667855,0.7963348706002579,0.7602689362365939,0.7690498890504387,-0.0199906258415263,0.0467252752667772,0.0794954163406129,0.0045903767505292,0.0008332417654349,0.0006208177912041,0.0031363171938901,downstairs,wiktor
1672842731300193700,0.1485028206469295,0.8315717203801172,-0.0991905904108379,0.8505312381694705,0.1485028206469295,0.1076802346084393,0.0703784394024681,0.8315717203801172,0.7963348706002579,0.7602689362365939,-0.0991905904108379,-0.0199906258415263,0.0467252752667772,0.0017843898992342,5.886250251882165e-05,0.0007338662466096,0.0009916611501057,downstairs,wiktor
1672842731310193700,0.1376527052080208,0.8698827174073329,-0.1437250972590287,0.8923570545903525,0.1376527052080208,0.1485028206469295,0.1076802346084393,0.8698827174073329,0.8315717203801172,0.7963348706002579,-0.1437250972590287,-0.0991905904108379,-0.0199906258415263,0.0024447194236681,0.0008606341869867,0.0014950218604947,8.906337618657704e-05,downstairs,wiktor
1672842731320193700,0.0961645337133218,0.9245640096469055,-0.1570715107238197,0.9427288501789508,0.0961645337133218,0.1376527052080208,0.1485028206469295,0.9245640096469055,0.8698827174073329,0.8315717203801172,-0.1570715107238197,-0.1437250972590287,-0.0991905904108379,0.0055844740826883,0.003518647803797,0.0020238711885556,4.195509033569529e-05,downstairs,wiktor
1672842731330193700,0.0122759432638804,0.9881858799205088,-0.1662317607570551,1.0021452141988605,0.0122759432638804,0.0961645337133218,0.1376527052080208,0.9881858799205088,0.9245640096469055,0.8698827174073329,-0.1662317607570551,-0.1570715107238197,-0.1437250972590287,0.0016478034647015,0.0003450943083866,0.0010722861992632,0.0002304229570515,downstairs,wiktor
1672842731340193700,-0.0139954978228443,1.0344954080818558,-0.1876990827629125,1.051478753457146,-0.0139954978228443,0.0122759432638804,0.0961645337133218,1.0344954080818558,0.9881858799205088,0.9245640096469055,-0.1876990827629125,-0.1662317607570551,-0.1570715107238197,0.0010082445136701,0.0001779001131213,0.0008011758051664,2.916859538233357e-05,downstairs,wiktor
1672842731350193700,0.0048671697043827,1.0745247924180266,-0.1953369614451558,1.0921463946598735,0.0048671697043827,-0.0139954978228443,0.0122759432638804,1.0745247924180266,1.0344954080818558,0.9881858799205088,-0.1953369614451558,-0.1876990827629125,-0.1662317607570551,0.0004578927614254,0.0001192693734615,0.0002997814525404,3.884193542342134e-05,downstairs,wiktor
1672842731360193700,-0.0105775299341026,1.0990107660576631,-0.1865231160388168,1.1147768480135334,-0.0105775299341026,0.0048671697043827,-0.0139954978228443,1.0990107660576631,1.0745247924180266,1.0344954080818558,-0.1865231160388168,-0.1953369614451558,-0.1876990827629125,0.0028825822554441,0.0014805508932648,9.45364251172798e-05,0.0013074949370619,downstairs,wiktor
1672842731370193700,-0.0649935366465562,1.112761142424678,-0.1353861443439273,1.122849468083953,-0.0649935366465562,-0.0105775299341026,0.0048671697043827,1.112761142424678,1.0990107660576631,1.0745247924180266,-0.1353861443439273,-0.1865231160388168,-0.1953369614451558,0.0029659744463758,0.0006281346614054,7.890295513881182e-06,0.0023299494894564,downstairs,wiktor
1672842731380193700,-0.1004374264276026,1.116733621628873,-0.0671226916117886,1.1232484649590893,-0.1004374264276026,-0.0649935366465562,-0.0105775299341026,1.116733621628873,1.112761142424678,1.0990107660576631,-0.0671226916117886,-0.1353861443439273,-0.1865231160388168,0.0048810100173555,0.0010724472974992,1.8338348536857144e-05,0.0037902243713194,downstairs,wiktor
1672842731390193700,-0.0541244196692571,1.1106774927437093,0.0199430808974981,1.112174299364839,-0.0541244196692571,-0.1004374264276026,-0.0649935366465562,1.1106774927437093,1.116733621628873,1.112761142424678,0.0199430808974981,-0.0671226916117886,-0.1353861443439273,0.0115433178671412,0.0017405872345693,6.191885535851037e-06,0.0097965387470361,downstairs,wiktor
1672842731400193700,0.0048770588642391,1.1071584344788177,0.1599183554786621,1.1186587795926657,0.0048770588642391,-0.0541244196692571,-0.1004374264276026,1.1071584344788177,1.1106774927437093,1.116733621628873,0.1599183554786621,0.0199430808974981,-0.0671226916117886,0.0051609320248059,0.0006069887182376,0.0002953380283857,0.0042586052781825,downstairs,wiktor
1672842731410193700,-0.0299651201215139,1.1314622625059294,0.2522070901994563,1.1596176853798883,-0.0299651201215139,0.0048770588642391,-0.0541244196692571,1.1314622625059294,1.1071584344788177,1.1106774927437093,0.2522070901994563,0.1599183554786621,0.0199430808974981,0.0071512792371953,0.0030784755587091,0.0020066636122176,0.0020661400662685,downstairs,wiktor
1672842731420193700,0.0485011217753566,1.194813089054881,0.3164899038632742,1.2369707093693527,0.0485011217753566,-0.0299651201215139,0.0048770588642391,1.194813089054881,1.1314622625059294,1.1071584344788177,0.3164899038632742,0.2522070901994563,0.1599183554786621,0.0238339490799467,0.0155528903992662,0.0068343676114747,0.0014466910692058,downstairs,wiktor
1672842731430193700,0.2248694318498493,1.3117264553692145,0.3702800715374105,1.3814122796883292,0.2248694318498493,0.0485011217753566,-0.0299651201215139,1.3117264553692145,1.194813089054881,1.1314622625059294,0.3702800715374105,0.3164899038632742,0.2522070901994563,0.0245465980995857,0.013117106900173,0.0108667413711121,0.0005627498283005,downstairs,wiktor
1672842731440193700,0.386839224713661,1.4591492580227534,0.4038285388138908,1.5626383560267487,0.386839224713661,0.2248694318498493,0.0485011217753566,1.4591492580227534,1.3117264553692145,1.194813089054881,0.4038285388138908,0.3702800715374105,0.3164899038632742,0.012487522801154,0.0067407740883997,0.005382945666051,0.0003638030467031,downstairs,wiktor
1672842731450193700,0.5029492939445402,1.5629080712971068,0.4308027133778381,1.6974188079135513,0.5029492939445402,0.386839224713661,0.2248694318498493,1.5629080712971068,1.4591492580227534,1.3117264553692145,0.4308027133778381,0.4038285388138908,0.3702800715374105,0.0015966955147221,0.0001138380786122,0.00147627273807,6.584698039898606e-06,downstairs,wiktor
1672842731460193700,0.5180382354986893,1.6172454017076083,0.43443167963282,1.7528768316831596,0.5180382354986893,0.5029492939445402,0.386839224713661,1.6172454017076083,1.5629080712971068,1.4591492580227534,0.43443167963282,0.4308027133778381,0.4038285388138908,0.0095698362459852,0.0047932115905244,0.0006223969467914,0.0041542277086694,downstairs,wiktor
1672842731470193700,0.4201279542150115,1.652527038483456,0.3432809505225226,1.739308748274279,0.4201279542150115,0.5180382354986893,0.5029492939445402,1.652527038483456,1.6172454017076083,1.5629080712971068,0.3432809505225226,0.43443167963282,0.4308027133778381,0.0141050263306144,0.0054967845808953,0.0008335312787969,0.0077747104709221,downstairs,wiktor
1672842731480193700,0.3152777316983627,1.6933567158957723,0.2185836332224123,1.7362706644088903,0.3152777316983627,0.4201279542150115,0.5180382354986893,1.6933567158957723,1.652527038483456,1.6172454017076083,0.2185836332224123,0.3432809505225226,0.43443167963282,0.0127982717674638,0.0070090152597158,0.0008652266435135,0.0049240298642344,downstairs,wiktor
1672842731490193700,0.1968799677016061,1.7349554332681518,0.1193462424441934,1.7501644501858715,0.1968799677016061,0.3152777316983627,0.4201279542150115,1.7349554332681518,1.6933567158957723,1.652527038483456,0.1193462424441934,0.2185836332224123,0.3432809505225226,0.005220307392401,0.001755513885903,0.0008721985599483,0.0025925949465496,downstairs,wiktor
1672842731500193700,0.1376260414873373,1.6931894528547011,0.0473379797717796,1.6994329450974963,0.1376260414873373,0.1968799677016061,0.3152777316983627,1.6931894528547011,1.7349554332681518,1.6933567158957723,0.0473379797717796,0.1193462424441934,0.2185836332224123,0.0223652607274701,0.0034790066543913,0.0187810362172575,0.0001052178558212,downstairs,wiktor
1672842731510193700,0.2210407482768634,1.499380081475206,0.0328315773355277,1.5159411445018995,0.2210407482768634,0.1376260414873373,0.1968799677016061,1.499380081475206,1.6931894528547011,1.7349554332681518,0.0328315773355277,0.0473379797717796,0.1193462424441934,0.0187528382798672,0.0041520167685494,0.0145579730354567,4.284847586106816e-05,downstairs,wiktor
1672842731520193700,0.3121672182902401,1.3287461280224608,0.0235743125277059,1.365126511763984,0.3121672182902401,0.2210407482768634,0.1376260414873373,1.3287461280224608,1.499380081475206,1.6931894528547011,0.0235743125277059,0.0328315773355277,0.0473379797717796,0.0057310141712102,0.0015194556273592,0.0041329857296728,7.857281417814119e-05,downstairs,wiktor
1672842731530193700,0.3672935391788918,1.2378287399201533,0.0110385385844552,1.2912189522420088,0.3672935391788918,0.3121672182902401,0.2210407482768634,1.2378287399201533,1.3287461280224608,1.499380081475206,0.0110385385844552,0.0235743125277059,0.0328315773355277,0.006074177141399,0.0048176229204947,0.0009136890511293,0.000342865169775,downstairs,wiktor
1672842731540193700,0.4654528272824101,1.1950808966732875,-0.0151479147750597,1.2826122342082389,0.4654528272824101,0.3672935391788918,0.3121672182902401,1.1950808966732875,1.2378287399201533,1.3287461280224608,-0.0151479147750597,0.0110385385844552,0.0235743125277059,0.009964639113814,0.0069975924457808,1.3936801391898465e-05,0.0029531098666412,downstairs,wiktor
1672842731550193700,0.5837540736476186,1.1898013509746694,-0.0919998486042256,1.3284803519151265,0.5837540736476186,0.4654528272824101,0.3672935391788918,1.1898013509746694,1.1950808966732875,1.2378287399201533,-0.0919998486042256,-0.0151479147750597,0.0110385385844552,0.0057356043858918,0.0017351901511736,0.0001385454535836,0.0038618687811344,downstairs,wiktor
1672842731560193700,0.6426640074648222,1.2064473987688866,-0.1798846457096917,1.3787279783369375,0.6426640074648222,0.5837540736476186,0.4654528272824101,1.2064473987688866,1.1898013509746694,1.1950808966732875,-0.1798846457096917,-0.0919998486042256,-0.0151479147750597,0.0074800977502389,0.0063741991490698,0.000131819125416,0.0009740794757529,downstairs,wiktor
1672842731570193700,0.5297552022362676,1.190210457836796,-0.2240225993494555,1.3219030347418643,0.5297552022362676,0.6426640074648222,0.5837540736476186,1.190210457836796,1.2064473987688866,1.1898013509746694,-0.2240225993494555,-0.1798846457096917,-0.0919998486042256,0.0497268476481391,0.0470968919043488,0.0026072228911664,2.273285262380637e-05,downstairs,wiktor
1672842731580193700,0.2228451440617305,1.117999338316788,-0.2172797731432114,1.160514100959499,0.2228451440617305,0.5297552022362676,0.6426640074648222,1.117999338316788,1.190210457836796,1.2064473987688866,-0.2172797731432114,-0.2240225993494555,-0.1798846457096917,0.0495078509660019,0.0474859049848738,0.0006916452820897,0.0013303006990384,downstairs,wiktor
1672842731590193700,-0.0853298224260548,1.0808067239400132,-0.1656987553355254,1.096759057691774,-0.0853298224260548,0.2228451440617305,0.5297552022362676,1.0808067239400132,1.117999338316788,1.190210457836796,-0.1656987553355254,-0.2172797731432114,-0.2240225993494555,0.0186596064620393,0.0177700671043861,0.0005145022346646,0.0003750371229885,downstairs,wiktor
1672842731600193700,-0.2738507342867083,1.1128848234680282,-0.1383112719539299,1.15439891845252,-0.2738507342867083,-0.0853298224260548,0.2228451440617305,1.1128848234680282,1.0808067239400132,1.117999338316788,-0.1383112719539299,-0.1656987553355254,-0.2172797731432114,0.0078883550337282,0.0077192359341972,8.151484476173361e-05,8.760425476922184e-05,downstairs,wiktor
1672842731610193700,-0.3981023816335122,1.125653131481366,-0.1515479070829362,1.2035560837855868,-0.3981023816335122,-0.2738507342867083,-0.0853298224260548,1.125653131481366,1.1128848234680282,1.0808067239400132,-0.1515479070829362,-0.1383112719539299,-0.1656987553355254,0.0041990515881565,0.0017990908533734,0.0003301065477279,0.002069854187055,downstairs,wiktor
1672842731620193700,-0.4580872272759491,1.0999585192940624,-0.2158884726237373,1.210933724269319,-0.4580872272759491,-0.3981023816335122,-0.2738507342867083,1.0999585192940624,1.125653131481366,1.1128848234680282,-0.2158884726237373,-0.1515479070829362,-0.1383112719539299,0.0009569491599621,0.0001693291969554,1.1237264153434307e-06,0.0007864962365913,downstairs,wiktor
1672842731630193700,-0.4396845537226073,1.1014576699971896,-0.2555494417644778,1.2131929041846654,-0.4396845537226073,-0.4580872272759491,-0.3981023816335122,1.1014576699971896,1.0999585192940624,1.125653131481366,-0.2555494417644778,-0.2158884726237373,-0.1515479070829362,0.0103355817045383,0.0087754210071398,0.0012140367052247,0.0003461239921738,downstairs,wiktor
1672842731640193700,-0.3072049627877025,1.1507331548801358,-0.2292388358355446,1.212894111931054,-0.3072049627877025,-0.4396845537226073,-0.4580872272759491,1.1507331548801358,1.1014576699971896,1.0999585192940624,-0.2292388358355446,-0.2555494417644778,-0.2158884726237373,0.0319190245273138,0.0215339401180586,0.0021331947643538,0.0082518896449014,downstairs,wiktor
1672842731650193700,-0.0996769400145907,1.2160507599243169,-0.1007718000255637,1.2242834225634085,-0.0996769400145907,-0.3072049627877025,-0.4396845537226073,1.2160507599243169,1.1507331548801358,1.1014576699971896,-0.1007718000255637,-0.2292388358355446,-0.2555494417644778,0.0371430569145906,0.0224971285504374,0.0013963261308009,0.0132496022333521,downstairs,wiktor
1672842731660193700,0.1124415577664254,1.2688963109348037,0.0620139624560006,1.275377074968963,0.1124415577664254,-0.0996769400145907,-0.3072049627877025,1.2688963109348037,1.2160507599243169,1.1507331548801358,0.0620139624560006,-0.1007718000255637,-0.2292388358355446,0.0614547060191211,0.0396805026603229,0.0001958291638008,0.0215783741949974,downstairs,wiktor
1672842731670193700,0.3941524118715627,1.249105951473651,0.2697559861055136,1.337307030502279,0.3941524118715627,0.1124415577664254,-0.0996769400145907,1.249105951473651,1.2688963109348037,1.2160507599243169,0.2697559861055136,0.0620139624560006,-0.1007718000255637,0.0233867656624309,0.0054315406896057,0.0023999747729309,0.0155552501998942,downstairs,wiktor
1672842731680193700,0.498378518865979,1.1798242832932309,0.4461376756307828,1.3562467744229552,0.498378518865979,0.3941524118715627,0.1124415577664254,1.1798242832932309,1.249105951473651,1.2688963109348037,0.4461376756307828,0.2697559861055136,0.0620139624560006,0.1339462306262898,0.1259767669878373,0.0040956627705798,0.0038738008678726,downstairs,wiktor
1672842731690193700,-0.0035712136528008,1.089318341271949,0.3581172136020854,1.1466800516606823,-0.0035712136528008,0.498378518865979,0.3941524118715627,1.089318341271949,1.1798242832932309,1.249105951473651,0.3581172136020854,0.4461376756307828,0.2697559861055136,0.0305599828526376,0.0046783679622833,0.0016113981096058,0.0242702167807483,downstairs,wiktor
1672842731700193700,-0.1003014360477002,1.0325486643377637,0.1377982775990792,1.046520657994004,-0.1003014360477002,-0.0035712136528008,0.498378518865979,1.0325486643377637,1.089318341271949,1.1798242832932309,0.1377982775990792,0.3581172136020854,0.4461376756307828,0.0390633997654868,0.0292501633344543,7.099226697134824e-06,0.0098061372043353,downstairs,wiktor
1672842731710193700,0.14156697170517,1.0363167478551858,-0.0022455527136864,1.0459439047434194,0.14156697170517,-0.1003014360477002,-0.0035712136528008,1.0363167478551858,1.0325486643377637,1.089318341271949,-0.0022455527136864,0.1377982775990792,0.3581172136020854,0.1275310067698784,0.1271151698733904,3.377652013189404e-07,0.0004154991312867,downstairs,wiktor
1672842731720193700,0.6457795655054249,1.0371386544208232,-0.0310725931891398,1.2221511124921127,0.6457795655054249,0.14156697170517,-0.1003014360477002,1.0371386544208232,1.0363167478551858,1.0325486643377637,-0.0310725931891398,-0.0022455527136864,0.1377982775990792,0.0181258242053473,0.012499677920759,0.0032372063686169,0.0023889399159713,downstairs,wiktor
1672842731730193700,0.8038914114927455,0.9566749188796876,0.0380496162080053,1.2501664189934203,0.8038914114927455,0.6457795655054249,0.14156697170517,0.9566749188796876,1.0371386544208232,1.0363167478551858,0.0380496162080053,-0.0310725931891398,-0.0022455527136864,0.2543827114544236,0.2488547817687545,0.0033985557294631,0.0021293739562059,downstairs,wiktor
1672842731740193700,0.0984060724973066,0.8742303225805592,0.103308699195831,0.8857963080489716,0.0984060724973066,0.8038914114927455,0.6457795655054249,0.8742303225805592,0.9566749188796876,1.0371386544208232,0.103308699195831,0.0380496162080053,-0.0310725931891398,0.0943521916291524,0.088857447137411,0.0053882108003913,0.0001065336913499,downstairs,wiktor
1672842731750193700,-0.3231563716018115,0.7704207777362493,0.1179055270258737,0.8437297722480963,-0.3231563716018115,0.0984060724973066,0.8038914114927455,0.7704207777362493,0.8742303225805592,0.9566749188796876,0.1179055270258737,0.103308699195831,0.0380496162080053,0.0061933074380245,2.151222603572416e-05,0.0061349634020702,3.683180991863615e-05,downstairs,wiktor
1672842731760193700,-0.316597068889522,0.6596510760839451,0.1264882783235213,0.7425446321679203,-0.316597068889522,-0.3231563716018115,0.0984060724973066,0.6596510760839451,0.7704207777362493,0.8742303225805592,0.1264882783235213,0.1179055270258737,0.103308699195831,0.0829617993517136,0.0782789142432716,0.0046812902613389,1.594847103048746e-06,downstairs,wiktor
1672842731770193700,0.079076822701196,0.562890647588212,0.1282742498255609,0.5827120285347673,0.079076822701196,-0.316597068889522,-0.3231563716018115,0.562890647588212,0.6596510760839451,0.7704207777362493,0.1282742498255609,0.1264882783235213,0.1179055270258737,0.0258973363202215,0.0236753817375163,0.0019088153306037,0.0003131392521014,downstairs,wiktor
1672842731780193700,0.2966791284680069,0.5011036695005316,0.1032486928047278,0.5914251308672293,0.2966791284680069,0.079076822701196,-0.316597068889522,0.5011036695005316,0.562890647588212,0.6596510760839451,0.1032486928047278,0.1282742498255609,0.1264882783235213,0.0033401840544552,5.928701020500845e-05,0.0001051450941093,0.0031757519501408,downstairs,wiktor
1672842731790193700,0.3075682983358167,0.4866022837661004,0.0235523698012057,0.5761377915315287,0.3075682983358167,0.2966791284680069,0.079076822701196,0.4866022837661004,0.5011036695005316,0.562890647588212,0.0235523698012057,0.1032486928047278,0.1282742498255609,0.0129631514555704,0.0045282968428624,1.4547740131076511e-05,0.0084203068725769,downstairs,wiktor
1672842731800193700,0.2124021610509357,0.4919963064080767,-0.1062190205171304,0.5463126612645147,0.2124021610509357,0.3075682983358167,0.2966791284680069,0.4919963064080767,0.4866022837661004,0.5011036695005316,-0.1062190205171304,0.0235523698012057,0.1032486928047278,0.0100092124211867,0.0013385191351441,0.0001027050871799,0.0085679881988626,downstairs,wiktor
1672842731810193700,0.1606620579365406,0.477664168592667,-0.2371234757420205,0.5569586138715378,0.1606620579365406,0.2124021610509357,0.3075682983358167,0.477664168592667,0.4919963064080767,0.4866022837661004,-0.2371234757420205,-0.1062190205171304,0.0235523698012057,0.0034265504595391,0.0003254438714511,9.871917565991824e-05,0.003002387412428,downstairs,wiktor
1672842731820193700,0.135149556238307,0.4636128928029091,-0.3146139578985802,0.5763542829103491,0.135149556238307,0.1606620579365406,0.2124021610509357,0.4636128928029091,0.477664168592667,0.4919963064080767,-0.3146139578985802,-0.2371234757420205,-0.1062190205171304,0.0002950731394232,5.366371302886203e-05,0.0001609232065692,8.048621982516185e-05,downstairs,wiktor
1672842731830193700,0.1247896611588323,0.4456728143989991,-0.3273014493626295,0.566853557615491,0.1247896611588323,0.135149556238307,0.1606620579365406,0.4456728143989991,0.4636128928029091,0.477664168592667,-0.3273014493626295,-0.3146139578985802,-0.2371234757420205,0.0024496259341964,0.0001187923931247,0.0004501766833877,0.0018806568576839,downstairs,wiktor
1672842731840193700,0.1402034467499676,0.4156669255307188,-0.2659718992634495,0.5130078465857396,0.1402034467499676,0.1247896611588323,0.135149556238307,0.4156669255307188,0.4456728143989991,0.4636128928029091,-0.2659718992634495,-0.3273014493626295,-0.3146139578985802,0.007134018819774,0.0009651059639835,0.0019403166486813,0.0042285962071091,downstairs,wiktor
1672842731850193700,0.1841376239696124,0.3533721962403318,-0.1740089044545682,0.4348076269643496,0.1841376239696124,0.1402034467499676,0.1247896611588323,0.3533721962403318,0.4156669255307188,0.4456728143989991,-0.1740089044545682,-0.2659718992634495,-0.3273014493626295,0.0075324002289114,0.0011540861542138,0.0032993871430633,0.0030789269316342,downstairs,wiktor
1672842731860193700,0.2321810658574255,0.2721393562916591,-0.0955369103211927,0.3702636598685434,0.2321810658574255,0.1841376239696124,0.1402034467499676,0.2721393562916591,0.3533721962403318,0.4156669255307188,-0.0955369103211927,-0.1740089044545682,-0.2659718992634495,0.0037424298653445,0.0005349601847504,0.0028025524850222,0.0004049171955718,downstairs,wiktor
1672842731870193700,0.2648907031146765,0.197272107310249,-0.0670793209794412,0.3370207771373703,0.2648907031146765,0.2321810658574255,0.1841376239696124,0.197272107310249,0.2721393562916591,0.3533721962403318,-0.0670793209794412,-0.0955369103211927,-0.1740089044545682,0.0013687002256917,0.0001263680658804,0.0010417714377739,0.0002005607220372,downstairs,wiktor
1672842731880193700,0.2807883800443722,0.1516262654892468,-0.0871073374582262,0.3307874347571559,0.2807883800443722,0.2648907031146765,0.2321810658574255,0.1516262654892468,0.197272107310249,0.2721393562916591,-0.0871073374582262,-0.0670793209794412,-0.0955369103211927,0.0016279496950381,8.097430728547145e-06,8.799095300272236e-06,0.0016110531690093,downstairs,wiktor
1672842731890193700,0.2848126640126198,0.1474312457514453,-0.1438709379255914,0.3515011701052756,0.2848126640126198,0.2807883800443722,0.2648907031146765,0.1474312457514453,0.1516262654892468,0.197272107310249,-0.1438709379255914,-0.0871073374582262,-0.0670793209794412,0.0026099184206634,6.64236925989744e-05,0.0007863928482696,0.0017571018797947,downstairs,wiktor
1672842731900193700,0.2732867200079862,0.1870896080038049,-0.2031516578907663,0.3885341025695271,0.2732867200079862,0.2848126640126198,0.2807883800443722,0.1870896080038049,0.1474312457514453,0.1516262654892468,-0.2031516578907663,-0.1438709379255914,-0.0871073374582262,0.0029370574620479,1.14450291822771e-05,0.0007883658025917,0.0021372466302739,downstairs,wiktor
1672842731910193700,0.2685023644228991,0.2267976878514057,-0.2685312667955923,0.4423118268397043,0.2685023644228991,0.2732867200079862,0.2848126640126198,0.2267976878514057,0.1870896080038049,0.1474312457514453,-0.2685312667955923,-0.2031516578907663,-0.1438709379255914,0.0020579945153947,1.113621781493778e-05,0.0008812254245147,0.001165632873065,downstairs,wiktor
1672842731920193700,0.2732217325617367,0.2687792415271512,-0.31681444964563,0.4972562632327634,0.2732217325617367,0.2685023644228991,0.2732867200079862,0.2687792415271512,0.2267976878514057,0.1870896080038049,-0.31681444964563,-0.2685312667955923,-0.2031516578907663,0.0012397752005988,0.000159207233647,0.0006566283063122,0.0004239396606395,downstairs,wiktor
1672842731930193700,0.2910659043635905,0.3050181241344352,-0.3459328170668841,0.5453667854364757,0.2910659043635905,0.2732217325617367,0.2685023644228991,0.3050181241344352,0.2687792415271512,0.2267976878514057,-0.3459328170668841,-0.31681444964563,-0.2685312667955923,0.0021326544496735,0.0001269089740307,0.0002940793088025,0.0017116661668402,downstairs,wiktor
1672842731940193700,0.2751342394141439,0.3292701058597536,-0.4044420670508018,0.5896533201053125,0.2751342394141439,0.2910659043635905,0.2732217325617367,0.3292701058597536,0.3050181241344352,0.2687792415271512,-0.4044420670508018,-0.3459328170668841,-0.31681444964563,0.0071477106698772,0.0038903612536157,0.0008148997995727,0.0024424496166888,downstairs,wiktor
1672842731950193700,0.1869258355785033,0.369640882408458,-0.4743341212013102,0.6297368565442588,0.1869258355785033,0.2751342394141439,0.2910659043635905,0.369640882408458,0.3292701058597536,0.3050181241344352,-0.4743341212013102,-0.4044420670508018,-0.3459328170668841,0.0147975600420568,0.0123404350604998,0.0020744578555197,0.0003826671260373,downstairs,wiktor
1672842731960193700,0.0298243711645786,0.4340529597778416,-0.5019987963679317,0.6642998242978236,0.0298243711645786,0.1869258355785033,0.2751342394141439,0.4340529597778416,0.369640882408458,0.3292701058597536,-0.5019987963679317,-0.4743341212013102,-0.4044420670508018,0.0075967586619677,0.0067471318020542,0.000350248415517,0.0004993784443964,downstairs,wiktor
1672842731970193700,-0.0863404410812498,0.4605198604470557,-0.4703956811924796,0.66393170621444,-0.0863404410812498,0.0298243711645786,0.1869258355785033,0.4605198604470557,0.4340529597778416,0.369640882408458,-0.4703956811924796,-0.5019987963679317,-0.4743341212013102,0.0056080369557503,0.0012914653231604,1.822781725944573e-05,0.0042983438153304,downstairs,wiktor
1672842731980193700,-0.0355179003505771,0.4544820102900138,-0.3776773570560888,0.5919929095482801,-0.0355179003505771,-0.0863404410812498,0.0298243711645786,0.4544820102900138,0.4605198604470557,0.4340529597778416,-0.3776773570560888,-0.4703956811924796,-0.5019987963679317,0.0739435701194644,0.0528461806917687,0.0083288464955449,0.0127685429321507,downstairs,wiktor
1672842731990193700,0.2895857160297047,0.5835466955880839,-0.2178740846731319,0.6869175712065924,0.2895857160297047,-0.0355179003505771,-0.0863404410812498,0.5835466955880839,0.4544820102900138,0.4605198604470557,-0.2178740846731319,-0.3776773570560888,-0.4703956811924796,0.3676682201045431,0.2074608866265597,0.1398869268837097,0.0203204065942735,downstairs,wiktor
1672842732000193700,0.9337299337737744,1.1124832265324114,-0.0162784170893587,1.4524928589855706,0.9337299337737744,0.2895857160297047,-0.0355179003505771,1.1124832265324114,0.5835466955880839,0.4544820102900138,-0.0162784170893587,-0.2178740846731319,-0.3776773570560888,0.4100522150461733,0.027150659510921,0.3813110470297848,0.0015905085054674,downstairs,wiktor
1672842732010193700,1.1667563679434672,1.9857655944178327,0.0401220883244661,2.3035180051568425,1.1667563679434672,0.9337299337737744,0.2895857160297047,1.9857655944178327,1.1124832265324114,0.5835466955880839,0.0401220883244661,-0.0162784170893587,-0.2178740846731319,1.2317449668267657,0.6481386673793316,0.5654872576893438,0.01811904175809,downstairs,wiktor
1672842732020193700,0.028214609921978,3.049238450384871,-0.1502409425302143,3.053067888588616,0.028214609921978,1.1667563679434672,0.9337299337737744,3.049238450384871,1.9857655944178327,1.1124832265324114,-0.1502409425302143,0.0401220883244661,-0.0162784170893587,0.4049015064930641,0.131835552737935,0.2537938908452864,0.0192720629098427,downstairs,wiktor
1672842732030193700,-0.4852745384306138,3.761690400828249,-0.3465675220340741,3.8086631639804094,-0.4852745384306138,0.028214609921978,1.1667563679434672,3.761690400828249,3.049238450384871,1.9857655944178327,-0.3465675220340741,-0.1502409425302143,0.0401220883244661,0.2173806184344077,0.1804387883817239,0.0154083370855744,0.0215334929671093,downstairs,wiktor
1672842732040193700,0.1154563303978891,3.586143614554193,-0.5540933901426515,3.630533800068047,0.1154563303978891,-0.4852745384306138,0.028214609921978,3.586143614554193,3.761690400828249,3.049238450384871,-0.5540933901426515,-0.3465675220340741,-0.1502409425302143,1.6902442750455633,0.0723583971875083,1.6146676608978312,0.0032182169602236,downstairs,wiktor
1672842732050193700,0.4958729367323349,1.7891084669302904,-0.634320778984912,1.961928114502983,0.4958729367323349,0.1154563303978891,-0.4852745384306138,1.7891084669302904,3.586143614554193,3.761690400828249,-0.634320778984912,-0.5540933901426515,-0.3465675220340741,0.7073731845238851,0.013233146093948,0.6527062220693276,0.0414338163606094,downstairs,wiktor
1672842732060193700,0.3331882964373886,0.6465619934165626,-0.3464533915975615,0.8056592361309474,0.3331882964373886,0.4958729367323349,0.1154563303978891,0.6465619934165626,1.7891084669302904,3.586143614554193,-0.3464533915975615,-0.634320778984912,-0.5540933901426515,0.146277933173067,0.0257127460867411,0.1055351815881892,0.0150300054981366,downstairs,wiktor
1672842732070193700,0.1064164018528032,0.1871380463084711,-0.1730751605641548,0.2762247457483793,0.1064164018528032,0.3331882964373886,0.4958729367323349,0.1871380463084711,0.6465619934165626,1.7891084669302904,-0.1730751605641548,-0.3464533915975615,-0.634320778984912,0.0324613304646427,0.0062675754153598,0.0204485881385773,0.0057451669107055,downstairs,wiktor
1672842732080193700,-0.0055440859574934,-0.0150924565271663,-0.0658821858810577,0.0678157912996281,-0.0055440859574934,0.1064164018528032,0.3331882964373886,-0.0150924565271663,0.1871380463084711,0.6465619934165626,-0.0658821858810577,-0.1730751605641548,-0.3464533915975615,0.0055505526102586,0.0021960801933253,0.0002450566619683,0.0031094157549649,downstairs,wiktor
1672842732090193700,-0.0718174621099929,-0.0372309597271742,0.0129773824028855,0.0819286560377837,-0.0718174621099929,-0.0055440859574934,0.1064164018528032,-0.0372309597271742,-0.0150924565271663,0.1871380463084711,0.0129773824028855,-0.0658821858810577,-0.1730751605641548,0.0325471682645253,0.0015609461034542,0.0298611531397889,0.001125069021282,downstairs,wiktor
1672842732100193700,-0.1276913576866262,0.2071505172296074,0.060413002379483,0.2507312315465531,-0.1276913576866262,-0.0718174621099929,-0.0055440859574934,0.2071505172296074,-0.0372309597271742,-0.0150924565271663,0.060413002379483,0.0129773824028855,-0.0658821858810577,0.0863597399584979,0.0028829837898084,0.0834762824787428,4.736899465710397e-07,downstairs,wiktor
1672842732110193700,-0.2036253262357345,0.6157488101255589,0.0594396679594905,0.6512625774469046,-0.2036253262357345,-0.1276913576866262,-0.0718174621099929,0.6157488101255589,0.2071505172296074,-0.0372309597271742,0.0594396679594905,0.060413002379483,0.0129773824028855,0.0891315433411007,0.0002791532404405,0.0881329356488684,0.0007194544517917,downstairs,wiktor
1672842732120193700,-0.2272538361523831,1.0355891027342328,0.0215067152193796,1.0604487892149224,-0.2272538361523831,-0.2036253262357345,-0.1276913576866262,1.0355891027342328,0.6157488101255589,0.2071505172296074,0.0215067152193796,0.0594396679594905,0.060413002379483,0.0943858610517525,5.599576677305119e-06,0.0940953958712701,0.0002848656038051,downstairs,wiktor
1672842732130193700,-0.2239073225404864,1.4693987288866963,0.0453757580910646,1.4870528144499195,-0.2239073225404864,-0.2272538361523831,-0.2036253262357345,1.4693987288866963,1.0355891027342328,0.6157488101255589,0.0453757580910646,0.0215067152193796,0.0594396679594905,0.0405557698942264,0.0002803391840823,0.0392642205372252,0.0010112101729188,downstairs,wiktor
1672842732140193700,-0.2002286746026351,1.7496279940865511,0.0903470861328035,1.7633638977242176,-0.2002286746026351,-0.2239073225404864,-0.2272538361523831,1.7496279940865511,1.4693987288866963,1.0355891027342328,0.0903470861328035,0.0453757580910646,0.0215067152193796,0.0113372607352989,0.0073016387725062,0.0040280969794829,7.524983309718232e-06,downstairs,wiktor
1672842732150193700,-0.079384653050005,1.8393842972577816,0.0942265147788075,1.8435062116048688,-0.079384653050005,-0.2002286746026351,-0.2239073225404864,1.8393842972577816,1.7496279940865511,1.4693987288866963,0.0942265147788075,0.0903470861328035,0.0453757580910646,0.0244617919586896,0.0137340571346531,0.0062737503865584,0.004453984437478,downstairs,wiktor
1672842732160193700,0.0863504194883879,1.7273686698966104,-0.0001555220447111,1.7295256404208963,0.0863504194883879,-0.079384653050005,-0.2002286746026351,1.7273686698966104,1.8393842972577816,1.7496279940865511,-0.0001555220447111,0.0942265147788075,0.0903470861328035,0.0771882892382895,0.0006297749281871,0.066942622440048,0.0096158918700543,downstairs,wiktor
1672842732170193700,0.1218405569405636,1.3614653426637249,-0.1388342289182202,1.3739388427835344,0.1218405569405636,0.0863504194883879,-0.079384653050005,1.3614653426637249,1.7273686698966104,1.8393842972577816,-0.1388342289182202,-0.0001555220447111,0.0942265147788075,0.0540956530930724,0.0142199484471558,0.0384025837446398,0.0014731209012766,downstairs,wiktor
1672842732180193700,-0.0468007692351747,1.084327890324133,-0.1931135233365649,1.1023838345291763,-0.0468007692351747,0.1218405569405636,0.0863504194883879,1.084327890324133,1.3614653426637249,1.7273686698966104,-0.1931135233365649,-0.1388342289182202,-0.0001555220447111,0.0118060736732339,0.0031440895586809,0.0081823877088378,0.0004795964057151,downstairs,wiktor
1672842732190193700,-0.1260988090429901,0.9564030083907276,-0.2240843614174165,0.9903642891041388,-0.1260988090429901,-0.0468007692351747,0.1218405569405636,0.9564030083907276,1.084327890324133,1.3614653426637249,-0.2240843614174165,-0.1931135233365649,-0.1388342289182202,0.0028135271354601,0.0001247467830097,0.0019966617831552,0.0006921185692951,downstairs,wiktor
1672842732200193700,-0.1103034437094666,0.8932102590731786,-0.261289698918778,0.9371572564776992,-0.1103034437094666,-0.1260988090429901,-0.0468007692351747,0.8932102590731786,0.9564030083907276,1.084327890324133,-0.261289698918778,-0.2240843614174165,-0.1931135233365649,0.0038346756450317,0.0031582421127707,0.0004779720076252,0.0001984615246357,downstairs,wiktor
1672842732210193700,-0.0308271313545172,0.8622919147570535,-0.2812126266471896,0.907512093400824,-0.0308271313545172,-0.1103034437094666,-0.1260988090429901,0.8622919147570535,0.8932102590731786,0.9564030083907276,-0.2812126266471896,-0.261289698918778,-0.2240843614174165,0.0019453988081282,0.0018660045316285,5.150403606751391e-05,2.7890240432220824e-05,downstairs,wiktor
1672842732220193700,0.0302630402220718,0.8521426255142036,-0.2737439935149195,0.8955437899998074,0.0302630402220718,-0.0308271313545172,-0.1103034437094666,0.8521426255142036,0.8622919147570535,0.8932102590731786,-0.2737439935149195,-0.2812126266471896,-0.261289698918778,0.0047351522741919,0.0005352562743569,0.000138158467034,0.0040617375328009,downstairs,wiktor
1672842732230193700,0.062981728287364,0.8687654090978313,-0.1836136708393524,0.890187628684025,0.062981728287364,0.0302630402220718,-0.0308271313545172,0.8687654090978313,0.8521426255142036,0.8622919147570535,-0.1836136708393524,-0.2737439935149195,-0.2812126266471896,0.0075724076946797,0.0002603476278122,0.0003997971289351,0.0069122629379323,downstairs,wiktor
1672842732240193700,0.0858004761851873,0.8970425068603379,-0.0660359268744986,0.903552834352291,0.0858004761851873,0.062981728287364,0.0302630402220718,0.8970425068603379,0.8687654090978313,0.8521426255142036,-0.0660359268744986,-0.1836136708393524,-0.2737439935149195,0.0019043728524652,9.759544739639463e-06,1.679480000057416e-05,0.001877818507725,downstairs,wiktor
1672842732250193700,0.0902185175475196,0.9028381604042576,-0.0047526745501469,0.907347074005309,0.0902185175475196,0.0858004761851873,0.062981728287364,0.9028381604042576,0.8970425068603379,0.8687654090978313,-0.0047526745501469,-0.0660359268744986,-0.1836136708393524,0.0006544054836704,0.0003525539720684,8.156409509917168e-05,0.0002202874165027,downstairs,wiktor
1672842732260193700,0.0636646488249211,0.8900659957404919,0.0162371999851026,0.8924877091293023,0.0636646488249211,0.0902185175475196,0.0858004761851873,0.8900659957404919,0.9028381604042576,0.8970425068603379,0.0162371999851026,-0.0047526745501469,-0.0660359268744986,0.0006567363964233,7.013505488123308e-05,0.0005282679177125,5.8333423829503406e-05,downstairs,wiktor
1672842732270193700,0.0518210805381899,0.8575615985698761,0.0270384428607631,0.8595512766101867,0.0518210805381899,0.0636646488249211,0.0902185175475196,0.8575615985698761,0.8900659957404919,0.9028381604042576,0.0270384428607631,0.0162371999851026,-0.0047526745501469,0.0016213708814133,0.0001008896565347,0.0014507361104366,6.974511444199999e-05,downstairs,wiktor
1672842732280193700,0.066025985080968,0.803696283005283,0.0388490410202129,0.8073390824248572,0.066025985080968,0.0518210805381899,0.0636646488249211,0.803696283005283,0.8575615985698761,0.8900659957404919,0.0388490410202129,0.0270384428607631,0.0162371999851026,0.0018897354786001,0.0008108569621701,0.0007564066644486,0.0003224718519814,downstairs,wiktor
1672842732290193700,0.1062964944437794,0.7648013819397538,0.0642447828672789,0.7748209410397071,0.1062964944437794,0.066025985080968,0.0518210805381899,0.7648013819397538,0.803696283005283,0.8575615985698761,0.0642447828672789,0.0388490410202129,0.0270384428607631,0.0004885662955832,0.000110223241491,0.0002403741007834,0.0001379689533086,downstairs,wiktor
1672842732300193700,0.1211439347276171,0.7428754110019146,0.0808561616967846,0.7570187897779614,0.1211439347276171,0.1062964944437794,0.066025985080968,0.7428754110019146,0.7648013819397538,0.803696283005283,0.0808561616967846,0.0642447828672789,0.0388490410202129,0.0005098837051563,0.0001584899319652,0.0003512584282433,1.3534494773921308e-07,downstairs,wiktor
1672842732310193700,0.1033400063990012,0.7163703764521032,0.0813764403677662,0.7283459330754873,0.1033400063990012,0.1211439347276171,0.1062964944437794,0.7163703764521032,0.7428754110019146,0.7648013819397538,0.0813764403677662,0.0808561616967846,0.0642447828672789,0.0012676292959634,0.0007870601118314,7.54848351410869e-05,0.0004050843489909,downstairs,wiktor
1672842732320193700,0.0636648224213193,0.7040834048853511,0.0529129778591059,0.7089333070711277,0.0636648224213193,0.1033400063990012,0.1211439347276171,0.7040834048853511,0.7163703764521032,0.7428754110019146,0.0529129778591059,0.0813764403677662,0.0808561616967846,0.0013681712164187,0.0001547602331187,0.0001203029323087,0.0010931080509912,downstairs,wiktor
1672842732330193700,0.0460716286738049,0.7195948801413506,0.006155987986121,0.7210945032950861,0.0460716286738049,0.0636648224213193,0.1033400063990012,0.7195948801413506,0.7040834048853511,0.7163703764521032,0.006155987986121,0.0529129778591059,0.0813764403677662,0.0016574528913503,6.875205482004634e-06,0.0007536829654487,0.0008968947204196,downstairs,wiktor
1672842732340193700,0.0497797833313144,0.7584196909058271,-0.0361971635003884,0.7609130627264042,0.0497797833313144,0.0460716286738049,0.0636648224213193,0.7584196909058271,0.7195948801413506,0.7040834048853511,-0.0361971635003884,0.006155987986121,0.0529129778591059,0.001583036966702,8.65192501291169e-05,0.0003231645259521,0.0011733531906207,downstairs,wiktor
1672842732350193700,0.0366253734145513,0.7838426933230139,-0.0846399790796002,0.7892494611415499,0.0366253734145513,0.0497797833313144,0.0460716286738049,0.7838426933230139,0.7584196909058271,0.7195948801413506,-0.0846399790796002,-0.0361971635003884,0.006155987986121,0.0019088177563521,0.0001095536312482,6.537424316032098e-05,0.0017338898819435,downstairs,wiktor
1672842732360193700,0.05142764562177,0.7952772237602747,-0.1435278366046202,0.8097597824333158,0.05142764562177,0.0366253734145513,0.0497797833313144,0.7952772237602747,0.7838426933230139,0.7584196909058271,-0.1435278366046202,-0.0846399790796002,-0.0361971635003884,0.0006569520263377,0.000130149641456,0.0001289630426922,0.0003978393421894,downstairs,wiktor
1672842732370193700,0.0675614388184152,0.8113373011381885,-0.171735613624067,0.8320612268458667,0.0675614388184152,0.05142764562177,0.0366253734145513,0.8113373011381885,0.7952772237602747,0.7838426933230139,-0.171735613624067,-0.1435278366046202,-0.0846399790796002,0.0007497894134177,0.0001563019748449,0.000579193240555,1.4294198017697668e-05,downstairs,wiktor
1672842732380193700,0.0498808293919854,0.8453723783543502,-0.1770824253876692,0.8651593729518869,0.0498808293919854,0.0675614388184152,0.05142764562177,0.8453723783543502,0.8113373011381885,0.7952772237602747,-0.1770824253876692,-0.171735613624067,-0.1435278366046202,0.0022056950217445,0.0009890421540555,0.001201446923264,1.5205944424939382e-05,downstairs,wiktor
1672842732390193700,0.005405169665444,0.894391699509668,-0.182597122917895,0.9128567452282956,0.005405169665444,0.0498808293919854,0.0675614388184152,0.894391699509668,0.8453723783543502,0.8113373011381885,-0.182597122917895,-0.1770824253876692,-0.171735613624067,0.0055895442754454,0.0044175588088095,0.0010695947690489,0.0001023906975868,downstairs,wiktor
1672842732400193700,-0.0885901366940713,0.9406430728741206,-0.1969073079332518,0.9651062588042122,-0.0885901366940713,0.005405169665444,0.0498808293919854,0.9406430728741206,0.894391699509668,0.8453723783543502,-0.1969073079332518,-0.182597122917895,-0.1770824253876692,0.0055646180300459,0.0047763309799476,0.0006454879116144,0.0001427991384838,downstairs,wiktor
1672842732410193700,-0.1863278569452381,0.97657322488088,-0.2138069610944155,1.016920228159749,-0.1863278569452381,-0.0885901366940713,0.005405169665444,0.97657322488088,0.9406430728741206,0.894391699509668,-0.2138069610944155,-0.1969073079332518,-0.182597122917895,0.0018964008066319,0.000901991583354,0.0009642061395726,3.020308370521628e-05,downstairs,wiktor
1672842732420193700,-0.228801179945777,1.0204869161302534,-0.206034820629239,1.0659239528452946,-0.228801179945777,-0.1863278569452381,-0.0885901366940713,1.0204869161302534,0.97657322488088,0.9406430728741206,-0.206034820629239,-0.2138069610944155,-0.1969073079332518,0.0088094323458956,0.0003962003680346,0.0030957212369357,0.0053175107409252,downstairs,wiktor
1672842732430193700,-0.2006515665191362,1.0991726357614011,-0.1029085801186374,1.1220658225858602,-0.2006515665191362,-0.228801179945777,-0.1863278569452381,1.0991726357614011,1.0204869161302534,0.97657322488088,-0.1029085801186374,-0.206034820629239,-0.2138069610944155,0.0118222363693075,0.0023096171512515,0.0044263238794743,0.0050862953385816,downstairs,wiktor
1672842732440193700,-0.1326866174460802,1.1932611460001583,-0.0020493183864431,1.2006173831444984,-0.1326866174460802,-0.2006515665191362,-0.228801179945777,1.1932611460001583,1.0991726357614011,1.0204869161302534,-0.0020493183864431,-0.1029085801186374,-0.206034820629239,0.0120852825527472,0.0045628877254786,0.0048423014375051,0.0026800933897634,downstairs,wiktor
1672842732450193700,-0.0371576927637766,1.2916715259151366,0.0711639780802981,1.2941639528157465,-0.0371576927637766,-0.1326866174460802,-0.2006515665191362,1.2916715259151366,1.1932611460001583,1.0991726357614011,0.0711639780802981,-0.0020493183864431,-0.1029085801186374,0.0134534916470626,0.0051164267332793,0.0076871672848477,0.0006498976289356,downstairs,wiktor
1672842732460193700,0.0639998747561999,1.415664810288507,0.1072166514606628,1.4211608809028065,0.0639998747561999,-0.0371576927637766,-0.1326866174460802,1.415664810288507,1.2916715259151366,1.1932611460001583,0.1072166514606628,0.0711639780802981,-0.0020493183864431,0.0133625100415654,0.0033587536540993,0.0095816885209188,0.0004220678665473,downstairs,wiktor
1672842732470193700,0.1459602756105072,1.5540966600985764,0.0781626373990117,1.56289162416049,0.1459602756105072,0.0639998747561999,-0.0371576927637766,1.5540966600985764,1.415664810288507,1.2916715259151366,0.0781626373990117,0.1072166514606628,0.0711639780802981,0.0124209869143528,0.002552060751592,0.0028161086746389,0.0070528174881218,downstairs,wiktor
1672842732480193700,0.2174034103624495,1.6291447603362097,-0.0406045086315453,1.6440880813050611,0.2174034103624495,0.1459602756105072,0.0639998747561999,1.6291447603362097,1.5540966600985764,1.415664810288507,-0.0406045086315453,0.0781626373990117,0.1072166514606628,0.0062800473620489,0.0023256509898198,3.144812460029312e-06,0.0039512515597691,downstairs,wiktor
1672842732490193700,0.2856038647571205,1.6316526727988083,-0.1295005328370085,1.6615144899220011,0.2856038647571205,0.2174034103624495,0.1459602756105072,1.6316526727988083,1.6291447603362097,1.5540966600985764,-0.1295005328370085,-0.0406045086315453,0.0781626373990117,0.0048553998508358,0.0022148629901334,0.0017348103222494,0.0009057265384529,downstairs,wiktor
1672842732500193700,0.3521600513986862,1.5727491869554475,-0.1720617014876209,1.6208522252164022,0.3521600513986862,0.2856038647571205,0.2174034103624495,1.5727491869554475,1.6316526727988083,1.6291447603362097,-0.1720617014876209,-0.1295005328370085,-0.0406045086315453,0.003042853913054,0.0007171649809186,0.0023250368241705,6.521079648827394e-07,downstairs,wiktor
1672842732510193700,0.3900326003205275,1.5045577384568194,-0.1709196787515225,1.5636601146820923,0.3900326003205275,0.3521600513986862,0.2856038647571205,1.5045577384568194,1.5727491869554475,1.6316526727988083,-0.1709196787515225,-0.1720617014876209,-0.1295005328370085,0.0052490789269141,0.0003193294529776,0.0001689811316637,0.0047607683422727,downstairs,wiktor
1672842732520193700,0.4153043020035427,1.4861739884768077,-0.0733413169875258,1.5448526583675146,0.4153043020035427,0.3900326003205275,0.3521600513986862,1.4861739884768077,1.5045577384568194,1.5727491869554475,-0.0733413169875258,-0.1709196787515225,-0.1720617014876209,0.0123735393735192,0.0001679895635355,0.0008503937785602,0.0113551560314235,downstairs,wiktor
1672842732530193700,0.4336340354187081,1.527414594160047,0.077358092642529,1.5896597414616451,0.4336340354187081,0.4153043020035427,0.3900326003205275,1.527414594160047,1.4861739884768077,1.5045577384568194,0.077358092642529,-0.0733413169875258,-0.1709196787515225,0.0032148360907103,1.8806709300216298e-07,0.000310800088312,0.0029038479353053,downstairs,wiktor
1672842732540193700,0.43424733321424,1.5523465049697711,0.1535663328177923,1.619238412486144,0.43424733321424,0.4336340354187081,0.4153043020035427,1.5523465049697711,1.527414594160047,1.4861739884768077,0.1535663328177923,0.077358092642529,-0.0733413169875258,0.002516648934158,0.0019267652300261,0.0001562325884958,0.000433651115636,downstairs,wiktor
1672842732550193700,0.3721705222454706,1.534669820410963,0.18301632825535,1.589722407125456,0.3721705222454706,0.43424733321424,0.4336340354187081,1.534669820410963,1.5523465049697711,1.527414594160047,0.18301632825535,0.1535663328177923,0.077358092642529,0.0177125666784845,0.0118420223271208,0.0057481293972028,0.0001224149541608,downstairs,wiktor
1672842732560193700,0.218274308340639,1.4274492123432705,0.1986633697751304,1.4576426386434425,0.218274308340639,0.3721705222454706,0.43424733321424,1.4274492123432705,1.534669820410963,1.5523465049697711,0.1986633697751304,0.18301632825535,0.1535663328177923,0.0173814895453106,0.0057392885317572,0.0116206954760389,2.150553751453876e-05,downstairs,wiktor
1672842732570193700,0.1111361869108024,1.2749979383175087,0.205221652708115,1.296181669942613,0.1111361869108024,0.218274308340639,0.3721705222454706,1.2749979383175087,1.4274492123432705,1.534669820410963,0.205221652708115,0.1986633697751304,0.18301632825535,0.0084118279626523,1.704970974814278e-05,0.008386870418269,7.907834635073153e-06,downstairs,wiktor
1672842732580193700,0.1052967160874927,1.145484460885474,0.20919854461891,1.1691817992166853,0.1052967160874927,0.1111361869108024,0.218274308340639,1.145484460885474,1.2749979383175087,1.4274492123432705,0.20919854461891,0.205221652708115,0.1986633697751304,0.0069911472674001,0.0032109023470678,0.0036916689964706,8.857592386172326e-05,downstairs,wiktor
1672842732590193700,0.1854328795477914,1.059558108740505,0.1958887043597841,1.0933531557145186,0.1854328795477914,0.1052967160874927,0.1111361869108024,1.059558108740505,1.145484460885474,1.2749979383175087,0.1958887043597841,0.20919854461891,0.205221652708115,0.0068604572896938,0.0063889431412829,0.0001883729682718,0.000283141180139,downstairs,wiktor
1672842732600193700,0.2984721925436067,1.0401481644710413,0.1720920163490946,1.0957232843493658,0.2984721925436067,0.1854328795477914,0.1052967160874927,1.0401481644710413,1.059558108740505,1.145484460885474,0.1720920163490946,0.1958887043597841,0.20919854461891,0.0095656806520412,0.0066787439950417,0.0007793768377591,0.0021075598192403,downstairs,wiktor
1672842732610193700,0.4140467917861891,1.0796292191114432,0.1071680636160651,1.1612575039184192,0.4140467917861891,0.2984721925436067,0.1854328795477914,1.0796292191114432,1.0401481644710413,1.059558108740505,0.1071680636160651,0.1720920163490946,0.1958887043597841,0.0081027462664531,0.0007511562790076,0.0019372420704604,0.005414347916985,downstairs,wiktor
1672842732620193700,0.4528064687458249,1.1418745734836442,0.0031070438537636,1.228381412032935,0.4528064687458249,0.4140467917861891,0.2984721925436067,1.1418745734836442,1.0796292191114432,1.0401481644710413,0.0031070438537636,0.1071680636160651,0.1720920163490946,0.00998317577683,0.0010117687172513,0.001930545243013,0.0070408618165657,downstairs,wiktor
1672842732630193700,0.4078227224089238,1.204012247128753,-0.1155593946751289,1.2764477419176776,0.4078227224089238,0.4528064687458249,0.4140467917861891,1.204012247128753,1.1418745734836442,1.0796292191114432,-0.1155593946751289,0.0031070438537636,0.1071680636160651,0.0123462833081541,0.0064022180204542,0.0018112530072116,0.0041328122804882,downstairs,wiktor
1672842732640193700,0.2946660344010622,1.264199505036248,-0.2064748749905102,1.314404935461629,0.2946660344010622,0.4078227224089238,0.4528064687458249,1.264199505036248,1.204012247128753,1.1418745734836442,-0.2064748749905102,-0.1155593946751289,0.0031070438537636,0.0190623134290796,0.0175968018538834,0.0012093110582864,0.0002562005169097,downstairs,wiktor
1672842732650193700,0.1070664509586491,1.3133789938153406,-0.229111151933052,1.3375049630772842,0.1070664509586491,0.2946660344010622,0.4078227224089238,1.3133789938153406,1.264199505036248,1.204012247128753,-0.229111151933052,-0.2064748749905102,-0.1155593946751289,0.0315226677796719,0.0309946266829406,0.0002619297786682,0.000266111318063,downstairs,wiktor
1672842732660193700,-0.1419099603053124,1.336266972261163,-0.2060412009984259,1.3594855036000733,-0.1419099603053124,0.1070664509586491,0.2946660344010622,1.336266972261163,1.3133789938153406,1.264199505036248,-0.2060412009984259,-0.229111151933052,-0.2064748749905102,0.0194346152332458,0.0183209123496318,0.0002903504556712,0.0008233524279428,downstairs,wiktor
1672842732670193700,-0.3333305043941423,1.360364708904724,-0.1654615896660619,1.4103470863755163,-0.3333305043941423,-0.1419099603053124,0.1070664509586491,1.360364708904724,1.336266972261163,1.3133789938153406,-0.1654615896660619,-0.2060412009984259,-0.229111151933052,0.0084364490263697,0.0060243850082985,0.0003425977108011,0.0020694663072699,downstairs,wiktor
1672842732680193700,-0.4430973938307891,1.3865409466329075,-0.1011270529494586,1.459129116270236,-0.4430973938307891,-0.3333305043941423,-0.1419099603053124,1.3865409466329075,1.360364708904724,1.336266972261163,-0.1011270529494586,-0.1654615896660619,-0.2060412009984259,0.0029834523771082,0.00048198552643,2.484056733548332e-05,0.0024766262833427,downstairs,wiktor
1672842732690193700,-0.4741452770575103,1.3935894311984698,-0.0307477053630716,1.4723622746760092,-0.4741452770575103,-0.4430973938307891,-0.3333305043941423,1.3935894311984698,1.3865409466329075,1.360364708904724,-0.0307477053630716,-0.1011270529494586,-0.1654615896660619,0.0055761639797269,0.0038711623212485,1.704658524784419e-07,0.0017048311926259,downstairs,wiktor
1672842732700193700,-0.386154796649133,1.3930055376251562,0.0276446090734347,1.4458022614591204,-0.386154796649133,-0.4741452770575103,-0.4430973938307891,1.3930055376251562,1.3935894311984698,1.3865409466329075,0.0276446090734347,-0.0307477053630716,-0.1011270529494586,0.0219856502781664,0.0188188842028329,0.0007569336399437,0.0024098324353897,downstairs,wiktor
1672842732710193700,-0.1921502389561091,1.3540970902147602,0.0970684152985293,1.371102812085052,-0.1921502389561091,-0.386154796649133,-0.4741452770575103,1.3540970902147602,1.3930055376251562,1.3935894311984698,0.0970684152985293,0.0276446090734347,-0.0307477053630716,0.0132813561390381,0.0038453983761038,0.0067679750977617,0.0026679826651725,downstairs,wiktor
1672842732720193700,-0.104453051132281,1.2377529876761115,0.170116107461561,1.2537473383460709,-0.104453051132281,-0.1921502389561091,-0.386154796649133,1.2377529876761115,1.3540970902147602,1.3930055376251562,0.170116107461561,0.0970684152985293,0.0276446090734347,0.017252379561473,0.0048966387218966,0.0084778380407641,0.0038779027988122,downstairs,wiktor
1672842732730193700,-0.0054920616273588,1.1075390249780652,0.2581831591757207,1.1372472898504695,-0.0054920616273588,-0.104453051132281,-0.1921502389561091,1.1075390249780652,1.2377529876761115,1.3540970902147602,0.2581831591757207,0.170116107461561,0.0970684152985293,0.0343527467841732,0.0259257772719266,0.0017570022024549,0.0066699673097916,downstairs,wiktor
1672842732740193700,0.2222173025715104,1.048259986482911,0.3736817938844622,1.1348425493891303,0.2222173025715104,-0.0054920616273588,-0.104453051132281,1.048259986482911,1.1075390249780652,1.2377529876761115,0.3736817938844622,0.2581831591757207,0.170116107461561,0.0016040469322382,0.0004212445802476,0.0011055456892307,7.725666275987935e-05,downstairs,wiktor
1672842732750193700,0.25124296639674,1.0012377430393935,0.3612514549703474,1.0936647840945803,0.25124296639674,0.2222173025715104,-0.0054920616273588,1.0012377430393935,1.048259986482911,1.1075390249780652,0.3612514549703474,0.3736817938844622,0.2581831591757207,0.0385719711344874,0.0037438541738313,0.0002125723384624,0.0346155446221935,downstairs,wiktor
1672842732760193700,0.1647114210062712,0.9806187062790358,0.0981334410595033,0.9991862046527936,0.1647114210062712,0.25124296639674,0.2222173025715104,0.9806187062790358,1.0012377430393935,1.048259986482911,0.0981334410595033,0.3612514549703474,0.3736817938844622,0.0271270021695386,0.0131748664110218,0.0002085439757652,0.0137435917827515,downstairs,wiktor
1672842732770193700,0.3270374288486489,1.0010414375246457,-0.0676591509508248,1.0552796786713603,0.3270374288486489,0.1647114210062712,0.25124296639674,1.0010414375246457,0.9806187062790358,1.0012377430393935,-0.0676591509508248,0.0981334410595033,0.3612514549703474,0.0135408761481028,0.0110100215061606,0.0009033988186418,0.0016274558233003,downstairs,wiktor
1672842732780193700,0.4754289481896184,0.9585349952213462,-0.124710983932778,1.07720696774304,0.4754289481896184,0.3270374288486489,0.1647114210062712,0.9585349952213462,1.0010414375246457,0.9806187062790358,-0.124710983932778,-0.0676591509508248,0.0981334410595033,0.007595469169523,0.0026878377340594,0.0049070355871592,5.958483044453891e-07,downstairs,wiktor
1672842732790193700,0.4021099501869261,0.859469001185459,-0.1258026325066748,0.9571863342023182,0.4021099501869261,0.4754289481896184,0.3270374288486489,0.859469001185459,0.9585349952213462,1.0010414375246457,-0.1258026325066748,-0.124710983932778,-0.0676591509508248,0.1153018654259084,0.1100581528064025,0.0046648042915696,0.0005789083279362,downstairs,wiktor
1672842732800193700,-0.0670555916134122,0.7628791022149176,-0.0917759274667738,0.7713000698983827,-0.0670555916134122,0.4021099501869261,0.4754289481896184,0.7628791022149176,0.859469001185459,0.9585349952213462,-0.0917759274667738,-0.1258026325066748,-0.124710983932778,0.0745427444692524,0.0677722175761761,0.0065058358503141,0.0002646910427621,downstairs,wiktor
1672842732810193700,-0.4352191899665795,0.6488103873951724,-0.0687676227590336,0.7842828877688,-0.4352191899665795,-0.0670555916134122,0.4021099501869261,0.6488103873951724,0.7628791022149176,0.859469001185459,-0.0687676227590336,-0.0917759274667738,-0.1258026325066748,0.0074641021297329,0.0016267125125201,0.0056010554303227,0.0002363341868899,downstairs,wiktor
1672842732820193700,-0.4922579927681846,0.5429703625432974,-0.0470266850198288,0.7344019710952008,-0.4922579927681846,-0.4352191899665795,-0.0670555916134122,0.5429703625432974,0.6488103873951724,0.7628791022149176,-0.0470266850198288,-0.0687676227590336,-0.0917759274667738,0.0329458017970799,0.027963361313918,0.0046140925980686,0.0003683478850933,downstairs,wiktor
1672842732830193700,-0.2557696788331489,0.4469069189440947,-0.0198845449018017,0.5153050726865277,-0.2557696788331489,-0.4922579927681846,-0.4352191899665795,0.4469069189440947,0.5429703625432974,0.6488103873951724,-0.0198845449018017,-0.0470266850198288,-0.0687676227590336,0.0342416447425152,0.0327497676101205,0.0014406456201521,5.123151224252958e-05,downstairs,wiktor
1672842732840193700,0.0001590909842381,0.3932292584110164,-0.0097621427913805,0.3933504473269333,0.0001590909842381,-0.2557696788331489,-0.4922579927681846,0.3932292584110164,0.4469069189440947,0.5429703625432974,-0.0097621427913805,-0.0198845449018017,-0.0470266850198288,0.00891786150707,0.00866286462621,1.9025990616883965e-05,0.000235970890243,downstairs,wiktor
1672842732850193700,0.1317863269668423,0.3870606296141307,-0.0314863638472906,0.4100914021057046,0.1317863269668423,0.0001590909842381,-0.2557696788331489,0.3870606296141307,0.3932292584110164,0.4469069189440947,-0.0314863638472906,-0.0097621427913805,-0.0198845449018017,0.0068151936350741,0.0008717668804019,0.0005346271696579,0.0054087995850142,downstairs,wiktor
1672842732860193700,0.1735419704273843,0.4197600843391861,-0.1354940518805724,0.4739978713024723,0.1735419704273843,0.1317863269668423,0.0001590909842381,0.4197600843391861,0.3870606296141307,0.3932292584110164,-0.1354940518805724,-0.0314863638472906,-0.0097621427913805,0.0065719005493885,2.35680557577652e-05,0.0005827601765711,0.0059655723170595,downstairs,wiktor
1672842732870193700,0.1804075448036132,0.4538998024566853,-0.2447238309434231,0.5463164525473407,0.1804075448036132,0.1735419704273843,0.1317863269668423,0.4538998024566853,0.4197600843391861,0.3870606296141307,-0.2447238309434231,-0.1354940518805724,-0.0314863638472906,0.00067474688429,1.611863275664088e-07,3.943476030565741e-05,0.0006351509376568,downstairs,wiktor
1672842732880193700,0.1809753235062191,0.4627806538016474,-0.2803651254669629,0.5705458831937767,0.1809753235062191,0.1804075448036132,0.1735419704273843,0.4627806538016474,0.4538998024566853,0.4197600843391861,-0.2803651254669629,-0.2447238309434231,-0.1354940518805724,0.0003961531857027,0.0001212552425463,0.0002480928731015,2.680507005485997e-05,downstairs,wiktor
1672842732890193700,0.1965480716610141,0.4405054266153057,-0.2730432308959027,0.5542822216969158,0.1965480716610141,0.1809753235062191,0.1804075448036132,0.4405054266153057,0.4627806538016474,0.4538998024566853,-0.2730432308959027,-0.2803651254669629,-0.2447238309434231,0.0035283303668539,2.1409128084033276e-08,0.0019401711125119,0.0015881378452138,downstairs,wiktor
1672842732900193700,0.1963411459348028,0.3782130336204625,-0.216684773762765,0.4780661414156051,0.1963411459348028,0.1965480716610141,0.1809753235062191,0.3782130336204625,0.4405054266153057,0.4627806538016474,-0.216684773762765,-0.2730432308959027,-0.2803651254669629,0.0057606448595149,0.0008982078280651,0.0025862159951061,0.0022762210363435,downstairs,wiktor
1672842732910193700,0.1539570020112745,0.3062934118875005,-0.1492129865277502,0.3738755514640081,0.1539570020112745,0.1963411459348028,0.1965480716610141,0.3062934118875005,0.3782130336204625,0.4405054266153057,-0.1492129865277502,-0.216684773762765,-0.2730432308959027,0.0029537539325723,0.0006649868973642,0.0014899001049617,0.0007988669302463,downstairs,wiktor
1672842732920193700,0.1174881962352626,0.2517058655978615,-0.1092413233087556,0.2984844815886286,0.1174881962352626,0.1539570020112745,0.1963411459348028,0.2517058655978615,0.3062934118875005,0.3782130336204625,-0.1092413233087556,-0.1492129865277502,-0.216684773762765,0.0001202791954465,1.078885049389603e-05,0.0001079591636874,1.531181265274223e-06,downstairs,wiktor
1672842732930193700,0.112843015831038,0.2370117059629997,-0.1074913625861826,0.2836591052936068,0.112843015831038,0.1174881962352626,0.1539570020112745,0.2370117059629997,0.2517058655978615,0.3062934118875005,-0.1074913625861826,-0.1092413233087556,-0.1492129865277502,0.0015727992365242,0.0001116585299454,0.0002300157001691,0.0012311250064097,downstairs,wiktor
1672842732940193700,0.1277868125337105,0.2584600485641966,-0.1571124267910086,0.3283525252126022,0.1277868125337105,0.112843015831038,0.1174881962352626,0.2584600485641966,0.2370117059629997,0.2517058655978615,-0.1571124267910086,-0.1074913625861826,-0.1092413233087556,0.0035149946154975,0.0003702623388504,0.0011560854916332,0.0019886467850138,downstairs,wiktor
1672842732950193700,0.1549993956103117,0.3065450876435863,-0.2201782144260472,0.4080112124756113,0.1549993956103117,0.1277868125337105,0.112843015831038,0.3065450876435863,0.2584600485641966,0.2370117059629997,-0.2201782144260472,-0.1571124267910086,-0.1074913625861826,0.0020748633313678,0.000132038748577,6.321450422763655e-05,0.0018796100785631,downstairs,wiktor
1672842732960193700,0.1712498570546584,0.3177891531207735,-0.2814906940458301,0.4577701062944833,0.1712498570546584,0.1549993956103117,0.1277868125337105,0.3177891531207735,0.3065450876435863,0.2584600485641966,-0.2814906940458301,-0.2201782144260472,-0.1571124267910086,0.0026682756015794,0.0008120355530601,5.2479187076142e-05,0.0018037608614431,downstairs,wiktor
1672842732970193700,0.1309500914707204,0.3075442336895489,-0.3415533423631184,0.4779017344719514,0.1309500914707204,0.1712498570546584,0.1549993956103117,0.3075442336895489,0.3177891531207735,0.3065450876435863,-0.3415533423631184,-0.2814906940458301,-0.2201782144260472,0.0075049651025908,0.0070140043336073,2.324441432430581e-05,0.0004677163546591,downstairs,wiktor
1672842732980193700,0.0125101967256864,0.3143625053656125,-0.3721381868014728,0.4873059817791569,0.0125101967256864,0.1309500914707204,0.1712498570546584,0.3143625053656125,0.3075442336895489,0.3177891531207735,-0.3721381868014728,-0.3415533423631184,-0.2814906940458301,0.0075770680524855,0.0072528533862476,0.0002893079506215,3.490671561634578e-05,downstairs,wiktor
1672842732990193700,-0.1079294428141893,0.338416941572748,-0.3804936300113027,0.5205287633251521,-0.1079294428141893,0.0125101967256864,0.1309500914707204,0.338416941572748,0.3143625053656125,0.3075442336895489,-0.3804936300113027,-0.3721381868014728,-0.3415533423631184,0.0003116458668329,0.0003065424487366,4.21969527856202e-06,8.837228177504913e-07,downstairs,wiktor
1672842733000193700,-0.1326899940494345,0.3413220044906767,-0.3791641768773032,0.5271364323374125,-0.1326899940494345,-0.1079294428141893,0.0125101967256864,0.3413220044906767,0.338416941572748,0.3143625053656125,-0.3791641768773032,-0.3804936300113027,-0.3721381868014728,0.0040465929580212,0.003684118345283,0.0001876328684291,0.000174841744309,downstairs,wiktor
1672842733010193700,-0.0468515604047894,0.3606937813027879,-0.3604643509792349,0.5120836073433206,-0.0468515604047894,-0.1326899940494345,-0.1079294428141893,0.3606937813027879,0.3413220044906767,0.338416941572748,-0.3604643509792349,-0.3791641768773032,-0.3804936300113027,0.0199288578696962,0.0021464981463643,0.0171805449991089,0.0006018147242229,downstairs,wiktor
1672842733020193700,0.0186694003080131,0.5460612271993585,-0.3257709878034642,0.6361274611685735,0.0186694003080131,-0.0468515604047894,-0.1326899940494345,0.5460612271993585,0.3606937813027879,0.3413220044906767,-0.3257709878034642,-0.3604643509792349,-0.3791641768773032,0.0840865050276337,0.0026324651334976,0.0778633330963944,0.0035907067977416,downstairs,wiktor
1672842733030193700,-0.0538904389075983,0.9406834087766096,-0.2410277662722807,0.9725655962799838,-0.0538904389075983,0.0186694003080131,-0.0468515604047894,0.9406834087766096,0.5460612271993585,0.3606937813027879,-0.2410277662722807,-0.3257709878034642,-0.3604643509792349,0.1395528344525046,0.0003714788623035,0.1314671603399563,0.0077141952502446,downstairs,wiktor
1672842733040193700,-0.0266331880446237,1.4534546254804264,-0.1168166938975148,1.4583846594808283,-0.0266331880446237,-0.0538904389075983,0.0186694003080131,1.4534546254804264,0.9406834087766096,0.5460612271993585,-0.1168166938975148,-0.2410277662722807,-0.3257709878034642,0.3336454702886776,0.0653393529826848,0.2681085804772488,0.0001975368287439,downstairs,wiktor
1672842733050193700,0.3348619100761801,2.185723128800416,-0.096940234014328,2.2133493857870024,0.3348619100761801,-0.0266331880446237,-0.0538904389075983,2.185723128800416,1.4534546254804264,0.9406834087766096,-0.096940234014328,-0.1168166938975148,-0.2410277662722807,0.5008884868540342,0.0001519053886881,0.4801921900152417,0.0205443914501042,downstairs,wiktor
1672842733060193700,0.3522920786747978,3.16571515939581,-0.2996439165171591,3.199320030230047,0.3522920786747978,0.3348619100761801,-0.0266331880446237,3.16571515939581,2.185723128800416,1.4534546254804264,-0.2996439165171591,-0.096940234014328,-0.1168166938975148,0.0784756994448883,0.0171786128706591,0.0484666164621999,0.0128304701120292,downstairs,wiktor
1672842733070193700,0.1669350563062931,3.4770561829124675,-0.4598342415185727,3.5113009756822,0.1669350563062931,0.3522920786747978,0.3348619100761801,3.4770561829124675,3.16571515939581,2.185723128800416,-0.4598342415185727,-0.2996439165171591,-0.096940234014328,0.5325623271641451,0.0031796390811972,0.5286402043831029,0.0007424836998449,downstairs,wiktor
1672842733080193700,0.087189973935062,2.448814767307064,-0.4983695162637969,2.5005335492404326,0.087189973935062,0.1669350563062931,0.3522920786747978,2.448814767307064,3.4770561829124675,3.16571515939581,-0.4983695162637969,-0.4598342415185727,-0.2996439165171591,0.9449417044762144,0.000271637544132,0.9446356361998683,3.4430732213744885e-05,downstairs,wiktor
1672842733090193700,0.1104982361668146,1.0743071200385088,-0.4900712354522378,1.18596604680703,0.1104982361668146,0.087189973935062,0.1669350563062931,1.0743071200385088,2.448814767307064,3.4770561829124675,-0.4900712354522378,-0.4983695162637969,-0.4598342415185727,0.1989739837582549,0.0074787640155436,0.1850005593457497,0.0064946603969615,downstairs,wiktor
1672842733100193700,0.232799209307208,0.4660299474506338,-0.3761005339806614,0.6425192568596216,0.232799209307208,0.1104982361668146,0.087189973935062,0.4660299474506338,1.0743071200385088,2.448814767307064,-0.3761005339806614,-0.4900712354522378,-0.4983695162637969,0.062423957522542,5.510014293676969e-06,0.055147152469644,0.0072712950386043,downstairs,wiktor
1672842733110193700,0.2361188521475379,0.1339240833962812,-0.2555078721922726,0.3727895454612799,0.2361188521475379,0.232799209307208,0.1104982361668146,0.1339240833962812,0.4660299474506338,1.0743071200385088,-0.2555078721922726,-0.3761005339806614,-0.4900712354522378,0.0188345643863238,0.0016848535243175,0.0115291793217186,0.0056205315402876,downstairs,wiktor
1672842733120193700,0.1780696743012066,-0.0179257063415953,-0.1494839924265552,0.2331857711039962,0.1780696743012066,0.2361188521475379,0.232799209307208,-0.0179257063415953,0.1339240833962812,0.4660299474506338,-0.1494839924265552,-0.2555078721922726,-0.3761005339806614,0.0078099195806372,0.0040240210310566,0.0005249484901384,0.0032609500594421,downstairs,wiktor
1672842733130193700,0.0883587939013722,0.0144764074826122,-0.0687257103814037,0.1128719012896318,0.0883587939013722,0.1780696743012066,0.2361188521475379,0.0144764074826122,-0.0179257063415953,0.1339240833962812,-0.0687257103814037,-0.1494839924265552,-0.2555078721922726,0.0787576610147289,0.0062870572062467,0.0713565636625717,0.0011140401459104,downstairs,wiktor
1672842733140193700,-0.0237755648496075,0.3922503178114538,-0.0215231649858324,0.3935591898788691,-0.0237755648496075,0.0883587939013722,0.1780696743012066,0.3922503178114538,0.0144764074826122,-0.0179257063415953,-0.0215231649858324,-0.0687257103814037,-0.1494839924265552,0.1135027649666912,0.0035031855183414,0.1099827739459099,1.6805502439883118e-05,downstairs,wiktor
1672842733150193700,-0.1074796330702312,0.8612551662851342,-0.0157256651040069,0.8680781240883272,-0.1074796330702312,-0.0237755648496075,0.0883587939013722,0.8612551662851342,0.3922503178114538,0.0144764074826122,-0.0157256651040069,-0.0215231649858324,-0.0687257103814037,0.08673606491865,0.0011860718984837,0.0854811816628551,6.881135731110037e-05,downstairs,wiktor
1672842733160193700,-0.1561842919538285,1.274731118821325,-0.0039943943023333,1.2842697977957858,-0.1561842919538285,-0.1074796330702312,-0.0237755648496075,1.274731118821325,0.8612551662851342,0.3922503178114538,-0.0039943943023333,-0.0157256651040069,-0.0215231649858324,0.0777256662399838,3.473120985611274e-05,0.0726066697534431,0.0050842652766845,downstairs,wiktor
1672842733170193700,-0.164518703733446,1.6557997996478742,0.0968447377514937,1.6667688152896996,-0.164518703733446,-0.1561842919538285,-0.1074796330702312,1.6557997996478742,1.274731118821325,0.8612551662851342,0.0968447377514937,-0.0039943943023333,-0.0157256651040069,0.0211007202061291,0.0026401446352778,0.0119209838049716,0.0065395917658796,downstairs,wiktor
1672842733180193700,-0.0918531047848672,1.8102082437496887,0.2112089958558479,1.8248013915296069,-0.0918531047848672,-0.164518703733446,-0.1561842919538285,1.8102082437496887,1.6557997996478742,1.274731118821325,0.2112089958558479,0.0968447377514937,-0.0039943943023333,0.0270063978730438,0.0257299639995524,0.00111581859354,0.0001606152799513,downstairs,wiktor
1672842733190193700,0.1349947032254919,1.7629680364355786,0.2291319018675056,1.782913709590534,0.1349947032254919,-0.0918531047848672,-0.164518703733446,1.7629680364355786,1.8102082437496887,1.6557997996478742,0.2291319018675056,0.2112089958558479,0.0968447377514937,0.0757478869905411,0.0061630626814731,0.0628196746444417,0.0067651496646261,downstairs,wiktor
1672842733200193700,0.2460177880454806,1.408511622628629,0.1128120870066989,1.4342790210030725,0.2460177880454806,0.1349947032254919,-0.0918531047848672,1.408511622628629,1.7629680364355786,1.8102082437496887,0.1128120870066989,0.2291319018675056,0.2112089958558479,0.0742981866367185,0.0029453125574688,0.061054361289464,0.0102985127897856,downstairs,wiktor
1672842733210193700,0.1692673801316612,1.0590710374372003,-0.0307045516787558,1.072951852511909,0.1692673801316612,0.2460177880454806,0.1349947032254919,1.0590710374372003,1.408511622628629,1.7629680364355786,-0.0307045516787558,0.1128120870066989,0.2291319018675056,0.0281502385561575,0.0181241698449733,0.0087354569198553,0.0012906117913289,downstairs,wiktor
1672842733220193700,-0.0211225872771983,0.9268934529543892,-0.0815102952778591,0.930710247638478,-0.0211225872771983,0.1692673801316612,0.2460177880454806,0.9268934529543892,1.0590710374372003,1.408511622628629,-0.0815102952778591,-0.0307045516787558,0.1128120870066989,0.0033698523156275,0.0030410850606333,0.0002317957247778,9.69715302163462e-05,downstairs,wiktor
1672842733230193700,-0.0991108564031805,0.9053622790533752,-0.0954366393936955,0.9157575936504464,-0.0991108564031805,-0.0211225872771983,0.1692673801316612,0.9053622790533752,0.9268934529543892,1.0590710374372003,-0.0954366393936955,-0.0815102952778591,-0.0307045516787558,0.0001615845272974,3.693032049557335e-05,6.844215849838253e-05,5.621204830349328e-05,downstairs,wiktor
1672842733240193700,-0.1077050777751924,0.9170620361874684,-0.1060396623874924,0.9294340062608636,-0.1077050777751924,-0.0991108564031805,-0.0211225872771983,0.9170620361874684,0.9053622790533752,0.9268934529543892,-0.1060396623874924,-0.0954366393936955,-0.0815102952778591,0.0010321803305638,0.0001145530226233,0.000679299389536,0.0002383279184044,downstairs,wiktor
1672842733250193700,-0.0925688283967393,0.9539212111520844,-0.1278721115585969,0.9668950004995676,-0.0925688283967393,-0.1077050777751924,-0.0991108564031805,0.9539212111520844,0.9170620361874684,0.9053622790533752,-0.1278721115585969,-0.1060396623874924,-0.0954366393936955,0.0024708058916127,0.0011347211902557,0.0010540947562336,0.0002819899451233,downstairs,wiktor
1672842733260193700,-0.0449301636325856,0.9998362360618804,-0.1516203723422158,1.0122647656891115,-0.0449301636325856,-0.0925688283967393,-0.1077050777751924,0.9998362360618804,0.9539212111520844,0.9170620361874684,-0.1516203723422158,-0.1278721115585969,-0.1060396623874924,0.0030507550055601,0.0025097896699773,0.0004938807385148,4.708459706792844e-05,downstairs,wiktor
1672842733270193700,0.0259188260564336,1.0312649089105654,-0.1613244536555528,1.044128668910936,0.0259188260564336,-0.0449301636325856,-0.0925688283967393,1.0312649089105654,0.9998362360618804,0.9539212111520844,-0.1613244536555528,-0.1516203723422158,-0.1278721115585969,0.00128206272325,0.0012584289776924,7.844145657375504e-06,1.5789599900273277e-05,downstairs,wiktor
1672842733280193700,0.0760871223737782,1.0352257536834328,-0.1557049163257945,1.049631188679422,0.0760871223737782,0.0259188260564336,-0.0449301636325856,1.0352257536834328,1.0312649089105654,0.9998362360618804,-0.1557049163257945,-0.1613244536555528,-0.1516203723422158,0.0009125033640538,3.976613557269906e-06,0.0002175543404812,0.0006909724100153,downstairs,wiktor
1672842733290193700,0.0789072690214793,1.0143664948048796,-0.1185303979021386,1.0243120609042955,0.0789072690214793,0.0760871223737782,0.0259188260564336,1.0143664948048796,1.0352257536834328,1.0312649089105654,-0.1185303979021386,-0.1557049163257945,-0.1613244536555528,0.0022277344387645,0.0004923387375537,0.000988593389507,0.0007468023117037,downstairs,wiktor
1672842733300193700,0.0475276980379946,0.9699009263387725,-0.0798832165895583,0.974344917001312,0.0475276980379946,0.0789072690214793,0.0760871223737782,0.9699009263387725,1.0143664948048796,1.0352257536834328,-0.0798832165895583,-0.1185303979021386,-0.1557049163257945,0.0030152549063606,5.72752704459513e-05,0.0027882095998813,0.0001697700360332,downstairs,wiktor
1672842733310193700,0.0368248693982423,0.8952255006636364,-0.0614566034426288,0.8980877920066392,0.0368248693982423,0.0475276980379946,0.0789072690214793,0.8952255006636364,0.9699009263387725,1.0143664948048796,-0.0614566034426288,-0.0798832165895583,-0.1185303979021386,0.0058164660296041,0.0002728610515065,0.0054965582708853,4.704670721214443e-05,downstairs,wiktor
1672842733320193700,0.0601855650859383,0.7903774365815047,-0.0517564274429735,0.7943535247504879,0.0601855650859383,0.0368248693982423,0.0475276980379946,0.7903774365815047,0.8952255006636364,0.9699009263387725,-0.0517564274429735,-0.0614566034426288,-0.0798832165895583,0.0053098211412284,0.0004083662956943,0.0047913143882142,0.0001101404573198,downstairs,wiktor
1672842733330193700,0.0887640988374926,0.6924865341623909,-0.0369145638591875,0.6991275636560086,0.0887640988374926,0.0601855650859383,0.0368248693982423,0.6924865341623909,0.7903774365815047,0.8952255006636364,-0.0369145638591875,-0.0517564274429735,-0.0614566034426288,0.0017246474868219,1.5759859905388397e-05,0.0016650646113694,4.3823015547174087e-05,downstairs,wiktor
1672842733340193700,0.0831498562518203,0.6347792623265224,-0.0275526179559926,0.6407946295270671,0.0831498562518203,0.0887640988374926,0.0601855650859383,0.6347792623265224,0.6924865341623909,0.7903774365815047,-0.0275526179559926,-0.0369145638591875,-0.0517564274429735,0.0011679063019159,0.0009325258558904,0.0002353282127226,5.223330279516807e-08,downstairs,wiktor
1672842733350193700,0.0399636117776715,0.6130846448962631,-0.0278758308975502,0.6150178322797821,0.0399636117776715,0.0831498562518203,0.0887640988374926,0.6130846448962631,0.6347792623265224,0.6924865341623909,-0.0278758308975502,-0.0275526179559926,-0.0369145638591875,0.0019045420123604,0.0017763865924499,2.0734999127783324e-08,0.0001281346849113,downstairs,wiktor
1672842733360193700,-0.0196415321689707,0.6128810030580875,-0.0438842464913132,0.6147639716066179,-0.0196415321689707,0.0399636117776715,0.0831498562518203,0.6128810030580875,0.6130846448962631,0.6347792623265224,-0.0438842464913132,-0.0278758308975502,-0.0275526179559926,0.0017166648440252,0.0006424119974759,0.0003700456465769,0.0007042071999723,downstairs,wiktor
1672842733370193700,-0.0554859737876076,0.640085622025348,-0.0814130940614787,0.6476236474183127,-0.0554859737876076,-0.0196415321689707,0.0399636117776715,0.640085622025348,0.6128810030580875,0.6130846448962631,-0.0814130940614787,-0.0438842464913132,-0.0278758308975502,0.0021552457448107,7.89122148666519e-05,0.0014902657473953,0.0005860677825487,downstairs,wiktor
1672842733380193700,-0.0429231544490473,0.6946798661797523,-0.1156495594908649,0.7055475421782762,-0.0429231544490473,-0.0554859737876076,-0.0196415321689707,0.6946798661797523,0.640085622025348,0.6128810030580875,-0.1156495594908649,-0.0814130940614787,-0.0438842464913132,0.006748958772985,0.0016329071405213,0.0040050065042978,0.0011110451281658,downstairs,wiktor
1672842733390193700,0.0142241489085279,0.7841785421956338,-0.162788611839546,0.8010233733149662,0.0142241489085279,-0.0429231544490473,-0.0554859737876076,0.7841785421956338,0.6946798661797523,0.640085622025348,-0.162788611839546,-0.1156495594908649,-0.0814130940614787,0.0067863511873883,6.887130925440646e-05,0.0058322463207727,0.0008852335573611,downstairs,wiktor
1672842733400193700,0.0259605290365237,0.8921808229194476,-0.2048655308655673,0.915767686473982,0.0259605290365237,0.0142241489085279,-0.0429231544490473,0.8921808229194476,0.7841785421956338,0.6946798661797523,-0.2048655308655673,-0.162788611839546,-0.1156495594908649,0.0073273577259024,0.0010711853404109,0.0056204565226191,0.0006357158628724,downstairs,wiktor
1672842733410193700,-0.0203252212633455,0.9982039951283486,-0.2405226721663615,1.0269739462788952,-0.0203252212633455,0.0259605290365237,0.0142241489085279,0.9982039951283486,0.8921808229194476,0.7841785421956338,-0.2405226721663615,-0.2048655308655673,-0.162788611839546,0.0044441892975943,0.0019292207286809,0.0016740734477799,0.0008408951211334,downstairs,wiktor
1672842733420193700,-0.0824415754493556,1.0560671690437151,-0.2815323081348375,1.0960542502167985,-0.0824415754493556,-0.0203252212633455,0.0259605290365237,1.0560671690437151,0.9982039951283486,0.8921808229194476,-0.2815323081348375,-0.2405226721663615,-0.2048655308655673,0.0010216962723461,0.0006658206771236,0.000334067401525,2.1808193697451028e-05,downstairs,wiktor
1672842733430193700,-0.1189332368838164,1.081915472722102,-0.2881365785256454,1.1259257936629825,-0.1189332368838164,-0.0824415754493556,-0.0203252212633455,1.081915472722102,1.0560671690437151,0.9982039951283486,-0.2881365785256454,-0.2815323081348375,-0.2405226721663615,0.0011605237021489,1.6972056466230554e-06,0.0002624830665961,0.0008963434299061,downstairs,wiktor
1672842733440193700,-0.1170908440665144,1.1048276121506295,-0.2457964455568844,1.137879699697235,-0.1170908440665144,-0.1189332368838164,-0.0824415754493556,1.1048276121506295,1.081915472722102,1.0560671690437151,-0.2457964455568844,-0.2881365785256454,-0.2815323081348375,0.0047948520165477,0.0009491112374903,0.0001412629277484,0.0037044778513089,downstairs,wiktor
1672842733450193700,-0.0735222490125004,1.1216361176016492,-0.1597211546621224,1.1353342893857117,-0.0735222490125004,-0.1170908440665144,-0.1189332368838164,1.1216361176016492,1.1048276121506295,1.081915472722102,-0.1597211546621224,-0.2457964455568844,-0.2881365785256454,0.004059220642598,0.0007395009918891,0.0001493956622788,0.00317032398843,downstairs,wiktor
1672842733460193700,-0.0350644541748042,1.1389216990080595,-0.0800929688429027,1.1422727502991796,-0.0350644541748042,-0.0735222490125004,-0.1170908440665144,1.1389216990080595,1.1216361176016492,1.1048276121506295,-0.0800929688429027,-0.1597211546621224,-0.2457964455568844,0.0017124455678218,5.356474331199257e-05,0.0003787520004913,0.0012801288240185,downstairs,wiktor
1672842733470193700,-0.0247141166622404,1.1664444895821056,-0.029493980236044,1.1670790160520486,-0.0247141166622404,-0.0350644541748042,-0.0735222490125004,1.1664444895821056,1.1389216990080595,1.1216361176016492,-0.029493980236044,-0.0800929688429027,-0.1597211546621224,0.0016519756733895,2.023174801147625e-06,0.0010195204982087,0.0006304320003795,downstairs,wiktor
1672842733480193700,-0.026725670688931,1.2116002311485723,0.006014666608903,1.2119098802334534,-0.026725670688931,-0.0247141166622404,-0.0350644541748042,1.2116002311485723,1.1664444895821056,1.1389216990080595,0.006014666608903,-0.029493980236044,-0.0800929688429027,0.0027309859604517,2.6543219290793187e-06,0.0019953722969943,0.0007329593415282,downstairs,wiktor
1672842733490193700,-0.0244216212410765,1.274772571567372,0.0443019841312435,1.275775917080464,-0.0244216212410765,-0.026725670688931,-0.0247141166622404,1.274772571567372,1.2116002311485723,1.1664444895821056,0.0443019841312435,0.006014666608903,-0.029493980236044,0.0041827032297562,0.0006831177624585,0.0029325432919106,0.000567042175387,downstairs,wiktor
1672842733500193700,0.0125410021089647,1.3513564248513463,0.0779781530162889,1.3536624601682437,0.0125410021089647,-0.0244216212410765,-0.026725670688931,1.3513564248513463,1.274772571567372,1.2116002311485723,0.0779781530162889,0.0443019841312435,0.006014666608903,0.0066427096504869,0.0027588452698302,0.0038609004323159,2.2963948340819905e-05,downstairs,wiktor
1672842733510193700,0.0868221608213899,1.43923020287774,0.0847551653876543,1.4443355228426271,0.0868221608213899,0.0125410021089647,-0.0244216212410765,1.43923020287774,1.3513564248513463,1.274772571567372,0.0847551653876543,0.0779781530162889,0.0443019841312435,0.0076966337210354,0.0050025991581368,0.0026275685227679,6.646604013059057e-05,downstairs,wiktor
1672842733520193700,0.1868481490258242,1.5117225269233656,0.0732255478631576,1.524984986831609,0.1868481490258242,0.0868221608213899,0.0125410021089647,1.5117225269233656,1.43923020287774,1.3513564248513463,0.0732255478631576,0.0847551653876543,0.0779781530162889,0.0053714040018341,0.0052851461289762,8.58298429844175e-05,4.280298735108433e-07,downstairs,wiktor
1672842733530193700,0.2896600756586451,1.5248244231971435,0.0723003128946108,1.5537759865095522,0.2896600756586451,0.1868481490258242,0.0868221608213899,1.5248244231971435,1.5117225269233656,1.43923020287774,0.0723003128946108,0.0732255478631576,0.0847551653876543,0.0033887164778131,0.0029919658297251,1.9384127507949616e-05,0.00037736652058,downstairs,wiktor
1672842733540193700,0.3670159523549265,1.5185980072926364,0.0997727179797145,1.56550158488876,0.3670159523549265,0.2896600756586451,0.1868481490258242,1.5185980072926364,1.5248244231971435,1.5117225269233656,0.0997727179797145,0.0723003128946108,0.0732255478631576,0.0005064324826227,7.357731799909894e-05,8.062922996137911e-05,0.0003522259346623,downstairs,wiktor
1672842733550193700,0.3791466834127893,1.531296765496601,0.1263142301695767,1.5825856300076162,0.3791466834127893,0.3670159523549265,0.2896600756586451,1.531296765496601,1.5185980072926364,1.5248244231971435,0.1263142301695767,0.0997727179797145,0.0723003128946108,0.0013685306990795,0.0005389963269803,0.0008291148608454,4.195112537452885e-07,downstairs,wiktor
1672842733560193700,0.346313884964276,1.5720181323902969,0.1272302118874568,1.6147327464010426,0.346313884964276,0.3791466834127893,0.3670159523549265,1.5720181323902969,1.531296765496601,1.5185980072926364,0.1272302118874568,0.1263142301695767,0.0997727179797145,0.0018700451890963,0.0011254211111483,0.0005111940773991,0.0002334300005488,downstairs,wiktor
1672842733570193700,0.2988708430898696,1.6039929373904585,0.1056232685335796,1.635014800820909,0.2988708430898696,0.346313884964276,0.3791466834127893,1.6039929373904585,1.5720181323902969,1.531296765496601,0.1056232685335796,0.1272302118874568,0.1263142301695767,0.0022984053769341,0.0021580997198492,2.9390556921981017e-05,0.0001109151001629,downstairs,wiktor
1672842733580193700,0.2331730543926956,1.596326053157345,0.0907293033017849,1.6158150722658062,0.2331730543926956,0.2988708430898696,0.346313884964276,1.596326053157345,1.6039929373904585,1.5720181323902969,0.0907293033017849,0.1056232685335796,0.1272302118874568,0.0074495792704411,0.0022332992148482,0.0052028529180508,1.3427137542106512e-05,downstairs,wiktor
1672842733590193700,0.1663404393780453,1.4943176915583976,0.0959114143662269,1.5066033003025812,0.1663404393780453,0.2331730543926956,0.2988708430898696,1.4943176915583976,1.596326053157345,1.6039929373904585,0.0959114143662269,0.0907293033017849,0.1056232685335796,0.0148159266586108,0.0001528581164675,0.0139070532197926,0.0007560153223506,downstairs,wiktor
1672842733600193700,0.1488556965164806,1.327542074516861,0.134796252603017,1.342645153312577,0.1488556965164806,0.1663404393780453,0.2331730543926956,1.327542074516861,1.4943176915583976,1.596326053157345,0.134796252603017,0.0959114143662269,0.0907293033017849,0.0096334211902792,0.0003587131457439,0.0072944534650281,0.0019802545795071,downstairs,wiktor
1672842733610193700,0.1756405110853335,1.2067575269536217,0.1977288288971288,1.2353987242063056,0.1756405110853335,0.1488556965164806,0.1663404393780453,1.2067575269536217,1.327542074516861,1.4943176915583976,0.1977288288971288,0.134796252603017,0.0959114143662269,0.0101483584282498,0.0066446210012719,0.0017904707229058,0.001713266704072,downstairs,wiktor
1672842733620193700,0.2909194857621752,1.146916558998452,0.2562654277746189,1.210670768612791,0.2909194857621752,0.1756405110853335,0.1488556965164806,1.146916558998452,1.2067575269536217,1.327542074516861,0.2562654277746189,0.1977288288971288,0.134796252603017,0.012927404293733,0.0127508398594619,7.686765809129254e-05,9.96967761797627e-05,downstairs,wiktor
1672842733630193700,0.4506119393062421,1.1345175543536192,0.2703861059580323,1.2503158989939294,0.4506119393062421,0.2909194857621752,0.1756405110853335,1.1345175543536192,1.146916558998452,1.2067575269536217,0.2703861059580323,0.2562654277746189,0.1977288288971288,0.0100565001659627,0.0091579142349513,0.000356165757222,0.0005424201737893,downstairs,wiktor
1672842733640193700,0.5859479229539873,1.1612070937734762,0.237449191294107,1.3221645137766178,0.5859479229539873,0.4506119393062421,0.2909194857621752,1.1612070937734762,1.1345175543536192,1.146916558998452,0.237449191294107,0.2703861059580323,0.2562654277746189,0.0122780932133059,0.0005242212236798,0.0023825269093556,0.0093713450802704,downstairs,wiktor
1672842733650193700,0.6183275839676504,1.230236463021002,0.1005452462795792,1.380550651946939,0.6183275839676504,0.5859479229539873,0.4506119393062421,1.230236463021002,1.1612070937734762,1.1345175543536192,0.1005452462795792,0.237449191294107,0.2703861059580323,0.0182443350544423,0.0029345930840427,0.0002933461567737,0.0150163958136257,downstairs,wiktor
1672842733660193700,0.5417169700288137,1.254458195278369,-0.0727544698980635,1.368362471061089,0.5417169700288137,0.6183275839676504,0.5859479229539873,1.254458195278369,1.230236463021002,1.1612070937734762,-0.0727544698980635,0.1005452462795792,0.237449191294107,0.0404017398139152,0.0340248078425023,5.4323622779564086e-05,0.0063226083486333,downstairs,wiktor
1672842733670193700,0.280853757434541,1.244034796333729,-0.1852054223051762,1.2887212483719828,0.280853757434541,0.5417169700288137,0.6183275839676504,1.244034796333729,1.254458195278369,1.230236463021002,-0.1852054223051762,-0.0727544698980635,0.1005452462795792,0.0569822669245268,0.0554413978482935,0.0013230598444206,0.0002178092318125,downstairs,wiktor
1672842733680193700,-0.0521369266642593,1.1925943483492745,-0.2060768971841863,1.2113906167664032,-0.0521369266642593,0.280853757434541,0.5417169700288137,1.1925943483492745,1.244034796333729,1.254458195278369,-0.2060768971841863,-0.1852054223051762,-0.0727544698980635,0.0434323523641617,0.0429755162008329,0.0001697480336486,0.00028708812968,downstairs,wiktor
1672842733690193700,-0.3453109916865016,1.1741689292957689,-0.1821149219033342,1.2373674475607257,-0.3453109916865016,-0.0521369266642593,0.280853757434541,1.1741689292957689,1.1925943483492745,1.244034796333729,-0.1821149219033342,-0.2060768971841863,-0.1852054223051762,0.0147767457577106,0.013565881094998,0.0006784640935007,0.0005324005692118,downstairs,wiktor
1672842733700193700,-0.510028210549607,1.211005435468336,-0.1494836311163668,1.3225007736338086,-0.510028210549607,-0.3453109916865016,-0.0521369266642593,1.211005435468336,1.1741689292957689,1.1925943483492745,-0.1494836311163668,-0.1821149219033342,-0.2060768971841863,0.0086405602992689,0.0023675632121939,0.0052059537869619,0.001067043300113,downstairs,wiktor
1672842733710193700,-0.5788404654493547,1.3130441907230137,-0.1032874559475713,1.4386832972510666,-0.5788404654493547,-0.510028210549607,-0.3453109916865016,1.3130441907230137,1.211005435468336,1.1741689292957689,-0.1032874559475713,-0.1494836311163668,-0.1821149219033342,0.003495849274573,0.0001365130204307,0.0020575925320361,0.0013017437221061,downstairs,wiktor
1672842733720193700,-0.5953639651047375,1.3771938989380346,-0.0522630750673265,1.5012836891250343,-0.5953639651047375,-0.5788404654493547,-0.510028210549607,1.3771938989380346,1.3130441907230137,1.211005435468336,-0.0522630750673265,-0.1032874559475713,-0.1494836311163668,0.0024017082651732,0.0010287036181532,2.0894123050677324e-05,0.0013521105239692,downstairs,wiktor
1672842733730193700,-0.5500053139309362,1.370729516051683,-0.0002609496498162,1.476958130626007,-0.5500053139309362,-0.5953639651047375,-0.5788404654493547,1.370729516051683,1.3771938989380346,1.3130441907230137,-0.0002609496498162,-0.0522630750673265,-0.1032874559475713,0.0542514082835053,0.0503967568696556,0.0010232762310183,0.0028313751828314,downstairs,wiktor
1672842733740193700,-0.2325253716679466,1.3254906780688545,0.0749902986166604,1.3478193985113007,-0.2325253716679466,-0.5500053139309362,-0.5953639651047375,1.3254906780688545,1.370729516051683,1.3771938989380346,0.0749902986166604,-0.0002609496498162,-0.0522630750673265,0.0395388412567334,0.0351079539337897,0.0016895419496868,0.0027413453732567,downstairs,wiktor
1672842733750193700,0.0324574728099168,1.2673607898926869,0.1490354925627469,1.2765063405020918,0.0324574728099168,-0.2325253716679466,-0.5500053139309362,1.2673607898926869,1.3254906780688545,1.370729516051683,0.1490354925627469,0.0749902986166604,-0.0002609496498162,0.0084439443262102,0.0001101722600145,0.0068815012715549,0.0014522707946407,downstairs,wiktor
1672842733760193700,0.0176134666111459,1.1500449659680778,0.2029292917355788,1.1679443288953817,0.0176134666111459,0.0324574728099168,-0.2325253716679466,1.1500449659680778,1.2673607898926869,1.3254906780688545,0.2029292917355788,0.1490354925627469,0.0749902986166604,0.0054210781285335,0.0006672143013295,0.0046211066144816,0.0001327572127223,downstairs,wiktor
1672842733770193700,-0.018916365070086,1.0539085356777698,0.2192239051229733,1.0766337125593328,-0.018916365070086,0.0176134666111459,0.0324574728099168,1.0539085356777698,1.1500449659680778,1.2673607898926869,0.2192239051229733,0.2029292917355788,0.1490354925627469,0.0233893715802454,0.0200738831208509,0.0029520809897518,0.0003634074696426,downstairs,wiktor
1672842733780193700,0.1814527099931629,0.9770699907962866,0.1922643995769649,1.0122037602297322,0.1814527099931629,-0.018916365070086,0.0176134666111459,0.9770699907962866,1.0539085356777698,1.1500449659680778,0.1922643995769649,0.2192239051229733,0.2029292917355788,0.0354401672783579,0.015785441757984,0.0001964424590802,0.0194582830612937,downstairs,wiktor
1672842733790193700,0.3591346829560046,0.957248665962652,-0.0050084219737683,1.022412741156845,0.3591346829560046,0.1814527099931629,-0.018916365070086,0.957248665962652,0.9770699907962866,1.0539085356777698,-0.0050084219737683,0.1922643995769649,0.2192239051229733,0.0216937677656786,0.0046241118343183,0.0004227868307538,0.0166468691006064,downstairs,wiktor
1672842733800193700,0.4553023681139443,0.9863274152739232,-0.1874741398530807,1.102401274330158,0.4553023681139443,0.3591346829560046,0.1814527099931629,0.9863274152739232,0.957248665962652,0.9770699907962866,-0.1874741398530807,-0.0050084219737683,0.1922643995769649,0.0055573980426268,0.0050313684567171,0.0003914263410443,0.0001346032448652,downstairs,wiktor
1672842733810193700,0.5556155622283497,0.9583479105948052,-0.2038816530629009,1.126368988914119,0.5556155622283497,0.4553023681139443,0.3591346829560046,0.9583479105948052,0.9863274152739232,0.957248665962652,-0.2038816530629009,-0.1874741398530807,-0.0050084219737683,0.0227901002675328,0.0125627636081151,0.0098878914171622,0.0003394452422553,downstairs,wiktor
1672842733820193700,0.3971052243439382,0.8177215160796766,-0.1778261261154233,0.9262738084336146,0.3971052243439382,0.5556155622283497,0.4553023681139443,0.8177215160796766,0.9583479105948052,0.9863274152739232,-0.1778261261154233,-0.2038816530629009,-0.1874741398530807,0.1290232107660495,0.1209208115792275,0.006701905160948,0.0014004940258738,downstairs,wiktor
1672842733830193700,-0.0946687310038975,0.7019466901376952,-0.1249017645061627,0.7192299876964994,-0.0946687310038975,0.3971052243439382,0.5556155622283497,0.7019466901376952,0.8177215160796766,0.9583479105948052,-0.1249017645061627,-0.1778261261154233,-0.2038816530629009,0.0511636477317264,0.043829510434242,0.0025324644023016,0.0048016728951827,downstairs,wiktor
1672842733840193700,-0.3907413924714571,0.630778376931583,-0.0269051023672643,0.7424850713168369,-0.3907413924714571,-0.0946687310038975,0.3971052243439382,0.630778376931583,0.7019466901376952,0.8177215160796766,-0.0269051023672643,-0.1249017645061627,-0.1778261261154233,0.0071444035626722,2.248409790705553e-05,0.0012628213101152,0.0058590981546498,downstairs,wiktor
1672842733850193700,-0.3974472254409033,0.5805226049224835,0.0813455156877832,0.7082286952384587,-0.3974472254409033,-0.3907413924714571,-0.0946687310038975,0.5805226049224835,0.630778376931583,0.7019466901376952,0.0813455156877832,-0.0269051023672643,-0.1249017645061627,0.0237824795933902,0.0214398200997431,0.0015584960628544,0.0007841634307926,downstairs,wiktor
1672842733860193700,-0.190373228523168,0.5246925760338201,0.1209476224699402,0.5711152185544276,-0.190373228523168,-0.3974472254409033,-0.3907413924714571,0.5246925760338201,0.5805226049224835,0.630778376931583,0.1209476224699402,0.0813455156877832,-0.0269051023672643,0.043915481689597,0.0416193330770102,0.0018418419639778,0.0004543066486088,downstairs,wiktor
1672842733870193700,0.098137891113529,0.4639992161996851,0.0908044093496096,0.4828786173185394,0.098137891113529,-0.190373228523168,-0.3974472254409033,0.4639992161996851,0.5246925760338201,0.5805226049224835,0.0908044093496096,0.1209476224699402,0.0813455156877832,0.0219567056540099,0.0094121852561652,2.931129416081621e-05,0.0125152091036838,downstairs,wiktor
1672842733880193700,0.2353398244538815,0.4563426772739281,-0.0674056352346951,0.5178580806909486,0.2353398244538815,0.098137891113529,-0.190373228523168,0.4563426772739281,0.4639992161996851,0.5246925760338201,-0.0674056352346951,0.0908044093496096,0.1209476224699402,0.0194489434702044,5.296240133881564e-05,0.0018873974458405,0.017508583623025,downstairs,wiktor
1672842733890193700,0.2250478468656028,0.5177820367406506,-0.2545343803436447,0.6193000256152614,0.2250478468656028,0.2353398244538815,0.098137891113529,0.5177820367406506,0.4563426772739281,0.4639992161996851,-0.2545343803436447,-0.0674056352346951,0.0908044093496096,0.0085089761525893,0.0015548394346482,0.0031023461911616,0.0038517905267793,downstairs,wiktor
1672842733900193700,0.1692833521642564,0.5965519065026563,-0.3423044267920702,0.7083102082233246,0.1692833521642564,0.2250478468656028,0.2353398244538815,0.5965519065026563,0.5177820367406506,0.4563426772739281,-0.3423044267920702,-0.2545343803436447,-0.0674056352346951,0.0010323782472397,0.0008851942967756,0.0001172558724934,2.992807797071733e-05,downstairs,wiktor
1672842733910193700,0.1272073662156027,0.6118656828163817,-0.3500411028187263,0.7163030793528795,0.1272073662156027,0.1692833521642564,0.2250478468656028,0.6118656828163817,0.5965519065026563,0.5177820367406506,-0.3500411028187263,-0.3423044267920702,-0.2545343803436447,0.0008434198451201,0.0002861106412154,0.0002259586397011,0.0003313505642035,downstairs,wiktor
1672842733920193700,0.1032862190351063,0.590607336704741,-0.3242981206991837,0.6816555877428553,0.1032862190351063,0.1272073662156027,0.1692833521642564,0.590607336704741,0.6118656828163817,0.5965519065026563,-0.3242981206991837,-0.3500411028187263,-0.3423044267920702,0.002892614418774,0.0004147481911939,0.001035736839471,0.001442129388109,downstairs,wiktor
1672842733930193700,0.0744852401908405,0.5450938916698712,-0.2705928250923436,0.6131034812603401,0.0744852401908405,0.1032862190351063,0.1272073662156027,0.5450938916698712,0.590607336704741,0.6118656828163817,-0.2705928250923436,-0.3242981206991837,-0.3500411028187263,0.0057564837992321,0.0004857205775449,0.0023482600772801,0.002922503144407,downstairs,wiktor
1672842733940193700,0.0433172894226252,0.4765627297465517,-0.1941401842693205,0.5164095604213134,0.0433172894226252,0.0744852401908405,0.1032862190351063,0.4765627297465517,0.5450938916698712,0.590607336704741,-0.1941401842693205,-0.2705928250923436,-0.3242981206991837,0.009617606077337,0.0001790005983804,0.006468361524334,0.0029702439546225,downstairs,wiktor
1672842733950193700,0.0622382089764128,0.3628230135139708,-0.1170656235553918,0.3862880971637146,0.0622382089764128,0.0433172894226252,0.0744852401908405,0.3628230135139708,0.4765627297465517,0.5450938916698712,-0.1170656235553918,-0.1941401842693205,-0.2705928250923436,0.0140112678526231,0.0037526185881902,0.0079808483763415,0.0022778008880913,downstairs,wiktor
1672842733960193700,0.1488709809301052,0.2364834047102271,-0.0495704253840939,0.2838030950134139,0.1488709809301052,0.0622382089764128,0.0433172894226252,0.2364834047102271,0.3628230135139708,0.4765627297465517,-0.0495704253840939,-0.1170656235553918,-0.1941401842693205,0.0029864608176243,0.001206744170283,0.0013788770956543,0.0004008395516869,downstairs,wiktor
1672842733970193700,0.1979982477029066,0.183969081032694,-0.0212564870608237,0.2711084047232813,0.1979982477029066,0.1488709809301052,0.0622382089764128,0.183969081032694,0.2364834047102271,0.3628230135139708,-0.0212564870608237,-0.0495704253840939,-0.1170656235553918,0.0001727042492715,6.336789485730941e-06,0.0001095919782028,5.677548158297676e-05,downstairs,wiktor
1672842733980193700,0.1944382506563542,0.1691642184394213,-0.031912516488615,0.2596943873616826,0.1944382506563542,0.1979982477029066,0.1488709809301052,0.1691642184394213,0.183969081032694,0.2364834047102271,-0.031912516488615,-0.0212564870608237,-0.0495704253840939,0.0032155838194066,0.0013689589940036,6.187429906230829e-07,0.0018460060824123,downstairs,wiktor
1672842733990193700,0.1421131325197716,0.1680517949673361,-0.0926744467149063,0.2388013846279786,0.1421131325197716,0.1944382506563542,0.1979982477029066,0.1680517949673361,0.1691642184394213,0.183969081032694,-0.0926744467149063,-0.031912516488615,-0.0212564870608237,0.0115603443630084,0.0070580992181579,0.0007280940479305,0.0037741510969199,downstairs,wiktor
1672842734000193700,0.0233015235065283,0.2062118276699048,-0.1795554123739039,0.2744201613975375,0.0233015235065283,0.1421131325197716,0.1944382506563542,0.2062118276699048,0.1680517949673361,0.1691642184394213,-0.1795554123739039,-0.0926744467149063,-0.031912516488615,0.0149999057247316,0.0075489659256222,0.0056552569179498,0.0017956828811596,downstairs,wiktor
1672842734010193700,-0.0995721183018126,0.3125627272236914,-0.2394834171990211,0.4061556011012803,-0.0995721183018126,0.0233015235065283,0.1421131325197716,0.3125627272236914,0.2062118276699048,0.1680517949673361,-0.2394834171990211,-0.1795554123739039,-0.0926744467149063,0.0019705239159898,2.970757600081028e-05,0.0016535748432415,0.0002872414967474,downstairs,wiktor
1672842734020193700,-0.1072802407711056,0.3700705500522696,-0.263451792060385,0.4667634398876203,-0.1072802407711056,-0.0995721183018126,0.0233015235065283,0.3700705500522696,0.3125627272236914,0.2062118276699048,-0.263451792060385,-0.2394834171990211,-0.1795554123739039,0.0049836570578165,0.0047729379247841,0.0002101267967484,5.923362839421498e-07,downstairs,wiktor
1672842734030193700,-0.0095772426105151,0.3905706376983492,-0.2645402187082967,0.4718248339398312,-0.0095772426105151,-0.1072802407711056,-0.0995721183018126,0.3905706376983492,0.3700705500522696,0.3125627272236914,-0.2645402187082967,-0.263451792060385,-0.2394834171990211,0.0147293281550716,0.0090834685509195,0.0052214804089402,0.0004243791952119,downstairs,wiktor
1672842734040193700,0.1252075380653424,0.4927614436345018,-0.2354067604442332,0.5602741389569851,0.1252075380653424,-0.0095772426105151,-0.1072802407711056,0.4927614436345018,0.3905706376983492,0.3700705500522696,-0.2354067604442332,-0.2645402187082967,-0.263451792060385,0.0559532394755116,0.0016716658096001,0.0504793068446421,0.0038022668212694,downstairs,wiktor
1672842734050193700,0.183029087847411,0.8105012958552835,-0.1482027832267982,0.8440237333970642,0.183029087847411,0.1252075380653424,-0.0095772426105151,0.8105012958552835,0.4927614436345018,0.3905706376983492,-0.1482027832267982,-0.2354067604442332,-0.2645402187082967,0.101168048514305,0.007068206198935,0.0823103358568854,0.0117895064584846,downstairs,wiktor
1672842734060193700,0.3019257337120866,1.2162360265769347,0.0053518094006096,1.253163142964671,0.3019257337120866,0.183029087847411,0.1252075380653424,1.2162360265769347,0.8105012958552835,0.4927614436345018,0.0053518094006096,-0.1482027832267982,-0.2354067604442332,0.1256463403006019,6.806529909070689e-05,0.1137081389633683,0.0118701360381429,downstairs,wiktor
1672842734070193700,0.2902582319151545,1.6931178546294794,0.1594305946901031,1.725200285585092,0.2902582319151545,0.3019257337120866,0.183029087847411,1.6931178546294794,1.2162360265769347,0.8105012958552835,0.1594305946901031,0.0053518094006096,-0.1482027832267982,0.1540094359386892,0.0214190321894888,0.1322053950668142,0.0003850086823861,downstairs,wiktor
1672842734080193700,0.0832846481442354,2.20732675199866,0.1871797814308415,2.2168139284301605,0.0832846481442354,0.2902582319151545,0.3019257337120866,2.20732675199866,1.6931178546294794,1.2162360265769347,0.1871797814308415,0.1594305946901031,0.0053518094006096,0.0642614367630431,0.0003942975643984,0.0603536866077156,0.003513452590929,downstairs,wiktor
1672842734090193700,0.0552027121568981,2.554756418572244,0.1033531437679958,2.557441997385724,0.0552027121568981,0.0832846481442354,0.2902582319151545,2.554756418572244,2.20732675199866,1.6931178546294794,0.1033531437679958,0.1871797814308415,0.1594305946901031,0.0352436972825409,0.0022729486300538,1.2391251929098394e-05,0.0329583574005579,downstairs,wiktor
1672842734100193700,0.1226259815830227,2.5497782156978923,-0.1533893630381735,2.557329540223548,0.1226259815830227,0.0552027121568981,0.0832846481442354,2.5497782156978923,2.554756418572244,2.20732675199866,-0.1533893630381735,0.1033531437679958,0.1871797814308415,0.1307677079780163,8.750720079628204e-05,0.090307334758187,0.0403728660190329,downstairs,wiktor
1672842734110193700,0.1358552824561816,2.12479036938182,-0.4375472980638664,2.1736233366505724,0.1358552824561816,0.1226259815830227,0.0552027121568981,2.12479036938182,2.5497782156978923,2.554756418572244,-0.4375472980638664,-0.1533893630381735,0.1033531437679958,0.2206286364734353,0.0058457084719078,0.2069454061536552,0.0078375218478722,downstairs,wiktor
1672842734120193700,0.0277284266625552,1.481446905664879,-0.5627473128232282,1.5849726616061834,0.0277284266625552,0.1358552824561816,0.1226259815830227,1.481446905664879,2.12479036938182,2.5497782156978923,-0.5627473128232282,-0.4375472980638664,-0.1533893630381735,0.1183422867845062,0.0066450002955759,0.1116924873391021,4.799149828223942e-06,downstairs,wiktor
1672842734130193700,-0.0875538381970139,1.0088107087034055,-0.5658454250962822,1.1599766229024138,-0.0875538381970139,0.0277284266625552,0.1358552824561816,1.0088107087034055,1.481446905664879,2.12479036938182,-0.5658454250962822,-0.5627473128232282,-0.4375472980638664,0.0489191461595462,0.0004020457212151,0.0466731415336454,0.0018439589046855,downstairs,wiktor
1672842734140193700,-0.1159103443716174,0.7032844691309412,-0.5051171959983487,0.8736061092657097,-0.1159103443716174,-0.0875538381970139,0.0277284266625552,0.7032844691309412,1.0088107087034055,1.481446905664879,-0.5051171959983487,-0.5658454250962822,-0.5627473128232282,0.0200974127163731,2.200911356977518e-05,0.0126728247332711,0.0074025788695321,downstairs,wiktor
1672842734150193700,-0.1225449677324082,0.5440812987273893,-0.3834407490619578,0.6768076069184026,-0.1225449677324082,-0.1159103443716174,-0.0875538381970139,0.5440812987273893,0.7032844691309412,1.0088107087034055,-0.3834407490619578,-0.5051171959983487,-0.5658454250962822,0.0177481500697598,0.0005313652647242,3.646528468071331e-05,0.0171803195203548,downstairs,wiktor
1672842734160193700,-0.155144515726951,0.5526212383853393,-0.1980745195574717,0.6072014238888274,-0.155144515726951,-0.1225449677324082,-0.1159103443716174,0.5526212383853393,0.5440812987273893,0.7032844691309412,-0.1980745195574717,-0.3834407490619578,-0.5051171959983487,0.0276078837384565,0.0021620301180511,0.011831709684254,0.0136141439361514,downstairs,wiktor
1672842734170193700,-0.2209021026360082,0.7064504273206906,-0.0330645566088582,0.7409205153822752,-0.2209021026360082,-0.155144515726951,-0.1225449677324082,0.7064504273206906,0.5526212383853393,0.5440812987273893,-0.0330645566088582,-0.1980745195574717,-0.3834407490619578,0.0290200814217422,4.497883429724078e-05,0.0237579360177863,0.0052171665696585,downstairs,wiktor
1672842734180193700,-0.2303867042931407,0.9244317844032924,0.0690840270294732,0.9552092756672328,-0.2303867042931407,-0.2209021026360082,-0.155144515726951,0.9244317844032924,0.7064504273206906,0.5526212383853393,0.0690840270294732,-0.0330645566088582,-0.1980745195574717,0.0267112760158212,0.0010356308984094,0.023474718388907,0.0022009267285046,downstairs,wiktor
1672842734190193700,-0.1848755870049551,1.1411099715329944,0.135430492323484,1.1638953423970042,-0.1848755870049551,-0.2303867042931407,-0.2209021026360082,1.1411099715329944,0.9244317844032924,0.7064504273206906,0.135430492323484,0.0690840270294732,-0.0330645566088582,0.0230774792935939,0.0060269395600307,0.016329903312274,0.0007206364212892,downstairs,wiktor
1672842734200193700,-0.0750854275184989,1.3218302156246513,0.1733945917145988,1.335267248456211,-0.0750854275184989,-0.1848755870049551,-0.2303867042931407,1.3218302156246513,1.1411099715329944,0.9244317844032924,0.1733945917145988,0.135430492323484,0.0690840270294732,0.0153124282050099,0.010355049104411,0.0049559249293563,1.4541712425238387e-06,downstairs,wiktor
1672842734210193700,0.0688246076035245,1.4213884893075188,0.175099978030085,1.4337859207196262,0.0688246076035245,-0.0750854275184989,-0.1848755870049551,1.4213884893075188,1.3218302156246513,1.1411099715329944,0.175099978030085,0.1733945917145988,0.135430492323484,0.0095142197732695,0.0084038743529136,1.7345546784845287e-05,0.001092999873571,downstairs,wiktor
1672842734220193700,0.1984693094074441,1.4154985747436486,0.1283453018239331,1.4350953969608589,0.1984693094074441,0.0688246076035245,-0.0750854275184989,1.4154985747436486,1.4213884893075188,1.3218302156246513,0.1283453018239331,0.175099978030085,0.1733945917145988,0.0123392281356218,1.96286899292507e-05,0.0073733641660035,0.004946235279689,downstairs,wiktor
1672842734230193700,0.2047348803996604,1.294062466719688,0.0288844021729739,1.3104763819748133,0.2047348803996604,0.1984693094074441,0.0688246076035245,1.294062466719688,1.4154985747436486,1.4213884893075188,0.0288844021729739,0.1283453018239331,0.175099978030085,0.0248307471225542,0.0058290061135995,0.0170820543653412,0.0019196866436133,downstairs,wiktor
1672842734240193700,0.0967626051286486,1.109227110981987,-0.0330782743930585,1.1139308585929155,0.0967626051286486,0.2047348803996604,0.1984693094074441,1.109227110981987,1.294062466719688,1.4154985747436486,-0.0330782743930585,0.0288844021729739,0.1283453018239331,0.0109087878554613,0.0006561423644492,0.0102520945987343,5.508922776261303e-07,downstairs,wiktor
1672842734250193700,0.0605371344084691,0.9660342717843904,-0.0341279336497949,0.968530678274876,0.0605371344084691,0.0967626051286486,0.2047348803996604,0.9660342717843904,1.109227110981987,1.294062466719688,-0.0341279336497949,-0.0330782743930585,0.0288844021729739,0.0055249400726012,0.0006752599405898,0.0044739736587324,0.0003757064732788,downstairs,wiktor
1672842734260193700,0.0972865545560004,0.8714406815286813,-0.0067160211561769,0.876880060248105,0.0972865545560004,0.0605371344084691,0.0967626051286486,0.8714406815286813,0.9660342717843904,1.109227110981987,-0.0067160211561769,-0.0341279336497949,-0.0330782743930585,0.0019258899136767,0.000378207591886,0.0013663798664006,0.00018130245539,downstairs,wiktor
1672842734270193700,0.1247895577333296,0.8191648770604447,0.0123261665012351,0.828707103812529,0.1247895577333296,0.0972865545560004,0.0605371344084691,0.8191648770604447,0.8714406815286813,0.9660342717843904,0.0123261665012351,-0.0067160211561769,-0.0341279336497949,0.0002592383649273,5.8923139093730055e-05,0.0001905739232901,9.741302543441157e-06,downstairs,wiktor
1672842734280193700,0.1139338551679744,0.799641868926954,0.0079122560935713,0.8077565510046446,0.1139338551679744,0.1247895577333296,0.0972865545560004,0.799641868926954,0.8191648770604447,0.8714406815286813,0.0079122560935713,0.0123261665012351,-0.0067160211561769,0.00042752034158,0.0002924580404988,4.6243436903028054e-07,0.0001345998667121,downstairs,wiktor
1672842734290193700,0.0897488167971619,0.7986801679661244,-0.0084950512243372,0.8037518439880504,0.0897488167971619,0.1139338551679744,0.1247895577333296,0.7986801679661244,0.799641868926954,0.8191648770604447,-0.0084950512243372,0.0079122560935713,0.0123261665012351,0.0001347164751342,4.223901710066665e-05,2.733453890600378e-06,8.974400414301594e-05,downstairs,wiktor
1672842734300193700,0.0805576235013307,0.7963420260155147,-0.0218923646970462,0.8007055818056381,0.0805576235013307,0.0897488167971619,0.1139338551679744,0.7963420260155147,0.7986801679661244,0.799641868926954,-0.0218923646970462,-0.0084950512243372,0.0079122560935713,0.000255957751505,4.128600230180352e-07,0.0001685700556717,8.697483581030206e-05,downstairs,wiktor
1672842734310193700,0.0814663148934083,0.7779806504857909,-0.0350813628250545,0.7830206606535165,0.0814663148934083,0.0805576235013307,0.0897488167971619,0.7779806504857909,0.7963420260155147,0.7986801679661244,-0.0350813628250545,-0.0218923646970462,-0.0084950512243372,0.0004517631353436,7.39042906766755e-10,0.0004062509555687,4.551144073202368e-05,downstairs,wiktor
1672842734320193700,0.0814278690117884,0.7494762313347626,-0.0446219540784332,0.7552060897353366,0.0814278690117884,0.0814663148934083,0.0805576235013307,0.7494762313347626,0.7779806504857909,0.7963420260155147,-0.0446219540784332,-0.0350813628250545,-0.0218923646970462,0.0007370513245462,0.0001396349097496,0.0004845550231271,0.0001128613916694,downstairs,wiktor
1672842734330193700,0.064716501039676,0.7183456989548901,-0.0596460275386773,0.7237170837523131,0.064716501039676,0.0814278690117884,0.0814663148934083,0.7183456989548901,0.7494762313347626,0.7779806504857909,-0.0596460275386773,-0.0446219540784332,-0.0350813628250545,0.0010008899362658,2.8557683208543363e-05,0.0007634763753486,0.0002088558777086,downstairs,wiktor
1672842734340193700,0.0571590301388331,0.6792694561634278,-0.0800840253715679,0.6863582154550821,0.0571590301388331,0.064716501039676,0.0814278690117884,0.6792694561634278,0.7183456989548901,0.7494762313347626,-0.0800840253715679,-0.0596460275386773,-0.0446219540784332,0.0002075401193883,2.370841302133597e-05,0.0001282539332638,5.557777310320716e-05,downstairs,wiktor
1672842734350193700,0.0502730424796319,0.663253593197991,-0.0906270584364128,0.6713016992463537,0.0502730424796319,0.0571590301388331,0.064716501039676,0.663253593197991,0.6792694561634278,0.7183456989548901,-0.0906270584364128,-0.0800840253715679,-0.0596460275386773,0.00210757108908,0.0017140935317213,4.140734925745276e-05,0.0003520702081011,downstairs,wiktor
1672842734360193700,-0.0082776796631631,0.6723538513544889,-0.1171627026947001,0.6825359480016762,-0.0082776796631631,0.0502730424796319,0.0571590301388331,0.6723538513544889,0.663253593197991,0.6792694561634278,-0.1171627026947001,-0.0906270584364128,-0.0800840253715679,0.002502887088118,6.3452568139128686e-06,0.0007744860142944,0.0017220558170096,downstairs,wiktor
1672842734370193700,-0.0047153049456712,0.7117108333092682,-0.1758492568107782,0.7331285736290781,-0.0047153049456712,-0.0082776796631631,0.0502730424796319,0.7117108333092682,0.6723538513544889,0.663253593197991,-0.1758492568107782,-0.1171627026947001,-0.0906270584364128,0.0044844226420293,0.002748385233418,0.0012771483889604,0.0004588890196509,downstairs,wiktor
1672842734380193700,0.0694249032199119,0.7622508845352101,-0.2061441085070955,0.7926800247476843,0.0694249032199119,-0.0047153049456712,-0.0082776796631631,0.7622508845352101,0.7117108333092682,0.6723538513544889,-0.2061441085070955,-0.1758492568107782,-0.1171627026947001,0.0020755665597327,0.0001603405713509,0.0012441525851093,0.0006710734032724,downstairs,wiktor
1672842734390193700,0.0515173310030557,0.8121337991475179,-0.2427794303501594,0.8492097473019297,0.0515173310030557,0.0694249032199119,-0.0047153049456712,0.8121337991475179,0.7622508845352101,0.7117108333092682,-0.2427794303501594,-0.2061441085070955,-0.1758492568107782,0.0063317490949841,0.0036280120643887,3.9718142870518e-05,0.0026640188877249,downstairs,wiktor
1672842734400193700,-0.0336649683834806,0.8210465027632025,-0.315772839473517,0.8803199281767474,-0.0336649683834806,0.0515173310030557,0.0694249032199119,0.8210465027632025,0.8121337991475179,0.7622508845352101,-0.315772839473517,-0.2427794303501594,-0.2061441085070955,0.003512462496904,0.0016581414940673,0.000384021224163,0.0014702997786735,downstairs,wiktor
1672842734410193700,-0.0912521456726549,0.7933329239916656,-0.3700001347900561,0.8801160049241741,-0.0912521456726549,-0.0336649683834806,0.0515173310030557,0.7933329239916656,0.8210465027632025,0.8121337991475179,-0.3700001347900561,-0.315772839473517,-0.2427794303501594,0.0001285323682754,4.464531099206982e-05,5.78032767745968e-05,2.6083780508747136e-05,downstairs,wiktor
1672842734420193700,-0.100701517185308,0.7825808751846152,-0.3772228462627299,0.8745688637898654,-0.100701517185308,-0.0912521456726549,-0.0336649683834806,0.7825808751846152,0.7933329239916656,0.8210465027632025,-0.3772228462627299,-0.3700001347900561,-0.315772839473517,0.0019851171005253,0.0004454417200007,0.0004651025477568,0.0010745728327677,downstairs,wiktor
1672842734430193700,-0.0708538465894067,0.8130801390366126,-0.3308639672260715,0.8806761861665656,-0.0708538465894067,-0.100701517185308,-0.0912521456726549,0.8130801390366126,0.7825808751846152,0.7933329239916656,-0.3308639672260715,-0.3772228462627299,-0.3700001347900561,0.0152028051146097,0.0019304770317838,0.0038573905252684,0.0094149375575574,downstairs,wiktor
1672842734440193700,-0.0087172706975246,0.9009139653823712,-0.1936419751289044,0.9215308884466248,-0.0087172706975246,-0.0708538465894067,-0.100701517185308,0.9009139653823712,0.8130801390366126,0.7825808751846152,-0.1936419751289044,-0.3308639672260715,-0.3772228462627299,0.0108375721092067,0.0001309973233619,0.0049851354231477,0.005721439362697,downstairs,wiktor
1672842734450193700,-0.0249035193896667,1.0007652089714998,-0.0866705830402055,1.0048198737735483,-0.0249035193896667,-0.0087172706975246,-0.0708538465894067,1.0007652089714998,0.9009139653823712,0.8130801390366126,-0.0866705830402055,-0.1936419751289044,-0.3308639672260715,0.0127529306580357,0.0079871751345192,0.0032319551906268,0.0015338003328896,downstairs,wiktor
1672842734460193700,-0.1512931956652176,1.0811636566011262,-0.0312846582417587,1.0921461501333125,-0.1512931956652176,-0.0249035193896667,-0.0087172706975246,1.0811636566011262,1.0007652089714998,0.9009139653823712,-0.0312846582417587,-0.0866705830402055,-0.1936419751289044,0.0082850128814693,0.0035372803607026,0.0036831679594023,0.0010645645613643,downstairs,wiktor
1672842734470193700,-0.2354036035907849,1.1669910177326712,0.0148578289336069,1.1905896216299232,-0.2354036035907849,-0.1512931956652176,-0.0249035193896667,1.1669910177326712,1.0811636566011262,1.0007652089714998,0.0148578289336069,-0.0312846582417587,-0.0866705830402055,0.0109553124870658,0.0018779287806122,0.0054619895031734,0.0036153942032801,downstairs,wiktor
1672842734480193700,-0.1741185518960651,1.271508858345396,0.0998918715668978,1.287256941317596,-0.1741185518960651,-0.2354036035907849,-0.1512931956652176,1.271508858345396,1.1669910177326712,1.0811636566011262,0.0998918715668978,0.0148578289336069,-0.0312846582417587,0.0311923088602014,0.0173647132910211,0.0062931452530604,0.0075344503161199,downstairs,wiktor
1672842734490193700,0.012239776552229,1.3836974963891873,0.2226473220863751,1.401549286923577,0.012239776552229,-0.1741185518960651,-0.2354036035907849,1.3836974963891873,1.271508858345396,1.1669910177326712,0.2226473220863751,0.0998918715668978,0.0148578289336069,0.0141045437118512,0.0064036256947962,0.0069530232191121,0.0007478947979429,downstairs,wiktor
1672842734500193700,0.1254089039218102,1.5016213974365331,0.2613227612679258,1.5293409691690112,0.1254089039218102,0.012239776552229,-0.1741185518960651,1.5016213974365331,1.3836974963891873,1.271508858345396,0.2613227612679258,0.2226473220863751,0.0998918715668978,0.0080986155787304,0.0015562624947809,0.0059032882666128,0.0006390648173366,downstairs,wiktor
1672842734510193700,0.1811989118942223,1.6102794690797655,0.2255718223337762,1.636067132254188,0.1811989118942223,0.1254089039218102,0.012239776552229,1.6102794690797655,1.5016213974365331,1.3836974963891873,0.2255718223337762,0.2613227612679258,0.2226473220863751,0.0056850938708756,0.0025627147279466,6.227278922705666e-05,0.0030601063537019,downstairs,wiktor
1672842734520193700,0.2527910165978365,1.621439468114448,0.1473400339903934,1.6476280928802234,0.2527910165978365,0.1811989118942223,0.1254089039218102,1.621439468114448,1.6102794690797655,1.5016213974365331,0.1473400339903934,0.2255718223337762,0.2613227612679258,0.0072074870872287,0.0038646579740441,0.0020948782350714,0.0012479508781131,downstairs,wiktor
1672842734530193700,0.3407075448964918,1.556711139925448,0.0973810332375136,1.59653195080831,0.3407075448964918,0.2527910165978365,0.1811989118942223,1.556711139925448,1.621439468114448,1.6102794690797655,0.0973810332375136,0.1473400339903934,0.2255718223337762,0.0046617966145495,9.545767465527309e-05,0.0044273528141929,0.0001389861257013,downstairs,wiktor
1672842734540193700,0.3545247569637124,1.4626116945052656,0.0807085333828791,1.5071279439929972,0.3545247569637124,0.3407075448964918,0.2527910165978365,1.4626116945052656,1.556711139925448,1.621439468114448,0.0807085333828791,0.0973810332375136,0.1473400339903934,0.0009155245962242,0.0001503585586829,0.0006921631288057,7.300290873557925e-05,downstairs,wiktor
1672842734550193700,0.3371835598491575,1.4254051593587151,0.0927918200827451,1.46767944157887,0.3371835598491575,0.3545247569637124,0.3407075448964918,1.4254051593587151,1.4626116945052656,1.556711139925448,0.0927918200827451,0.0807085333828791,0.0973810332375136,0.0006333627372805,0.000225318483209,0.0001272237898337,0.0002808204642377,downstairs,wiktor
1672842734560193700,0.3159553482801618,1.441356572451839,0.1164907847959037,1.4801711569947973,0.3159553482801618,0.3371835598491575,0.3545247569637124,1.441356572451839,1.4254051593587151,1.4626116945052656,0.1164907847959037,0.0927918200827451,0.0807085333828791,0.0028734244375052,0.0006742897634434,0.0020781352187378,0.0001209994553239,downstairs,wiktor
1672842734570193700,0.2792323374165779,1.5058257157490451,0.1009344706229431,1.534819061593315,0.2792323374165779,0.3159553482801618,0.3371835598491575,1.5058257157490451,1.441356572451839,1.4254051593587151,0.1009344706229431,0.1164907847959037,0.0927918200827451,0.0066359971795298,0.0028986770540284,0.0017565719076764,0.0019807482178249,downstairs,wiktor
1672842734580193700,0.2030919794711566,1.5650974949981364,0.037994050894045,1.5786766828195993,0.2030919794711566,0.2792323374165779,0.3159553482801618,1.5650974949981364,1.5058257157490451,1.441356572451839,0.037994050894045,0.1009344706229431,0.1164907847959037,0.008489011330616,0.0055400522184968,3.201241680868832e-07,0.0029486389879511,downstairs,wiktor
1672842734590193700,0.0978299044536385,1.5642973398030813,-0.0387996856728286,1.567833624186162,0.0978299044536385,0.2030919794711566,0.2792323374165779,1.5642973398030813,1.5650974949981364,1.5058257157490451,-0.0387996856728286,0.037994050894045,0.1009344706229431,0.007170972659423,0.0020902207852312,0.0023352083192937,0.002745543554898,downstairs,wiktor
1672842734600193700,0.0331735701122718,1.4959568932242986,-0.1129015554859181,1.5005779797699383,0.0331735701122718,0.0978299044536385,0.2030919794711566,1.4959568932242986,1.5642973398030813,1.5650974949981364,-0.1129015554859181,-0.0387996856728286,0.037994050894045,0.0109384151475807,5.5761939340667184e-05,0.0098455665353089,0.0010370866729311,downstairs,wiktor
1672842734610193700,0.0437340567810449,1.355631795431288,-0.1584446487697766,1.3655603023047216,0.0437340567810449,0.0331735701122718,0.0978299044536385,1.355631795431288,1.4959568932242986,1.5642973398030813,-0.1584446487697766,-0.1129015554859181,-0.0387996856728286,0.0117900678996813,0.0043437105367612,0.0072104042972653,0.0002359530656546,downstairs,wiktor
1672842734620193700,0.1369403927970186,1.2355451242536308,-0.1367212482231473,1.2506067027495165,0.1369403927970186,0.0437340567810449,0.0331735701122718,1.2355451242536308,1.355631795431288,1.4959568932242986,-0.1367212482231473,-0.1584446487697766,-0.1129015554859181,0.0251429403461831,0.0187493201216725,0.0021085571513407,0.0042850630731698,downstairs,wiktor
1672842734630193700,0.3305860491989762,1.1706058117943705,-0.0441462724125116,1.2171910268728017,0.3305860491989762,0.1369403927970186,0.0437340567810449,1.1706058117943705,1.2355451242536308,1.355631795431288,-0.0441462724125116,-0.1367212482231473,-0.1584446487697766,0.0320927415339439,0.0287328699378991,0.0007941254747473,0.0025657461212974,downstairs,wiktor
1672842734640193700,0.5703061774231166,1.1307529455298877,0.0274881623419754,1.266730815485446,0.5703061774231166,0.3305860491989762,0.1369403927970186,1.1307529455298877,1.1706058117943705,1.2355451242536308,0.0274881623419754,-0.0441462724125116,-0.1367212482231473,0.0087140189302548,0.0084918926610622,0.0002012849205753,2.084134861718057e-05,downstairs,wiktor
1672842734650193700,0.7006280302419147,1.1106888023597743,0.0210319484952722,1.3133741261748548,0.7006280302419147,0.5703061774231166,0.3305860491989762,1.1106888023597743,1.1307529455298877,1.1706058117943705,0.0210319484952722,0.0274881623419754,-0.0441462724125116,0.0037183142864237,0.0008108488345667,4.397911661088306e-05,0.002863486335246,downstairs,wiktor
1672842734660193700,0.6603577227048036,1.1200674074384505,-0.0546448159076286,1.3013874807478918,0.6603577227048036,0.7006280302419147,0.5703061774231166,1.1200674074384505,1.1106888023597743,1.1307529455298877,-0.0546448159076286,0.0210319484952722,0.0274881623419754,0.025482968967659,0.0190352745740793,0.0008057934500969,0.0056419009434826,downstairs,wiktor
1672842734670193700,0.4652409649720073,1.1602119824168204,-0.1608700571969069,1.26032542421955,0.4652409649720073,0.6603577227048036,0.7006280302419147,1.1602119824168204,1.1200674074384505,1.1106888023597743,-0.1608700571969069,-0.0546448159076286,0.0210319484952722,0.0399054743851499,0.0387717544422352,4.6569628752970845e-05,0.0010871503141617,downstairs,wiktor
1672842734680193700,0.1867746135317113,1.1698628506423192,-0.2074994538080955,1.2027135439927297,0.1867746135317113,0.4652409649720073,0.6603577227048036,1.1698628506423192,1.1602119824168204,1.1200674074384505,-0.2074994538080955,-0.1608700571969069,-0.0546448159076286,0.0626052829556502,0.0624924520804174,3.2280260406128494e-05,8.055061482657037e-05,downstairs,wiktor
1672842734690193700,-0.1667574276764866,1.1778978068221784,-0.1948068878873236,1.205487870768562,-0.1667574276764866,0.1867746135317113,0.4652409649720073,1.1778978068221784,1.1698628506423192,1.1602119824168204,-0.1948068878873236,-0.2074994538080955,-0.1608700571969069,0.0681830429801529,0.0651063776411288,0.0021928279304466,0.0008838374085773,downstairs,wiktor
1672842734700193700,-0.527607473100147,1.2441220913475195,-0.1527631628245421,1.3599801497691817,-0.527607473100147,-0.1667574276764866,0.1867746135317113,1.2441220913475195,1.1778978068221784,1.1698628506423192,-0.1527631628245421,-0.1948068878873236,-0.2074994538080955,0.0407020682091815,0.0306159473430912,0.0084082065019152,0.001677914364175,downstairs,wiktor
1672842734710193700,-0.7750582655542884,1.3738002043960618,-0.0948336476500641,1.5802011698923968,-0.7750582655542884,-0.527607473100147,-0.1667574276764866,1.3738002043960618,1.2441220913475195,1.1778978068221784,-0.0948336476500641,-0.1527631628245421,-0.1948068878873236,0.0098400602610066,0.0006673754033459,0.0080940322912577,0.0010786525664029,downstairs,wiktor
1672842734720193700,-0.8115925071187688,1.5010325296224585,-0.0483868486989421,1.70708006248188,-0.8115925071187688,-0.7750582655542884,-0.527607473100147,1.5010325296224585,1.3738002043960618,1.2441220913475195,-0.0483868486989421,-0.0948336476500641,-0.1527631628245421,0.0023489209289911,0.00146420216262,0.0007449112370147,0.0001398075293563,downstairs,wiktor
1672842734730193700,-0.75747777414114,1.5396307481568616,-0.0316651544452905,1.7161696014654022,-0.75747777414114,-0.8115925071187688,-0.7750582655542884,1.5396307481568616,1.5010325296224585,1.3738002043960618,-0.0316651544452905,-0.0483868486989421,-0.0948336476500641,0.0117396228500183,0.0111651372376029,0.0001527614037756,0.0004217242086398,downstairs,wiktor
1672842734740193700,-0.6080445968503998,1.5221515374323693,-0.0026229710342646,1.63910659038506,-0.6080445968503998,-0.75747777414114,-0.8115925071187688,1.5221515374323693,1.5396307481568616,1.5010325296224585,-0.0026229710342646,-0.0316651544452905,-0.0483868486989421,0.0357568890014911,0.0337417927511087,0.000623302110738,0.0013917941396443,downstairs,wiktor
1672842734750193700,-0.3482685673514918,1.4868442545933271,0.0501367510962462,1.5279105098901355,-0.3482685673514918,-0.6080445968503998,-0.75747777414114,1.4868442545933271,1.5221515374323693,1.5396307481568616,0.0501367510962462,-0.0026229710342646,-0.0316651544452905,0.0329252480457105,0.0306785218622881,0.0013480000621468,0.0008987261212755,downstairs,wiktor
1672842734760193700,-0.1005650273594758,1.4349212334534351,0.0925331217257138,1.4414141145276904,-0.1005650273594758,-0.3482685673514918,-0.6080445968503998,1.4349212334534351,1.4868442545933271,1.5221515374323693,0.0925331217257138,0.0501367510962462,-0.0026229710342646,0.0046703600903788,0.0012866053891833,0.0033347054539343,4.9049247261134274e-05,downstairs,wiktor
1672842734770193700,-0.0498382023221585,1.3532547721130002,0.0826286533138167,1.3566907602713918,-0.0498382023221585,-0.1005650273594758,-0.3482685673514918,1.3532547721130002,1.4349212334534351,1.4868442545933271,0.0826286533138167,0.0925331217257138,0.0501367510962462,0.0044404275348932,0.0014942043935578,0.0004744630352636,0.0024717601060717,downstairs,wiktor
1672842734780193700,0.0048281382094317,1.322450128460991,0.0123184818437974,1.32251631301092,0.0048281382094317,-0.0498382023221585,-0.1005650273594758,1.322450128460991,1.3532547721130002,1.4349212334534351,0.0123184818437974,0.0826286533138167,0.0925331217257138,0.1372365011724134,0.1314969606761069,7.396056236377269e-05,0.0056655799339427,downstairs,wiktor
1672842734790193700,0.5176574678623036,1.3102878455861544,-0.0941294390747694,1.4119786980067897,0.5176574678623036,0.0048281382094317,-0.0498382023221585,1.3102878455861544,1.322450128460991,1.3532547721130002,-0.0941294390747694,0.0123184818437974,0.0826286533138167,0.0862927652836272,0.074063819681484,0.0014030359285168,0.0108259096736263,downstairs,wiktor
1672842734800193700,0.9025310047065092,1.2573154767790709,-0.2412750110341482,1.5664029026895512,0.9025310047065092,0.5176574678623036,0.0048281382094317,1.2573154767790709,1.3102878455861544,1.322450128460991,-0.2412750110341482,-0.0941294390747694,0.0123184818437974,0.0437065803368323,0.0340215982311455,0.0077429751308894,0.0019420069747973,downstairs,wiktor
1672842734810193700,0.6416800962122294,1.1328729186979267,-0.3035968687535286,1.3369089178066853,0.6416800962122294,0.9025310047065092,0.5176574678623036,1.1328729186979267,1.2573154767790709,1.3102878455861544,-0.3035968687535286,-0.2412750110341482,-0.0941294390747694,0.2063691065339211,0.201230581565007,0.0046951839049544,0.0004433410639597,downstairs,wiktor
1672842734820193700,0.0072818276694992,1.035969008508973,-0.2738196605580069,1.071569884848102,0.0072818276694992,0.6416800962122294,0.9025310047065092,1.035969008508973,1.1328729186979267,1.2573154767790709,-0.2738196605580069,-0.3035968687535286,-0.2412750110341482,0.1051563791931481,0.0981279444731604,0.0041156359455647,0.0029127987744229,downstairs,wiktor
1672842734830193700,-0.4357259475967154,0.9452426513070582,-0.1974940583733799,1.0594076997793815,-0.4357259475967154,0.0072818276694992,0.6416800962122294,0.9452426513070582,1.035969008508973,1.1328729186979267,-0.1974940583733799,-0.2738196605580069,-0.3035968687535286,0.0091342280342461,0.0005481532018916,0.0070901247869167,0.0014959500454377,downstairs,wiktor
1672842734840193700,-0.4688364656201974,0.8261617982120563,-0.1427957943161396,0.9605943926520674,-0.4688364656201974,-0.4357259475967154,0.0072818276694992,0.8261617982120563,0.9452426513070582,1.035969008508973,-0.1427957943161396,-0.1974940583733799,-0.2738196605580069,0.0182087279743596,0.0076520707410561,0.0087394125354473,0.001817244697856,downstairs,wiktor
1672842734850193700,-0.3451265570351841,0.6939542905928034,-0.0825090677860639,0.7794181445604449,-0.3451265570351841,-0.4688364656201974,-0.4357259475967154,0.6939542905928034,0.8261617982120563,0.9452426513070582,-0.0825090677860639,-0.1427957943161396,-0.1974940583733799,0.0185074761483461,0.0057324687406798,0.0119615607884827,0.0008134466191835,downstairs,wiktor
1672842734860193700,-0.2380521087229951,0.5392832798087347,-0.0421743031485062,0.5909940221311827,-0.2380521087229951,-0.3451265570351841,-0.4688364656201974,0.5392832798087347,0.6939542905928034,0.8261617982120563,-0.0421743031485062,-0.0825090677860639,-0.1427957943161396,0.0149396515715032,0.0047629891741358,0.0101694371402088,7.225257158515286e-06,downstairs,wiktor
1672842734870193700,-0.1404509901419474,0.3966688545901837,-0.0383729199374854,0.4225460233137574,-0.1404509901419474,-0.2380521087229951,-0.3451265570351841,0.3966688545901837,0.5392832798087347,0.6939542905928034,-0.0383729199374854,-0.0421743031485062,-0.0825090677860639,0.0199468150539094,0.0183414969397707,0.0015714094245122,3.390868962639875e-05,downstairs,wiktor
1672842734880193700,0.0510770597085679,0.3406080050691094,-0.0301377891399329,0.345732505674364,0.0510770597085679,-0.1404509901419474,-0.2380521087229951,0.3406080050691094,0.3966688545901837,0.5392832798087347,-0.0301377891399329,-0.0383729199374854,-0.0421743031485062,0.0096208427161532,0.0088048068524338,3.499448169535273e-06,0.0008125364155498,downstairs,wiktor
1672842734890193700,0.183778279389729,0.3379624623385774,-0.070449981229916,0.3910962564135576,0.183778279389729,0.0510770597085679,-0.1404509901419474,0.3379624623385774,0.3406080050691094,0.3966688545901837,-0.070449981229916,-0.0301377891399329,-0.0383729199374854,0.0067340958730517,0.0003312310961355,0.00083423850351,0.0055686262734061,downstairs,wiktor
1672842734900193700,0.1580399384899915,0.3788094574180212,-0.1759831634372785,0.4465907533756692,0.1580399384899915,0.183778279389729,0.0510770597085679,0.3788094574180212,0.3379624623385774,0.3406080050691094,-0.1759831634372785,-0.070449981229916,-0.0301377891399329,0.0062676080626025,0.0021654480322023,0.0026372702944208,0.0014648897359794,downstairs,wiktor
1672842734910193700,0.0922303946197846,0.4514354898639809,-0.2301106007677019,0.5150255680897079,0.0922303946197846,0.1580399384899915,0.183778279389729,0.4514354898639809,0.3788094574180212,0.3379624623385774,-0.2301106007677019,-0.1759831634372785,-0.070449981229916,0.0027206894794569,0.0020027820012536,2.1224357591549385e-07,0.0007176952346274,downstairs,wiktor
1672842734920193700,0.0289408694003034,0.4520870166491794,-0.2679971481064976,0.5263484738627223,0.0289408694003034,0.0922303946197846,0.1580399384899915,0.4520870166491794,0.4514354898639809,0.3788094574180212,-0.2679971481064976,-0.2301106007677019,-0.1759831634372785,0.0038463651408841,0.0026537487873737,0.0010551724786382,0.000137443874872,downstairs,wiktor
1672842734930193700,-0.0439117048489815,0.4061485256282871,-0.2845768872402768,0.4978643062563742,-0.0439117048489815,0.0289408694003034,0.0922303946197846,0.4061485256282871,0.4520870166491794,0.4514354898639809,-0.2845768872402768,-0.2679971481064976,-0.2301106007677019,0.0013833090462358,9.22882381835128e-05,0.0009343905304028,0.0003566302776494,downstairs,wiktor
1672842734940193700,-0.0574975973984987,0.3629191252067486,-0.2578699489039761,0.4489021894524138,-0.0574975973984987,-0.0439117048489815,0.0289408694003034,0.3629191252067486,0.4061485256282871,0.4520870166491794,-0.2578699489039761,-0.2845768872402768,-0.2679971481064976,0.0026943980108542,0.0002295204662094,0.0003628784400621,0.0021019991045826,downstairs,wiktor
1672842734950193700,-0.0360723568533147,0.3359792499263354,-0.1930317024042034,0.3891587201169733,-0.0360723568533147,-0.0574975973984987,-0.0439117048489815,0.3359792499263354,0.3629191252067486,0.4061485256282871,-0.1930317024042034,-0.2578699489039761,-0.2845768872402768,0.003465056462713,0.0019497699850007,0.0001993320917029,0.0013159543860093,downstairs,wiktor
1672842734960193700,0.0263739398343312,0.3160126732691864,-0.1417295701676316,0.347342576470297,0.0263739398343312,-0.0360723568533147,-0.0574975973984987,0.3160126732691864,0.3359792499263354,0.3629191252067486,-0.1417295701676316,-0.1930317024042034,-0.2578699489039761,0.0017720194035743,0.0014184647082944,2.802244281206454e-07,0.0003532744708517,downstairs,wiktor
1672842734970193700,0.0796367731854488,0.3167613045911609,-0.1151485818168666,0.346322011463494,0.0796367731854488,0.0263739398343312,-0.0360723568533147,0.3167613045911609,0.3160126732691864,0.3359792499263354,-0.1151485818168666,-0.1417295701676316,-0.1930317024042034,0.0006290168178705,2.5033977934246307e-05,0.0005872480704678,1.6734769468493675e-05,downstairs,wiktor
1672842734980193700,0.0867126445712565,0.3510322272652826,-0.1209338682347536,0.3812711735675632,0.0867126445712565,0.0796367731854488,0.0263739398343312,0.3510322272652826,0.3167613045911609,0.3160126732691864,-0.1209338682347536,-0.1151485818168666,-0.1417295701676316,0.0031744935429257,1.1777910103259634e-05,0.002860248727877,0.0003024669049454,downstairs,wiktor
1672842734990193700,0.0915660784284878,0.4266661975151248,-0.1455292704451448,0.4600077818657893,0.0915660784284878,0.0867126445712565,0.0796367731854488,0.4266661975151248,0.3510322272652826,0.3167613045911609,-0.1455292704451448,-0.1209338682347536,-0.1151485818168666,0.0027845992833319,0.0002381546949005,0.0021690240554889,0.0003774205329424,downstairs,wiktor
1672842735000193700,0.1133905919351185,0.4925300579469115,-0.173003641518654,0.5342036543297879,0.1133905919351185,0.0915660784284878,0.0867126445712565,0.4925300579469115,0.4266661975151248,0.3510322272652826,-0.173003641518654,-0.1455292704451448,-0.1209338682347536,0.0007927554198819,2.84758238765695e-06,0.0003447241343428,0.0004451837031514,downstairs,wiktor
1672842735010193700,0.1157770463711625,0.5187874048937328,-0.2028426664072607,0.5689374686712164,0.1157770463711625,0.1133905919351185,0.0915660784284878,0.5187874048937328,0.4925300579469115,0.4266661975151248,-0.2028426664072607,-0.173003641518654,-0.1455292704451448,0.0002639768261933,0.0001987033136892,5.248812021923994e-05,1.2785392284845907e-05,downstairs,wiktor
1672842735020193700,0.0958419861159607,0.5290331962462091,-0.2078994227361431,0.5764407853432594,0.0958419861159607,0.1157770463711625,0.1133905919351185,0.5290331962462091,0.5187874048937328,0.4925300579469115,-0.2078994227361431,-0.2028426664072607,-0.173003641518654,0.000521153498163,0.0001706939931405,0.0001649299867301,0.0001855295182923,downstairs,wiktor
1672842735030193700,0.0773652984723078,0.5471952438582025,-0.188636529999465,0.583945001484717,0.0773652984723078,0.0958419861159607,0.1157770463711625,0.5471952438582025,0.5290331962462091,0.5187874048937328,-0.188636529999465,-0.2078994227361431,-0.2028426664072607,0.0019531317756517,0.0001117427961133,0.00054340509785,0.0012979838816883,downstairs,wiktor
1672842735040193700,0.0923147329842436,0.5801620483090444,-0.1376858895385565,0.6033799933724368,0.0923147329842436,0.0773652984723078,0.0958419861159607,0.5801620483090444,0.5471952438582025,0.5290331962462091,-0.1376858895385565,-0.188636529999465,-0.2078994227361431,0.0035445366741116,0.0009249841507051,0.0005042905644323,0.0021152619589741,downstairs,wiktor
1672842735050193700,0.1353259908292586,0.611920214642519,-0.0726434117417486,0.6309013695908009,0.1353259908292586,0.0923147329842436,0.0773652984723078,0.611920214642519,0.5801620483090444,0.5471952438582025,-0.0726434117417486,-0.1376858895385565,-0.188636529999465,0.0020072964361313,5.810807234966365e-05,9.814637731431566e-05,0.0018510419864673,downstairs,wiktor
1672842735060193700,0.1461063500393837,0.6259306662636707,-0.0117986586981646,0.6428650502540866,0.1461063500393837,0.1353259908292586,0.0923147329842436,0.6259306662636707,0.611920214642519,0.5801620483090444,-0.0117986586981646,-0.0726434117417486,-0.1376858895385565,0.0012306752694456,2.1582587832268672e-05,1.931382663415592e-05,0.0011897788549792,downstairs,wiktor
1672842735070193700,0.1395363290603808,0.632145781167541,0.0369820517308407,0.6484183432983602,0.1395363290603808,0.1461063500393837,0.1353259908292586,0.632145781167541,0.6259306662636707,0.611920214642519,0.0369820517308407,-0.0117986586981646,-0.0726434117417486,0.0010148382436182,0.0001971311932836,6.696823013012656e-05,0.0007507388202045,downstairs,wiktor
1672842735080193700,0.1196802874969864,0.6437188732461626,0.0757309567529055,0.6591149647818513,0.1196802874969864,0.1395363290603808,0.1461063500393837,0.6437188732461626,0.632145781167541,0.6259306662636707,0.0757309567529055,0.0369820517308407,-0.0117986586981646,0.0001417850109105,3.567469454780565e-07,0.0001269960635922,1.4432200372777835e-05,downstairs,wiktor
1672842735090193700,0.1188356018211542,0.6596560037025716,0.0811035167335438,0.6751634793941326,0.1188356018211542,0.1196802874969864,0.1395363290603808,0.6596560037025716,0.6437188732461626,0.632145781167541,0.0811035167335438,0.0757309567529055,0.0369820517308407,0.0014839046804773,0.0013702618659915,2.884374974591857e-06,0.0001107584395111,downstairs,wiktor
1672842735100193700,0.1711856135879448,0.662057825916888,0.0959869598507233,0.6905349923202023,0.1711856135879448,0.1188356018211542,0.1196802874969864,0.662057825916888,0.6596560037025716,0.6437188732461626,0.0959869598507233,0.0811035167335438,0.0757309567529055,0.0264479918042779,0.0228524125198712,5.987409006781816e-05,0.0035357051943389,downstairs,wiktor
1672842735110193700,0.3849724818463635,0.6511148747548094,0.1800786383253372,0.7775491675045556,0.3849724818463635,0.1711856135879448,0.1188356018211542,0.6511148747548094,0.662057825916888,0.6596560037025716,0.1800786383253372,0.0959869598507233,0.0811035167335438,0.3211607160253659,0.3041672505547853,0.0011639334732117,0.0158295319973688,downstairs,wiktor
1672842735120193700,1.164930494248038,0.6993628482503205,0.3580085795795781,1.405112662029051,1.164930494248038,0.3849724818463635,0.1711856135879448,0.6993628482503205,0.6511148747548094,0.662057825916888,0.3580085795795781,0.1800786383253372,0.0959869598507233,0.594789920709896,0.4815902430884254,0.1035891862545078,0.0096104913669627,downstairs,wiktor
1672842735130193700,2.146348084357799,1.1545313582650354,0.2193688207297972,2.4470135749423383,2.146348084357799,1.164930494248038,0.3849724818463635,1.1545313582650354,0.6993628482503205,0.6511148747548094,0.2193688207297972,0.3580085795795781,0.1800786383253372,2.114763740088949,1.678338338873006,0.364351905265305,0.0720734959506384,downstairs,wiktor
1672842735140193700,0.3142245411036843,2.008172858269932,-0.1602981279255696,2.0389190226049423,0.3142245411036843,2.146348084357799,1.164930494248038,2.008172858269932,1.1545313582650354,0.6993628482503205,-0.1602981279255696,0.2193688207297972,0.3580085795795781,1.1299216771469054,0.608745063312625,0.5184828134372699,0.0026938003970105,downstairs,wiktor
1672842735150193700,-0.7891748093697741,3.0264879504072035,-0.2336984058134701,3.136405767528107,-0.7891748093697741,0.3142245411036843,2.146348084357799,3.0264879504072035,2.008172858269932,1.1545313582650354,-0.2336984058134701,-0.1602981279255696,0.2193688207297972,0.1789755870071873,0.0385472496985588,0.1146596428882825,0.0257686944203459,downstairs,wiktor
1672842735160193700,-0.5115158469768455,3.505360883215652,-0.4607168826841685,3.572319054798588,-0.5115158469768455,-0.7891748093697741,0.3142245411036843,3.505360883215652,3.0264879504072035,2.008172858269932,-0.4607168826841685,-0.2336984058134701,-0.1602981279255696,0.4864370274265726,0.1002460953976791,0.3330774878248991,0.0531134442039944,downstairs,wiktor
1672842735170193700,-0.0637523035799335,2.6891777079113592,-0.7866415494524093,2.802596301336321,-0.0637523035799335,-0.5115158469768455,-0.7891748093697741,2.6891777079113592,3.505360883215652,3.0264879504072035,-0.7866415494524093,-0.4607168826841685,-0.2336984058134701,1.5531926962222158,0.2143009119470266,1.3342601007650028,0.0046316835101862,downstairs,wiktor
1672842735180193700,0.5909245815275622,1.0556171178107026,-0.6903951624014008,1.392898000837016,0.5909245815275622,-0.0637523035799335,-0.5115158469768455,1.0556171178107026,2.6891777079113592,3.505360883215652,-0.6903951624014008,-0.7866415494524093,-0.4607168826841685,0.3651238107770905,0.0454565596787135,0.2779731273073882,0.0416941237909887,downstairs,wiktor
1672842735190193700,0.8924426064571294,0.3099990824770764,-0.4016249292021017,1.026574800349793,0.8924426064571294,0.5909245815275622,-0.0637523035799335,0.3099990824770764,1.0556171178107026,2.6891777079113592,-0.4016249292021017,-0.6903951624014008,-0.7866415494524093,0.068237218823639,0.0253805294374392,0.0311243629438362,0.0117323264423634,downstairs,wiktor
1672842735200193700,0.6671404562790217,0.0605021368290934,-0.2484431649978502,0.7144654667646413,0.6671404562790217,0.8924426064571294,0.5909245815275622,0.0605021368290934,0.3099990824770764,1.0556171178107026,-0.2484431649978502,-0.4016249292021017,-0.6903951624014008,0.0498025538494772,0.0441609371292101,0.0036035659857369,0.0020380507345301,downstairs,wiktor
1672842735210193700,0.369950493025852,-0.0243926920562626,-0.1845988115352282,0.4141679513627791,0.369950493025852,0.6671404562790217,0.8924426064571294,-0.0243926920562626,0.0605021368290934,0.3099990824770764,-0.1845988115352282,-0.2484431649978502,-0.4016249292021017,0.036114335456751,0.0269148481239609,0.0091052553173007,9.423201548940524e-05,downstairs,wiktor
1672842735220193700,0.1379382169542574,0.1105536329570608,-0.1983270317759881,0.265673990050961,0.1379382169542574,0.369950493025852,0.6671404562790217,0.1105536329570608,-0.0243926920562626,0.0605021368290934,-0.1983270317759881,-0.1845988115352282,-0.2484431649978502,0.1024910694042026,0.0058378209387887,0.096640100569701,1.3147895712861673e-05,downstairs,wiktor
1672842735230193700,0.0298843328150122,0.5501900749627278,-0.1931990895546167,0.5838904693005558,0.0298843328150122,0.1379382169542574,0.369950493025852,0.5501900749627278,0.1105536329570608,-0.0243926920562626,-0.1931990895546167,-0.1983270317759881,-0.1845988115352282,0.0580341384053649,0.0002840161100216,0.0577222222053999,2.790008994330512e-05,downstairs,wiktor
1672842735240193700,0.0060509062874776,0.8899612397351374,-0.185729137755133,0.9091550661515712,0.0060509062874776,0.0298843328150122,0.1379382169542574,0.8899612397351374,0.5501900749627278,0.1105536329570608,-0.185729137755133,-0.1931990895546167,-0.1983270317759881,0.0224629715053974,0.0009330066846845,0.0212278800537518,0.000302084766961,downstairs,wiktor
1672842735250193700,-0.0371464705931736,1.0960091955791684,-0.1611492774235094,1.1084155839240732,-0.0371464705931736,0.0060509062874776,0.0298843328150122,1.0960091955791684,0.8899612397351374,0.5501900749627278,-0.1611492774235094,-0.185729137755133,-0.1931990895546167,0.0226112954581667,0.0025948032659922,0.0162580722727905,0.0037584199193839,downstairs,wiktor
1672842735260193700,-0.1091853943218391,1.2763315307059662,-0.0744495667044537,1.283154848250955,-0.1091853943218391,-0.0371464705931736,0.0060509062874776,1.2763315307059662,1.0960091955791684,0.8899612397351374,-0.0744495667044537,-0.1611492774235094,-0.185729137755133,0.013080181673589,1.310553160962508e-07,0.0064399022752207,0.0066401483430523,downstairs,wiktor
1672842735270193700,-0.1096973617350526,1.3898207572891157,0.0407906028810887,1.3947398043530286,-0.1096973617350526,-0.1091853943218391,-0.0371464705931736,1.3898207572891157,1.2763315307059662,1.0960091955791684,0.0407906028810887,-0.0744495667044537,-0.1611492774235094,0.0025803077461938,0.0020237961128695,0.0004352105365132,0.000121301096811,downstairs,wiktor
1672842735280193700,-0.0460766715019282,1.360317857888777,0.05636629527732,1.3622646194448045,-0.0460766715019282,-0.1096973617350526,-0.1091853943218391,1.360317857888777,1.3898207572891157,1.2763315307059662,0.05636629527732,0.0407906028810887,-0.0744495667044537,0.0315431822401105,0.0058465272054469,0.0190789063576245,0.0066177486770391,downstairs,wiktor
1672842735290193700,0.062057755998724,1.1649776093088977,-0.0586793363393491,1.1681041305396958,0.062057755998724,-0.0460766715019282,-0.1096973617350526,1.1649776093088977,1.360317857888777,1.3898207572891157,-0.0586793363393491,0.05636629527732,0.0407906028810887,0.0391914573309219,1.786600239063729e-05,0.0221209105499098,0.0170526807786214,downstairs,wiktor
1672842735300193700,0.0680353813450697,0.954640211065457,-0.2433557061250987,0.9875164532307878,0.0680353813450697,0.062057755998724,-0.0460766715019282,0.954640211065457,1.1649776093088977,1.360317857888777,-0.2433557061250987,-0.0586793363393491,0.05636629527732,0.0072734017832298,0.0028655345492759,0.0009793611095495,0.0034285061244043,downstairs,wiktor
1672842735310193700,-0.0076684435157116,0.9103827572401506,-0.3261627846196858,0.9670769006532004,-0.0076684435157116,0.0680353813450697,0.062057755998724,0.9103827572401506,0.954640211065457,1.1649776093088977,-0.3261627846196858,-0.2433557061250987,-0.0586793363393491,0.0069553440159018,0.0056510710373307,0.0006919091567213,0.0006123638218496,downstairs,wiktor
1672842735320193700,-0.1139799766372952,0.947582465753023,-0.3611588935991047,1.0204605386307433,-0.1139799766372952,-0.0076684435157116,0.0680353813450697,0.947582465753023,0.9103827572401506,0.954640211065457,-0.3611588935991047,-0.3261627846196858,-0.2433557061250987,0.0052823962777709,0.0016016310564497,0.003622270021706,5.849519961511686e-05,downstairs,wiktor
1672842735330193700,-0.1705773450646308,1.0326973295748736,-0.3719751036206526,1.1108221652784789,-0.1705773450646308,-0.1139799766372952,-0.0076684435157116,1.0326973295748736,0.947582465753023,0.9103827572401506,-0.3719751036206526,-0.3611588935991047,-0.3261627846196858,0.0033108574325062,8.038466198810376e-06,0.00330127389731,1.545068997483176e-06,downstairs,wiktor
1672842735340193700,-0.1665677400469737,1.1139533927001568,-0.3702172247866694,1.185621257679403,-0.1665677400469737,-0.1705773450646308,-0.1139799766372952,1.1139533927001568,1.0326973295748736,0.947582465753023,-0.3702172247866694,-0.3719751036206526,-0.3611588935991047,0.0031821868460776,0.0013404872484353,0.0017719662094928,6.973338814943386e-05,downstairs,wiktor
1672842735350193700,-0.1147896124555791,1.1734843293548558,-0.358407619530825,1.2323547168355669,-0.1147896124555791,-0.1665677400469737,-0.1705773450646308,1.1734843293548558,1.1139533927001568,1.0326973295748736,-0.358407619530825,-0.3702172247866694,-0.3719751036206526,0.0070646984154481,0.0060634838456711,0.0001984434674548,0.0008027711023221,downstairs,wiktor
1672842735360193700,-0.0046671002641917,1.193406350710876,-0.3183384018613427,1.235143650690704,-0.0046671002641917,-0.1147896124555791,-0.1665677400469737,1.193406350710876,1.1734843293548558,1.1139533927001568,-0.3183384018613427,-0.358407619530825,-0.3702172247866694,0.0038817057224948,0.0021906523091388,6.68113534856708e-05,0.0016242420598703,downstairs,wiktor
1672842735370193700,0.0615243237896664,1.1818468218722362,-0.2613429273064209,1.2119600977096443,0.0615243237896664,-0.0046671002641917,-0.1147896124555791,1.1818468218722362,1.193406350710876,1.1734843293548558,-0.2613429273064209,-0.3183384018613427,-0.358407619530825,0.0012742820574803,0.0001846921298473,0.0003839808663532,0.0007056090612797,downstairs,wiktor
1672842735380193700,0.0423049517995434,1.154134699385741,-0.2237767440752287,1.1763896652308228,0.0423049517995434,0.0615243237896664,-0.0046671002641917,1.154134699385741,1.1818468218722362,1.193406350710876,-0.2237767440752287,-0.2613429273064209,-0.3183384018613427,0.001516637856101,0.0010883238160381,0.0002230312254741,0.0002052828145887,downstairs,wiktor
1672842735390193700,-0.0043496045918358,1.133014508786501,-0.2035143249408441,1.1511554528546302,-0.0043496045918358,0.0423049517995434,0.0615243237896664,1.133014508786501,1.154134699385741,1.1818468218722362,-0.2035143249408441,-0.2237767440752287,-0.2613429273064209,0.000188520232424,0.0001341589591874,5.432673898299119e-05,3.4534253558200874e-08,downstairs,wiktor
1672842735400193700,-0.0207300172354471,1.1225908108838378,-0.2032515160613967,1.1410306924341127,-0.0207300172354471,-0.0043496045918358,0.0423049517995434,1.1225908108838378,1.133014508786501,1.154134699385741,-0.2032515160613967,-0.2035143249408441,-0.2237767440752287,5.613258281949768e-05,2.219469114355009e-07,9.38939540326712e-06,4.652124050479506e-05,downstairs,wiktor
1672842735410193700,-0.0213962708079486,1.1182573606641475,-0.2128973691086699,1.1385440768180324,-0.0213962708079486,-0.0207300172354471,-0.0043496045918358,1.1182573606641475,1.1225908108838378,1.133014508786501,-0.2128973691086699,-0.2032515160613967,-0.2035143249408441,0.0003500811993115,8.847800030890679e-05,0.000168912544702,9.269065430065173e-05,downstairs,wiktor
1672842735420193700,-0.0080937898131186,1.099877341909966,-0.2265128495849992,1.1229887567146823,-0.0080937898131186,-0.0213962708079486,-0.0207300172354471,1.099877341909966,1.1182573606641475,1.1225908108838378,-0.2265128495849992,-0.2128973691086699,-0.2032515160613967,0.0006611802900693,0.0001421752386094,0.0005112741658281,7.730885631778477e-06,downstairs,wiktor
1672842735430193700,0.0087689050254535,1.0679000322724084,-0.2304449954703342,1.092516484342492,0.0087689050254535,-0.0080937898131186,-0.0213962708079486,1.0679000322724084,1.099877341909966,1.1182573606641475,-0.2304449954703342,-0.2265128495849992,-0.2128973691086699,0.0003895828008121,1.7495994679526426e-05,0.0003631076724512,8.979133681324059e-06,downstairs,wiktor
1672842735440193700,0.0028535023038247,1.040951649298609,-0.2346827150649567,1.0670822158592803,0.0028535023038247,0.0087689050254535,-0.0080937898131186,1.040951649298609,1.0679000322724084,1.099877341909966,-0.2346827150649567,-0.2304449954703342,-0.2265128495849992,0.0007347559919685,0.0001201810992443,0.0006029552706338,1.1619622090363216e-05,downstairs,wiktor
1672842735450193700,-0.0126501165797993,1.0062254266236963,-0.239503424989929,1.0344136141870082,-0.0126501165797993,0.0028535023038247,0.0087689050254535,1.0062254266236963,1.040951649298609,1.0679000322724084,-0.239503424989929,-0.2346827150649567,-0.2304449954703342,0.0008475488582818,1.9034931334327123e-06,0.0008261688271536,1.947653799470777e-05,downstairs,wiktor
1672842735460193700,-0.0106989665940562,0.9655764702495488,-0.2332621850498678,0.993410104015455,-0.0106989665940562,-0.0126501165797993,0.0028535023038247,0.9655764702495488,1.0062254266236963,1.040951649298609,-0.2332621850498678,-0.239503424989929,-0.2346827150649567,0.0024181104045705,0.0003227116151126,0.0018338923146474,0.0002615064748103,downstairs,wiktor
1672842735470193700,0.014706214574858,0.9050142325985588,-0.2103927086758727,0.9292642927698506,0.014706214574858,-0.0106989665940562,-0.0126501165797993,0.9050142325985588,0.9655764702495488,1.0062254266236963,-0.2103927086758727,-0.2332621850498678,-0.239503424989929,0.0022126214046036,0.0009946106357369,0.0009981493969752,0.0002198613718914,downstairs,wiktor
1672842735480193700,0.0593069014695002,0.8603342729527559,-0.1894231415896687,0.8829345934715435,0.0593069014695002,0.014706214574858,-0.0106989665940562,0.8603342729527559,0.9050142325985588,0.9655764702495488,-0.1894231415896687,-0.2103927086758727,-0.2332621850498678,0.0062886854466049,0.004994157373186,0.0012294294377729,6.509863564597644e-05,downstairs,wiktor
1672842735490193700,0.1592484581232368,0.8107473908613605,-0.1780127396996407,0.8451981653426042,0.1592484581232368,0.0593069014695002,0.014706214574858,0.8107473908613605,0.8603342729527559,0.9050142325985588,-0.1780127396996407,-0.1894231415896687,-0.2103927086758727,0.0053843078831839,0.0034874402716259,0.001600123359739,0.000296744251819,downstairs,wiktor
1672842735500193700,0.2427642083937806,0.754176667695768,-0.153651120220673,0.8070474420496104,0.2427642083937806,0.1592484581232368,0.0593069014695002,0.754176667695768,0.8107473908613605,0.8603342729527559,-0.153651120220673,-0.1780127396996407,-0.1894231415896687,0.0026453227131143,5.334206146282928e-05,0.0017715815762469,0.0008203990754045,downstairs,wiktor
1672842735510193700,0.2324354077409623,0.6946521924566373,-0.113144353492024,0.7411946653772197,0.2324354077409623,0.2427642083937806,0.1592484581232368,0.6946521924566373,0.754176667695768,0.8107473908613605,-0.113144353492024,-0.153651120220673,-0.1780127396996407,0.0016261548216042,2.048692985652075e-05,0.0009116139827961,0.0006940539089515,downstairs,wiktor
1672842735520193700,0.2388364904394627,0.6519529188610323,-0.0758870345076536,0.6984585310404801,0.2388364904394627,0.2324354077409623,0.2427642083937806,0.6519529188610323,0.6946521924566373,0.754176667695768,-0.0758870345076536,-0.113144353492024,-0.153651120220673,0.0010787718525387,0.0002790933364386,0.0006307675178414,0.0001689109982586,downstairs,wiktor
1672842735530193700,0.2624624649776119,0.6164348243783189,-0.057507099890867,0.6724473992561136,0.2624624649776119,0.2388364904394627,0.2324354077409623,0.6164348243783189,0.6519529188610323,0.6946521924566373,-0.057507099890867,-0.0758870345076536,-0.113144353492024,0.0005373813681253,0.0005064308527031,4.9314691207391384e-08,3.090120073106493e-05,downstairs,wiktor
1672842735540193700,0.2306369766796102,0.6167488775305316,-0.0653685502317475,0.661699055694114,0.2306369766796102,0.2624624649776119,0.2388364904394627,0.6167488775305316,0.6164348243783189,0.6519529188610323,-0.0653685502317475,-0.057507099890867,-0.0758870345076536,0.0049948289433006,0.0039262114595689,0.0006410583053537,0.0004275591783778,downstairs,wiktor
1672842735550193700,0.1420230786774463,0.65255553348592,-0.0946109570539599,0.6745001944809059,0.1420230786774463,0.2306369766796102,0.2624624649776119,0.65255553348592,0.6167488775305316,0.6164348243783189,-0.0946109570539599,-0.0653685502317475,-0.057507099890867,0.0061864393503886,0.0026529322163886,0.0028167815789843,0.0007167255550156,downstairs,wiktor
1672842735560193700,0.0691817138304226,0.7276125994955155,-0.1324719014430166,0.7428021332394409,0.0691817138304226,0.1420230786774463,0.2306369766796102,0.7276125994955155,0.65255553348592,0.6167488775305316,-0.1324719014430166,-0.0946109570539599,-0.0653685502317475,0.0033548722142391,0.0001061939614201,0.0028185727027589,0.00043010555006,downstairs,wiktor
1672842735570193700,0.054608178815184,0.8026935252058306,-0.1618012570465757,0.8206574165769335,0.054608178815184,0.0691817138304226,0.1420230786774463,0.8026935252058306,0.7276125994955155,0.65255553348592,-0.1618012570465757,-0.1324719014430166,-0.0946109570539599,0.000122247820691,4.233030354419484e-05,7.985918702349877e-05,5.8330123348135064e-08,downstairs,wiktor
1672842735580193700,0.0638092986974804,0.8153314987003034,-0.162142812674104,0.8337429886212038,0.0638092986974804,0.054608178815184,0.0691817138304226,0.8153314987003034,0.8026935252058306,0.7276125994955155,-0.162142812674104,-0.1618012570465757,-0.1324719014430166,0.0007636210655264,5.87892179162413e-05,0.0003368607243727,0.0003679711232374,downstairs,wiktor
1672842735590193700,0.0529659396315598,0.7893753539799206,-0.1350145571740743,0.8025881701600707,0.0529659396315598,0.0638092986974804,0.054608178815184,0.7893753539799206,0.8153314987003034,0.8026935252058306,-0.1350145571740743,-0.162142812674104,-0.1618012570465757,0.0031922693451591,0.000578078595049,0.0015641662772208,0.0010500244728892,downstairs,wiktor
1672842735600193700,0.0189636280910482,0.733443855211858,-0.0891882661854016,0.7390900180381051,0.0189636280910482,0.0529659396315598,0.0638092986974804,0.733443855211858,0.7893753539799206,0.8153314987003034,-0.0891882661854016,-0.1350145571740743,-0.162142812674104,0.0024628995067975,0.0006766166979603,0.0013931720029746,0.0003931108058625,downstairs,wiktor
1672842735610193700,-0.0178226926806833,0.6806580237231962,-0.0611486226119711,0.6836315876848424,-0.0178226926806833,0.0189636280910482,0.0529659396315598,0.6806580237231962,0.733443855211858,0.7893753539799206,-0.0611486226119711,-0.0891882661854016,-0.1350145571740743,0.0014718433793023,0.0004847964063252,0.0009782508174531,8.796155523974582e-06,downstairs,wiktor
1672842735620193700,-0.0489609780003752,0.6364256641331143,-0.0569543037104152,0.6408420991517076,-0.0489609780003752,-0.0178226926806833,0.0189636280910482,0.6364256641331143,0.6806580237231962,0.733443855211858,-0.0569543037104152,-0.0611486226119711,-0.0891882661854016,0.0019781909314312,0.001014806323842,0.0008328317465197,0.0001305528610693,downstairs,wiktor
1672842735630193700,-0.0940122004886072,0.5956131232536314,-0.0731130698185925,0.6074033317417299,-0.0940122004886072,-0.0489609780003752,-0.0178226926806833,0.5956131232536314,0.6364256641331143,0.6806580237231962,-0.0731130698185925,-0.0569543037104152,-0.0611486226119711,0.0049363329807997,0.0036586321014179,0.000130849377375,0.0011468515020067,downstairs,wiktor
1672842735640193700,-0.179553209383966,0.57943601737062,-0.1210056893336447,0.6185691797022532,-0.179553209383966,-0.0940122004886072,-0.0489609780003752,0.57943601737062,0.5956131232536314,0.6364256641331143,-0.1210056893336447,-0.0731130698185925,-0.0569543037104152,0.0060041242992677,0.0050309389911029,2.379260031430925e-05,0.0009493927078504,downstairs,wiktor
1672842735650193700,-0.2798621221594808,0.5863342200806466,-0.1645807443043614,0.6702219382062675,-0.2798621221594808,-0.179553209383966,-0.0940122004886072,0.5863342200806466,0.57943601737062,0.5956131232536314,-0.1645807443043614,-0.1210056893336447,-0.0731130698185925,0.0003963776824133,9.867939778669616e-05,0.0002976982655649,1.9061743553471868e-11,downstairs,wiktor
1672842735660193700,-0.2939105667557125,0.6107349686578896,-0.1645869187263673,0.6974736389341588,-0.2939105667557125,-0.2798621221594808,-0.179553209383966,0.6107349686578896,0.5863342200806466,0.57943601737062,-0.1645869187263673,-0.1645807443043614,-0.1210056893336447,0.0037011689976305,0.0020458573057931,0.0011617138431771,0.0004935978486602,downstairs,wiktor
1672842735670193700,-0.2299440551141794,0.6589369155724519,-0.1331672481787561,0.7104967580320066,-0.2299440551141794,-0.2939105667557125,-0.2798621221594808,0.6589369155724519,0.6107349686578896,0.5863342200806466,-0.1331672481787561,-0.1645869187263673,-0.1645807443043614,0.0162544657793381,0.0119123879346121,0.0029137029571205,0.0014283748876054,downstairs,wiktor
1672842735680193700,-0.0755912907423538,0.7352743632258885,-0.0797186768675333,0.7434362783015374,-0.0755912907423538,-0.2299440551141794,-0.2939105667557125,0.7352743632258885,0.6589369155724519,0.6107349686578896,-0.0797186768675333,-0.1331672481787561,-0.1645869187263673,0.0050998952090648,0.0010865377350362,0.0038092378376135,0.000204119636415,downstairs,wiktor
1672842735690193700,-0.0289750331697797,0.8225582430389846,-0.0595137449738093,0.8252172450811839,-0.0289750331697797,-0.0755912907423538,-0.2299440551141794,0.8225582430389846,0.7352743632258885,0.6589369155724519,-0.0595137449738093,-0.0797186768675333,-0.1331672481787561,0.0054653402007086,0.0041811078583171,0.0011904659633234,9.376637906805456e-05,downstairs,wiktor
1672842735700193700,-0.120420184581073,0.8713530370917,-0.0732080050172038,0.8826757887820805,-0.120420184581073,-0.0289750331697797,-0.0755912907423538,0.8713530370917,0.8225582430389846,0.7352743632258885,-0.0732080050172038,-0.0595137449738093,-0.0797186768675333,0.0108780439976282,0.0102941103555089,0.0005242461831003,5.968745901894129e-05,downstairs,wiktor
1672842735710193700,-0.2639061445598036,0.9037334689325626,-0.084133887958087,0.9452296795532008,-0.2639061445598036,-0.120420184581073,-0.0289750331697797,0.9037334689325626,0.8713530370917,0.8225582430389846,-0.084133887958087,-0.0732080050172038,-0.0595137449738093,0.0014458642323269,9.1687542287604e-05,0.0008889390583015,0.0004652376317378,downstairs,wiktor
1672842735720193700,-0.2503645388730614,0.945898360923448,-0.0536301953377546,0.9799399519229492,-0.2503645388730614,-0.2639061445598036,-0.120420184581073,0.945898360923448,0.9037334689325626,0.8713530370917,-0.0536301953377546,-0.084133887958087,-0.0732080050172038,0.0096059948484944,0.0056289407783611,0.0009841360506297,0.0029929180195035,downstairs,wiktor
1672842735730193700,-0.1442613741854692,0.9902635736611258,0.0237379895899473,1.0009978928807777,-0.1442613741854692,-0.2503645388730614,-0.2639061445598036,0.9902635736611258,0.945898360923448,0.9037334689325626,0.0237379895899473,-0.0536301953377546,-0.084133887958087,0.0034760669315497,1.5673027409133378e-05,0.0011661039675778,0.0022942899365627,downstairs,wiktor
1672842735740193700,-0.149860128941508,1.0385565124322933,0.091477046810472,1.0532928072739598,-0.149860128941508,-0.1442613741854692,-0.2503645388730614,1.0385565124322933,0.9902635736611258,0.945898360923448,0.091477046810472,0.0237379895899473,-0.0536301953377546,0.0073004294150233,0.0047859384479975,0.001882896901679,0.0006315940653467,downstairs,wiktor
1672842735750193700,-0.2476960982779192,1.099922576371233,0.1270184048415538,1.1345998000536262,-0.2476960982779192,-0.149860128941508,-0.1442613741854692,1.099922576371233,1.0385565124322933,0.9902635736611258,0.1270184048415538,0.091477046810472,0.0237379895899473,0.0034714402391606,2.101108183298064e-05,0.0029347923777983,0.0005156367795293,downstairs,wiktor
1672842735760193700,-0.2412136478410889,1.1765357916516055,0.1591318531001671,1.2115046180733977,-0.2412136478410889,-0.2476960982779192,-0.149860128941508,1.1765357916516055,1.099922576371233,1.0385565124322933,0.1591318531001671,0.1270184048415538,0.091477046810472,0.0160363965327336,0.00946968073124,0.004927262950764,0.0016394528507295,downstairs,wiktor
1672842735770193700,-0.1035932951948323,1.2758057564019176,0.2163935829156303,1.2981672009431824,-0.1035932951948323,-0.2412136478410889,-0.2476960982779192,1.2758057564019176,1.1765357916516055,1.099922576371233,0.2163935829156303,0.1591318531001671,0.1270184048415538,0.0235291115219327,0.0139981059556282,0.0064552830366292,0.0030757225296752,downstairs,wiktor
1672842735780193700,0.0637273906490184,1.3894304283409753,0.2948247314431795,1.4217945413417727,0.0637273906490184,-0.1035932951948323,-0.2412136478410889,1.3894304283409753,1.2758057564019176,1.1765357916516055,0.2948247314431795,0.2163935829156303,0.1591318531001671,0.0075311584565747,0.0050906891865599,0.0019142435603896,0.000526225709625,downstairs,wiktor
1672842735790193700,-0.0371754258286197,1.4513051980034104,0.3272662391031227,1.4882110002596944,-0.0371754258286197,0.0637273906490184,-0.1035932951948323,1.4513051980034104,1.3894304283409753,1.2758057564019176,0.3272662391031227,0.2948247314431795,0.2163935829156303,0.0200627955646405,0.0200113559722523,3.464554732904393e-05,1.679404505920725e-05,downstairs,wiktor
1672842735800193700,-0.2372321976322871,1.4596293252644563,0.3214707158205869,1.5133209520440851,-0.2372321976322871,-0.0371754258286197,0.0637273906490184,1.4596293252644563,1.4513051980034104,1.3894304283409753,0.3214707158205869,0.3272662391031227,0.2948247314431795,0.0003144747584401,3.2290152635678254e-06,0.0002593845394381,5.186120373841989e-05,downstairs,wiktor
1672842735810193700,-0.2397734631688132,1.436852822484698,0.3112862959806137,1.4896095143317056,-0.2397734631688132,-0.2372321976322871,-0.0371754258286197,1.436852822484698,1.4596293252644563,1.4513051980034104,0.3112862959806137,0.3214707158205869,0.3272662391031227,0.0078303113573347,0.0040595676667918,0.0036272638477171,0.0001434798428257,downstairs,wiktor
1672842735820193700,-0.1496672184707696,1.3516793072617468,0.29434641151668,1.391429853042229,-0.1496672184707696,-0.2397734631688132,-0.2372321976322871,1.3516793072617468,1.436852822484698,1.4596293252644563,0.29434641151668,0.3112862959806137,0.3214707158205869,0.0032080408333316,4.518557088606452e-05,0.0021977135818526,0.0009651416805929,downstairs,wiktor
1672842735830193700,-0.1401608447261639,1.285381289465547,0.2504114213472733,1.317025436976684,-0.1401608447261639,-0.1496672184707696,-0.2397734631688132,1.285381289465547,1.3516793072617468,1.436852822484698,0.2504114213472733,0.29434641151668,0.3112862959806137,0.0163284246394281,0.0116287063929487,0.0015983750935139,0.0031013431529653,downstairs,wiktor
1672842735840193700,-0.2926646570912898,1.341921100103963,0.1716542863947451,1.384149570838456,-0.2926646570912898,-0.1401608447261639,-0.1496672184707696,1.341921100103963,1.285381289465547,1.3516793072617468,0.1716542863947451,0.2504114213472733,0.29434641151668,0.0504587118399689,0.0328272040978313,0.0151932900635817,0.0024382176785558,downstairs,wiktor
1672842735850193700,-0.5488958187318339,1.516238569472823,0.1018228081266192,1.6157456184786867,-0.5488958187318339,-0.2926646570912898,-0.1401608447261639,1.516238569472823,1.341921100103963,1.285381289465547,0.1018228081266192,0.1716542863947451,0.2504114213472733,0.0196970920011268,0.0044389306637,0.0134100352303518,0.0018481261070749,downstairs,wiktor
1672842735860193700,-0.6431182222641155,1.6800069133635265,0.0410259972386306,1.7993630565305114,-0.6431182222641155,-0.5488958187318339,-0.2926646570912898,1.6800069133635265,1.516238569472823,1.341921100103963,0.0410259972386306,0.1018228081266192,0.1716542863947451,0.0084115249106166,0.0060661246112481,4.149817593019297e-06,0.0023412504817754,downstairs,wiktor
1672842735870193700,-0.532971732431274,1.677126004620432,-0.0274028049103981,1.7599890387902544,-0.532971732431274,-0.6431182222641155,-0.5488958187318339,1.677126004620432,1.6800069133635265,1.516238569472823,-0.0274028049103981,0.0410259972386306,0.1018228081266192,0.0601914252427704,0.0417740258365663,0.0163460304401833,0.0020713689660207,downstairs,wiktor
1672842735880193700,-0.2439249340177079,1.4963165444686837,-0.0917669092857527,1.5188428952087525,-0.2439249340177079,-0.532971732431274,-0.6431182222641155,1.4963165444686837,1.677126004620432,1.6800069133635265,-0.0917669092857527,-0.0274028049103981,0.0410259972386306,0.0308199451075571,0.0081952434127301,0.0221844091934181,0.0004402925014087,downstairs,wiktor
1672842735890193700,-0.1158995973633551,1.2856774731005345,-0.0620922567550563,1.2923833525142991,-0.1158995973633551,-0.2439249340177079,-0.532971732431274,1.2856774731005345,1.4963165444686837,1.677126004620432,-0.0620922567550563,-0.0917669092857527,-0.0274028049103981,0.0085792118878424,0.0015256308615858,0.0001851281541939,0.0068684528720626,downstairs,wiktor
1672842735900193700,-0.1711378243730234,1.2664354277729737,0.055112289846709,1.2791341650279668,-0.1711378243730234,-0.1158995973633551,-0.2439249340177079,1.2664354277729737,1.2856774731005345,1.4963165444686837,0.055112289846709,-0.0620922567550563,-0.0917669092857527,0.0110850782613303,0.0056924291900252,0.0006610644812466,0.0047315845900584,downstairs,wiktor
1672842735910193700,-0.2778376762007106,1.302796519100014,0.1523911116946167,1.340781710577544,-0.2778376762007106,-0.1711378243730234,-0.1158995973633551,1.302796519100014,1.2664354277729737,1.2856774731005345,0.1523911116946167,0.055112289846709,-0.0620922567550563,0.0016778254461986,0.0009767432292244,1.3357240206556392e-05,0.0006877249767676,downstairs,wiktor
1672842735920193700,-0.3220359392712081,1.2976279138323317,0.1894781708060538,1.3503508159553008,-0.3220359392712081,-0.2778376762007106,-0.1711378243730234,1.2976279138323317,1.302796519100014,1.2664354277729737,0.1894781708060538,0.1523911116946167,0.055112289846709,0.0028697126533171,0.0004738785079036,0.0021018209862897,0.0002940131591237,downstairs,wiktor
1672842735930193700,-0.2912502767672542,1.2327924145084317,0.2137274247790642,1.2846335170348084,-0.2912502767672542,-0.3220359392712081,-0.2778376762007106,1.2327924145084317,1.2976279138323317,1.302796519100014,0.2137274247790642,0.1894781708060538,0.1523911116946167,0.0046868977323809,0.0008594403711046,0.0029203526364082,0.000907104724868,downstairs,wiktor
1672842735940193700,-0.2497908901074233,1.1563679074912676,0.2563209624313425,1.2104886046709078,-0.2497908901074233,-0.2912502767672542,-0.3220359392712081,1.1563679074912676,1.2327924145084317,1.2976279138323317,0.2563209624313425,0.2137274247790642,0.1894781708060538,0.00238301680889,0.0003210861869764,2.196491795886849e-05,0.0020399657039546,downstairs,wiktor
1672842735950193700,-0.2244497698884401,1.149739948837373,0.3201953031943541,1.214415366068489,-0.2244497698884401,-0.2497908901074233,-0.2912502767672542,1.149739948837373,1.1563679074912676,1.2327924145084317,0.3201953031943541,0.2563209624313425,0.2137274247790642,0.0022996070162249,0.0006685358673125,0.0015405470373535,9.052411155891356e-05,downstairs,wiktor
1672842735960193700,-0.1878837783850625,1.205247552593138,0.3336507193201313,1.264612501802365,-0.1878837783850625,-0.2244497698884401,-0.2497908901074233,1.205247552593138,1.149739948837373,1.1563679074912676,0.3336507193201313,0.3201953031943541,0.2563209624313425,0.0257126190250491,0.0002539187232904,0.0121252445964112,0.0133334557053474,downstairs,wiktor
1672842735970193700,-0.1653485294052792,1.360973238312683,0.1703506537638219,1.3815236649502465,-0.1653485294052792,-0.1878837783850625,-0.2244497698884401,1.360973238312683,1.205247552593138,1.149739948837373,0.1703506537638219,0.3336507193201313,0.3201953031943541,0.0399778699510173,0.0007453054324169,2.358541918450635e-05,0.0392089790994158,downstairs,wiktor
1672842735980193700,-0.1267400994341705,1.367841341279952,-0.1096814126122124,1.3780722042011195,-0.1267400994341705,-0.1653485294052792,-0.1878837783850625,1.367841341279952,1.360973238312683,1.205247552593138,-0.1096814126122124,0.1703506537638219,0.3336507193201313,0.0194542391651924,0.0003729806841385,0.0009203065556673,0.0181609519253865,downstairs,wiktor
1672842735990193700,-0.1540523927885754,1.3249389740802888,-0.3002644754766053,1.3672432775457537,-0.1540523927885754,-0.1267400994341705,-0.1653485294052792,1.3249389740802888,1.367841341279952,1.360973238312683,-0.3002644754766053,-0.1096814126122124,0.1703506537638219,0.0118840574055002,0.0024976875954105,0.0024616664131064,0.0069247033969833,downstairs,wiktor
1672842736000193700,-0.2247303610023055,1.2547725089690065,-0.4179479781180829,1.341505980916073,-0.2247303610023055,-0.1540523927885754,-0.1267400994341705,1.2547725089690065,1.3249389740802888,1.367841341279952,-0.4179479781180829,-0.3002644754766053,-0.1096814126122124,0.0098300903226651,0.0008135553261931,0.0043448547812213,0.0046716802152506,downstairs,wiktor
1672842736010193700,-0.2650678206692987,1.1615538972949273,-0.5146090376534581,1.2978023222008903,-0.2650678206692987,-0.2247303610023055,-0.1540523927885754,1.1615538972949273,1.2547725089690065,1.3249389740802888,-0.5146090376534581,-0.4179479781180829,-0.3002644754766053,0.0093021479561596,6.745703438881478e-05,0.0061743249646338,0.0030603659571369,downstairs,wiktor
1672842736020193700,-0.2766830722282461,1.050429417861871,-0.5928441443145599,1.2375054197115067,-0.2766830722282461,-0.2650678206692987,-0.2247303610023055,1.050429417861871,1.1615538972949273,1.2547725089690065,-0.5928441443145599,-0.5146090376534581,-0.4179479781180829,0.0081701029007075,8.187651189009815e-05,0.0062991912244421,0.0017890351643753,downstairs,wiktor
1672842736030193700,-0.2894796742686393,0.9381869016352457,-0.6526611178985742,1.17896551223148,-0.2894796742686393,-0.2766830722282461,-0.2650678206692987,0.9381869016352457,1.050429417861871,1.1615538972949273,-0.6526611178985742,-0.5928441443145599,-0.5146090376534581,0.0047242670391818,0.0005726207291862,0.0039879166333805,0.000163729676615,downstairs,wiktor
1672842736040193700,-0.3233210905861116,0.8488793808614544,-0.6707569559070795,1.1291800674680943,-0.3233210905861116,-0.2894796742686393,-0.2766830722282461,0.8488793808614544,0.9381869016352457,1.050429417861871,-0.6707569559070795,-0.6526611178985742,-0.5928441443145599,0.002999127416454,0.001656636119925,9.04082909413844e-05,0.0012520830055877,downstairs,wiktor
1672842736050193700,-0.3808821211523725,0.8354325752228364,-0.6207153131365288,1.1082897987075266,-0.3808821211523725,-0.3233210905861116,-0.2894796742686393,0.8354325752228364,0.8488793808614544,0.9381869016352457,-0.6207153131365288,-0.6707569559070795,-0.6526611178985742,0.0225644923881516,0.0010424109903961,0.0022634407893994,0.019258640608356,downstairs,wiktor
1672842736060193700,-0.4265419720149433,0.9027146796697024,-0.4244571127557242,1.0848943208213857,-0.4265419720149433,-0.3808821211523725,-0.3233210905861116,0.9027146796697024,0.8354325752228364,0.8488793808614544,-0.4244571127557242,-0.6207153131365288,-0.6707569559070795,0.0285176942721609,0.0001072171855025,0.0017934180425437,0.0266170590441146,downstairs,wiktor
1672842736070193700,-0.4411855498224697,0.9626048799122094,-0.1937319123804092,1.0764687167203348,-0.4411855498224697,-0.4265419720149433,-0.3808821211523725,0.9626048799122094,0.9027146796697024,0.8354325752228364,-0.1937319123804092,-0.4244571127557242,-0.6207153131365288,0.0167884697578164,0.0011292017948487,0.0005438600925782,0.0151154078703894,downstairs,wiktor
1672842736080193700,-0.4887082137808126,0.9955854830776538,-0.0198618006855615,1.1092432841618969,-0.4887082137808126,-0.4411855498224697,-0.4265419720149433,0.9955854830776538,0.9626048799122094,0.9027146796697024,-0.0198618006855615,-0.1937319123804092,-0.4244571127557242,0.0163281474057983,0.0045622579557691,0.0011185075659913,0.0106473818840378,downstairs,wiktor
1672842736090193700,-0.584230545785105,1.042882577406827,0.126065454370085,1.2020074457642116,-0.584230545785105,-0.4887082137808126,-0.4411855498224697,1.042882577406827,0.9955854830776538,0.9626048799122094,0.126065454370085,-0.0198618006855615,-0.1937319123804092,0.019144993934696,0.0063095509253365,0.002287173861519,0.0105482691478405,downstairs,wiktor
1672842736100193700,-0.6965653215701354,1.1105165017572447,0.2713119286669888,1.338678568785747,-0.6965653215701354,-0.584230545785105,-0.4887082137808126,1.1105165017572447,1.042882577406827,0.9955854830776538,0.2713119286669888,0.126065454370085,-0.0198618006855615,0.0055014188933328,0.0006051659056266,0.00183602588677,0.0030602271009361,downstairs,wiktor
1672842736110193700,-0.7313551449564837,1.1711139585812742,0.3495452604500102,1.4242788143974083,-0.7313551449564837,-0.6965653215701354,-0.584230545785105,1.1711139585812742,1.1105165017572447,1.042882577406827,0.3495452604500102,0.2713119286669888,0.126065454370085,0.0004971483108754,0.0004613894281241,2.9775031474789225e-05,5.983851276549751e-06,downstairs,wiktor
1672842736120193700,-0.7009778696302088,1.178830827308263,0.353004697189293,1.4162006952975608,-0.7009778696302088,-0.7313551449564837,-0.6965653215701354,1.178830827308263,1.1711139585812742,1.1105165017572447,0.353004697189293,0.3495452604500102,0.2713119286669888,0.002402567121272,0.0021841787773342,6.177855080200733e-06,0.0002122104888576,downstairs,wiktor
1672842736130193700,-0.6348843180940078,1.1753157582960811,0.332403217200825,1.3765671534168773,-0.6348843180940078,-0.7009778696302088,-0.7313551449564837,1.1753157582960811,1.178830827308263,1.1711139585812742,0.332403217200825,0.353004697189293,0.3495452604500102,0.004256201443088,0.002757203828419,9.076591210829407e-05,0.0014082317025606,downstairs,wiktor
1672842736140193700,-0.5606252603512775,1.1618423836550869,0.2793328544253429,1.3199262292123304,-0.5606252603512775,-0.6348843180940078,-0.7009778696302088,1.1618423836550869,1.1753157582960811,1.178830827308263,0.2793328544253429,0.332403217200825,0.353004697189293,0.0022456626963579,0.0007441472850489,0.0001567452776862,0.0013447701336227,downstairs,wiktor
1672842736150193700,-0.5220468393092244,1.1441367191554823,0.2274720766906672,1.2780161502213447,-0.5220468393092244,-0.5606252603512775,-0.6348843180940078,1.1441367191554823,1.1618423836550869,1.1753157582960811,0.2274720766906672,0.2793328544253429,0.332403217200825,0.0020919174343494,0.0008953356808338,0.0003412284745419,0.0008553532789736,downstairs,wiktor
1672842736160193700,-0.4797305143073093,1.118012842163658,0.1861113881332056,1.2307442993543725,-0.4797305143073093,-0.5220468393092244,-0.5606252603512775,1.118012842163658,1.1441367191554823,1.1618423836550869,0.1861113881332056,0.2274720766906672,0.2793328544253429,0.0038917732324454,0.0024833481739661,0.0004527083014106,0.0009557167570685,downstairs,wiktor
1672842736170193700,-0.40925572202005,1.0879227008741703,0.1423914440099891,1.1710428567779885,-0.40925572202005,-0.4797305143073093,-0.5220468393092244,1.0879227008741703,1.118012842163658,1.1441367191554823,0.1423914440099891,0.1861113881332056,0.2274720766906672,0.0027234599696726,0.0014757606383303,0.0001512302500343,0.0010964690813078,downstairs,wiktor
1672842736180193700,-0.3549278168822594,1.0705313093234994,0.095562626358721,1.131875989229946,-0.3549278168822594,-0.40925572202005,-0.4797305143073093,1.0705313093234994,1.0879227008741703,1.118012842163658,0.095562626358721,0.1423914440099891,0.1861113881332056,0.0014878998400492,2.93553998682488e-05,0.0002839801370226,0.0011745643031583,downstairs,wiktor
1672842736190193700,-0.3472655195938153,1.0466993921944627,0.047094816357477,1.1038074471785215,-0.3472655195938153,-0.3549278168822594,-0.40925572202005,1.0466993921944627,1.0705313093234994,1.0879227008741703,0.047094816357477,0.095562626358721,0.1423914440099891,0.0013918984861545,5.4412661637675786e-05,0.000122079652403,0.0012154061721138,downstairs,wiktor
1672842736200193700,-0.3368335819370158,1.031073794452103,-0.0022084527453688,1.0847003774268291,-0.3368335819370158,-0.3472655195938153,-0.3549278168822594,1.031073794452103,1.0466993921944627,1.0705313093234994,-0.0022084527453688,0.047094816357477,0.095562626358721,0.0026389453241971,0.0008720012618338,0.0001839582096371,0.0015829858527261,downstairs,wiktor
1672842736210193700,-0.2950723256859427,1.0502549419483889,-0.0584754209012268,1.0924845515256958,-0.2950723256859427,-0.3368335819370158,-0.3472655195938153,1.0502549419483889,1.031073794452103,1.0466993921944627,-0.0584754209012268,-0.0022084527453688,0.047094816357477,0.0148425190187787,0.0098678600511655,0.0008062991364784,0.0041683598311348,downstairs,wiktor
1672842736220193700,-0.1545884472431438,1.0904121115816792,-0.1497810596223356,1.1114542396907992,-0.1545884472431438,-0.2950723256859427,-0.3368335819370158,1.0904121115816792,1.0502549419483889,1.031073794452103,-0.1497810596223356,-0.0584754209012268,-0.0022084527453688,0.0180356532696865,0.0099915156107621,0.0001340918226126,0.0079100458363117,downstairs,wiktor
1672842736230193700,-0.0132270974281242,1.106788425123663,-0.2755590055135903,1.1406525937434808,-0.0132270974281242,-0.1545884472431438,-0.2950723256859427,1.106788425123663,1.0904121115816792,1.0502549419483889,-0.2755590055135903,-0.1497810596223356,-0.0584754209012268,0.007745913226976,0.0009791827621015,0.0003285928427557,0.0064381376221187,downstairs,wiktor
1672842736240193700,-0.0574805212979566,1.0811527920027215,-0.3890326819510686,1.15045286631396,-0.0574805212979566,-0.0132270974281242,-0.1545884472431438,1.0811527920027215,1.106788425123663,1.0904121115816792,-0.3890326819510686,-0.2755590055135903,-0.1497810596223356,0.0135341072528185,0.0092101747804379,0.0017072286711993,0.0026167038011813,downstairs,wiktor
1672842736250193700,-0.1932021097092184,1.0227194338722956,-0.4613749766503842,1.1384853818540246,-0.1932021097092184,-0.0574805212979566,-0.0132270974281242,1.0227194338722956,1.0811527920027215,1.106788425123663,-0.4613749766503842,-0.3890326819510686,-0.2755590055135903,0.0097447576495713,0.0079429652475001,0.0012690999650608,0.0005326924370104,downstairs,wiktor
1672842736260193700,-0.3192415102750742,0.97233888276255,-0.49401521062658,1.1364018097244737,-0.3192415102750742,-0.1932021097092184,-0.0574805212979566,0.97233888276255,1.0227194338722956,1.0811527920027215,-0.49401521062658,-0.4613749766503842,-0.3890326819510686,0.0041038373043804,0.0037039303986974,0.0003179760135455,8.193089213747171e-05,downstairs,wiktor
1672842736270193700,-0.4053104407749645,0.9471207934794368,-0.5068160615465362,1.148118840139755,-0.4053104407749645,-0.3192415102750742,-0.1932021097092184,0.9471207934794368,0.97233888276255,1.0227194338722956,-0.5068160615465362,-0.49401521062658,-0.4613749766503842,0.0016392738424498,0.0015323382873847,5.403929367931444e-06,0.0001015316256971,downstairs,wiktor
1672842736280193700,-0.4606699618600458,0.9504083242756216,-0.5210660879112211,1.1777107728910503,-0.4606699618600458,-0.4053104407749645,-0.3192415102750742,0.9504083242756216,0.9471207934794368,0.97233888276255,-0.5210660879112211,-0.5068160615465362,-0.49401521062658,0.001019428804266,0.0006004258801802,0.0001153474395278,0.000303655484558,downstairs,wiktor
1672842736290193700,-0.4953232699324421,0.9655969673702376,-0.5457097680161912,1.2147105811836216,-0.4953232699324421,-0.4606699618600458,-0.4053104407749645,0.9655969673702376,0.9504083242756216,0.9471207934794368,-0.5457097680161912,-0.5210660879112211,-0.5068160615465362,0.0011195415841875,0.0001429165961952,0.0001626941591458,0.0008139308288464,downstairs,wiktor
1672842736300193700,-0.5122298719680517,0.983635490544037,-0.5860565356400409,1.25434464281577,-0.5122298719680517,-0.4953232699324421,-0.4606699618600458,0.983635490544037,0.9655969673702376,0.9504083242756216,-0.5860565356400409,-0.5457097680161912,-0.5210660879112211,0.0018376101653295,0.0002239915405619,4.6064542577192485e-08,0.001613572560225,downstairs,wiktor
1672842736310193700,-0.5333954827819138,0.9839390182777852,-0.6428645026908869,1.2907058152660522,-0.5333954827819138,-0.5122298719680517,-0.4953232699324421,0.9839390182777852,0.983635490544037,0.9655969673702376,-0.6428645026908869,-0.5860565356400409,-0.5457097680161912,0.0022087497526773,0.0003108289946657,6.716440309680577e-05,0.0018307563549148,downstairs,wiktor
1672842736320193700,-0.5583285529765655,0.972348987812182,-0.703374937409451,1.3236047860838331,-0.5583285529765655,-0.5333954827819138,-0.5122298719680517,0.972348987812182,0.9839390182777852,0.983635490544037,-0.703374937409451,-0.6428645026908869,-0.5860565356400409,0.0005671280653007,0.0001421774747091,9.254278063992852e-05,0.0003324078099515,downstairs,wiktor
1672842736330193700,-0.5751913804209294,0.9587443723718304,-0.7291589561013301,1.334806607313573,-0.5751913804209294,-0.5583285529765655,-0.5333954827819138,0.9587443723718304,0.972348987812182,0.9839390182777852,-0.7291589561013301,-0.703374937409451,-0.6428645026908869,0.00051439739941,2.85903230303792e-07,0.0001778608653154,0.0003362506308643,downstairs,wiktor
1672842736340193700,-0.574435201566023,0.939883785672819,-0.7032263268144907,1.3068605886221636,-0.574435201566023,-0.5751913804209294,-0.5583285529765655,0.939883785672819,0.9587443723718304,0.972348987812182,-0.7032263268144907,-0.7291589561013301,-0.703374937409451,0.0023559910984462,4.279134867486781e-05,2.021574933529347e-07,0.002312997592278,downstairs,wiktor
1672842736350193700,-0.5651841098818089,0.940519643350846,-0.6352116579219931,1.2678738612147906,-0.5651841098818089,-0.574435201566023,-0.5751913804209294,0.940519643350846,0.939883785672819,0.9587443723718304,-0.6352116579219931,-0.7032263268144907,-0.7291589561013301,0.0045878895355156,0.0004321619576305,0.0002152674457917,0.0039404601320933,downstairs,wiktor
1672842736360193700,-0.5357847235742493,0.9612689780771342,-0.546437110532628,1.2286972100547149,-0.5357847235742493,-0.5651841098818089,-0.574435201566023,0.9612689780771342,0.940519643350846,0.939883785672819,-0.546437110532628,-0.6352116579219931,-0.7032263268144907,0.0036833157928021,0.0006247604108622,5.762850712551663e-05,0.0030009268748143,downstairs,wiktor
1672842736370193700,-0.5004361617686455,0.9720047600351954,-0.4689654786301784,1.1896042306934034,-0.5004361617686455,-0.5357847235742493,-0.5651841098818089,0.9720047600351954,0.9612689780771342,0.940519643350846,-0.4689654786301784,-0.546437110532628,-0.6352116579219931,0.0020811014884517,0.0004971913679959,0.000101364541275,0.0014825455791806,downstairs,wiktor
1672842736380193700,-0.4689023269876997,0.9577664636992552,-0.4145128280210357,1.14411838366292,-0.4689023269876997,-0.5004361617686455,-0.5357847235742493,0.9577664636992552,0.9720047600351954,0.9612689780771342,-0.4145128280210357,-0.4689654786301784,-0.546437110532628,0.0012922415810939,2.704311609593512e-05,0.000496854341241,0.000768344123757,downstairs,wiktor
1672842736390193700,-0.4762566612330186,0.9262433185122342,-0.3753122126239016,1.1070710679093854,-0.4762566612330186,-0.4689023269876997,-0.5004361617686455,0.9262433185122342,0.9577664636992552,0.9720047600351954,-0.3753122126239016,-0.4145128280210357,-0.4689654786301784,0.0013164323363951,0.0008286856630494,0.0002798330258992,0.0002079136474464,downstairs,wiktor
1672842736400193700,-0.5169674868952296,0.9025860563756618,-0.3549203687913068,1.099038416004416,-0.5169674868952296,-0.4762566612330186,-0.4689023269876997,0.9025860563756618,0.9262433185122342,0.9577664636992552,-0.3549203687913068,-0.3753122126239016,-0.4145128280210357,0.0009109899783229,0.0007775390450342,5.91253106998165e-07,0.0001328596801817,downstairs,wiktor
1672842736410193700,-0.556401965338192,0.9036734873914032,-0.3386194681915388,1.1139443716293305,-0.556401965338192,-0.5169674868952296,-0.4762566612330186,0.9036734873914032,0.9025860563756618,0.9262433185122342,-0.3386194681915388,-0.3549203687913068,-0.3753122126239016,0.0004852673379426,0.0001306045297289,8.221632309593405e-05,0.0002724464851178,downstairs,wiktor
1672842736420193700,-0.5725639286922483,0.9164966167361408,-0.3152765255699311,1.125697467574544,-0.5725639286922483,-0.556401965338192,-0.5169674868952296,0.9164966167361408,0.9036734873914032,0.9025860563756618,-0.3152765255699311,-0.3386194681915388,-0.3549203687913068,0.0005359420013028,6.057711391567936e-06,7.861585736945137e-05,0.0004512684325418,downstairs,wiktor
1672842736430193700,-0.5690832071028166,0.929035823837824,-0.2852342742381213,1.1261979620744298,-0.5690832071028166,-0.5725639286922483,-0.556401965338192,0.929035823837824,0.9164966167361408,0.9036734873914032,-0.2852342742381213,-0.3152765255699311,-0.3386194681915388,0.0004771752085316,0.000257212539564,2.220731469459905e-05,0.0001977553542729,downstairs,wiktor
1672842736440193700,-0.5464022662244459,0.9223713936754472,-0.2653468232062276,1.10441539331523,-0.5464022662244459,-0.5690832071028166,-0.5725639286922483,0.9223713936754472,0.929035823837824,0.9164966167361408,-0.2653468232062276,-0.2852342742381213,-0.3152765255699311,0.0007371147688088,0.0004807990085669,0.0002457527304393,1.056302980257976e-05,downstairs,wiktor
1672842736450193700,-0.5153926222868918,0.9002014712380844,-0.2607505138601153,1.0695714442734925,-0.5153926222868918,-0.5464022662244459,-0.5690832071028166,0.9002014712380844,0.9223713936754472,0.929035823837824,-0.2607505138601153,-0.2653468232062276,-0.2852342742381213,0.0011978670947337,0.0008965972751422,0.0003012696492912,1.7030022657542492e-10,downstairs,wiktor
1672842736460193700,-0.4730464943613724,0.8756547953209155,-0.260732058496311,1.0288466905831122,-0.4730464943613724,-0.5153926222868918,-0.5464022662244459,0.8756547953209155,0.9002014712380844,0.9223713936754472,-0.260732058496311,-0.2607505138601153,-0.2653468232062276,0.0028719329768043,0.0027253347608428,0.0001361401319553,1.0458084006186492e-05,downstairs,wiktor
1672842736470193700,-0.3992178446264242,0.8591538782581971,-0.2653054782247388,0.9838227842301306,-0.3992178446264242,-0.4730464943613724,-0.5153926222868918,0.8591538782581971,0.8756547953209155,0.9002014712380844,-0.2653054782247388,-0.260732058496311,-0.2607505138601153,0.0034214916307501,0.0034200233341423,9.790061829501057e-07,4.892904248006865e-07,downstairs,wiktor
1672842736480193700,-0.316513269974929,0.860553168208815,-0.2662947106795245,0.9548011721402226,-0.316513269974929,-0.3992178446264242,-0.4730464943613724,0.860553168208815,0.8591538782581971,0.8756547953209155,-0.2662947106795245,-0.2653054782247388,-0.260732058496311,0.0011471033943936,0.0009752569299007,2.8984252679902395e-06,0.0001689480392248,downstairs,wiktor
1672842736490193700,-0.272348647710026,0.8629608331639075,-0.2846766604795237,0.9486390180180232,-0.272348647710026,-0.316513269974929,-0.3992178446264242,0.8629608331639075,0.860553168208815,0.8591538782581971,-0.2846766604795237,-0.2662947106795245,-0.2653054782247388,0.002394002313204,0.0017249323297038,1.4102342418055894e-06,0.0006676597492583,downstairs,wiktor
1672842736500193700,-0.2136130991946023,0.8646402582094547,-0.3212186842127102,0.9467918331668164,-0.2136130991946023,-0.272348647710026,-0.316513269974929,0.8646402582094547,0.8629608331639075,0.860553168208815,-0.3212186842127102,-0.2846766604795237,-0.2662947106795245,0.0034808821698244,0.0022971772338563,1.0488879283421298e-05,0.0011732160566846,downstairs,wiktor
1672842736510193700,-0.1458314315571596,0.8600601098966986,-0.3696586688676341,0.9474268998368808,-0.1458314315571596,-0.2136130991946023,-0.272348647710026,0.8600601098966986,0.8646402582094547,0.8629608331639075,-0.3696586688676341,-0.3212186842127102,-0.2846766604795237,0.0014316208854854,0.000256878448439,0.0002072954905136,0.0009674469465326,downstairs,wiktor
1672842736520193700,-0.1231652255032534,0.8396986025598799,-0.4136460976747986,0.9441220842856456,-0.1231652255032534,-0.1458314315571596,-0.2136130991946023,0.8396986025598799,0.8600601098966986,0.8646402582094547,-0.4136460976747986,-0.3696586688676341,-0.3212186842127102,0.0017280748764554,0.0013931242787841,0.0003170010193446,1.7949578326570678e-05,downstairs,wiktor
1672842736530193700,-0.1759501528743154,0.8145192054525349,-0.4196376881692451,0.9330036343335176,-0.1759501528743154,-0.1231652255032534,-0.1458314315571596,0.8145192054525349,0.8396986025598799,0.8600601098966986,-0.4196376881692451,-0.4136460976747986,-0.3696586688676341,0.0038353247754406,0.0033502891799373,0.0001798364312632,0.00030519916424,downstairs,wiktor
1672842736540193700,-0.2578072134120276,0.7955541622802513,-0.3949314474904196,0.9248469238882644,-0.2578072134120276,-0.1759501528743154,-0.1231652255032534,0.7955541622802513,0.8145192054525349,0.8396986025598799,-0.3949314474904196,-0.4196376881692451,-0.4136460976747986,0.0012675723610914,0.0001897249740819,8.108719689541308e-05,0.000996760190114,downstairs,wiktor
1672842736550193700,-0.2772866884604942,0.782819391226525,-0.3502825910635392,0.901327909520082,-0.2772866884604942,-0.2578072134120276,-0.1759501528743154,0.782819391226525,0.7955541622802513,0.8145192054525349,-0.3502825910635392,-0.3949314474904196,-0.4196376881692451,0.0016286848212037,0.0002439433506404,8.876260952279422e-06,0.001375865209611,downstairs,wiktor
1672842736560193700,-0.2551985309709959,0.7786060170555595,-0.2978256523497513,0.8718106097097188,-0.2551985309709959,-0.2772866884604942,-0.2578072134120276,0.7786060170555595,0.782819391226525,0.7955541622802513,-0.2978256523497513,-0.3502825910635392,-0.3949314474904196,0.0016637620418655,0.0003468434394324,3.5177266037588173e-06,0.0013134008758293,downstairs,wiktor
1672842736570193700,-0.2288605948547221,0.775953574180111,-0.2465733182403798,0.8457419951901514,-0.2288605948547221,-0.2551985309709959,-0.2772866884604942,0.775953574180111,0.7786060170555595,0.782819391226525,-0.2465733182403798,-0.2978256523497513,-0.3502825910635392,0.0010012005104681,7.534290601212758e-05,1.2276923212952584e-05,0.000913580681243,downstairs,wiktor
1672842736580193700,-0.216585179911664,0.7709983903867583,-0.2038280101646837,0.8263737144077337,-0.216585179911664,-0.2288605948547221,-0.2551985309709959,0.7709983903867583,0.775953574180111,0.7786060170555595,-0.2038280101646837,-0.2465733182403798,-0.2978256523497513,0.0008484783032558,3.563046609066978e-05,0.0001647184101842,0.0006481294269809,downstairs,wiktor
1672842736590193700,-0.2081435608618999,0.7528479958905355,-0.1678244151502697,0.7989173181031922,-0.2081435608618999,-0.216585179911664,-0.2288605948547221,0.7528479958905355,0.7709983903867583,0.775953574180111,-0.1678244151502697,-0.2038280101646837,-0.2465733182403798,0.0015528419388822,0.0001864420380562,0.001130479517759,0.0002359203830668,downstairs,wiktor
1672842736600193700,-0.1888333543349725,0.7052984529324996,-0.1461025191433896,0.7446139197721321,-0.1888333543349725,-0.2081435608618999,-0.216585179911664,0.7052984529324996,0.7528479958905355,0.7709983903867583,-0.1461025191433896,-0.1678244151502697,-0.2038280101646837,0.0035346178840774,0.0009571080221113,0.0025594019438573,1.810791810876625e-05,downstairs,wiktor
1672842736610193700,-0.1450815995790473,0.6337526362293919,-0.1400845596704842,0.6650674840361633,-0.1450815995790473,-0.1888333543349725,-0.2081435608618999,0.6337526362293919,0.7052984529324996,0.7528479958905355,-0.1400845596704842,-0.1461025191433896,-0.1678244151502697,0.0030551024504662,0.0015239539755534,0.0015190893242788,1.205915063406661e-05,downstairs,wiktor
1672842736620193700,-0.0898737382628649,0.5786329605358826,-0.1449955983862889,0.603255431305231,-0.0898737382628649,-0.1450815995790473,-0.1888333543349725,0.5786329605358826,0.6337526362293919,0.7052984529324996,-0.1449955983862889,-0.1400845596704842,-0.1461025191433896,0.0015459114678887,0.0011275730314416,0.0002413529564628,0.0001769854799842,downstairs,wiktor
1672842736630193700,-0.0423853600753197,0.5566623912914203,-0.1638097143625583,0.5818102432464899,-0.0423853600753197,-0.0898737382628649,-0.1450815995790473,0.5566623912914203,0.5786329605358826,0.6337526362293919,-0.1638097143625583,-0.1449955983862889,-0.1400845596704842,0.0010400603930422,0.0005257420837194,3.5705048760144007e-06,0.0005107478044468,downstairs,wiktor
1672842736640193700,-0.0099587634694651,0.5593346580730176,-0.1957705592965338,0.5926892512765674,-0.0099587634694651,-0.0423853600753197,-0.0898737382628649,0.5593346580730176,0.5566623912914203,0.5786329605358826,-0.1957705592965338,-0.1638097143625583,-0.1449955983862889,0.0012563753227536,0.0005511994616121,4.267345170944671e-05,0.0006625024094319,downstairs,wiktor
1672842736650193700,0.0232436298663228,0.5685729968532797,-0.2321711749350638,0.6145884586866321,0.0232436298663228,-0.0099587634694651,-0.0423853600753197,0.5685729968532797,0.5593346580730176,0.5566623912914203,-0.2321711749350638,-0.1957705592965338,-0.1638097143625583,0.0024105087880109,0.0013770859176071,0.0001532409581791,0.0008801819122247,downstairs,wiktor
1672842736660193700,0.0757238340886217,0.5860796217809565,-0.2741278648003217,0.6514364960423799,0.0757238340886217,0.0232436298663228,-0.0099587634694651,0.5860796217809565,0.5685729968532797,0.5593346580730176,-0.2741278648003217,-0.2321711749350638,-0.1957705592965338,0.0042287378245254,0.0012591922286355,0.0004575806795459,0.0025119649163439,downstairs,wiktor
1672842736670193700,0.1259073419101278,0.6163312557714025,-0.3450075504139576,0.7174587691500239,0.1259073419101278,0.0757238340886217,0.0232436298663228,0.6163312557714025,0.5860796217809565,0.5685729968532797,-0.3450075504139576,-0.2741278648003217,-0.2321711749350638,0.0065796733749803,0.000886603596358,0.0008437391882126,0.0048493305904097,downstairs,wiktor
1672842736680193700,0.1680168086927422,0.657410184389676,-0.4434893313727695,0.8106174101165281,0.1680168086927422,0.1259073419101278,0.0757238340886217,0.657410184389676,0.6163312557714025,0.5860796217809565,-0.4434893313727695,-0.3450075504139576,-0.2741278648003217,0.0083609283961635,0.0004313634471398,0.0015004810004941,0.0064290839485294,downstairs,wiktor
1672842736690193700,0.1973890216546508,0.7121912212636557,-0.5568831931866216,0.9253635244424354,0.1973890216546508,0.1680168086927422,0.1259073419101278,0.7121912212636557,0.657410184389676,0.6163312557714025,-0.5568831931866216,-0.4434893313727695,-0.3450075504139576,0.011008742890403,0.0001217745630935,0.0027649026202966,0.0081220657070128,downstairs,wiktor
1672842736700193700,0.2129950822141582,0.7865538815212959,-0.6843356604598203,1.064118982896467,0.2129950822141582,0.1973890216546508,0.1680168086927422,0.7865538815212959,0.7121912212636557,0.657410184389676,-0.6843356604598203,-0.5568831931866216,-0.4434893313727695,0.0143486805057515,5.2985194828446175e-06,0.0039019665908901,0.0104414153953785,downstairs,wiktor
1672842736710193700,0.209739772863929,0.8748937546351979,-0.8288445902557228,1.2232796936992223,0.209739772863929,0.2129950822141582,0.1973890216546508,0.8748937546351979,0.7865538815212959,0.7121912212636557,-0.8288445902557228,-0.6843356604598203,-0.5568831931866216,0.0150269397033076,0.0004196509933506,0.0040969155997529,0.0105103731102039,downstairs,wiktor
1672842736720193700,0.1807690637476271,0.9654135381054756,-0.9738299213082398,1.3831288694842352,0.1807690637476271,0.209739772863929,0.2129950822141582,0.9654135381054756,0.8748937546351979,0.7865538815212959,-0.9738299213082398,-0.8288445902557228,-0.6843356604598203,0.0088374646015967,0.0013299685836316,0.0018986970013287,0.0056087990166363,downstairs,wiktor
1672842736730193700,0.1291944850555687,1.0270365370803516,-1.079743084008976,1.495774177786202,0.1291944850555687,0.1807690637476271,0.209739772863929,1.0270365370803516,0.9654135381054756,0.8748937546351979,-1.079743084008976,-0.9738299213082398,-0.8288445902557228,0.0002799386000065,8.015313789003408e-05,9.731187851135628e-05,0.0001024735836051,downstairs,wiktor
1672842736740193700,0.1165332735898334,1.0409872989600022,-1.065427108065634,1.4941116032782509,0.1165332735898334,0.1291944850555687,0.1807690637476271,1.0409872989600022,1.0270365370803516,0.9654135381054756,-1.065427108065634,-1.079743084008976,-0.9738299213082398,0.0094093894393072,0.0003989121071707,2.2216877435367733e-05,0.0089882604547011,downstairs,wiktor
1672842736750193700,0.1447790558296916,1.034321434059576,-0.9313505593727242,1.3993554474849772,0.1447790558296916,0.1165332735898334,0.1291944850555687,1.034321434059576,1.0409872989600022,1.0270365370803516,-0.9313505593727242,-1.065427108065634,-1.079743084008976,0.0093203956989901,0.00063636151942,0.0009450996136213,0.0077389345659487,downstairs,wiktor
1672842736760193700,0.1804542998910873,0.9908450125504096,-0.8069404748461978,1.2905388499344803,0.1804542998910873,0.1447790558296916,0.1165332735898334,0.9908450125504096,1.034321434059576,1.0409872989600022,-0.8069404748461978,-0.9313505593727242,-1.065427108065634,0.0077617497273981,0.0002223354099497,0.0033785407203744,0.0041608735970738,downstairs,wiktor
1672842736770193700,0.1593670805414531,0.9086435439458344,-0.7157168638995369,1.1675964994744288,0.1593670805414531,0.1804542998910873,0.1447790558296916,0.9086435439458344,0.9908450125504096,1.034321434059576,-0.7157168638995369,-0.8069404748461978,-0.9313505593727242,0.0081536782243626,0.0003147986871523,0.002866297256158,0.0049725822810523,downstairs,wiktor
1672842736780193700,0.134275301523125,0.8329296448762709,-0.6159914179887528,1.0446277217021531,0.134275301523125,0.1593670805414531,0.1804542998910873,0.8329296448762709,0.9086435439458344,0.9908450125504096,-0.6159914179887528,-0.7157168638995369,-0.8069404748461978,0.0069874881339827,0.0009311842848077,0.0009157205210995,0.0051405833280754,downstairs,wiktor
1672842736790193700,0.1774304700387916,0.8757249839005044,-0.5145953300161348,1.0311082255515858,0.1774304700387916,0.134275301523125,0.1593670805414531,0.8757249839005044,0.8329296448762709,0.9086435439458344,-0.5145953300161348,-0.6159914179887528,-0.7157168638995369,0.0893608380837254,0.0304091337112983,0.0499034822049603,0.0090482221674666,downstairs,wiktor
1672842736800193700,0.4240440694663105,1.191647386414034,-0.3800723047195954,1.320716405293662,0.4240440694663105,0.1774304700387916,0.134275301523125,1.191647386414034,0.8757249839005044,0.8329296448762709,-0.3800723047195954,-0.5145953300161348,-0.6159914179887528,0.5407624066711523,0.2204593784510133,0.3029589928015603,0.0173440354185785,downstairs,wiktor
1672842736810193700,1.0880612054666,1.970054725538685,-0.1938249669207504,2.25888488557088,1.0880612054666,0.4240440694663105,0.1774304700387916,1.970054725538685,1.191647386414034,0.8757249839005044,-0.1938249669207504,-0.3800723047195954,-0.5145953300161348,0.5820354987236671,0.1607193771132464,0.4212680640285232,4.805758189736186e-05,downstairs,wiktor
1672842736820193700,1.655016895292968,2.887952393068703,-0.1840211327832956,3.333648710594335,1.655016895292968,1.0880612054666,0.4240440694663105,2.887952393068703,1.970054725538685,1.191647386414034,-0.1840211327832956,-0.1938249669207504,-0.3800723047195954,0.2300382047410673,0.2160102801255669,0.0123567678478361,0.0016711567676643,downstairs,wiktor
1672842736830193700,0.9977341857598984,2.7307469997271507,-0.241833878223455,2.917350905635008,0.9977341857598984,1.655016895292968,1.0880612054666,2.7307469997271507,2.887952393068703,1.970054725538685,-0.241833878223455,-0.1840211327832956,-0.1938249669207504,1.3605808718890675,0.2517828809760872,1.0921691240681677,0.0166288668448126,downstairs,wiktor
1672842736840193700,0.2881105094693065,1.2527963076753708,-0.424200908384132,1.3536811533243818,0.2881105094693065,0.9977341857598984,1.655016895292968,1.2527963076753708,2.7307469997271507,2.887952393068703,-0.424200908384132,-0.241833878223455,-0.1840211327832956,0.7915895930448023,0.0248244832512304,0.7654325005239508,0.0013326092696209,downstairs,wiktor
1672842736850193700,0.5109309899069471,0.0155150134468101,-0.4758266629959718,0.698356789404549,0.5109309899069471,0.2881105094693065,0.9977341857598984,0.0155150134468101,1.2527963076753708,2.7307469997271507,-0.4758266629959718,-0.424200908384132,-0.241833878223455,0.2033740571386825,0.0066994803210227,0.1956258746369416,0.0010487021807181,downstairs,wiktor
1672842736860193700,0.6266848695051946,-0.60998618501238,-0.430029235541623,0.9745471845904708,0.6266848695051946,0.5109309899069471,0.2881105094693065,-0.60998618501238,0.0155150134468101,1.2527963076753708,-0.430029235541623,-0.4758266629959718,-0.424200908384132,0.1433897702183025,0.1345209578638116,0.00741277035196,0.0014560420025308,downstairs,wiktor
1672842736870193700,0.1079923635562236,-0.7317463620158657,-0.3760655069356268,0.8297833177502811,0.1079923635562236,0.6266848695051946,0.5109309899069471,-0.7317463620158657,-0.60998618501238,0.0155150134468101,-0.3760655069356268,-0.430029235541623,-0.4758266629959718,0.1252658635467677,0.0662359624599353,0.0325942190087499,0.0264356820780824,downstairs,wiktor
1672842736880193700,-0.2559745647763801,-0.4764260964326186,-0.1461277671968772,0.5602304235941,-0.2559745647763801,0.1079923635562236,0.6266848695051946,-0.4764260964326186,-0.7317463620158657,-0.60998618501238,-0.1461277671968772,-0.3760655069356268,-0.430029235541623,0.0951306182638463,1.2490132023518215e-06,0.0831654004127379,0.011963968837906,downstairs,wiktor
1672842736890193700,-0.2543940501751493,-0.0685893633819087,0.00855881165149,0.2636173112497311,-0.2543940501751493,-0.2559745647763801,0.1079923635562236,-0.0685893633819087,-0.4764260964326186,-0.7317463620158657,0.00855881165149,-0.1461277671968772,-0.3760655069356268,0.1681413374537692,0.0117926012515859,0.1467221843691433,0.0096265518330399,downstairs,wiktor
1672842736900193700,-0.1008193045195828,0.4731156935801678,0.1473143652919835,0.5056723384732802,-0.1008193045195828,-0.2543940501751493,-0.2559745647763801,0.4731156935801678,-0.0685893633819087,-0.4764260964326186,0.1473143652919835,0.00855881165149,-0.1461277671968772,0.2356077886986891,0.0066018009233515,0.2228320570761756,0.0061739306991619,downstairs,wiktor
1672842736910193700,0.0140876223678034,1.1406964858086075,0.2584352967060238,1.169690444700484,0.0140876223678034,-0.1008193045195828,-0.2543940501751493,1.1406964858086075,0.4731156935801678,-0.0685893633819087,0.2584352967060238,0.1473143652919835,0.00855881165149,0.2802125646406464,0.0003298362138994,0.2797220975643742,0.0001606308623727,downstairs,wiktor
1672842736920193700,-0.0115964666329542,1.888656508222071,0.2405115213016752,1.9039442418219084,-0.0115964666329542,0.0140876223678034,-0.1008193045195828,1.888656508222071,1.1406964858086075,0.4731156935801678,0.2405115213016752,0.2584352967060238,0.1473143652919835,0.0954470646166781,0.0037726210224158,0.073496784111212,0.0181776594830502,downstairs,wiktor
1672842736930193700,-0.0984598193476153,2.272053910694263,0.0498408131000731,2.2747323833316164,-0.0984598193476153,-0.0115964666329542,0.0140876223678034,2.272053910694263,1.888656508222071,1.1406964858086075,0.0498408131000731,0.2405115213016752,0.2584352967060238,0.0573534527730227,0.0007173619347792,0.0181267595961404,0.038509331242103,downstairs,wiktor
1672842736940193700,-0.1363375683509363,2.081650341420258,-0.2276815508351709,2.0984982642522323,-0.1363375683509363,-0.0984598193476153,-0.0115964666329542,2.081650341420258,2.272053910694263,1.888656508222071,-0.2276815508351709,0.0498408131000731,0.2405115213016752,0.1468543962383516,0.0004844061957912,0.123895717595257,0.0224742724473032,downstairs,wiktor
1672842736950193700,-0.1052118170896015,1.5838638056536565,-0.4396922696552498,1.6471257915865334,-0.1052118170896015,-0.1363375683509363,-0.0984598193476153,1.5838638056536565,2.081650341420258,2.272053910694263,-0.4396922696552498,-0.2276815508351709,0.0498408131000731,0.1235740609326261,8.188326338749386e-07,0.1183875682371283,0.0051856738628639,downstairs,wiktor
1672842736960193700,-0.1064915300526327,1.0972683510157646,-0.5415320837051971,1.228248866393085,-0.1064915300526327,-0.1052118170896015,-0.1363375683509363,1.0972683510157646,1.5838638056536565,2.081650341420258,-0.5415320837051971,-0.4396922696552498,-0.2276815508351709,0.03337753346925,0.0002052875442173,0.0331718414664545,4.044585781614812e-07,downstairs,wiktor
1672842736970193700,-0.0862288775008369,0.8396956759648014,-0.5424314819241874,1.003372393546638,-0.0862288775008369,-0.1064915300526327,-0.1052118170896015,0.8396956759648014,1.0972683510157646,1.5838638056536565,-0.5424314819241874,-0.5415320837051971,-0.4396922696552498,0.0057539926062171,0.0008027646824591,0.0049488750503219,2.352873436018317e-06,downstairs,wiktor
1672842736980193700,-0.0461598200510007,0.7402082390662464,-0.5446007552753437,0.9201244202906306,-0.0461598200510007,-0.0862288775008369,-0.1064915300526327,0.7402082390662464,0.8396956759648014,1.0972683510157646,-0.5446007552753437,-0.5424314819241874,-0.5415320837051971,0.0001943768075759,0.0001369563512066,5.616908401639564e-05,1.2513723529049578e-06,downstairs,wiktor
1672842736990193700,-0.0627101282781403,0.7508072092064436,-0.5461827618195179,0.9305695217950272,-0.0627101282781403,-0.0461598200510007,-0.0862288775008369,0.7508072092064436,0.7402082390662464,0.8396956759648014,-0.5461827618195179,-0.5446007552753437,-0.5424314819241874,0.003544109800635,2.053090783164049e-05,0.0021692428079242,0.0013543360848791,downstairs,wiktor
1672842737000193700,-0.0691180776898695,0.8166743908362089,-0.4941378564996085,0.9570300886269268,-0.0691180776898695,-0.0627101282781403,-0.0461598200510007,0.8166743908362089,0.7508072092064436,0.7402082390662464,-0.4941378564996085,-0.5461827618195179,-0.5446007552753437,0.0117877812411024,0.0008140896875999,0.0060504445122157,0.0049232470412868,downstairs,wiktor
1672842737010193700,-0.0287673729227923,0.926678431782128,-0.3949083544219821,1.0077266921478962,-0.0287673729227923,-0.0691180776898695,-0.0627101282781403,0.926678431782128,0.8166743908362089,0.7508072092064436,-0.3949083544219821,-0.4941378564996085,-0.5461827618195179,0.0116123370137288,0.0025614128532787,0.0051117109891661,0.0039392131712839,downstairs,wiktor
1672842737020193700,0.0428065448584606,1.0277893707468722,-0.3061478545215878,1.0732706553945943,0.0428065448584606,-0.0287673729227923,-0.0691180776898695,1.0277893707468722,0.926678431782128,0.8166743908362089,-0.3061478545215878,-0.3949083544219821,-0.4941378564996085,0.0058470874345723,0.0008898173895079,0.0011409633140812,0.0038163067309831,downstairs,wiktor
1672842737030193700,0.0849922625721125,1.0755588864254144,-0.2187830248590387,1.1008708438469406,0.0849922625721125,0.0428065448584606,-0.0287673729227923,1.0755588864254144,1.0277893707468722,0.926678431782128,-0.2187830248590387,-0.3061478545215878,-0.3949083544219821,0.00288658123911,0.0001484433721121,0.0001278255336638,0.002610312333334,downstairs,wiktor
1672842737040193700,0.0677618608291369,1.0595697942895954,-0.1465291345370077,1.0717978382242088,0.0677618608291369,0.0849922625721125,0.0428065448584606,1.0595697942895954,1.0755588864254144,1.0277893707468722,-0.1465291345370077,-0.2187830248590387,-0.3061478545215878,0.0024101164408545,0.0002566783764954,0.0011905169831799,0.0009629210811791,downstairs,wiktor
1672842737050193700,0.0451044833773894,1.0107739546476755,-0.1026447163187123,1.01697312629341,0.0451044833773894,0.0677618608291369,0.0849922625721125,1.0107739546476755,1.0595697942895954,1.0755588864254144,-0.1026447163187123,-0.1465291345370077,-0.2187830248590387,0.0023696502339525,1.4888298697220738e-05,0.001913677365155,0.0004410845701003,downstairs,wiktor
1672842737060193700,0.0505612770691503,0.9489083363261066,-0.0729433840219839,0.953049951870636,0.0505612770691503,0.0451044833773894,0.0677618608291369,0.9489083363261066,1.0107739546476755,1.0595697942895954,-0.0729433840219839,-0.1026447163187123,-0.1465291345370077,0.0029003365900388,0.0003162859173528,0.0021882127922098,0.0003958378804762,downstairs,wiktor
1672842737070193700,0.0757122578592843,0.8827537780219383,-0.0448066507191921,0.8871269438760317,0.0757122578592843,0.0505612770691503,0.0451044833773894,0.8827537780219383,0.9489083363261066,1.0107739546476755,-0.0448066507191921,-0.0729433840219839,-0.1026447163187123,0.0023667201752575,0.0002647626547633,0.0016417418234005,0.0004602156970937,downstairs,wiktor
1672842737080193700,0.0987236747979853,0.8254520882841915,-0.0144680384538387,0.8314606654286495,0.0987236747979853,0.0757122578592843,0.0505612770691503,0.8254520882841915,0.8827537780219383,0.9489083363261066,-0.0144680384538387,-0.0448066507191921,-0.0729433840219839,0.0012304274746826,1.1995240117863624e-06,0.0009035232994617,0.0003257046512091,downstairs,wiktor
1672842737090193700,0.1002725608569234,0.7829427175652128,0.011054682843433,0.789415031185735,0.1002725608569234,0.0987236747979853,0.0757122578592843,0.7829427175652128,0.8254520882841915,0.8827537780219383,0.011054682843433,-0.0144680384538387,-0.0448066507191921,0.0005120519427473,0.0002068532020431,0.0002752076364155,2.9991104288638345e-05,downstairs,wiktor
1672842737100193700,0.0799327869130874,0.7594817867901763,0.0187995010193024,0.7639078845831261,0.0799327869130874,0.1002725608569234,0.0987236747979853,0.7594817867901763,0.7829427175652128,0.8254520882841915,0.0187995010193024,0.011054682843433,-0.0144680384538387,0.000655050394618,0.0004065133352894,4.577870093022614e-05,0.0002027583583982,downstairs,wiktor
1672842737110193700,0.0514191643691356,0.7499132235824396,-0.0013379446180319,0.751675171509627,0.0514191643691356,0.0799327869130874,0.1002725608569234,0.7499132235824396,0.7594817867901763,0.7829427175652128,-0.0013379446180319,0.0187995010193024,0.011054682843433,0.0013471229497083,0.0002799147091847,1.0599238752950215e-05,0.0010566090017707,downstairs,wiktor
1672842737120193700,0.0277584497060186,0.7453090431444137,-0.0473076955803922,0.7473246412263216,0.0277584497060186,0.0514191643691356,0.0799327869130874,0.7453090431444137,0.7499132235824396,0.7594817867901763,-0.0473076955803922,-0.0013379446180319,0.0187995010193024,0.0022464598191359,0.0005597673769932,0.0002153717771864,0.0014713206649563,downstairs,wiktor
1672842737130193700,-0.0057009996915199,0.7660634054418407,-0.1015538136895496,0.7727863997441495,-0.0057009996915199,0.0277584497060186,0.0514191643691356,0.7660634054418407,0.7453090431444137,0.7499132235824396,-0.1015538136895496,-0.0473076955803922,-0.0013379446180319,0.0022579968579892,0.0001073124078279,0.0017995125238677,0.0003511719262935,downstairs,wiktor
1672842737140193700,-0.0203510787239336,0.8260552802894862,-0.1280555844339171,0.836169674889063,-0.0203510787239336,-0.0057009996915199,0.0277584497060186,0.8260552802894862,0.7660634054418407,0.7453090431444137,-0.1280555844339171,-0.1015538136895496,-0.0473076955803922,0.0034804498235371,2.2965116494835933e-06,0.003433712160412,4.444115147559641e-05,downstairs,wiktor
1672842737150193700,-0.018207944733963,0.9089252043924088,-0.1374833255711776,0.91944451776131,-0.018207944733963,-0.0203510787239336,-0.0057009996915199,0.9089252043924088,0.8260552802894862,0.7660634054418407,-0.1374833255711776,-0.1280555844339171,-0.1015538136895496,0.0026269534798714,8.36579878882866e-05,0.0021491573476423,0.0003941381443407,downstairs,wiktor
1672842737160193700,-0.0311430124097262,0.974486738048088,-0.1655595840234995,0.988940981917318,-0.0311430124097262,-0.018207944733963,-0.0203510787239336,0.974486738048088,0.9089252043924088,0.8260552802894862,-0.1655595840234995,-0.1374833255711776,-0.1280555844339171,0.0023611530224317,1.4892846350074368e-05,0.001884049200191,0.0004622109758906,downstairs,wiktor
1672842737170193700,-0.0366006394307078,1.03587157657017,-0.1959638921356944,1.0548797926653428,-0.0366006394307078,-0.0311430124097262,-0.018207944733963,1.03587157657017,0.974486738048088,0.9089252043924088,-0.1959638921356944,-0.1655595840234995,-0.1374833255711776,0.0025056537660544,2.129731557612214e-05,0.0024629283814555,2.142806902284557e-05,downstairs,wiktor
1672842737180193700,-0.0300741831830766,1.106056024725805,-0.2025103520985821,1.124844357692864,-0.0300741831830766,-0.0366006394307078,-0.0311430124097262,1.106056024725805,1.03587157657017,0.974486738048088,-0.2025103520985821,-0.1959638921356944,-0.1655595840234995,0.0006484591242548,0.0001798133671601,0.0002267120986032,0.0002419336584915,downstairs,wiktor
1672842737190193700,-0.0490380101787071,1.1273497843094582,-0.224507336368773,1.1505328359974218,-0.0490380101787071,-0.0300741831830766,-0.0366006394307078,1.1273497843094582,1.106056024725805,1.03587157657017,-0.224507336368773,-0.2025103520985821,-0.1959638921356944,0.002382986810753,8.069966668574686e-05,0.0018591101866724,0.0004431769573948,downstairs,wiktor
1672842737200193700,-0.0617423139129341,1.066372572391031,-0.254279032907427,1.0980074694880375,-0.0617423139129341,-0.0490380101787071,-0.0300741831830766,1.066372572391031,1.1273497843094582,1.106056024725805,-0.254279032907427,-0.224507336368773,-0.2025103520985821,0.0026642380942154,0.000151496027305,0.0025026615986411,1.0080468269175212e-05,downstairs,wiktor
1672842737210193700,-0.0443356469542622,0.9956242635965274,-0.2587691260621789,1.0296576054475413,-0.0443356469542622,-0.0617423139129341,-0.0490380101787071,0.9956242635965274,1.066372572391031,1.1273497843094582,-0.2587691260621789,-0.254279032907427,-0.224507336368773,0.0023928981585798,0.0016449120310518,0.0005644026020455,0.0001835835254823,downstairs,wiktor
1672842737220193700,0.0130213409557016,0.9620265671860412,-0.2396075225028536,0.9915021110073337,0.0130213409557016,-0.0443356469542622,-0.0617423139129341,0.9620265671860412,0.9956242635965274,1.066372572391031,-0.2396075225028536,-0.2587691260621789,-0.254279032907427,0.0009550606492548,2.02467890501294e-05,0.0001440345051601,0.0007907793550445,downstairs,wiktor
1672842737230193700,0.0066578844971204,0.9450539713232892,-0.1998387067034218,0.9659745570338764,0.0066578844971204,0.0130213409557016,-0.0443356469542622,0.9450539713232892,0.9620265671860412,0.9956242635965274,-0.1998387067034218,-0.2396075225028536,-0.2587691260621789,0.001499990084873,0.0008817424565448,0.0001359089611748,0.0004823386671533,downstairs,wiktor
1672842737240193700,-0.0353359830681524,0.9285670697845017,-0.1687794514917026,0.944442660002929,-0.0353359830681524,0.0066578844971204,0.0130213409557016,0.9285670697845017,0.9450539713232892,0.9620265671860412,-0.1687794514917026,-0.1998387067034218,-0.2396075225028536,0.0016650123850266,0.0005486294480219,0.0001002178302251,0.0010161651067795,downstairs,wiktor
1672842737250193700,-0.0022110846374579,0.9144095396167676,-0.1236980782477662,0.9227409764390078,-0.0022110846374579,-0.0353359830681524,0.0066578844971204,0.9144095396167676,0.9285670697845017,0.9450539713232892,-0.1236980782477662,-0.1687794514917026,-0.1998387067034218,0.0027379095369875,0.0009951416539192,0.0002268615871907,0.0015159062958775,downstairs,wiktor
1672842737260193700,0.0424015067223653,0.93571031834388,-0.0686361804258144,0.9391818848822509,0.0424015067223653,-0.0022110846374579,-0.0353359830681524,0.93571031834388,0.9144095396167676,0.9285670697845017,-0.0686361804258144,-0.1236980782477662,-0.1687794514917026,0.0018756833172653,0.0002072349781801,0.0007535465772549,0.0009149017618302,downstairs,wiktor
1672842737270193700,0.0220429715009832,0.9745316160361258,-0.0258599776530055,0.9751238391562326,0.0220429715009832,0.0424015067223653,-0.0022110846374579,0.9745316160361258,0.93571031834388,0.9144095396167676,-0.0258599776530055,-0.0686361804258144,-0.1236980782477662,0.0013097364945481,3.512372671782972e-05,0.0003129853120977,0.0009616274557325,downstairs,wiktor
1672842737280193700,0.0136615961105321,0.9995510209889938,0.0179949526452524,0.9998063317908784,0.0136615961105321,0.0220429715009832,0.0424015067223653,0.9995510209889938,0.9745316160361258,0.93571031834388,0.0179949526452524,-0.0258599776530055,-0.0686361804258144,0.0006955125672739,2.936079654739219e-07,0.0002882376327477,0.0004069813265607,downstairs,wiktor
1672842737290193700,0.0144278962677472,1.0235609203118885,0.0465249833694126,1.0247193254047455,0.0144278962677472,0.0136615961105321,0.0220429715009832,1.0235609203118885,0.9995510209889938,0.9745316160361258,0.0465249833694126,0.0179949526452524,-0.0258599776530055,0.0007139504864581,0.0004992075359541,0.0002069249121381,7.81803836591118e-06,downstairs,wiktor
1672842737300193700,-0.0171698104830327,1.0439042195594608,0.0504792313044594,1.0452650261054175,-0.0171698104830327,0.0144278962677472,0.0136615961105321,1.0439042195594608,1.0235609203118885,0.9995510209889938,0.0504792313044594,0.0465249833694126,0.0179949526452524,0.0011301245787665,0.0010787870570001,3.10118568376284e-05,2.032566492874743e-05,downstairs,wiktor
1672842737310193700,-0.0636195049276723,1.0517797331093988,0.0441033917630739,1.054624652448409,-0.0636195049276723,-0.0171698104830327,0.0144278962677472,1.0517797331093988,1.0439042195594608,1.0235609203118885,0.0441033917630739,0.0504792313044594,0.0465249833694126,0.0007123901601907,0.0005021892105065,0.0001974507083774,1.2750241306696011e-05,downstairs,wiktor
1672842737320193700,-0.0953114348312466,1.0716518597382978,0.0390535915082726,1.0765905261982562,-0.0953114348312466,-0.0636195049276723,-0.0171698104830327,1.0716518597382978,1.0517797331093988,1.0439042195594608,0.0390535915082726,0.0441033917630739,0.0504792313044594,0.0005686582734584,7.317033963014148e-07,0.0005275931013634,4.033346869877934e-05,downstairs,wiktor
1672842737330193700,-0.0941017213144986,1.1041354895035629,0.0480350689701136,1.1091788318330762,-0.0941017213144986,-0.0953114348312466,-0.0636195049276723,1.1041354895035629,1.0716518597382978,1.0517797331093988,0.0480350689701136,0.0390535915082726,0.0441033917630739,0.001734855098519,0.0011893901736686,0.0002545641074015,0.0002909008174488,downstairs,wiktor
1672842737340193700,-0.0453289794668512,1.1266993591806171,0.0721556335343541,1.1299170756335457,-0.0453289794668512,-0.0941017213144986,-0.0953114348312466,1.1266993591806171,1.1041354895035629,1.0716518597382978,0.0721556335343541,0.0480350689701136,0.0390535915082726,0.0052185719212773,0.0042280204952042,0.0004388801120764,0.0005516713139966,downstairs,wiktor
1672842737350193700,0.0466277548727741,1.156326377662958,0.1053722352267807,1.1620534183764106,0.0466277548727741,-0.0453289794668512,-0.0941017213144986,1.156326377662958,1.1266993591806171,1.1041354895035629,0.1053722352267807,0.0721556335343541,0.0480350689701136,0.0048256275305425,0.0037761703418103,0.0007313763330059,0.0003180808557262,downstairs,wiktor
1672842737360193700,0.1335319589346073,1.194572327331019,0.1305944815869389,1.2090859141942405,0.1335319589346073,0.0466277548727741,-0.0453289794668512,1.194572327331019,1.156326377662958,1.1266993591806171,0.1305944815869389,0.1053722352267807,0.0721556335343541,0.0029208288843648,0.0020086264026123,0.0007545875894765,0.0001576148922759,downstairs,wiktor
1672842737370193700,0.1969137607804425,1.2334204312609802,0.1483491932025022,1.257818934728108,0.1969137607804425,0.1335319589346073,0.0466277548727741,1.2334204312609802,1.194572327331019,1.156326377662958,0.1483491932025022,0.1305944815869389,0.1053722352267807,0.0019669992100053,0.0011983913427838,0.0006380682303804,0.0001305396368411,downstairs,wiktor
1672842737380193700,0.2458707080460524,1.2691434834928494,0.1645071408965073,1.303165448503518,0.2458707080460524,0.1969137607804425,0.1335319589346073,1.2691434834928494,1.2334204312609802,1.194572327331019,0.1645071408965073,0.1483491932025022,0.1305944815869389,0.0010015912832765,0.0006048752911578,0.0003483320103432,4.83839817754273e-05,downstairs,wiktor
1672842737390193700,0.2806521769959936,1.295537877228763,0.1743442117791865,1.337004091230803,0.2806521769959936,0.2458707080460524,0.1969137607804425,1.295537877228763,1.2691434834928494,1.2334204312609802,0.1743442117791865,0.1645071408965073,0.1483491932025022,0.000641797199237,0.0004254865475719,0.0002138666927116,2.443958953502123e-06,downstairs,wiktor
1672842737400193700,0.3098236201406845,1.3162195934395429,0.1765550753903132,1.3636701904776367,0.3098236201406845,0.2806521769959936,0.2458707080460524,1.3162195934395429,1.295537877228763,1.2691434834928494,0.1765550753903132,0.1743442117791865,0.1645071408965073,0.0013727660233445,7.289157729896241e-05,0.0012418926890147,5.798175703079999e-05,downstairs,wiktor
1672842737410193700,0.2977495506279674,1.3660571834497908,0.1657864397264233,1.407924773186087,0.2977495506279674,0.3098236201406845,0.2806521769959936,1.3660571834497908,1.3162195934395429,1.295537877228763,0.1657864397264233,0.1765550753903132,0.1743442117791865,0.0050465986221701,0.0009198222271499,0.0034837658430243,0.0006430105519958,downstairs,wiktor
1672842737420193700,0.2548584740000726,1.4495289252912589,0.1299253033251352,1.477486897224407,0.2548584740000726,0.2977495506279674,0.3098236201406845,1.4495289252912589,1.3660571834497908,1.3162195934395429,0.1299253033251352,0.1657864397264233,0.1765550753903132,0.0095334479086192,0.003694043876764,0.0038265049619522,0.0020128990699029,downstairs,wiktor
1672842737430193700,0.1689044877427261,1.5370104086114704,0.0664761257118215,1.5476914412922511,0.1689044877427261,0.2548584740000726,0.2977495506279674,1.5370104086114704,1.4495289252912589,1.3660571834497908,0.0664761257118215,0.1299253033251352,0.1657864397264233,0.011137435664365,0.0077992705786968,0.0008204248319454,0.0025177402537227,downstairs,wiktor
1672842737440193700,0.0440103679556294,1.577517811192862,-0.0044849939766778,1.578137976315531,0.0440103679556294,0.1689044877427261,0.2548584740000726,1.577517811192862,1.5370104086114704,1.4495289252912589,-0.0044849939766778,0.0664761257118215,0.1299253033251352,0.0110533524370875,0.0075586039879138,0.0016682632358238,0.0018264852133497,downstairs,wiktor
1672842737450193700,-0.0789416876425905,1.5197551375043306,-0.0649248022713727,1.5231883330595215,-0.0789416876425905,0.0440103679556294,0.1689044877427261,1.5197551375043306,1.577517811192862,1.5370104086114704,-0.0649248022713727,-0.0044849939766778,0.0664761257118215,0.0167891229741134,0.0036271350809142,0.012812579288387,0.0003494086048121,downstairs,wiktor
1672842737460193700,-0.1641136910347171,1.3596765362586485,-0.091359953294665,1.3725888779614082,-0.1641136910347171,-0.0789416876425905,0.0440103679556294,1.3596765362586485,1.5197551375043306,1.577517811192862,-0.091359953294665,-0.0649248022713727,-0.0044849939766778,0.0179552336979329,0.0007341223695883,0.0169771294897583,0.0002439818385863,downstairs,wiktor
1672842737470193700,-0.1257960092262279,1.175409721613372,-0.0692700534041559,1.1841499017857005,-0.1257960092262279,-0.1641136910347171,-0.0789416876425905,1.175409721613372,1.3596765362586485,1.5197551375043306,-0.0692700534041559,-0.091359953294665,-0.0649248022713727,0.0281504166567434,0.0141953153943152,0.0122362951322175,0.0017188061302106,downstairs,wiktor
1672842737480193700,0.0426991859237542,1.0189725448795943,-0.0106388990540904,1.0199222783477335,0.0426991859237542,-0.1257960092262279,-0.1641136910347171,1.0189725448795943,1.175409721613372,1.3596765362586485,-0.0106388990540904,-0.0692700534041559,-0.091359953294665,0.0337746027928592,0.0304646543703212,0.0003188063188617,0.0029911421036762,downstairs,wiktor
1672842737490193700,0.2895378148711751,0.9937215520729066,0.0667063283833703,1.037190630280158,0.2895378148711751,0.0426991859237542,-0.1257960092262279,0.9937215520729066,1.0189725448795943,1.175409721613372,0.0667063283833703,-0.0106388990540904,-0.0692700534041559,0.032833175732995,0.0259153069743858,0.006840419106405,7.744965220404164e-05,downstairs,wiktor
1672842737500193700,0.5172011934562514,1.1106866674398832,0.0791521832920571,1.227756904220532,0.5172011934562514,0.2895378148711751,0.0426991859237542,1.1106866674398832,0.9937215520729066,1.0189725448795943,0.0791521832920571,0.0667063283833703,-0.0106388990540904,0.0138622441508142,0.0025667442428984,0.0073733691173359,0.0039221307905798,downstairs,wiktor
1672842737510193700,0.5888495604006336,1.2321228162369855,-0.0094156527499262,1.3656350513927529,0.5888495604006336,0.5172011934562514,0.2895378148711751,1.2321228162369855,1.1106866674398832,0.9937215520729066,-0.0094156527499262,0.0791521832920571,0.0667063283833703,0.0094626397091722,0.0021361881953971,0.0026954865815069,0.004630964932268,downstairs,wiktor
1672842737520193700,0.5234861425677635,1.30554606298496,-0.1056545734864771,1.410549946983309,0.5234861425677635,0.5888495604006336,0.5172011934562514,1.30554606298496,1.2321228162369855,1.1106866674398832,-0.1056545734864771,-0.0094156527499262,0.0791521832920571,0.011133733988427,0.0100159800677784,7.567112514299003e-05,0.0010420827955055,downstairs,wiktor
1672842737530193700,0.3819518352936719,1.3178481867969682,-0.1513072359609819,1.380400278028954,0.3819518352936719,0.5234861425677635,0.5888495604006336,1.3178481867969682,1.30554606298496,1.2321228162369855,-0.1513072359609819,-0.1056545734864771,-0.0094156527499262,0.0228362343586067,0.0214424835667479,0.0011896736951893,0.0002040770966693,downstairs,wiktor
1672842737540193700,0.1748649763829819,1.2690696321814536,-0.1715100623310413,1.2924903066450395,0.1748649763829819,0.3819518352936719,0.5234861425677635,1.2690696321814536,1.3178481867969682,1.30554606298496,-0.1715100623310413,-0.1513072359609819,-0.1056545734864771,0.0293267576940163,0.0264744124005045,0.0028008506207005,5.149467281126282e-05,downstairs,wiktor
1672842737550193700,-0.0552411400090192,1.1942251184118993,-0.1613616956830271,1.2063427430996188,-0.0552411400090192,0.1748649763829819,0.3819518352936719,1.1942251184118993,1.2690696321814536,1.3178481867969682,-0.1613616956830271,-0.1715100623310413,-0.1513072359609819,0.0189161653061004,0.0184265358686216,0.0002028781604261,0.0002867512770526,downstairs,wiktor
1672842737560193700,-0.2472126788819553,1.1740817244363957,-0.13741378232705,1.2076690572457998,-0.2472126788819553,-0.0552411400090192,0.1748649763829819,1.1740817244363957,1.1942251184118993,1.2690696321814536,-0.13741378232705,-0.1613616956830271,-0.1715100623310413,0.0044254754059831,0.0031510766112437,0.0011020072066348,0.0001723915881045,downstairs,wiktor
1672842737570193700,-0.3265987810818206,1.2210286563198505,-0.1188454443236327,1.26952825214521,-0.3265987810818206,-0.2472126788819553,-0.0552411400090192,1.2210286563198505,1.1740817244363957,1.1942251184118993,-0.1188454443236327,-0.13741378232705,-0.1613616956830271,0.0009436537403066,0.0004132615928416,0.0005265802993964,3.811848068613692e-06,downstairs,wiktor
1672842737580193700,-0.3553480973464422,1.2534810922652893,-0.1216065484754581,1.3085393656999522,-0.3553480973464422,-0.3265987810818206,-0.2472126788819553,1.2534810922652893,1.2210286563198505,1.1740817244363957,-0.1216065484754581,-0.1188454443236327,-0.13741378232705,0.0014536104623465,0.0007916588875794,0.0001630445960073,0.0004989069787597,downstairs,wiktor
1672842737590193700,-0.3951390231356088,1.2715390321260436,-0.1531947418001711,1.3403040650314466,-0.3951390231356088,-0.3553480973464422,-0.3265987810818206,1.2715390321260436,1.2534810922652893,1.2210286563198505,-0.1531947418001711,-0.1216065484754581,-0.1188454443236327,0.0012525485491847,0.0011920444288631,5.9382988003417166e-05,1.1211323181748751e-06,downstairs,wiktor
1672842737600193700,-0.34631189074258,1.2606410517623785,-0.1516973224746815,1.3161154450519317,-0.34631189074258,-0.3951390231356088,-0.3553480973464422,1.2606410517623785,1.2715390321260436,1.2534810922652893,-0.1516973224746815,-0.1531947418001711,-0.1216065484754581,0.0403064492437304,0.0362569724103752,0.0001063056416884,0.0039431711916667,downstairs,wiktor
1672842737610193700,-0.077027756748855,1.2752222479882358,-0.0628922416327974,1.279093620940832,-0.077027756748855,-0.34631189074258,-0.3951390231356088,1.2752222479882358,1.2606410517623785,1.2715390321260436,-0.0628922416327974,-0.1516973224746815,-0.1531947418001711,0.0181058944444779,0.0136391941118028,0.0002555751189126,0.0042111252137624,downstairs,wiktor
1672842737620193700,0.0881339465107251,1.2978308799199845,0.0288805780227244,1.3011405278402342,0.0881339465107251,-0.077027756748855,-0.34631189074258,1.2978308799199845,1.2752222479882358,1.2606410517623785,0.0288805780227244,-0.0628922416327974,-0.1516973224746815,0.0124006096782761,0.0063097120595454,0.0050487427206396,0.001042154898091,downstairs,wiktor
1672842737630193700,-0.0242022636758877,1.197344634884759,0.0745348198429763,1.1999063978591742,-0.0242022636758877,0.0881339465107251,-0.077027756748855,1.197344634884759,1.2978308799199845,1.2752222479882358,0.0745348198429763,0.0288805780227244,-0.0628922416327974,0.0171997769150995,0.0134222944822158,0.0016728849443115,0.002104597488572,downstairs,wiktor
1672842737640193700,0.1396409203887286,1.1395020045104138,0.1394131288309901,1.1564602999760558,0.1396409203887286,-0.0242022636758877,0.0881339465107251,1.1395020045104138,1.197344634884759,1.2978308799199845,0.1394131288309901,0.0745348198429763,0.0288805780227244,0.0647345136388495,0.0604544543513805,3.184774316461856e-05,0.0042482115443044,downstairs,wiktor
1672842737650193700,0.4873605038216452,1.14748294971316,0.2315891728370599,1.2680185036280252,0.4873605038216452,0.1396409203887286,-0.0242022636758877,1.14748294971316,1.1395020045104138,1.197344634884759,0.2315891728370599,0.1394131288309901,0.0745348198429763,0.0344302020029025,0.0249078944181803,0.0001116903790192,0.0094106172057029,downstairs,wiktor
1672842737660193700,0.2641659948471619,1.1624288775210434,0.0943986687509321,1.1957991791226368,0.2641659948471619,0.4873605038216452,0.1396409203887286,1.1624288775210434,1.14748294971316,1.1395020045104138,0.0943986687509321,0.2315891728370599,0.1394131288309901,0.0183767956995533,0.0035244473942454,0.0001883156347717,0.0146640326705362,downstairs,wiktor
1672842737670193700,0.1802082984251491,1.1430218872973252,-0.076855719050001,1.1596899875452575,0.1802082984251491,0.2641659948471619,0.4873605038216452,1.1430218872973252,1.1624288775210434,1.14748294971316,-0.076855719050001,0.0943986687509321,0.2315891728370599,0.012800365123737,0.0081373959033168,0.0030480601552487,0.0016149090651715,downstairs,wiktor
1672842737680193700,0.3077809906701341,1.0649442316556668,-0.133687207947821,1.1165606227713083,0.3077809906701341,0.1802082984251491,0.2641659948471619,1.0649442316556668,1.1430218872973252,1.1624288775210434,-0.133687207947821,-0.076855719050001,0.0943986687509321,0.0102627617691369,0.0002179460335938,0.0097699172900363,0.0002748984455067,downstairs,wiktor
1672842737690193700,0.3286590190058683,0.9251592733086664,-0.1571349560489413,0.994297654716847,0.3286590190058683,0.3077809906701341,0.1802082984251491,0.9251592733086664,1.0649442316556668,1.1430218872973252,-0.1571349560489413,-0.133687207947821,-0.076855719050001,0.0273213717042219,0.0198658220994974,0.0073239709298657,0.0001315786748587,downstairs,wiktor
1672842737700193700,0.1293310375306248,0.8041305913372783,-0.1409128307344998,0.8265645474243366,0.1293310375306248,0.3286590190058683,0.3077809906701341,0.8041305913372783,0.9251592733086664,1.0649442316556668,-0.1409128307344998,-0.1571349560489413,-0.133687207947821,0.0442306569454777,0.0373083949900764,0.0034911998577481,0.0034310620976531,downstairs,wiktor
1672842737710193700,-0.1438297026575523,0.7205698367003294,-0.0580748913872037,0.7370756853529594,-0.1438297026575523,0.1293310375306248,0.3286590190058683,0.7205698367003294,0.8041305913372783,0.9251592733086664,-0.0580748913872037,-0.1409128307344998,-0.1571349560489413,0.0167625514023726,0.0084842197434641,0.003811125458862,0.0044672062000464,downstairs,wiktor
1672842737720193700,-0.2740926654939947,0.6332643333358562,0.0364471293280392,0.6909984792958405,-0.2740926654939947,-0.1438297026575523,0.1293310375306248,0.6332643333358562,0.7205698367003294,0.8041305913372783,0.0364471293280392,-0.0580748913872037,-0.1409128307344998,0.0102382338378566,0.0031856917448497,0.0049493429990455,0.0021031990939613,downstairs,wiktor
1672842737730193700,-0.1942717190594932,0.5337721929523512,0.1013038806182691,0.5769893682069135,-0.1942717190594932,-0.2740926654939947,-0.1438297026575523,0.5337721929523512,0.6332643333358562,0.7205698367003294,0.1013038806182691,0.0364471293280392,-0.0580748913872037,0.016598901036009,0.0122165092752907,0.0043630407926436,1.935096807462526e-05,downstairs,wiktor
1672842737740193700,-0.0379610714676493,0.4403586950771124,0.1075249686380009,0.4548828883983132,-0.0379610714676493,-0.1942717190594932,-0.2740926654939947,0.4403586950771124,0.5337721929523512,0.6332643333358562,0.1075249686380009,0.1013038806182691,0.0364471293280392,0.0196502663702226,0.0131175967215326,0.003694330390807,0.002838339257883,downstairs,wiktor
1672842737750193700,0.124011745520465,0.3544013755422756,0.0321812328946359,0.376848616507887,0.124011745520465,-0.0379610714676493,-0.1942717190594932,0.3544013755422756,0.4403586950771124,0.5337721929523512,0.0321812328946359,0.1075249686380009,0.1013038806182691,0.0126430178589391,0.0032169597575224,0.0006162657478083,0.0088097923536084,downstairs,wiktor
1672842737760193700,0.2042234623394238,0.3192939476157423,-0.1005575508394967,0.3921322080431349,0.2042234623394238,0.124011745520465,-0.0379610714676493,0.3192939476157423,0.3544013755422756,0.4403586950771124,-0.1005575508394967,0.0321812328946359,0.1075249686380009,0.0066985928703579,2.8315218057233705e-06,0.0006359997627519,0.0060597615858003,downstairs,wiktor
1672842737770193700,0.201843747312063,0.3549590499638894,-0.2106462567615876,0.4594656363297603,0.201843747312063,0.2042234623394238,0.124011745520465,0.3549590499638894,0.3192939476157423,0.3544013755422756,-0.2106462567615876,-0.1005575508394967,0.0321812328946359,0.0045486988259901,0.0004702993546969,0.002308014640845,0.001770384830448,downstairs,wiktor
1672842737780193700,0.1711745655591377,0.4229004164624384,-0.270150623499636,0.5302139695591823,0.1711745655591377,0.201843747312063,0.2042234623394238,0.4229004164624384,0.3549590499638894,0.3192939476157423,-0.270150623499636,-0.2106462567615876,-0.1005575508394967,0.0040685278454657,0.0003545180589946,0.0037139264563291,8.333014194840766e-08,downstairs,wiktor
1672842737790193700,0.1445468334366064,0.5090854088489221,-0.2705588639727603,0.594360025097293,0.1445468334366064,0.1711745655591377,0.201843747312063,0.5090854088489221,0.4229004164624384,0.3549590499638894,-0.2705588639727603,-0.270150623499636,-0.2106462567615876,0.0039161157968115,0.0002013118201645,0.0030238662526302,0.0006909377240166,downstairs,wiktor
1672842737800193700,0.1244813496315952,0.5868525774051999,-0.2333852786192677,0.643708196537393,0.1244813496315952,0.1445468334366064,0.1711745655591377,0.5868525774051999,0.5090854088489221,0.4229004164624384,-0.2333852786192677,-0.2705588639727603,-0.270150623499636,0.0016706407109387,8.908212428716332e-05,0.0006196732120912,0.0009618853745603,downstairs,wiktor
1672842737810193700,0.1111335315112309,0.6220569297523522,-0.1895244675332804,0.6597158551019173,0.1111335315112309,0.1244813496315952,0.1445468334366064,0.6220569297523522,0.5868525774051999,0.5090854088489221,-0.1895244675332804,-0.2333852786192677,-0.2705588639727603,0.0019002807211613,4.3325890499636645e-05,0.0008663106679819,0.0009906441626798,downstairs,wiktor
1672842737820193700,0.1018248376716381,0.5804321614531309,-0.1450128024851197,0.6068760206999427,0.1018248376716381,0.1111335315112309,0.1244813496315952,0.5804321614531309,0.6220569297523522,0.5868525774051999,-0.1450128024851197,-0.1895244675332804,-0.2333852786192677,0.0075072564578193,4.483145867072486e-05,0.0062127504105716,0.001249674588577,downstairs,wiktor
1672842737830193700,0.1112938881700487,0.4689624309378775,-0.0950193111372043,0.4912644508451224,0.1112938881700487,0.1018248376716381,0.1111335315112309,0.4689624309378775,0.5804321614531309,0.6220569297523522,-0.0950193111372043,-0.1450128024851197,-0.1895244675332804,0.0120821129817682,0.0020080227412885,0.0091968935821342,0.0008771966583454,downstairs,wiktor
1672842737840193700,0.1746661650944036,0.3333387340251751,-0.0531338325474734,0.3800607648672444,0.1746661650944036,0.1112938881700487,0.1018248376716381,0.3333387340251751,0.4689624309378775,0.5804321614531309,-0.0531338325474734,-0.0950193111372043,-0.1450128024851197,0.0062270535054411,0.003104194420538,0.0030995422787601,2.3316806143031813e-05,downstairs,wiktor
1672842737850193700,0.2534594950219808,0.2546044685652101,-0.0599627132966199,0.3642261358223256,0.2534594950219808,0.1746661650944036,0.1112938881700487,0.2546044685652101,0.3333387340251751,0.4689624309378775,-0.0599627132966199,-0.0531338325474734,-0.0950193111372043,0.0019513582933018,0.0001109048629519,0.0001209101313792,0.0017195432989706,downstairs,wiktor
1672842737860193700,0.2683527728983865,0.2701550397045107,-0.1186064392862032,0.3988288400305959,0.2683527728983865,0.2534594950219808,0.1746661650944036,0.2701550397045107,0.2546044685652101,0.3333387340251751,-0.1186064392862032,-0.0599627132966199,-0.0531338325474734,0.0027539907964553,0.0004171526537121,0.000160990685226,0.0021758474575171,downstairs,wiktor
1672842737870193700,0.2394684292599334,0.2880988790498702,-0.1845738169439088,0.4176285270707152,0.2394684292599334,0.2683527728983865,0.2534594950219808,0.2880988790498702,0.2701550397045107,0.2546044685652101,-0.1845738169439088,-0.1186064392862032,-0.0599627132966199,0.0063312117551985,0.0037590940992052,0.0003811141255006,0.0021910035304927,downstairs,wiktor
1672842737880193700,0.1527609428564491,0.3157073605546767,-0.2507705469310124,0.4311530011247412,0.1527609428564491,0.2394684292599334,0.2683527728983865,0.3157073605546767,0.2880988790498702,0.2701550397045107,-0.2507705469310124,-0.1845738169439088,-0.1186064392862032,0.0176252018522773,0.0140850919588076,0.0023754863822791,0.0011646235111905,downstairs,wiktor
1672842737890193700,-0.0150788138092923,0.3846346611296912,-0.2990328202133704,0.4874339142212097,-0.0150788138092923,0.1527609428564491,0.2394684292599334,0.3846346611296912,0.3157073605546767,0.2880988790498702,-0.2990328202133704,-0.2507705469310124,-0.1845738169439088,0.0056024497923226,0.003629700891516,0.0017911560601201,0.0001815928406864,downstairs,wiktor
1672842737900193700,-0.1002809369226993,0.4444870806316656,-0.3180902513459451,0.5557035533086698,-0.1002809369226993,-0.0150788138092923,0.1527609428564491,0.4444870806316656,0.3846346611296912,0.3157073605546767,-0.3180902513459451,-0.2990328202133704,-0.2507705469310124,0.0123108955599703,0.0115067900990232,0.0007264677656618,7.763769528517278e-05,downstairs,wiktor
1672842737910193700,0.0514213379384463,0.4826044720865345,-0.3305512059871572,0.5872097838531529,0.0514213379384463,-0.1002809369226993,-0.0150788138092923,0.4826044720865345,0.4444870806316656,0.3846346611296912,-0.3305512059871572,-0.3180902513459451,-0.2990328202133704,0.0393722690905311,0.0270202208028363,0.0115329823532315,0.0008190659344631,downstairs,wiktor
1672842737920193700,0.283887338905626,0.634479304453399,-0.2900773642010554,0.7531937905960314,0.283887338905626,0.0514213379384463,-0.1002809369226993,0.634479304453399,0.4826044720865345,0.4444870806316656,-0.2900773642010554,-0.3305512059871572,-0.3180902513459451,0.1319844452496671,0.0460118341833942,0.0800319573333386,0.0059406537329341,downstairs,wiktor
1672842737930193700,0.5872413703058837,1.034559189809658,-0.1810759538162889,1.203309455322623,0.5872413703058837,0.283887338905626,0.0514213379384463,1.034559189809658,0.634479304453399,0.4826044720865345,-0.1810759538162889,-0.2900773642010554,-0.3305512059871572,0.1795398433294937,0.0120378912596716,0.1643447055818377,0.0031572464879843,downstairs,wiktor
1672842737940193700,0.4320776422012031,1.6078735984578931,-0.1016121697636233,1.6680148771974896,0.4320776422012031,0.5872413703058837,0.283887338905626,1.6078735984578931,1.034559189809658,0.634479304453399,-0.1016121697636233,-0.1810759538162889,-0.2900773642010554,0.4282164049711736,0.1669082152035512,0.2605271172136997,0.0007810725539225,downstairs,wiktor
1672842737950193700,-0.1456908498499838,2.3297144634879907,-0.141136151190665,2.338528323174227,-0.1456908498499838,0.4320776422012031,0.5872413703058837,2.3297144634879907,1.6078735984578931,1.034559189809658,-0.141136151190665,-0.1016121697636233,-0.1810759538162889,0.26686905430154,0.0082063075217082,0.2387046986925086,0.0199580480873231,downstairs,wiktor
1672842737960193700,-0.2738025786003856,3.020662650680791,-0.3409262815140777,3.052147019835896,-0.2738025786003856,-0.1456908498499838,0.4320776422012031,3.020662650680791,2.3297144634879907,1.6078735984578931,-0.3409262815140777,-0.141136151190665,-0.1016121697636233,0.1312944424022487,0.1106317033096877,0.0006533921251159,0.0200093469674449,downstairs,wiktor
1672842737970193700,0.1965838653150142,3.056812121634484,-0.5409730108922157,3.110530077267779,0.1965838653150142,-0.2738025786003856,-0.1456908498499838,3.056812121634484,3.020662650680791,2.3297144634879907,-0.5409730108922157,-0.3409262815140777,-0.141136151190665,0.638436769303151,0.024161810009085,0.6138543517860074,0.0004206075080584,downstairs,wiktor
1672842737980193700,0.4164102059072417,1.9487919487260592,-0.5119693039547053,2.057498502355491,0.4164102059072417,0.1965838653150142,-0.2738025786003856,1.9487919487260592,3.056812121634484,3.020662650680791,-0.5119693039547053,-0.5409730108922157,-0.3409262815140777,0.5577738370664688,0.046656846239764,0.4916866911070038,0.0194302997197008,downstairs,wiktor
1672842737990193700,0.1109373061607533,0.9571401034628098,-0.3148383844128897,1.0136801625042888,0.1109373061607533,0.4164102059072417,0.1965838653150142,0.9571401034628098,1.9487919487260592,3.056812121634484,-0.3148383844128897,-0.5119693039547053,-0.5409730108922157,0.1406901794447679,0.0086555531182217,0.1282371528035022,0.0037974735230438,downstairs,wiktor
1672842738000193700,-0.0206343710210913,0.4507071803555096,-0.2276893910389691,0.5053762939465469,-0.0206343710210913,0.1109373061607533,0.4164102059072417,0.4507071803555096,0.9571401034628098,1.9487919487260592,-0.2276893910389691,-0.3148383844128897,-0.5119693039547053,0.0416666649887008,0.0008998135018977,0.0387902019458331,0.0019766495409699,downstairs,wiktor
1672842738010193700,-0.0630563818621104,0.1721745899972782,-0.1648141249803685,0.2465438957413378,-0.0630563818621104,-0.0206343710210913,0.1109373061607533,0.1721745899972782,0.4507071803555096,0.9571401034628098,-0.1648141249803685,-0.2276893910389691,-0.3148383844128897,0.00677869326868,9.870208066146286e-06,0.0064998170533851,0.0002690060072287,downstairs,wiktor
1672842738020193700,-0.0586133630536545,0.058158652046611,-0.1416190389823076,0.1639326304876813,-0.0586133630536545,-0.0630563818621104,-0.0206343710210913,0.058158652046611,0.1721745899972782,0.4507071803555096,-0.1416190389823076,-0.1648141249803685,-0.2276893910389691,0.0041775580742214,0.0005309956575507,0.003607965257902,3.859715876864124e-05,downstairs,wiktor
1672842738030193700,-0.0260251548319441,0.1431052853866327,-0.1504050686622758,0.2092322060986792,-0.0260251548319441,-0.0586133630536545,-0.0630563818621104,0.1431052853866327,0.058158652046611,0.1721745899972782,-0.1504050686622758,-0.1416190389823076,-0.1648141249803685,0.0737810536623844,0.0008256942268553,0.071395990247061,0.001559369188468,downstairs,wiktor
1672842738040193700,-0.0666624339449786,0.5209835468599836,-0.0945594029671112,0.5336751979320137,-0.0666624339449786,-0.0260251548319441,-0.0586133630536545,0.5209835468599836,0.1431052853866327,0.058158652046611,-0.0945594029671112,-0.1504050686622758,-0.1416190389823076,0.0947440230422526,0.0016193314933536,0.0929911241785648,0.0001335673703342,downstairs,wiktor
1672842738050193700,-0.1235716861515167,0.9522401391077192,-0.078215145851279,0.9634048231074795,-0.1235716861515167,-0.0666624339449786,-0.0260251548319441,0.9522401391077192,0.5209835468599836,0.1431052853866327,-0.078215145851279,-0.0945594029671112,-0.1504050686622758,0.0957040977578091,0.0002643278401418,0.0953312414560817,0.0001085284615855,downstairs,wiktor
1672842738060193700,-0.1465641997218866,1.3888892922182725,-0.0634822940169918,1.3980431081809856,-0.1465641997218866,-0.1235716861515167,-0.0666624339449786,1.3888892922182725,0.9522401391077192,0.5209835468599836,-0.0634822940169918,-0.078215145851279,-0.0945594029671112,0.0641565683826794,0.0025091331807662,0.0614896448522093,0.0001577903497038,downstairs,wiktor
1672842738070193700,-0.0757244766737802,1.7395733233694195,-0.0457177028478207,1.7418207864472528,-0.0757244766737802,-0.1465641997218866,-0.1235716861515167,1.7395733233694195,1.3888892922182725,0.9522401391077192,-0.0457177028478207,-0.0634822940169918,-0.078215145851279,0.0351828767602233,0.0175964375185276,0.0175856776104704,7.616312251709504e-07,downstairs,wiktor
1672842738080193700,0.1118731646681496,1.927113599632789,-0.0469519080375448,1.9309290283516063,0.1118731646681496,-0.0757244766737802,-0.1465641997218866,1.927113599632789,1.7395733233694195,1.3888892922182725,-0.0469519080375448,-0.0457177028478207,-0.0634822940169918,0.0117658763588229,0.005132447215354,0.0054670399423015,0.0011663892011673,downstairs,wiktor
1672842738090193700,0.2131889799721195,1.822547448873554,-0.0952507527683946,1.8374442713943733,0.2131889799721195,0.1118731646681496,-0.0757244766737802,1.822547448873554,1.927113599632789,1.7395733233694195,-0.0952507527683946,-0.0469519080375448,-0.0457177028478207,0.100652730361277,0.0104030224118052,0.0880642187233526,0.0021854892261191,downstairs,wiktor
1672842738100193700,0.0689459738206582,1.4028708621466968,-0.1613641285121745,1.4138028805801708,0.0689459738206582,0.2131889799721195,0.1118731646681496,1.4028708621466968,1.822547448873554,1.927113599632789,-0.1613641285121745,-0.0952507527683946,-0.0469519080375448,0.0472397601268392,0.0049962048810083,0.0419616277232392,0.0002819275225917,downstairs,wiktor
1672842738110193700,-0.0310160677852268,1.113175754410169,-0.1851097606407031,1.1288878952987162,-0.0310160677852268,0.0689459738206582,0.2131889799721195,1.113175754410169,1.4028708621466968,1.822547448873554,-0.1851097606407031,-0.1613641285121745,-0.0952507527683946,0.0095404603638079,0.0008270259249044,0.0084873748150228,0.0002260596238806,downstairs,wiktor
1672842738120193700,0.0096539684799261,0.982888573037458,-0.2063728565526674,1.0043669160405126,0.0096539684799261,-0.0310160677852268,0.0689459738206582,0.982888573037458,1.113175754410169,1.4028708621466968,-0.2063728565526674,-0.1851097606407031,-0.1613641285121745,0.002591179628798,0.0013396866161884,0.0012104252331143,4.106777949516949e-05,downstairs,wiktor
1672842738130193700,0.0614166310116862,0.9336864341995096,-0.1973099895123573,0.956281125995064,0.0614166310116862,0.0096539684799261,-0.0310160677852268,0.9336864341995096,0.982888573037458,1.113175754410169,-0.1973099895123573,-0.2063728565526674,-0.1851097606407031,0.0013164041622801,0.0001747837529574,6.105450213107975e-05,0.0010805659071915,downstairs,wiktor
1672842738140193700,0.080113355481897,0.9447367285060952,-0.1508220145684746,0.9600483925268878,0.080113355481897,0.0614166310116862,0.0096539684799261,0.9447367285060952,0.9336864341995096,0.982888573037458,-0.1508220145684746,-0.1973099895123573,-0.2063728565526674,0.002591492864018,0.0003157679081978,0.0006120221661975,0.0016637027896225,downstairs,wiktor
1672842738150193700,0.1052437318498656,0.9797230734480176,-0.09313834634908,0.9897516331387168,0.1052437318498656,0.080113355481897,0.0614166310116862,0.9797230734480176,0.9447367285060952,0.9336864341995096,-0.09313834634908,-0.1508220145684746,-0.1973099895123573,0.0014386273385127,7.230100179954586e-05,0.0003738721379535,0.0009924541987597,downstairs,wiktor
1672842738160193700,0.1172687891719365,1.0070679866112928,-0.0485860355502067,1.0150362069510923,0.1172687891719365,0.1052437318498656,0.080113355481897,1.0070679866112928,0.9797230734480176,0.9447367285060952,-0.0485860355502067,-0.09313834634908,-0.1508220145684746,0.0003991106615142,0.0002366462351471,3.900045226530269e-05,0.0001234639741017,downstairs,wiktor
1672842738170193700,0.09551350314085,1.0158997986864338,-0.0328720943449087,1.0209093029451708,0.09551350314085,0.1172687891719365,0.1052437318498656,1.0158997986864338,1.0070679866112928,0.9797230734480176,-0.0328720943449087,-0.0485860355502067,-0.09313834634908,0.0001077052384629,5.6675472491239976e-05,4.67790442926132e-05,4.250721679140872e-06,downstairs,wiktor
1672842738180193700,0.0848668630613469,1.0062272556606713,-0.0299563708740902,1.0102440589462656,0.0848668630613469,0.09551350314085,0.1172687891719365,1.0062272556606713,1.0158997986864338,1.0070679866112928,-0.0299563708740902,-0.0328720943449087,-0.0485860355502067,0.001225790307549,0.0002809360728446,0.0007906819000451,0.0001541723346593,downstairs,wiktor
1672842738190193700,0.0611630206367678,0.9664608904748736,-0.0475161165817789,0.9695593582890696,0.0611630206367678,0.0848668630613469,0.09551350314085,0.9664608904748736,1.0062272556606713,1.0158997986864338,-0.0475161165817789,-0.0299563708740902,-0.0328720943449087,0.0023391592051172,3.327058481635635e-05,0.0018985260658906,0.0004073625544102,downstairs,wiktor
1672842738200193700,0.0530057435400453,0.9048406654527164,-0.0760595065139592,0.909577532284244,0.0530057435400453,0.0611630206367678,0.0848668630613469,0.9048406654527164,0.9664608904748736,1.0062272556606713,-0.0760595065139592,-0.0475161165817789,-0.0299563708740902,0.0027814350009697,0.0001306667448163,0.0025936411519771,5.712710417615785e-05,downstairs,wiktor
1672842738210193700,0.0691715559116137,0.8328178752821433,-0.0867484825337805,0.8401759439299669,0.0691715559116137,0.0530057435400453,0.0611630206367678,0.8328178752821433,0.9048406654527164,0.9664608904748736,-0.0867484825337805,-0.0760595065139592,-0.0475161165817789,0.0026154946120812,7.874065055343683e-05,0.0025230656955311,1.3688265996744755e-05,downstairs,wiktor
1672842738220193700,0.0817207113057776,0.7617817479168215,-0.0815162237487538,0.7704768658757944,0.0817207113057776,0.0691715559116137,0.0530057435400453,0.7617817479168215,0.8328178752821433,0.9048406654527164,-0.0815162237487538,-0.0867484825337805,-0.0760595065139592,0.0013283000952971,8.696935287322372e-06,0.0013093585256039,1.0244634405824168e-05,downstairs,wiktor
1672842738230193700,0.0775501153561986,0.7106083461224526,-0.0769897163963188,0.7189615138527463,0.0775501153561986,0.0817207113057776,0.0691715559116137,0.7106083461224526,0.7617817479168215,0.8328178752821433,-0.0769897163963188,-0.0815162237487538,-0.0867484825337805,0.0012384722021504,0.000451625272039,0.0007484176167078,3.842931340358505e-05,downstairs,wiktor
1672842738240193700,0.0474959884502612,0.6719193911945199,-0.0857566215975383,0.6790329412700867,0.0474959884502612,0.0775501153561986,0.0817207113057776,0.6719193911945199,0.7106083461224526,0.7617817479168215,-0.0857566215975383,-0.0769897163963188,-0.0815162237487538,0.0019935351628404,0.0009710448834916,0.0006318366918599,0.0003906535874887,downstairs,wiktor
1672842738250193700,0.0034268408866502,0.6363712072223402,-0.1137084940746649,0.6464593399780137,0.0034268408866502,0.0474959884502612,0.0775501153561986,0.6363712072223402,0.6719193911945199,0.7106083461224526,-0.1137084940746649,-0.0857566215975383,-0.0769897163963188,0.000472377716273,2.4124884110601062e-05,5.174802279395614e-05,0.0003965048093684,downstairs,wiktor
1672842738260193700,-0.0035193644242516,0.6261979065982599,-0.1418689205404868,0.642077094101103,-0.0035193644242516,0.0034268408866502,0.0474959884502612,0.6261979065982599,0.6363712072223402,0.6719193911945199,-0.1418689205404868,-0.1137084940746649,-0.0857566215975383,0.000639856522222,0.0004831008640814,9.538069090524732e-05,6.137496723539135e-05,downstairs,wiktor
1672842738270193700,0.0275644211908061,0.6400095459582524,-0.1529481774862744,0.6586085037635374,0.0275644211908061,-0.0035193644242516,0.0034268408866502,0.6400095459582524,0.6261979065982599,0.6363712072223402,-0.1529481774862744,-0.1418689205404868,-0.1137084940746649,0.0002887525992165,7.388123185771921e-05,4.784246125182698e-07,0.0002143929427463,downstairs,wiktor
1672842738280193700,0.0397201796498838,0.6390313592557071,-0.1736553232454709,0.6633965194927576,0.0397201796498838,0.0275644211908061,-0.0035193644242516,0.6390313592557071,0.6400095459582524,0.6261979065982599,-0.1736553232454709,-0.1529481774862744,-0.1418689205404868,0.0003370325035921,0.0001134797834157,2.586885013161989e-05,0.0001976838700447,downstairs,wiktor
1672842738290193700,0.0547853569416239,0.631838466912342,-0.1537714669773949,0.6525848202814252,0.0547853569416239,0.0397201796498838,0.0275644211908061,0.631838466912342,0.6390313592557071,0.6400095459582524,-0.1537714669773949,-0.1736553232454709,-0.1529481774862744,0.0007561983011936,1.3001358304019877e-05,0.0003537534463869,0.0003894434965026,downstairs,wiktor
1672842738300193700,0.0598846428335935,0.6584374686374812,-0.1258629200247964,0.6730286362334142,0.0598846428335935,0.0547853569416239,0.0397201796498838,0.6584374686374812,0.631838466912342,0.6390313592557071,-0.1258629200247964,-0.1537714669773949,-0.1736553232454709,0.0018967793159416,0.0001428004093702,0.0014891394532404,0.0002648394533309,downstairs,wiktor
1672842738310193700,0.042984914470675,0.7130110786196051,-0.1028481659165766,0.7216718411707275,0.042984914470675,0.0598846428335935,0.0547853569416239,0.7130110786196051,0.6584374686374812,0.631838466912342,-0.1028481659165766,-0.1258629200247964,-0.1537714669773949,0.0017448481447009,0.0001107974255564,0.0014389008758231,0.0001951498433212,downstairs,wiktor
1672842738320193700,0.0280988521601458,0.7666562252001335,-0.0830921621039998,0.7716577094372562,0.0280988521601458,0.042984914470675,0.0598846428335935,0.7666562252001335,0.7130110786196051,0.6584374686374812,-0.0830921621039998,-0.1028481659165766,-0.1258629200247964,0.001281516862716,1.6935308945415105e-05,0.0012607782703064,3.8032834641838775e-06,downstairs,wiktor
1672842738330193700,0.0339186990559696,0.8168713279144854,-0.0803341615731137,0.8215125209210625,0.0339186990559696,0.0280988521601458,0.042984914470675,0.8168713279144854,0.7666562252001335,0.7130110786196051,-0.0803341615731137,-0.0830921621039998,-0.1028481659165766,0.0045351354992866,0.0022962859246342,0.0022382468065729,6.027680794202312e-07,downstairs,wiktor
1672842738340193700,-0.0338498175964449,0.8837779315732116,-0.0814321306796192,0.8881668955743394,-0.0338498175964449,0.0339186990559696,0.0280988521601458,0.8837779315732116,0.8168713279144854,0.7666562252001335,-0.0814321306796192,-0.0803341615731137,-0.0830921621039998,0.0042927945566417,0.0027655304109101,0.0015264840852735,7.80060458063148e-07,downstairs,wiktor
1672842738350193700,-0.1082209196577984,0.939031602677918,-0.0826811786835511,0.9488563092417842,-0.1082209196577984,-0.0338498175964449,0.0339186990559696,0.939031602677918,0.8837779315732116,0.8168713279144854,-0.0826811786835511,-0.0814321306796192,-0.0803341615731137,0.0011411433988236,2.441472707862649e-06,0.0009859090697755,0.0001527928563402,downstairs,wiktor
1672842738360193700,-0.1104306584241971,0.9834367616073848,-0.0652001686246193,0.9917630041443876,-0.1104306584241971,-0.1082209196577984,-0.0338498175964449,0.9834367616073848,0.939031602677918,0.8837779315732116,-0.0652001686246193,-0.0826811786835511,-0.0814321306796192,0.0023958484421247,0.0007586069389129,0.0011449763318375,0.0004922651713743,downstairs,wiktor
1672842738370193700,-0.0714792286965754,1.0312902114691769,-0.0338229421259518,1.0343175391635069,-0.0714792286965754,-0.1104306584241971,-0.1082209196577984,1.0312902114691769,0.9834367616073848,0.939031602677918,-0.0338229421259518,-0.0652001686246193,-0.0826811786835511,0.0014144063811532,0.0001300995089545,0.0008491367726612,0.0004351700995374,downstairs,wiktor
1672842738380193700,-0.0553485430971025,1.072500326068903,-0.0043214133676855,1.0739362575378344,-0.0553485430971025,-0.0714792286965754,-0.1104306584241971,1.072500326068903,1.0312902114691769,0.9834367616073848,-0.0043214133676855,-0.0338229421259518,-0.0652001686246193,0.0007708077014199,3.966754081114993e-05,0.0004765577695694,0.0002545823910393,downstairs,wiktor
1672842738390193700,-0.0642555673825921,1.103372895432966,0.0182432666007669,1.1053928446900914,-0.0642555673825921,-0.0553485430971025,-0.0714792286965754,1.103372895432966,1.072500326068903,1.0312902114691769,0.0182432666007669,-0.0043214133676855,-0.0338229421259518,0.001186309316052,0.000452583305671,0.0006808250930347,5.2900917346323305e-05,downstairs,wiktor
1672842738400193700,-0.0943415543423384,1.140273439955635,0.0285292684816071,1.1445251268120245,-0.0943415543423384,-0.0642555673825921,-0.0553485430971025,1.140273439955635,1.103372895432966,1.072500326068903,0.0285292684816071,0.0182432666007669,-0.0043214133676855,0.001918806590158,7.394438993274822e-07,0.0018722905564956,4.577658976311152e-05,downstairs,wiktor
1672842738410193700,-0.0955576496505503,1.2014664225025842,0.0380976110510505,1.2058624535060758,-0.0955576496505503,-0.0943415543423384,-0.0642555673825921,1.2014664225025842,1.140273439955635,1.103372895432966,0.0380976110510505,0.0285292684816071,0.0182432666007669,0.0084595315398809,0.0035135806322973,0.0048259980839971,0.0001199528235864,downstairs,wiktor
1672842738420193700,-0.0117294845471994,1.2997109957267288,0.0535864989121267,1.300868081738639,-0.0117294845471994,-0.0955576496505503,-0.0943415543423384,1.2997109957267288,1.2014664225025842,1.140273439955635,0.0535864989121267,0.0380976110510505,0.0285292684816071,0.0138313500347196,0.006028503084585,0.0077250042678717,7.784268226275395e-05,downstairs,wiktor
1672842738430193700,0.0980749150421166,1.4240090590090806,0.0660638930521508,1.4289103985434677,0.0980749150421166,-0.0117294845471994,-0.0955576496505503,1.4240090590090806,1.2997109957267288,1.2014664225025842,0.0660638930521508,0.0535864989121267,0.0380976110510505,0.0062732883784176,0.0018675334514786,0.0042266834061333,0.0001790715208055,downstairs,wiktor
1672842738440193700,0.1591901087582241,1.5159512517840346,0.0849885605950981,1.52665410094889,0.1591901087582241,0.0980749150421166,-0.0117294845471994,1.5159512517840346,1.4240090590090806,1.2997109957267288,0.0849885605950981,0.0660638930521508,0.0535864989121267,0.0019577028907722,0.0008072073180886,0.0007561970225148,0.0003942985501687,downstairs,wiktor
1672842738450193700,0.1993698877045703,1.5548407625167469,0.1130705316857742,1.571643437310987,0.1993698877045703,0.1591901087582241,0.0980749150421166,1.5548407625167469,1.5159512517840346,1.4240090590090806,0.1130705316857742,0.0849885605950981,0.0660638930521508,0.0008023280197978,0.0006889250860628,4.356872400114843e-05,6.983420973381743e-05,downstairs,wiktor
1672842738460193700,0.2364892919579485,1.5641755066483392,0.1248886711107275,1.5868740910926624,0.2364892919579485,0.1993698877045703,0.1591901087582241,1.5641755066483392,1.5548407625167469,1.5159512517840346,0.1248886711107275,0.1130705316857742,0.0849885605950981,0.0004119811741612,0.0003845330128373,1.9567481100194965e-05,7.880680223710421e-06,downstairs,wiktor
1672842738470193700,0.2642213316534826,1.5579197123582118,0.1209186131202919,1.5847864377429437,0.2642213316534826,0.2364892919579485,0.1993698877045703,1.5579197123582118,1.5641755066483392,1.5548407625167469,0.1209186131202919,0.1248886711107275,0.1130705316857742,0.0007261425556033,3.649984752679057e-05,2.542597421119041e-05,0.0006642167338653,downstairs,wiktor
1672842738480193700,0.2556773457538231,1.5650507675692154,0.0844709318808668,1.588046015874078,0.2556773457538231,0.2642213316534826,0.2364892919579485,1.5650507675692154,1.5579197123582118,1.5641755066483392,0.0844709318808668,0.1209186131202919,0.1248886711107275,0.0023298509031447,0.0002983219773577,0.0002152147645836,0.0018163141612033,downstairs,wiktor
1672842738490193700,0.2312510493764471,1.5857975632053436,0.0241996425101658,1.6027528137561742,0.2312510493764471,0.2556773457538231,0.2642213316534826,1.5857975632053436,1.5650507675692154,1.5579197123582118,0.0241996425101658,0.0844709318808668,0.1209186131202919,0.0018303494530605,0.0001669419334581,0.0001013729137204,0.0015620346058819,downstairs,wiktor
1672842738500193700,0.2129785600299921,1.6000364475521234,-0.0316937310842402,1.6144599694999278,0.2129785600299921,0.2312510493764471,0.2556773457538231,1.6000364475521234,1.5857975632053436,1.5650507675692154,-0.0316937310842402,0.0241996425101658,0.0844709318808668,0.0030720276443158,0.0018438934499098,1.18705888605093e-05,0.0012162636055454,downstairs,wiktor
1672842738510193700,0.1522514087727521,1.6049089394937297,-0.081014388126609,1.6141488551629013,0.1522514087727521,0.2129785600299921,0.2312510493764471,1.6049089394937297,1.6000364475521234,1.5857975632053436,-0.081014388126609,-0.0316937310842402,0.0241996425101658,0.0067963647725128,0.0052779458131458,0.0004054048626619,0.001113014096705,downstairs,wiktor
1672842738520193700,0.0495095398667814,1.576434218681683,-0.1281951913564188,1.5824127298070052,0.0495095398667814,0.1522514087727521,0.2129785600299921,1.576434218681683,1.6049089394937297,1.6000364475521234,-0.1281951913564188,-0.081014388126609,-0.0316937310842402,0.0075949708026331,0.0048926870285513,0.0025050147384371,0.0001972690356446,downstairs,wiktor
1672842738530193700,-0.0494115097490748,1.505652656980388,-0.1480581737933373,1.5137214550883538,-0.0494115097490748,0.0495095398667814,0.1522514087727521,1.505652656980388,1.576434218681683,1.6049089394937297,-0.1480581737933373,-0.1281951913564188,-0.081014388126609,0.0084134266500468,0.0005104796003797,0.0073414123325966,0.0005615347170704,downstairs,wiktor
1672842738540193700,-0.0813639619360274,1.3844799510388546,-0.1145459456647734,1.3915910328824033,-0.0813639619360274,-0.0494115097490748,0.0495095398667814,1.3844799510388546,1.505652656980388,1.576434218681683,-0.1145459456647734,-0.1480581737933373,-0.1281951913564188,0.0177027979087316,0.0029927501459901,0.0119506586475186,0.0027593891152228,downstairs,wiktor
1672842738550193700,-0.003997946839085,1.2298794423235295,-0.0402574658684708,1.230544631367394,-0.003997946839085,-0.0813639619360274,-0.0494115097490748,1.2298794423235295,1.3844799510388546,1.505652656980388,-0.0402574658684708,-0.1145459456647734,-0.1480581737933373,0.0245759407284433,0.0147791082366704,0.0068193931766542,0.0029774393151186,downstairs,wiktor
1672842738560193700,0.1679270847105437,1.113094227705803,0.0369103942174305,1.1262950957598303,0.1679270847105437,-0.003997946839085,-0.0813639619360274,1.113094227705803,1.2298794423235295,1.3844799510388546,0.0369103942174305,-0.0402574658684708,-0.1145459456647734,0.0163115008980865,0.0156126223451133,0.0005282341887741,0.000170644364199,downstairs,wiktor
1672842738570193700,0.3446337475453865,1.0805908682248453,0.0553843956355873,1.135568789513881,0.3446337475453865,0.1679270847105437,-0.003997946839085,1.0805908682248453,1.113094227705803,1.2298794423235295,0.0553843956355873,0.0369103942174305,-0.0402574658684708,0.013070317211598,0.008298298927553,0.0030488664999581,0.0017231517840867,downstairs,wiktor
1672842738580193700,0.4734615312533513,1.1586788506543866,-0.0033208304364888,1.2516842766629797,0.4734615312533513,0.3446337475453865,0.1679270847105437,1.1586788506543866,1.0805908682248453,1.113094227705803,-0.0033208304364888,0.0553843956355873,0.0369103942174305,0.0108796241388019,0.0016266161738755,0.0025636928527652,0.0066893151121611,downstairs,wiktor
1672842738590193700,0.5304986450280779,1.2302846165222998,-0.1189868592622521,1.345060192967268,0.5304986450280779,0.4734615312533513,0.3446337475453865,1.2302846165222998,1.1586788506543866,1.0805908682248453,-0.1189868592622521,-0.0033208304364888,0.0553843956355873,0.0043796283016043,0.0006874100023955,0.0002277341183762,0.0034644841808326,downstairs,wiktor
1672842738600193700,0.4934200797269358,1.2516263183464853,-0.2022272843072099,1.3604880338957717,0.4934200797269358,0.5304986450280779,0.4734615312533513,1.2516263183464853,1.2302846165222998,1.1586788506543866,-0.2022272843072099,-0.1189868592622521,-0.0033208304364888,0.0212166440845496,0.0209606127752905,0.0002560294041338,1.90512524773832e-09,downstairs,wiktor
1672842738610193700,0.2886733445867116,1.2289976018944266,-0.2021655570806768,1.2785297485028928,0.2886733445867116,0.4934200797269358,0.5304986450280779,1.2289976018944266,1.2516263183464853,1.2302846165222998,-0.2021655570806768,-0.2022272843072099,-0.1189868592622521,0.0414346199758823,0.0364711260438775,0.0005877702607226,0.0043757236712822,downstairs,wiktor
1672842738620193700,0.0185951113139152,1.194711445483342,-0.1086163863597965,1.1997827868074846,0.0185951113139152,0.2886733445867116,0.4934200797269358,1.194711445483342,1.2289976018944266,1.2516263183464853,-0.1086163863597965,-0.2021655570806768,-0.2022272843072099,0.0142411743700927,0.0117445452887911,5.234508995180724e-05,0.0024442839913497,downstairs,wiktor
1672842738630193700,-0.1346663991105295,1.2049432674082787,-0.0386980913097913,1.2130625948371156,-0.1346663991105295,0.0185951113139152,0.2886733445867116,1.2049432674082787,1.194711445483342,1.2289976018944266,-0.0386980913097913,-0.1086163863597965,-0.2021655570806768,0.005082468922223,0.0029622657049558,0.002020638508595,9.956470867215869e-05,downstairs,wiktor
1672842738640193700,-0.211637376822338,1.268514306547104,-0.0245867689995215,1.2862827972078132,-0.211637376822338,-0.1346663991105295,0.0185951113139152,1.268514306547104,1.2049432674082787,1.194711445483342,-0.0245867689995215,-0.0386980913097913,-0.1086163863597965,0.0027715156183249,0.0005457825845874,0.0009219927786071,0.0013037402551302,downstairs,wiktor
1672842738650193700,-0.1785985334833984,1.3114559594870447,-0.075650263888342,1.3257213629805025,-0.1785985334833984,-0.211637376822338,-0.1346663991105295,1.3114559594870447,1.268514306547104,1.2049432674082787,-0.075650263888342,-0.0245867689995215,-0.0386980913097913,0.0023969117695541,0.0005673201511885,0.0006135759772317,0.0012160156411338,downstairs,wiktor
1672842738660193700,-0.1449141112324947,1.276425230769768,-0.1249658930769443,1.2906889415395475,-0.1449141112324947,-0.1785985334833984,-0.211637376822338,1.276425230769768,1.3114559594870447,1.268514306547104,-0.1249658930769443,-0.075650263888342,-0.0245867689995215,0.0030653163113302,0.0014408847695257,0.0014809505575085,0.000143480984296,downstairs,wiktor
1672842738670193700,-0.1985962268675127,1.222001879944805,-0.141905844924338,1.2461405718209886,-0.1985962268675127,-0.1449141112324947,-0.1785985334833984,1.222001879944805,1.276425230769768,1.3114559594870447,-0.141905844924338,-0.1249658930769443,-0.075650263888342,0.0063322888712509,0.0038547389750454,0.0003547716459403,0.0021227782502651,downstairs,wiktor
1672842738680193700,-0.2863998597655365,1.1953646261096098,-0.0767479098701151,1.231589099780165,-0.2863998597655365,-0.1985962268675127,-0.1449141112324947,1.1953646261096098,1.222001879944805,1.276425230769768,-0.0767479098701151,-0.141905844924338,-0.1249658930769443,0.0080644304154259,0.0007806028612604,0.0008115042318487,0.0064723233223167,downstairs,wiktor
1672842738690193700,-0.3259119556669304,1.1550780469088706,0.0370266331728408,1.200747629130106,-0.3259119556669304,-0.2863998597655365,-0.1985962268675127,1.1550780469088706,1.1953646261096098,1.222001879944805,0.0370266331728408,-0.0767479098701151,-0.141905844924338,0.0106533192189483,0.0040756412897821,0.0015261588309459,0.0050515190982202,downstairs,wiktor
1672842738700193700,-0.2356275019688303,1.0998302626827874,0.1375405038397316,1.1331656174599756,-0.2356275019688303,-0.3259119556669304,-0.2863998597655365,1.0998302626827874,1.1550780469088706,1.1953646261096098,0.1375405038397316,0.0370266331728408,-0.0767479098701151,0.0066128992070429,0.0030037270976015,0.0007597609582889,0.0028494111511524,downstairs,wiktor
1672842738710193700,-0.1581197333568828,1.060849217076265,0.2130310482960066,1.0935196107003615,-0.1581197333568828,-0.2356275019688303,-0.3259119556669304,1.060849217076265,1.0998302626827874,1.1550780469088706,0.2130310482960066,0.1375405038397316,0.0370266331728408,0.0046592246339242,0.003381048863582,0.0009837423559903,0.0002944334143518,downstairs,wiktor
1672842738720193700,-0.0758877582671157,1.0164928791753438,0.2372976267260962,1.0465786587346535,-0.0758877582671157,-0.1581197333568828,-0.2356275019688303,1.0164928791753438,1.060849217076265,1.0998302626827874,0.2372976267260962,0.2130310482960066,0.1375405038397316,0.0088499285096671,0.0009031234291219,3.554067512415309e-05,0.007911264405421,downstairs,wiktor
1672842738730193700,-0.0333877952289671,1.008061903534986,0.1115099929505852,1.0147600823626592,-0.0333877952289671,-0.0758877582671157,-0.1581197333568828,1.008061903534986,1.0164928791753438,1.060849217076265,0.1115099929505852,0.2372976267260962,0.2130310482960066,0.0325810221258765,0.0040430507438063,0.0008682694897583,0.0276697018923118,downstairs,wiktor
1672842738740193700,0.0565349576626829,1.049733704306211,-0.1237332934246559,1.0585116812279745,0.0565349576626829,-0.0333877952289671,-0.0758877582671157,1.049733704306211,1.008061903534986,1.0164928791753438,-0.1237332934246559,0.1115099929505852,0.2372976267260962,0.0436283170046056,0.0346140291481134,4.5887872808497246e-05,0.0089683999836837,downstairs,wiktor
1672842738750193700,0.319647211836119,1.0593136701525483,-0.2576616323502452,1.136093881944648,0.319647211836119,0.0565349576626829,-0.0333877952289671,1.0593136701525483,1.049733704306211,1.008061903534986,-0.2576616323502452,-0.1237332934246559,0.1115099929505852,0.0389064630434228,0.0324355967225758,0.0050125751415242,0.0014582911793227,downstairs,wiktor
1672842738760193700,0.5743454518087415,0.959187997705126,-0.3116670242907313,1.1606251104405745,0.5743454518087415,0.319647211836119,0.0565349576626829,0.959187997705126,1.0593136701525483,1.049733704306211,-0.3116670242907313,-0.2576616323502452,-0.1237332934246559,0.0197859345306255,0.0114307265076803,0.0053517516353136,0.0030034563876315,downstairs,wiktor
1672842738770193700,0.4231454087685339,0.8557302610653397,-0.2341627484392457,0.9829336241178576,0.4231454087685339,0.5743454518087415,0.319647211836119,0.8557302610653397,0.959187997705126,1.0593136701525483,-0.2341627484392457,-0.3116670242907313,-0.2576616323502452,0.1230093842055755,0.109488748312313,0.0025433228736935,0.0109773130195689,downstairs,wiktor
1672842738780193700,-0.0448049055006479,0.78440953653602,-0.0859918132355493,0.7903799039127408,-0.0448049055006479,0.4231454087685339,0.5743454518087415,0.78440953653602,0.8557302610653397,0.959187997705126,-0.0859918132355493,-0.2341627484392457,-0.3116670242907313,0.0584473221833595,0.0433552776427672,0.0048922507735171,0.0101997937670751,downstairs,wiktor
1672842738790193700,-0.3392714660564003,0.6854928971519698,0.0568353114087224,0.7669653788462597,-0.3392714660564003,-0.0448049055006479,0.4231454087685339,0.6854928971519698,0.78440953653602,0.8557302610653397,0.0568353114087224,-0.0859918132355493,-0.2341627484392457,0.0160514284069037,0.0019684028849316,0.007288270510397,0.0067947550115751,downstairs,wiktor
1672842738800193700,-0.4020154360444654,0.5647595503881446,0.1734093652249569,0.7145911897864144,-0.4020154360444654,-0.3392714660564003,-0.0448049055006479,0.5647595503881446,0.6854928971519698,0.78440953653602,0.1734093652249569,0.0568353114087224,-0.0859918132355493,0.020121508805538,0.0103498765394007,0.0082999924985782,0.0014716397675591,downstairs,wiktor
1672842738810193700,-0.2581413484581267,0.4359186213432311,0.2276613655117506,0.555420289118284,-0.2581413484581267,-0.4020154360444654,-0.3392714660564003,0.4359186213432311,0.5647595503881446,0.6854928971519698,0.2276613655117506,0.1734093652249569,0.0568353114087224,0.0373011892321608,0.0303636911603974,0.0064636386720059,0.0004738593997574,downstairs,wiktor
1672842738820193700,-0.0117120841229123,0.322220436027845,0.1968763236973431,0.3777875979185364,-0.0117120841229123,-0.2581413484581267,-0.4020154360444654,0.322220436027845,0.4359186213432311,0.5647595503881446,0.1968763236973431,0.2276613655117506,0.1734093652249569,0.0302108601471719,0.018351897274404,0.0015407061680447,0.010318256704723,downstairs,wiktor
1672842738830193700,0.1798702599195598,0.2667099655192139,0.0532221785798208,0.3260676561751757,0.1798702599195598,-0.0117120841229123,-0.2581413484581267,0.2667099655192139,0.322220436027845,0.4359186213432311,0.0532221785798208,0.1968763236973431,0.2276613655117506,0.0182199922448681,0.0022720768301723,0.0006155274958735,0.0153323879188222,downstairs,wiktor
1672842738840193700,0.2472805978533268,0.3017963587756749,-0.1218914297938418,0.408761858423877,0.2472805978533268,0.1798702599195598,-0.0117120841229123,0.3017963587756749,0.2667099655192139,0.322220436027845,-0.1218914297938418,0.0532221785798208,0.1968763236973431,0.0095356488227959,8.33697105535374e-08,0.0038995563675321,0.0056360090855532,downstairs,wiktor
1672842738850193700,0.2476889352396963,0.3901089441475476,-0.2280611908894873,0.5153122390687224,0.2476889352396963,0.2472805978533268,0.1798702599195598,0.3901089441475476,0.3017963587756749,0.2667099655192139,-0.2280611908894873,-0.1218914297938418,0.0532221785798208,0.0029019094913046,4.55444651239305e-05,0.0022197446821822,0.0006366203439985,downstairs,wiktor
1672842738860193700,0.2381448831522514,0.4567384373496155,-0.2637436892324711,0.5786913850526223,0.2381448831522514,0.2476889352396963,0.2472805978533268,0.4567384373496155,0.3901089441475476,0.3017963587756749,-0.2637436892324711,-0.2280611908894873,-0.1218914297938418,0.0003118906811507,1.0173410060990264e-05,0.0002648788530183,3.683841807143294e-05,downstairs,wiktor
1672842738870193700,0.2426556281153346,0.4797549033258841,-0.2551601680352662,0.5951077486246178,0.2426556281153346,0.2381448831522514,0.2476889352396963,0.4797549033258841,0.4567384373496155,0.3901089441475476,-0.2551601680352662,-0.2637436892324711,-0.2280611908894873,0.0012206179444499,0.0002563339252704,0.0001719830864011,0.0007923009327784,downstairs,wiktor
1672842738880193700,0.2200134583752029,0.4612085782774485,-0.2153531100485623,0.5545234319219619,0.2200134583752029,0.2426556281153346,0.2381448831522514,0.4612085782774485,0.4797549033258841,0.4567384373496155,-0.2153531100485623,-0.2551601680352662,-0.2637436892324711,0.0043349089622115,0.0011180821952779,0.0009214567044782,0.0022953700624553,downstairs,wiktor
1672842738890193700,0.1727253584920838,0.4182794109321973,-0.1475981093112681,0.4760009631799771,0.1727253584920838,0.2200134583752029,0.2426556281153346,0.4182794109321973,0.4612085782774485,0.4797549033258841,-0.1475981093112681,-0.2153531100485623,-0.2551601680352662,0.0041403780198534,0.0003594112341937,0.001394199638081,0.0023867671475786,downstairs,wiktor
1672842738900193700,0.1459144937468455,0.3654741150220139,-0.0785073407878443,0.4012801649647054,0.1459144937468455,0.1727253584920838,0.2200134583752029,0.3654741150220139,0.4182794109321973,0.4612085782774485,-0.0785073407878443,-0.1475981093112681,-0.2153531100485623,0.0010799254081099,2.929281958097922e-06,0.000679126378111,0.0003978697480408,downstairs,wiktor
1672842738910193700,0.1434940466980142,0.3286196342059424,-0.0502984858645829,0.3620930033895835,0.1434940466980142,0.1459144937468455,0.1727253584920838,0.3286196342059424,0.3654741150220139,0.4182794109321973,-0.0502984858645829,-0.0785073407878443,-0.1475981093112681,0.0010932823780509,4.2248683297193554e-07,0.0001060121756679,0.0009868477155501,downstairs,wiktor
1672842738920193700,0.1444132711896069,0.3140585782230884,-0.0947247779797284,0.3584142394136979,0.1444132711896069,0.1434940466980142,0.1459144937468455,0.3140585782230884,0.3286196342059424,0.3654741150220139,-0.0947247779797284,-0.0502984858645829,-0.0785073407878443,0.003286925774515,0.0003543290338462,0.0001008485806004,0.0028317481600682,downstairs,wiktor
1672842738930193700,0.1710339035579893,0.328260590798811,-0.1699809825088997,0.4073096439474015,0.1710339035579893,0.1444132711896069,0.1434940466980142,0.328260590798811,0.3140585782230884,0.3286196342059424,-0.1699809825088997,-0.0947247779797284,-0.0502984858645829,0.0035333843557368,0.0010603785870424,6.816632202690705e-05,0.0024048394466675,downstairs,wiktor
1672842738940193700,0.2170855829419696,0.3399367478743995,-0.2393328310302985,0.4690025020036196,0.2170855829419696,0.1710339035579893,0.1444132711896069,0.3399367478743995,0.328260590798811,0.3140585782230884,-0.2393328310302985,-0.1699809825088997,-0.0947247779797284,0.0029532168646393,0.0005668394743541,8.099539778594887e-05,0.0023053819924992,downstairs,wiktor
1672842738950193700,0.2507557321651059,0.3526643083465362,-0.3072354376444669,0.530701578799033,0.2507557321651059,0.2170855829419696,0.1710339035579893,0.3526643083465362,0.3399367478743995,0.328260590798811,-0.3072354376444669,-0.2393328310302985,-0.1699809825088997,0.0030652529504132,6.256296057754176e-06,0.0007852389823328,0.0022737576720226,downstairs,wiktor
1672842738960193700,0.2472184179133736,0.392293564769861,-0.374670705450307,0.5961453888424092,0.2472184179133736,0.2507557321651059,0.2170855829419696,0.392293564769861,0.3526643083465362,0.3399367478743995,-0.374670705450307,-0.3072354376444669,-0.2393328310302985,0.0086029437240069,0.0054092196728554,0.0015718510130304,0.0016218730381211,downstairs,wiktor
1672842738970193700,0.1432066909509255,0.4483622906877985,-0.4316245997530001,0.6386209322875828,0.1432066909509255,0.2472184179133736,0.2507557321651059,0.4483622906877985,0.392293564769861,0.3526643083465362,-0.4316245997530001,-0.374670705450307,-0.3072354376444669,0.0075949532823397,0.0064657003248292,0.0009822887237622,0.0001469642337482,downstairs,wiktor
1672842738980193700,0.0294903744011067,0.4926858447818072,-0.4487689418954229,0.6670851422724223,0.0294903744011067,0.1432066909509255,0.2472184179133736,0.4926858447818072,0.4483622906877985,0.392293564769861,-0.4487689418954229,-0.4316245997530001,-0.374670705450307,0.0027033071720143,0.0020584722866371,0.0005214081860503,0.0001234266993268,downstairs,wiktor
1672842738990193700,-0.034673046434088,0.5249785122482888,-0.433057372952325,0.681427433216345,-0.034673046434088,0.0294903744011067,0.1432066909509255,0.5249785122482888,0.4926858447818072,0.4483622906877985,-0.433057372952325,-0.4487689418954229,-0.4316245997530001,0.0134940077263869,0.0018141716419149,0.0095972319045909,0.002082604179881,downstairs,wiktor
1672842739000193700,0.0255626845221301,0.663522598405663,-0.3685189475008,0.759422085603308,0.0255626845221301,-0.034673046434088,0.0294903744011067,0.663522598405663,0.5249785122482888,0.4926858447818072,-0.3685189475008,-0.433057372952325,-0.4487689418954229,0.1117075834735692,0.0427733002623733,0.058873902234332,0.0100603809768638,downstairs,wiktor
1672842739010193700,0.318046189227518,1.006666598016124,-0.2266712758465648,1.0797735342827273,0.318046189227518,0.0255626845221301,-0.034673046434088,1.006666598016124,0.663522598405663,0.5249785122482888,-0.2266712758465648,-0.3685189475008,-0.433057372952325,0.1771253441542869,0.0519205978690085,0.1151908373052277,0.0100139089800506,downstairs,wiktor
1672842739020193700,0.6402901895409717,1.486647508689096,-0.0851516024435314,1.620908121181645,0.6402901895409717,0.318046189227518,0.0255626845221301,1.486647508689096,1.006666598016124,0.663522598405663,-0.0851516024435314,-0.2266712758465648,-0.3685189475008,0.217779039613442,0.0138443640351188,0.2028173073544781,0.001117368223845,downstairs,wiktor
1672842739030193700,0.4738908864467647,2.1235420169940085,-0.037878603303534,2.176106169005664,0.4738908864467647,0.6402901895409717,0.318046189227518,2.1235420169940085,1.486647508689096,1.006666598016124,-0.037878603303534,-0.0851516024435314,-0.2266712758465648,0.4638301836690461,0.21959451458779,0.2421606121427587,0.0020750569384973,downstairs,wiktor
1672842739040193700,-0.1888224974346687,2.8194739276616523,-0.1022999807879901,2.8276407923161866,-0.1888224974346687,0.4738908864467647,0.6402901895409717,2.8194739276616523,2.1235420169940085,1.486647508689096,-0.1022999807879901,-0.037878603303534,-0.0851516024435314,0.0790175452834868,0.0008956053038906,0.0701392411595882,0.007982698820008,downstairs,wiktor
1672842739050193700,-0.2311451935654825,3.1940116191149643,-0.2286542353266329,3.2105172609538526,-0.2311451935654825,-0.1888224974346687,0.4738908864467647,3.1940116191149643,2.8194739276616523,2.1235420169940085,-0.2286542353266329,-0.1022999807879901,-0.037878603303534,0.3853484269802469,0.0577833421848107,0.2893814059705792,0.0381836788248569,downstairs,wiktor
1672842739060193700,0.1088058093299662,2.43324699589622,-0.5050006803005352,2.4874797153516512,0.1088058093299662,-0.2311451935654825,-0.1888224974346687,2.43324699589622,3.1940116191149643,2.8194739276616523,-0.5050006803005352,-0.2286542353266329,-0.1022999807879901,0.7830356968020286,0.0058085566553045,0.7764887382176846,0.0007384019290394,downstairs,wiktor
1672842739070193700,0.2165885227426885,1.1870618264950712,-0.5434298860961128,1.3233829412562748,0.2165885227426885,0.1088058093299662,-0.2311451935654825,1.1870618264950712,2.43324699589622,3.1940116191149643,-0.5434298860961128,-0.5050006803005352,-0.2286542353266329,0.2222080857762255,0.0015644347292094,0.2043092695574569,0.0163343814895592,downstairs,wiktor
1672842739080193700,0.2725248209614552,0.5478290526834386,-0.3626848640924114,0.7112852871006387,0.2725248209614552,0.2165885227426885,0.1088058093299662,0.5478290526834386,1.1870618264950712,2.43324699589622,-0.3626848640924114,-0.5434298860961128,-0.5050006803005352,0.0736085630791748,0.0103882194962451,0.0586120362969338,0.0046083072859958,downstairs,wiktor
1672842739090193700,0.1283844761842544,0.2054490407173957,-0.2666816632499825,0.360292924674605,0.1283844761842544,0.2725248209614552,0.2165885227426885,0.2054490407173957,0.5478290526834386,1.1870618264950712,-0.2666816632499825,-0.3626848640924114,-0.5434298860961128,0.0219725286299404,0.0055322149252871,0.0132037520434739,0.0032365616611793,downstairs,wiktor
1672842739100193700,0.0231968825689699,0.0429451820341389,-0.1862259405053651,0.192516193962928,0.0231968825689699,0.1283844761842544,0.2725248209614552,0.0429451820341389,0.2054490407173957,0.5478290526834386,-0.1862259405053651,-0.2666816632499825,-0.3626848640924114,0.0041881572928245,0.0020100584009407,0.0001290762958167,0.0020490225960671,downstairs,wiktor
1672842739110193700,-0.0402075084610011,0.0268780543619781,-0.1222099644358385,0.131431917547968,-0.0402075084610011,0.0231968825689699,0.1283844761842544,0.0268780543619781,0.0429451820341389,0.2054490407173957,-0.1222099644358385,-0.1862259405053651,-0.2666816632499825,0.0504619417809476,0.0028573560952084,0.0459194199184407,0.0016851657672984,downstairs,wiktor
1672842739120193700,-0.1158032238846736,0.3299272910164887,-0.0641554078997927,0.3554972860407678,-0.1158032238846736,-0.0402075084610011,0.0231968825689699,0.3299272910164887,0.0268780543619781,0.0429451820341389,-0.0641554078997927,-0.1222099644358385,-0.1862259405053651,0.1006395022285912,0.0016753684766458,0.0988015870949596,0.0001625466569856,downstairs,wiktor
1672842739130193700,-0.1736887743553365,0.7744530767589126,-0.0461250636443066,0.7950301125961182,-0.1736887743553365,-0.1158032238846736,-0.0402075084610011,0.7744530767589126,0.3299272910164887,0.0268780543619781,-0.0461250636443066,-0.0641554078997927,-0.1222099644358385,0.0773487607275215,0.0004796297348388,0.0768499215315793,1.920946110339954e-05,downstairs,wiktor
1672842739140193700,-0.2046606885628521,1.1664987922860162,-0.0523233635891946,1.1854717053667043,-0.2046606885628521,-0.1736887743553365,-0.1158032238846736,1.1664987922860162,0.7744530767589126,0.3299272910164887,-0.0523233635891946,-0.0461250636443066,-0.0641554078997927,0.0622720160059674,0.0001147106144543,0.0609340135117347,0.0012232918797782,downstairs,wiktor
1672842739150193700,-0.2198073459138566,1.5155948063329678,-0.0028604101840795,1.5314539066676416,-0.2198073459138566,-0.2046606885628521,-0.1736887743553365,1.5155948063329678,1.1664987922860162,0.7744530767589126,-0.0028604101840795,-0.0523233635891946,-0.0461250636443066,0.0191321952992555,0.0006392695952776,0.0171135325890918,0.001379393114886,downstairs,wiktor
1672842739160193700,-0.1840506795346306,1.7006003878114295,0.0496637388311318,1.7112518279365638,-0.1840506795346306,-0.2198073459138566,-0.2046606885628521,1.7006003878114295,1.5155948063329678,1.1664987922860162,0.0496637388311318,-0.0028604101840795,-0.0523233635891946,0.0094254891788779,0.0091147420663026,0.000219154087136,9.159302543924328e-05,downstairs,wiktor
1672842739170193700,-0.0490340726575312,1.72153619862143,0.0631983629810108,1.7233935292117082,-0.0490340726575312,-0.1840506795346306,-0.2198073459138566,1.72153619862143,1.7006003878114295,1.5155948063329678,0.0631983629810108,0.0496637388311318,-0.0028604101840795,0.0334402001025799,0.0135909220607924,0.016360642661729,0.0034886353800584,downstairs,wiktor
1672842739180193700,0.1158351000873605,1.5406459409416473,-0.0203316960403786,1.5451281706111313,0.1158351000873605,-0.0490340726575312,-0.1840506795346306,1.5406459409416473,1.72153619862143,1.7006003878114295,-0.0203316960403786,0.0631983629810108,0.0496637388311318,0.051361227289703,0.0014998456361768,0.0424022156011996,0.0074591660523265,downstairs,wiktor
1672842739190193700,0.1706045374804338,1.2494339370640613,-0.1424723203414404,1.269050603151737,0.1706045374804338,0.1158351000873605,-0.0490340726575312,1.2494339370640613,1.5406459409416473,1.72153619862143,-0.1424723203414404,-0.0203316960403786,0.0631983629810108,0.0329570720194358,0.0088220661631322,0.0227175026388811,0.0014175032174225,downstairs,wiktor
1672842739200193700,0.037773320041669,1.0362790514110174,-0.1957170988163767,1.0552754516567644,0.037773320041669,0.1706045374804338,0.1158351000873605,1.0362790514110174,1.2494339370640613,1.5406459409416473,-0.1957170988163767,-0.1424723203414404,-0.0203316960403786,0.0115824179726664,0.0079520368026168,0.0032963361308497,0.0003340450391998,downstairs,wiktor
1672842739210193700,-0.0883380339485001,0.9550837790012308,-0.2215645373432344,0.9844183446895328,-0.0883380339485001,0.037773320041669,0.1706045374804338,0.9550837790012308,1.0362790514110174,1.2494339370640613,-0.2215645373432344,-0.1957170988163767,-0.1424723203414404,0.0004015019422896,0.0001815060287126,0.0001559882719847,6.40076415921581e-05,downstairs,wiktor
1672842739220193700,-0.1073909092544837,0.9374209212491696,-0.2328789212497631,0.971865928484274,-0.1073909092544837,-0.0883380339485001,0.037773320041669,0.9374209212491696,0.9550837790012308,1.0362790514110174,-0.2328789212497631,-0.2215645373432344,-0.1957170988163767,0.002397128826713,0.0023127974502074,7.128842453876822e-05,1.3042951966830514e-05,downstairs,wiktor
1672842739230193700,-0.0393791830566072,0.949361476055272,-0.2277714851088348,0.9770966081737952,-0.0393791830566072,-0.1073909092544837,-0.0883380339485001,0.949361476055272,0.9374209212491696,0.9550837790012308,-0.2277714851088348,-0.2328789212497631,-0.2215645373432344,0.0048641452588413,0.0028200352751575,0.0003580929062995,0.0016860170773841,downstairs,wiktor
1672842739240193700,0.0357212200735704,0.97612312422199,-0.1697022664575715,0.9914087040394992,0.0357212200735704,-0.0393791830566072,-0.1073909092544837,0.97612312422199,0.949361476055272,0.9374209212491696,-0.1697022664575715,-0.2277714851088348,-0.2328789212497631,0.0053459938747153,0.001040937672456,0.0001148079783609,0.0041902482238983,downstairs,wiktor
1672842739250193700,0.0813487922740732,0.991276208288341,-0.0781572149922048,0.9976746450513304,0.0813487922740732,0.0357212200735704,-0.0393791830566072,0.991276208288341,0.97612312422199,0.949361476055272,-0.0781572149922048,-0.1697022664575715,-0.2277714851088348,0.0018822356473418,4.423686732741273e-05,5.252931883228476e-08,0.0018379462506956,downstairs,wiktor
1672842739260193700,0.0907548400442488,0.9916003357905134,-0.0175280759467648,0.9958990412575522,0.0907548400442488,0.0813487922740732,0.0357212200735704,0.9916003357905134,0.991276208288341,0.97612312422199,-0.0175280759467648,-0.0781572149922048,-0.1697022664575715,0.0006028711769165,0.0003349304721679,0.0001421988903369,0.0001257418144116,downstairs,wiktor
1672842739270193700,0.0648731680670386,0.974736238403644,-0.0016698405839226,0.97689408369583,0.0648731680670386,0.0907548400442488,0.0813487922740732,0.974736238403644,0.9916003357905134,0.991276208288341,-0.0016698405839226,-0.0175280759467648,-0.0781572149922048,0.0008297718037393,0.0002784070114608,0.000536082460716,1.5282331562486136e-05,downstairs,wiktor
1672842739280193700,0.0412762610044237,0.9419923088680489,-0.0071983723171202,0.9429236746699484,0.0412762610044237,0.0648731680670386,0.0907548400442488,0.9419923088680489,0.974736238403644,0.9916003357905134,-0.0071983723171202,-0.0016698405839226,-0.0175280759467648,0.0015469718650398,9.666614267738692e-06,0.0015363340258815,9.712248905399812e-07,downstairs,wiktor
1672842739290193700,0.0368793042687397,0.8865606567930561,-0.0085920902875432,0.8873689792145038,0.0368793042687397,0.0412762610044237,0.0648731680670386,0.8865606567930561,0.9419923088680489,0.974736238403644,-0.0085920902875432,-0.0071983723171202,-0.0016698405839226,0.0032702382621354,9.943533908510276e-07,0.0032477903503685,2.145355837603756e-05,downstairs,wiktor
1672842739300193700,0.0382895194231406,0.8059654913007196,-0.0151424427018851,0.8070165760603962,0.0382895194231406,0.0368793042687397,0.0412762610044237,0.8059654913007196,0.8865606567930561,0.9419923088680489,-0.0151424427018851,-0.0085920902875432,-0.0071983723171202,0.0031845832500182,3.0205576558526904e-05,0.0031535433467633,8.343266963523699e-07,downstairs,wiktor
1672842739310193700,0.0460619806238835,0.7265483225427819,-0.0138506790266315,0.7281387315328199,0.0460619806238835,0.0382895194231406,0.0368793042687397,0.7265483225427819,0.8059654913007196,0.8865606567930561,-0.0138506790266315,-0.0151424427018851,-0.0085920902875432,0.0017762011119618,3.776597514289265e-05,0.0015298120321434,0.0002086231046755,downstairs,wiktor
1672842739320193700,0.0547528925602562,0.6712344538994939,0.0065759264023443,0.6734959644671346,0.0547528925602562,0.0460619806238835,0.0382895194231406,0.6712344538994939,0.7265483225427819,0.8059654913007196,0.0065759264023443,-0.0138506790266315,-0.0151424427018851,0.0007012351200781,1.3563817577441503e-05,0.0006515300070325,3.614129546810839e-05,downstairs,wiktor
1672842739330193700,0.0495444729194359,0.6351365313267868,0.0150778433000926,0.6372443876420327,0.0495444729194359,0.0547528925602562,0.0460619806238835,0.6351365313267868,0.6712344538994939,0.7265483225427819,0.0150778433000926,0.0065759264023443,-0.0138506790266315,0.0003572147881761,0.000186455966899,0.0001660720860608,4.686735216352102e-06,downstairs,wiktor
1672842739340193700,0.0302335450857453,0.6169117083613453,0.0120162309090959,0.6177689802563949,0.0302335450857453,0.0495444729194359,0.0547528925602562,0.6169117083613453,0.6351365313267868,0.6712344538994939,0.0120162309090959,0.0150778433000926,0.0065759264023443,0.0008218572595668,0.0002275813720394,0.0001389051005764,0.000455370786951,downstairs,wiktor
1672842739350193700,0.0088990016390528,0.6335793477008822,-0.01816226431353,0.6339020822715775,0.0088990016390528,0.0302335450857453,0.0495444729194359,0.6335793477008822,0.6169117083613453,0.6351365313267868,-0.01816226431353,0.0120162309090959,0.0150778433000926,0.0021589612370178,9.871885369866163e-07,0.0015797277678925,0.0005782462805882,downstairs,wiktor
1672842739360193700,0.0103041269266956,0.6897883819906216,-0.0521695070888061,0.691835128069434,0.0103041269266956,0.0088990016390528,0.0302335450857453,0.6897883819906216,0.6335793477008822,0.6169117083613453,-0.0521695070888061,-0.01816226431353,0.0120162309090959,0.0010329731931699,0.0001332186678483,0.0005383430853378,0.0003614114399838,downstairs,wiktor
1672842739370193700,0.0266270352366943,0.7226012783985242,-0.0790548726241233,0.727400357048506,0.0266270352366943,0.0103041269266956,0.0088990016390528,0.7226012783985242,0.6897883819906216,0.6335793477008822,-0.0790548726241233,-0.0521695070888061,-0.01816226431353,0.0023272916293314,6.082167355285568e-05,0.0018232471747637,0.0004432227810148,downstairs,wiktor
1672842739380193700,0.0155978309541673,0.7829874883270129,-0.1088281082902314,0.7906682340660648,0.0155978309541673,0.0266270352366943,0.0103041269266956,0.7829874883270129,0.7226012783985242,0.6897883819906216,-0.1088281082902314,-0.0790548726241233,-0.0521695070888061,0.0053207954204299,9.541462626441124e-05,0.0049042647869191,0.0003211160072463,downstairs,wiktor
1672842739390193700,0.0017837348010047,0.8820255091767772,-0.1341704052361032,0.8921736816279741,0.0017837348010047,0.0155978309541673,0.0266270352366943,0.8820255091767772,0.7829874883270129,0.7226012783985242,-0.1341704052361032,-0.1088281082902314,-0.0790548726241233,0.0056573440273349,0.0017647538320228,0.0035123500276804,0.0003802401676316,downstairs,wiktor
1672842739400193700,-0.0576259248853258,0.9658389929091752,-0.1617472131598513,0.9809831132122904,-0.0576259248853258,0.0017837348010047,0.0155978309541673,0.9658389929091752,0.8820255091767772,0.7829874883270129,-0.1617472131598513,-0.1341704052361032,-0.1088281082902314,0.0027880372964901,0.0008903931153399,0.0018351823248581,6.246185629198577e-05,downstairs,wiktor
1672842739410193700,-0.0998252878032653,1.0264225273860967,-0.172924140849694,1.0456629721374249,-0.0998252878032653,-0.0576259248853258,0.0017837348010047,1.0264225273860967,0.9658389929091752,0.8820255091767772,-0.172924140849694,-0.1617472131598513,-0.1341704052361032,0.0025087242363176,2.496143189742967e-05,0.0019096085693999,0.0005741542350203,downstairs,wiktor
1672842739420193700,-0.106890899156493,1.088222342424653,-0.1390374403605542,1.1022635531925646,-0.106890899156493,-0.0998252878032653,-0.0576259248853258,1.088222342424653,1.0264225273860967,0.9658389929091752,-0.1390374403605542,-0.172924140849694,-0.1617472131598513,0.0039476464422614,0.0001075711387908,0.0024324648608305,0.0014076104426399,downstairs,wiktor
1672842739430193700,-0.0922231700349919,1.15797139060211,-0.0859787852204177,1.1648155244725518,-0.0922231700349919,-0.106890899156493,-0.0998252878032653,1.15797139060211,1.088222342424653,1.0264225273860967,-0.0859787852204177,-0.1390374403605542,-0.172924140849694,0.0024422973027321,0.000549669708707,0.0013180598971807,0.0005745676968443,downstairs,wiktor
1672842739440193700,-0.0590668822841868,1.2093145478322744,-0.0520798856263483,1.211875771961964,-0.0590668822841868,-0.0922231700349919,-0.106890899156493,1.2093145478322744,1.15797139060211,1.088222342424653,-0.0520798856263483,-0.0859787852204177,-0.1390374403605542,0.0005033445187958,0.0003704144542507,0.0001021044881951,3.0825576350023456e-05,downstairs,wiktor
1672842739450193700,-0.0318487098896008,1.2236047184537262,-0.0442280608257019,1.2248179328815596,-0.0318487098896008,-0.0590668822841868,-0.0922231700349919,1.2236047184537262,1.2093145478322744,1.15797139060211,-0.0442280608257019,-0.0520798856263483,-0.0859787852204177,9.91617974516146e-05,2.9877329687215965e-05,6.773629041809755e-05,1.548177346301085e-06,downstairs,wiktor
1672842739460193700,-0.0395788236904728,1.2119654495404226,-0.0424684146417768,1.2133549770807497,-0.0395788236904728,-0.0318487098896008,-0.0590668822841868,1.2119654495404226,1.2236047184537262,1.2093145478322744,-0.0424684146417768,-0.0442280608257019,-0.0520798856263483,0.0004721462931918,0.0002914766641976,2.4694449588131106e-05,0.000155975179406,downstairs,wiktor
1672842739470193700,-0.063723250136246,1.2049377259277396,-0.0248062981544429,1.2068765174614866,-0.063723250136246,-0.0395788236904728,-0.0318487098896008,1.2049377259277396,1.2119654495404226,1.2236047184537262,-0.0248062981544429,-0.0424684146417768,-0.0442280608257019,0.0011947270090838,2.5535825038985425e-05,0.0007087133694327,0.0004604778146121,downstairs,wiktor
1672842739480193700,-0.0708696933129578,1.2425864541780458,0.0055409526143537,1.2446181389056308,-0.0708696933129578,-0.063723250136246,-0.0395788236904728,1.2425864541780458,1.2049377259277396,1.2119654495404226,0.0055409526143537,-0.0248062981544429,-0.0424684146417768,0.0050745319176018,0.0014176098152693,0.0035979050332454,5.901706908713464e-05,downstairs,wiktor
1672842739490193700,-0.0176229128418474,1.3274145749075,0.0164053043287576,1.327632914153611,-0.0176229128418474,-0.0708696933129578,-0.063723250136246,1.3274145749075,1.2425864541780458,1.2049377259277396,0.0164053043287576,0.0055409526143537,-0.0248062981544429,0.0101621481920613,0.0057633743289678,0.0038761661269873,0.0005226077361061,downstairs,wiktor
1672842739500193700,0.089739783929125,1.4154619045318262,-0.0159244880029638,1.41839318290757,0.089739783929125,-0.0176229128418474,-0.0708696933129578,1.4154619045318262,1.3274145749075,1.2425864541780458,-0.0159244880029638,0.0164053043287576,0.0055409526143537,0.0083774874318614,0.0071658647787094,0.0006345673198316,0.0005770553333203,downstairs,wiktor
1672842739510193700,0.2094549857934622,1.4510868205270009,-0.0498966923270973,1.466974448204905,0.2094549857934622,0.089739783929125,-0.0176229128418474,1.4510868205270009,1.4154619045318262,1.3274145749075,-0.0498966923270973,-0.0159244880029638,0.0164053043287576,0.0052488282321767,0.0051433879016206,7.996329774316626e-05,2.5477032812983745e-05,downstairs,wiktor
1672842739520193700,0.3108787295778505,1.4384406117873694,-0.0570349039817043,1.472755905917665,0.3108787295778505,0.2094549857934622,0.089739783929125,1.4384406117873694,1.4510868205270009,1.4154619045318262,-0.0570349039817043,-0.0498966923270973,-0.0159244880029638,0.0027237564346525,0.0016795736199338,0.0001088952534393,0.0009352875612793,downstairs,wiktor
1672842739530193700,0.3688368803408591,1.423682884764596,-0.0137847580564158,1.4707493396992883,0.3688368803408591,0.3108787295778505,0.2094549857934622,1.423682884764596,1.4384406117873694,1.4510868205270009,-0.0137847580564158,-0.0570349039817043,-0.0498966923270973,0.0046019563961153,0.0002747556310626,0.0006722021134542,0.0036549986515984,downstairs,wiktor
1672842739540193700,0.392278536897623,1.4603490030062165,0.0717137641717308,1.5138178639002349,0.392278536897623,0.3688368803408591,0.3108787295778505,1.4603490030062165,1.423682884764596,1.4384406117873694,0.0717137641717308,-0.0137847580564158,-0.0570349039817043,0.0043443168366896,4.238931881257427e-05,0.0031767075668601,0.0011252199510168,downstairs,wiktor
1672842739550193700,0.4014860684683073,1.5400573158331754,0.1191525658222129,1.5959840015386872,0.4014860684683073,0.392278536897623,0.3688368803408591,1.5400573158331754,1.4603490030062165,1.423682884764596,0.1191525658222129,0.0717137641717308,-0.0137847580564158,0.0011530742762824,7.677426372963589e-05,0.0010716398700634,4.660142489318485e-06,downstairs,wiktor
1672842739560193700,0.3890945985208285,1.5863528851689874,0.1222054800002789,1.6379390288481908,0.3890945985208285,0.4014860684683073,0.392278536897623,1.5863528851689874,1.5400573158331754,1.4603490030062165,0.1222054800002789,0.1191525658222129,0.0717137641717308,0.0040093914031568,0.0035196735838992,0.0002263276703142,0.0002633901489433,downstairs,wiktor
1672842739570193700,0.3051937810766668,1.5650771868108009,0.0992537851197981,1.5976423750464588,0.3051937810766668,0.3890945985208285,0.4014860684683073,1.5650771868108009,1.5863528851689874,1.5400573158331754,0.0992537851197981,0.1222054800002789,0.1191525658222129,0.0133814135882878,0.0027304685331167,0.0102789925604303,0.0003719524947408,downstairs,wiktor
1672842739580193700,0.231295627742274,1.4216966263402102,0.0719791634087329,1.4421858287768776,0.231295627742274,0.3051937810766668,0.3890945985208285,1.4216966263402102,1.5650771868108009,1.5863528851689874,0.0719791634087329,0.0992537851197981,0.1222054800002789,0.0094820935049076,0.0001090291392541,0.009248758844405,0.0001243055212484,downstairs,wiktor
1672842739590193700,0.2165288312546014,1.285691046716395,0.056211758977534,1.3050080322429172,0.2165288312546014,0.231295627742274,0.3051937810766668,1.285691046716395,1.4216966263402102,1.5650771868108009,0.056211758977534,0.0719791634087329,0.0992537851197981,0.0024623836798258,1.4039623669631712e-05,0.0022003356982339,0.0002480083579222,downstairs,wiktor
1672842739600193700,0.22182781675555,1.2193534902610366,0.0784831917074811,1.2418494779476694,0.22182781675555,0.2165288312546014,0.231295627742274,1.2193534902610366,1.285691046716395,1.4216966263402102,0.0784831917074811,0.056211758977534,0.0719791634087329,0.0031798599194263,0.0021684398521508,0.0004028161975291,0.0006086038697463,downstairs,wiktor
1672842739610193700,0.28768280672823,1.1909698260321473,0.1133716961106886,1.230456689723409,0.28768280672823,0.22182781675555,0.2165288312546014,1.1909698260321473,1.2193534902610366,1.285691046716395,0.1133716961106886,0.0784831917074811,0.056211758977534,0.0059831852018861,0.0059057631154076,3.793185151472243e-05,3.949023496379191e-05,downstairs,wiktor
1672842739620193700,0.3963636524684766,1.1822598488203837,0.1222587918076857,1.2529124898831612,0.3963636524684766,0.28768280672823,0.22182781675555,1.1822598488203837,1.1909698260321473,1.2193534902610366,0.1222587918076857,0.1133716961106886,0.0784831917074811,0.0034042960771359,0.0024439947525874,0.0004160490304599,0.0005442522940885,downstairs,wiktor
1672842739630193700,0.4662778105852341,1.2111059587993704,0.0892662989013123,1.3008309314446056,0.4662778105852341,0.3963636524684766,0.28768280672823,1.2111059587993704,1.1822598488203837,1.1909698260321473,0.0892662989013123,0.1222587918076857,0.1133716961106886,0.0057880553028196,2.986686372071352e-05,0.0026167193700724,0.0031414690690265,downstairs,wiktor
1672842739640193700,0.474006570346116,1.283448468709829,0.0100013120656789,1.3682186326782455,0.474006570346116,0.4662778105852341,0.3963636524684766,1.283448468709829,1.2111059587993704,1.1822598488203837,0.0100013120656789,0.0892662989013123,0.1222587918076857,0.009602832977994,0.0050339865785713,0.0007546352963839,0.0038142111030387,downstairs,wiktor
1672842739650193700,0.3736672801495899,1.3222978006573405,-0.0773395272139927,1.3762558309948465,0.3736672801495899,0.474006570346116,0.4662778105852341,1.3222978006573405,1.283448468709829,1.2111059587993704,-0.0773395272139927,0.0100013120656789,0.0892662989013123,0.0233840997605819,0.0208090786651726,1.3399738404333307e-05,0.0025616213570049,downstairs,wiktor
1672842739660193700,0.169661992643738,1.3171209795469805,-0.148916358060363,1.3363266622381682,0.169661992643738,0.3736672801495899,0.474006570346116,1.3171209795469805,1.3222978006573405,1.283448468709829,-0.148916358060363,-0.0773395272139927,0.0100013120656789,0.027114174143923,0.0256755799156138,0.0006950000646237,0.0007435941636853,downstairs,wiktor
1672842739670193700,-0.0569459503574456,1.2798382740490208,-0.1874804388528664,1.2947500777892822,-0.0569459503574456,0.169661992643738,0.3736672801495899,1.2798382740490208,1.3171209795469805,1.3222978006573405,-0.1874804388528664,-0.148916358060363,-0.0773395272139927,0.0174765102849485,0.0174502323746122,2.3620624754981768e-05,2.6572855813125247e-06,downstairs,wiktor
1672842739680193700,-0.2437626111487802,1.2729650470405507,-0.1851751034840697,1.309255529120026,-0.2437626111487802,-0.0569459503574456,0.169661992643738,1.2729650470405507,1.2798382740490208,1.3171209795469805,-0.1851751034840697,-0.1874804388528664,-0.148916358060363,0.0117605106009548,0.0069437409585216,0.0026396932127947,0.0021770764296384,downstairs,wiktor
1672842739690193700,-0.3616077719193581,1.345624433396268,-0.1191890984581788,1.3984531946607237,-0.3616077719193581,-0.2437626111487802,-0.0569459503574456,1.345624433396268,1.2729650470405507,1.2798382740490208,-0.1191890984581788,-0.1851751034840697,-0.1874804388528664,0.0090407956279624,0.0012223060359858,0.0016817377792504,0.0061367518127261,downstairs,wiktor
1672842739700193700,-0.4110507903544378,1.4036199121726427,-0.0084032526769947,1.4625943473000635,-0.4110507903544378,-0.3616077719193581,-0.2437626111487802,1.4036199121726427,1.345624433396268,1.2729650470405507,-0.0084032526769947,-0.1191890984581788,-0.1851751034840697,0.0046859434448899,0.0002912661308696,0.0003334325488202,0.0040612447652,downstairs,wiktor
1672842739710193700,-0.4351864954765022,1.4294436434607534,0.0817216025539573,1.4964540875013372,-0.4351864954765022,-0.4110507903544378,-0.3616077719193581,1.4294436434607534,1.4036199121726427,1.345624433396268,0.0817216025539573,-0.0084032526769947,-0.1191890984581788,0.0034659394603818,0.001864921718738,0.000470770634182,0.0011302471074617,downstairs,wiktor
1672842739720193700,-0.3741140513017679,1.398759099006517,0.1292662575103619,1.4536843212216606,-0.3741140513017679,-0.4351864954765022,-0.4110507903544378,1.398759099006517,1.4294436434607534,1.4036199121726427,0.1292662575103619,0.0817216025539573,-0.0084032526769947,0.0239362363809403,0.0204375400732256,0.0031917789289356,0.000306917378779,downstairs,wiktor
1672842739730193700,-0.1719381869003727,1.3188619284817027,0.1540419463516055,1.338913159151427,-0.1719381869003727,-0.3741140513017679,-0.4351864954765022,1.3188619284817027,1.398759099006517,1.4294436434607534,0.1540419463516055,0.1292662575103619,0.0817216025539573,0.0176362506809246,0.0087305494733056,0.0079484502487323,0.0009572509588866,downstairs,wiktor
1672842739740193700,-0.0397977353096081,1.1927790172785393,0.197796967980824,1.2097228130188082,-0.0397977353096081,-0.1719381869003727,-0.3741140513017679,1.1927790172785393,1.3188619284817027,1.398759099006517,0.197796967980824,0.1540419463516055,0.1292662575103619,0.0149559505404849,0.0032397545493003,0.0102828780043603,0.0014333179868242,downstairs,wiktor
1672842739750193700,0.0406976626868035,1.0493713605487789,0.251337942697843,1.0798181854033335,0.0406976626868035,-0.0397977353096081,-0.1719381869003727,1.0493713605487789,1.1927790172785393,1.3188619284817027,0.251337942697843,0.197796967980824,0.1540419463516055,0.0082124462153417,0.0040308550565362,0.0036223024034007,0.0005592887554047,downstairs,wiktor
1672842739760193700,0.1304846891052821,0.9642561162807772,0.2847830845096136,1.0138626717157504,0.1304846891052821,0.0406976626868035,-0.0397977353096081,0.9642561162807772,1.0493713605487789,1.1927790172785393,0.2847830845096136,0.251337942697843,0.197796967980824,0.0026669452856019,0.0006935998896605,0.000617058745113,0.0013562866508283,downstairs,wiktor
1672842739770193700,0.1677298200531121,0.9291261078801778,0.2327007141559451,0.9723981896570478,0.1677298200531121,0.1304846891052821,0.0406976626868035,0.9291261078801778,0.9642561162807772,1.0493713605487789,0.2327007141559451,0.2847830845096136,0.251337942697843,0.0366681037999978,0.001146908992979,0.0001076988973714,0.0354134959096474,downstairs,wiktor
1672842739780193700,0.1198360001390772,0.943802544598362,-0.0334326956581832,0.951967255350019,0.1198360001390772,0.1677298200531121,0.1304846891052821,0.943802544598362,0.9291261078801778,0.9642561162807772,-0.0334326956581832,0.2327007141559451,0.2847830845096136,0.0208727642934013,0.0082097199485744,0.0005575227516644,0.0121055215931624,downstairs,wiktor
1672842739790193700,0.2479743624555548,0.977194841664136,-0.1890316776160508,1.0257358422871716,0.2479743624555548,0.1198360001390772,0.1677298200531121,0.977194841664136,0.943802544598362,0.9291261078801778,-0.1890316776160508,-0.0334326956581832,0.2327007141559451,0.018473396618643,0.0142875389054088,0.002082888209971,0.0021029695032632,downstairs,wiktor
1672842739800193700,0.4170160076522861,0.912652015417201,-0.253884888843611,1.0350331340911088,0.4170160076522861,0.2479743624555548,0.1198360001390772,0.912652015417201,0.977194841664136,0.943802544598362,-0.253884888843611,-0.1890316776160508,-0.0334326956581832,0.0110606575146342,0.0010682110157678,0.0098116940920187,0.0001807524068476,downstairs,wiktor
1672842739810193700,0.3707945620719528,0.7725685110919683,-0.2728981687735791,0.8993464972483993,0.3707945620719528,0.4170160076522861,0.2479743624555548,0.7725685110919683,0.912652015417201,0.977194841664136,-0.2728981687735791,-0.253884888843611,-0.1890316776160508,0.0977849781993421,0.0898975566861957,0.0065338794517882,0.0013535420613581,downstairs,wiktor
1672842739820193700,-0.0532279766832311,0.6582542123206576,-0.2208685221986087,0.6963581906159195,-0.0532279766832311,0.3707945620719528,0.4170160076522861,0.6582542123206576,0.7725685110919683,0.912652015417201,-0.2208685221986087,-0.2728981687735791,-0.253884888843611,0.0494583504275427,0.0374583031894564,0.0026492981675692,0.009350749070517,downstairs,wiktor
1672842739830193700,-0.3269369578638145,0.5854627544760829,-0.0841151012504144,0.6758178464307785,-0.3269369578638145,-0.0532279766832311,0.3707945620719528,0.5854627544760829,0.6582542123206576,0.7725685110919683,-0.0841151012504144,-0.2208685221986087,-0.2728981687735791,0.0162402953729288,0.0001371327445423,0.0017498663736351,0.0143532962547514,downstairs,wiktor
1672842739840193700,-0.3434979206705056,0.5263042153860221,0.0853150982699274,0.6342441285742144,-0.3434979206705056,-0.3269369578638145,-0.0532279766832311,0.5263042153860221,0.5854627544760829,0.6582542123206576,0.0853150982699274,-0.0841151012504144,-0.2208685221986087,0.0194355400262602,0.0129244967219012,0.0022590406191894,0.0042520026851695,downstairs,wiktor
1672842739850193700,-0.1827216990337146,0.4590875415737987,0.1775322624550134,0.5250393264684442,-0.1827216990337146,-0.3434979206705056,-0.3269369578638145,0.4590875415737987,0.5263042153860221,0.5854627544760829,0.1775322624550134,0.0853150982699274,-0.0841151012504144,0.0147450906556841,0.0115663222318775,0.0031747269023134,4.04152149318087e-06,downstairs,wiktor
1672842739860193700,-0.0306275030111343,0.3794040815295275,0.1803753317447708,0.4212134391540678,-0.0306275030111343,-0.1827216990337146,-0.3434979206705056,0.3794040815295275,0.4590875415737987,0.5263042153860221,0.1803753317447708,0.1775322624550134,0.0853150982699274,0.0179242282961206,0.0127103394496215,0.0004351163291522,0.0047787725173468,downstairs,wiktor
1672842739870193700,0.1288111337719335,0.349904375458034,0.0826126341822865,0.3819034268958896,0.1288111337719335,-0.0306275030111343,-0.1827216990337146,0.349904375458034,0.3794040815295275,0.4590875415737987,0.0826126341822865,0.1803753317447708,0.1775322624550134,0.0168253313855799,0.0013292125888302,0.0004912518323535,0.0150048669643962,downstairs,wiktor
1672842739880193700,0.1803710520967371,0.3812492899531645,-0.0906205437276982,0.4313894069976448,0.1803710520967371,0.1288111337719335,-0.0306275030111343,0.3812492899531645,0.349904375458034,0.3794040815295275,-0.0906205437276982,0.0826126341822865,0.1803753317447708,0.0111539289510611,3.7772326614242506e-07,0.0027771620418897,0.0083763891859052,downstairs,wiktor
1672842739890193700,0.1812402163690613,0.4557766277815038,-0.2200530681248163,0.5375906465448675,0.1812402163690613,0.1803710520967371,0.1288111337719335,0.4557766277815038,0.3812492899531645,0.349904375458034,-0.2200530681248163,-0.0906205437276982,0.0826126341822865,0.0033550335163409,5.162659847704498e-05,0.0014093822681802,0.0018940246496836,downstairs,wiktor
1672842739900193700,0.191401574396121,0.5088686661334128,-0.2816001988407746,0.6122749007111726,0.191401574396121,0.1812402163690613,0.1803710520967371,0.5088686661334128,0.4557766277815038,0.3812492899531645,-0.2816001988407746,-0.2200530681248163,-0.0906205437276982,0.0004729419207633,0.0002426793780847,0.0001127992923048,0.0001174632503737,downstairs,wiktor
1672842739910193700,0.2134324335752235,0.5238886057008608,-0.2969275110887699,0.6388885831867759,0.2134324335752235,0.191401574396121,0.1812402163690613,0.5238886057008608,0.5088686661334128,0.4557766277815038,-0.2969275110887699,-0.2816001988407746,-0.2200530681248163,0.0010374486146043,0.0003379044952059,9.398743301857553e-05,0.0006055566863797,downstairs,wiktor
1672842739920193700,0.2394287600543991,0.5101782130720135,-0.2621264568984213,0.6215450262375686,0.2394287600543991,0.2134324335752235,0.191401574396121,0.5101782130720135,0.5238886057008608,0.5088686661334128,-0.2621264568984213,-0.2969275110887699,-0.2816001988407746,0.0036074261899809,6.678208079894489e-05,0.0002841268014518,0.0032565173077301,downstairs,wiktor
1672842739930193700,0.2509857562730491,0.4863401426193995,-0.1814230826476488,0.5765716946680507,0.2509857562730491,0.2394287600543991,0.2134324335752235,0.4863401426193995,0.5101782130720135,0.5238886057008608,-0.1814230826476488,-0.2621264568984213,-0.2969275110887699,0.0038138051654845,8.204949653469353e-05,0.000439754013081,0.0032920016558688,downstairs,wiktor
1672842739940193700,0.2637958691948538,0.4566836420476519,-0.1002812111401608,0.5368468411250212,0.2637958691948538,0.2509857562730491,0.2394287600543991,0.4566836420476519,0.4863401426193995,0.5101782130720135,-0.1002812111401608,-0.1814230826476488,-0.2621264568984213,0.0021186446328894,1.3897846499290644e-06,0.0006640902432489,0.0014531646049905,downstairs,wiktor
1672842739950193700,0.2654630732315146,0.4202394314443481,-0.0463708298580632,0.4992214707441126,0.2654630732315146,0.2637958691948538,0.2509857562730491,0.4202394314443481,0.4566836420476519,0.4863401426193995,-0.0463708298580632,-0.1002812111401608,-0.1814230826476488,0.0011186651222319,0.0004400621455019,0.0005491332268966,0.0001294697498333,downstairs,wiktor
1672842739960193700,0.2357961844326561,0.387099328037852,-0.0302792326823096,0.4542714632157574,0.2357961844326561,0.2654630732315146,0.2637958691948538,0.387099328037852,0.4202394314443481,0.4566836420476519,-0.0302792326823096,-0.0463708298580632,-0.1002812111401608,0.0005930307876968,0.0005173995203566,4.240916792006734e-05,3.322209942020698e-05,downstairs,wiktor
1672842739970193700,0.203627891958339,0.3778896409725856,-0.0384305637908104,0.4309777341940836,0.203627891958339,0.2357961844326561,0.2654630732315146,0.3778896409725856,0.387099328037852,0.4202394314443481,-0.0384305637908104,-0.0302792326823096,-0.0463708298580632,0.0030475910336056,8.753623784577642e-06,0.0001213233474284,0.0029175140623927,downstairs,wiktor
1672842739980193700,0.2078120582515395,0.3934667618508748,-0.1148179195821022,0.4595487992513052,0.2078120582515395,0.203627891958339,0.2357961844326561,0.3934667618508748,0.3778896409725856,0.387099328037852,-0.1148179195821022,-0.0384305637908104,-0.0302792326823096,0.0065595793205937,0.0021408801960854,9.14832874309115e-05,0.0043272158370773,downstairs,wiktor
1672842739990193700,0.2732472199933046,0.406993275624269,-0.207847117547874,0.5324546871898128,0.2732472199933046,0.2078120582515395,0.203627891958339,0.406993275624269,0.3934667618508748,0.3778896409725856,-0.207847117547874,-0.1148179195821022,-0.0384305637908104,0.0065963672895191,0.0032505166148488,4.3321575351200826e-05,0.003302529099319,downstairs,wiktor
1672842740000193700,0.3538762050402327,0.3976850453573278,-0.289118626692458,0.6057815976860552,0.3538762050402327,0.2732472199933046,0.2078120582515395,0.3976850453573278,0.406993275624269,0.3934667618508748,-0.289118626692458,-0.207847117547874,-0.1148179195821022,0.003929794389966,0.0014344532766329,0.0004829666908513,0.0020123744224817,downstairs,wiktor
1672842740010193700,0.407438379690502,0.3666055765442571,-0.3525595349848482,0.6516931085310794,0.407438379690502,0.3538762050402327,0.2732472199933046,0.3666055765442571,0.3976850453573278,0.406993275624269,-0.3525595349848482,-0.289118626692458,-0.207847117547874,0.0015009687157197,1.2234730515454663e-05,5.4210519516686e-05,0.0014345234656875,downstairs,wiktor
1672842740020193700,0.402491718085853,0.3561930341537853,-0.4061230200411357,0.6736534480834445,0.402491718085853,0.407438379690502,0.3538762050402327,0.3561930341537853,0.3666055765442571,0.3976850453573278,-0.4061230200411357,-0.3525595349848482,-0.289118626692458,0.0083172802714481,0.0073845933084749,0.0006704795176835,0.0002622074452896,downstairs,wiktor
1672842740030193700,0.2809631756896327,0.3928121416711339,-0.4290231268220935,0.6459895727378828,0.2809631756896327,0.402491718085853,0.407438379690502,0.3928121416711339,0.3561930341537853,0.3666055765442571,-0.4290231268220935,-0.4061230200411357,-0.3525595349848482,0.0360784202059462,0.0338563375322988,0.0021956539092949,2.642876435250064e-05,downstairs,wiktor
1672842740040193700,0.020746583089165,0.4590790853051194,-0.4217528084862156,0.6237463096006831,0.020746583089165,0.2809631756896327,0.402491718085853,0.4590790853051194,0.3928121416711339,0.3561930341537853,-0.4217528084862156,-0.4290231268220935,-0.4061230200411357,0.0261419033703022,0.0174183331814521,0.008006239682632,0.000717330506218,downstairs,wiktor
1672842740050193700,-0.1658992482677238,0.5856195111194186,-0.3838758892287569,0.7196064693363391,-0.1658992482677238,0.020746583089165,0.2809631756896327,0.5856195111194186,0.4590790853051194,0.3928121416711339,-0.3838758892287569,-0.4217528084862156,-0.4290231268220935,0.0602144295526477,0.0009841013913045,0.0588371798371162,0.0003931483242269,downstairs,wiktor
1672842740060193700,-0.1215348167644443,0.9286564765826648,-0.3558349076401281,1.001894228289671,-0.1215348167644443,-0.1658992482677238,0.020746583089165,0.9286564765826648,0.5856195111194186,0.4590790853051194,-0.3558349076401281,-0.3838758892287569,-0.4217528084862156,0.2000314401132176,0.0486891623260663,0.1507855789901543,0.000556698796997,downstairs,wiktor
1672842740070193700,0.1905201858426803,1.4778114255545454,-0.3224672946899317,1.5245358988419164,0.1905201858426803,-0.1215348167644443,-0.1658992482677238,1.4778114255545454,0.9286564765826648,0.5856195111194186,-0.3224672946899317,-0.3558349076401281,-0.3838758892287569,0.3050256832002587,0.044277455198628,0.2606349948914335,0.0001132331101971,downstairs,wiktor
1672842740080193700,0.4881019567851493,2.199801723122918,-0.3074185000407181,2.2741761751103047,0.4881019567851493,0.1905201858426803,-0.1215348167644443,2.199801723122918,1.4778114255545454,0.9286564765826648,-0.3074185000407181,-0.3224672946899317,-0.3558349076401281,0.3229122799782288,0.0057131269849411,0.3104212113469333,0.0067779416463543,downstairs,wiktor
1672842740090193700,0.5949956140800622,2.987737267881413,-0.4238482354724742,3.0757504920547656,0.5949956140800622,0.4881019567851493,0.1905201858426803,2.987737267881413,2.199801723122918,1.4778114255545454,-0.4238482354724742,-0.3074185000407181,-0.3224672946899317,0.1247664424462559,0.1002012467257882,0.0238273213126708,0.0007378744077968,downstairs,wiktor
1672842740100193700,0.1473322433967144,3.206036701287324,-0.4622637117235079,3.242540031999915,0.1473322433967144,0.5949956140800622,0.4881019567851493,3.206036701287324,2.987737267881413,2.199801723122918,-0.4622637117235079,-0.4238482354724742,-0.3074185000407181,0.493073808662348,0.00738864387571,0.4800371235846746,0.0056480412019633,downstairs,wiktor
1672842740110193700,0.0257703753976578,2.2262029158066694,-0.3559806820154365,2.254632072104544,0.0257703753976578,0.1473322433967144,0.5949956140800622,2.2262029158066694,3.206036701287324,2.987737267881413,-0.3559806820154365,-0.4622637117235079,-0.4238482354724742,0.7619594841992904,0.0044997007209142,0.7574424188867479,1.7364591628253477e-05,downstairs,wiktor
1672842740120193700,0.120635550471699,0.9953963356432808,-0.3500875348718038,1.0620395864195915,0.120635550471699,0.0257703753976578,0.1473322433967144,0.9953963356432808,2.2262029158066694,3.206036701287324,-0.3500875348718038,-0.3559806820154365,-0.4622637117235079,0.1691361650588819,0.0026984929732806,0.1657788130721392,0.000658859013462,downstairs,wiktor
1672842740130193700,0.1940997318566524,0.4195859274842424,-0.3137871488280704,0.5587391441623596,0.1940997318566524,0.120635550471699,0.0257703753976578,0.4195859274842424,0.9953963356432808,2.2262029158066694,-0.3137871488280704,-0.3500875348718038,-0.3559806820154365,0.0529131243895968,0.0001505808234689,0.0489749438185509,0.0037875997475769,downstairs,wiktor
1672842740140193700,0.1767457223217355,0.1066164599045727,-0.226751526838256,0.3066306814477242,0.1767457223217355,0.1940997318566524,0.120635550471699,0.1066164599045727,0.4195859274842424,0.9953963356432808,-0.226751526838256,-0.3137871488280704,-0.3500875348718038,0.0135178705281374,0.0044923026885056,0.0071188283044776,0.0019067395351541,downstairs,wiktor
1672842740150193700,0.0819585640300589,-0.0127051919820622,-0.1649981538914419,0.184670027099024,0.0819585640300589,0.1767457223217355,0.1940997318566524,-0.0127051919820622,0.1066164599045727,0.4195859274842424,-0.1649981538914419,-0.226751526838256,-0.3137871488280704,0.0032315460132274,0.0008596748028321,0.0010468622771884,0.0013250089332067,downstairs,wiktor
1672842740160193700,0.0404935232648033,0.0330520430128207,-0.1135198296528505,0.1249756564220838,0.0404935232648033,0.0819585640300589,0.1767457223217355,0.0330520430128207,-0.0127051919820622,0.1066164599045727,-0.1135198296528505,-0.1649981538914419,-0.226751526838256,0.0988668489496576,0.0039074737639545,0.0937830654813062,0.0011763097043968,downstairs,wiktor
1672842740170193700,-0.0479086686079612,0.4661410996312171,-0.0650160214642795,0.4730854556422458,-0.0479086686079612,0.0404935232648033,0.0819585640300589,0.4661410996312171,0.0330520430128207,-0.0127051919820622,-0.0650160214642795,-0.1135198296528505,-0.1649981538914419,0.1162899467512757,0.0025586450969942,0.1137302919244188,1.0097298626091227e-06,downstairs,wiktor
1672842740180193700,-0.119443906036718,0.9430693791962244,-0.06359494450464,0.95272819714408,-0.119443906036718,-0.0479086686079612,0.0404935232648033,0.9430693791962244,0.4661410996312171,0.0330520430128207,-0.06359494450464,-0.0650160214642795,-0.1135198296528505,0.0777987377248656,1.408539435932966e-05,0.0776973522563599,8.730007414635695e-05,downstairs,wiktor
1672842740190193700,-0.1247515221417749,1.3372707294129884,-0.0768085794433203,1.3452715353777231,-0.1247515221417749,-0.119443906036718,-0.0479086686079612,1.3372707294129884,0.9430693791962244,0.4661410996312171,-0.0768085794433203,-0.06359494450464,-0.0650160214642795,0.0554455150886991,0.0004076574504872,0.0547647783856741,0.0002730792525377,downstairs,wiktor
1672842740200193700,-0.0961978025771632,1.6682232286804033,-0.0534385451028321,1.6718488077670934,-0.0961978025771632,-0.1247515221417749,-0.119443906036718,1.6682232286804033,1.3372707294129884,0.9430693791962244,-0.0534385451028321,-0.0768085794433203,-0.06359494450464,0.012951117006518,0.003460842934758,0.0092914408048386,0.0001988332669214,downstairs,wiktor
1672842740210193700,-0.0130011327548918,1.804542272139772,-0.0334969670849608,1.8048999662574576,-0.0130011327548918,-0.0961978025771632,-0.1247515221417749,1.804542272139772,1.6682232286804033,1.3372707294129884,-0.0334969670849608,-0.0534385451028321,-0.0768085794433203,0.0039255542971946,0.003628417661184,0.0002727107309778,2.4425905032727733e-05,downstairs,wiktor
1672842740220193700,0.0721859280135609,1.7811880121010608,-0.0404863740745026,1.7831098365331868,0.0721859280135609,-0.0130011327548918,-0.0961978025771632,1.7811880121010608,1.804542272139772,1.6682232286804033,-0.0404863740745026,-0.0334969670849608,-0.0534385451028321,0.0412761244159284,4.859687290130756e-06,0.0388798839768754,0.0023913807517629,downstairs,wiktor
1672842740230193700,0.0690683368632877,1.5023336272444645,-0.1096438863455918,1.507911981688432,0.0690683368632877,0.0721859280135609,-0.0130011327548918,1.5023336272444645,1.7811880121010608,1.804542272139772,-0.1096438863455918,-0.0404863740745026,-0.0334969670849608,0.0608707432833251,0.0072512325553621,0.0516138011913488,0.0020057095366141,downstairs,wiktor
1672842740240193700,-0.0513578443047804,1.18104310080041,-0.1729796509121325,1.1947478368884223,-0.0513578443047804,0.0690683368632877,0.0721859280135609,1.18104310080041,1.5023336272444645,1.7811880121010608,-0.1729796509121325,-0.1096438863455918,-0.0404863740745026,0.0188135193610129,0.0034916002247916,0.0147973598152917,0.0005245593209295,downstairs,wiktor
1672842740250193700,-0.1349233901330895,1.0090119419059134,-0.2053697518977605,1.0385018801659898,-0.1349233901330895,-0.0513578443047804,0.0690683368632877,1.0090119419059134,1.18104310080041,1.5023336272444645,-0.2053697518977605,-0.1729796509121325,-0.1096438863455918,0.0020560171968682,0.0003411454800916,0.0012928144046068,0.0004220573121697,downstairs,wiktor
1672842740260193700,-0.1610440899740821,0.9581628631609284,-0.234423402689692,0.9994826676761044,-0.1610440899740821,-0.1349233901330895,-0.0513578443047804,0.9581628631609284,1.0090119419059134,1.18104310080041,-0.234423402689692,-0.2053697518977605,-0.1729796509121325,0.0008109548881884,3.843683321681903e-05,6.438304496301888e-06,0.0007660797504752,downstairs,wiktor
1672842740270193700,-0.1522763270647855,0.9545744639366776,-0.2735662117476859,1.0046088588074051,-0.1522763270647855,-0.1610440899740821,-0.1349233901330895,0.9545744639366776,0.9581628631609284,1.0090119419059134,-0.2735662117476859,-0.234423402689692,-0.2053697518977605,0.0038105794797004,0.0035136397264711,9.45406423532943e-05,0.0002023991108759,downstairs,wiktor
1672842740280193700,-0.0684474570202575,0.9683251469999508,-0.2936858096997291,1.0141942612261232,-0.0684474570202575,-0.1522763270647855,-0.1610440899740821,0.9683251469999508,0.9545744639366776,0.9581628631609284,-0.2936858096997291,-0.2735662117476859,-0.234423402689692,0.0060380422444773,0.0057797404862917,8.852529122627531e-05,0.0001697764669593,downstairs,wiktor
1672842740290193700,0.0390675697089558,0.981631182564782,-0.2752588475540404,1.0202418765877408,0.0390675697089558,-0.0684474570202575,-0.1522763270647855,0.981631182564782,0.9683251469999508,0.9545744639366776,-0.2752588475540404,-0.2936858096997291,-0.2735662117476859,0.0095591249614915,0.0017915527229335,0.000253896227356,0.0075136760112018,downstairs,wiktor
1672842740300193700,0.0989266161920661,1.0041654332670389,-0.1526727471086646,1.020511470033188,0.0989266161920661,0.0390675697089558,-0.0684474570202575,1.0041654332670389,0.981631182564782,0.9683251469999508,-0.1526727471086646,-0.2752588475540404,-0.2936858096997291,0.0063188738254743,4.624825179214402e-05,3.964786350437439e-06,0.0062686607873317,downstairs,wiktor
1672842740310193700,0.1085441264511865,1.006981382964898,-0.0407025654768411,1.013632098870861,0.1085441264511865,0.0989266161920661,0.0390675697089558,1.006981382964898,1.0041654332670389,0.981631182564782,-0.0407025654768411,-0.1526727471086646,-0.2752588475540404,0.0022766997729453,0.0003521804795209,0.0011021097006342,0.00082240959279,downstairs,wiktor
1672842740320193700,0.0820043269221407,0.9600322679437548,-0.0001461950083175,0.9635282489372916,0.0820043269221407,0.1085441264511865,0.0989266161920661,0.9600322679437548,1.006981382964898,1.0041654332670389,-0.0001461950083175,-0.0407025654768411,-0.1526727471086646,0.0034743402642179,9.955212710925152e-05,0.0033111697547148,6.361838239385043e-05,downstairs,wiktor
1672842740330193700,0.0678938962335152,0.8786545098680394,0.0111337325086348,0.8813440241226951,0.0678938962335152,0.0820043269221407,0.1085441264511865,0.8786545098680394,0.9600322679437548,1.006981382964898,0.0111337325086348,-0.0001461950083175,-0.0407025654768411,0.0036567289804397,4.70001831079541e-06,0.003636265856382,1.5763105746892184e-05,downstairs,wiktor
1672842740340193700,0.0709598441491835,0.7933753699054193,0.0167485532086914,0.7967184515804951,0.0709598441491835,0.0678938962335152,0.0820043269221407,0.7933753699054193,0.8786545098680394,0.9600322679437548,0.0167485532086914,0.0111337325086348,-0.0001461950083175,0.0033635850640881,3.441506204661947e-05,0.0033256753949624,3.494607079155847e-06,downstairs,wiktor
1672842740350193700,0.0792562363827534,0.7118195559500377,0.0193922654014824,0.7164807681967948,0.0792562363827534,0.0709598441491835,0.0678938962335152,0.7118195559500377,0.7933753699054193,0.8786545098680394,0.0193922654014824,0.0167485532086914,0.0111337325086348,0.0026398539878131,7.32555751245251e-07,0.0026322590847353,6.862347326511647e-06,downstairs,wiktor
1672842740360193700,0.0804666542868223,0.6392625564980846,0.0230969509013627,0.6447208448107768,0.0804666542868223,0.0792562363827534,0.0709598441491835,0.6392625564980846,0.7118195559500377,0.7933753699054193,0.0230969509013627,0.0193922654014824,0.0167485532086914,0.0015151084408143,1.3544742620283698e-06,0.0014525282718906,6.122569466172098e-05,downstairs,wiktor
1672842740370193700,0.0788207659175649,0.585363980043959,0.0341627264875312,0.5916340035476306,0.0788207659175649,0.0804666542868223,0.0792562363827534,0.585363980043959,0.6392625564980846,0.7118195559500377,0.0341627264875312,0.0230969509013627,0.0193922654014824,0.000713060289664,0.0004436762411642,0.0002196929978357,4.969105066411467e-05,downstairs,wiktor
1672842740380193700,0.0490323036825236,0.5644024439439635,0.0441317836810791,0.5682445775062069,0.0490323036825236,0.0788207659175649,0.0804666542868223,0.5644024439439635,0.585363980043959,0.6392625564980846,0.0441317836810791,0.0341627264875312,0.0230969509013627,0.0009454987061393,0.0008499259124721,5.455877689635607e-05,4.101401677088549e-05,downstairs,wiktor
1672842740390193700,0.0078030443519913,0.5539565091465071,0.035074850781815,0.5551206595725923,0.0078030443519913,0.0490323036825236,0.0788207659175649,0.5539565091465071,0.5644024439439635,0.585363980043959,0.035074850781815,0.0441317836810791,0.0341627264875312,0.000320819079372,1.2998510240174385e-05,1.696093212120934e-05,0.0002908596370106,downstairs,wiktor
1672842740400193700,0.0027043170127086,0.5481322611914129,0.0109559935530565,0.5482484134806512,0.0027043170127086,0.0078030443519913,0.0490323036825236,0.5481322611914129,0.5539565091465071,0.5644024439439635,0.0109559935530565,0.035074850781815,0.0441317836810791,0.0006649917775501,1.7067201786091475e-05,0.0003966723041371,0.0002512522716268,downstairs,wiktor
1672842740410193700,0.0085467825515186,0.5762986349067893,-0.0114606195553903,0.5764759404242342,0.0085467825515186,0.0027043170127086,0.0078030443519913,0.5762986349067893,0.5481322611914129,0.5539565091465071,-0.0114606195553903,0.0109559935530565,0.035074850781815,0.0017450709561143,0.0008036073876033,0.0006835476584954,0.0002579159100154,downstairs,wiktor
1672842740420193700,0.0486368658041984,0.6132728869883517,-0.034172550781751,0.6161468508863894,0.0486368658041984,0.0085467825515186,0.0027043170127086,0.6132728869883517,0.5762986349067893,0.5481322611914129,-0.034172550781751,-0.0114606195553903,0.0109559935530565,0.0043921977126873,0.0012092315980836,0.0024421856292825,0.000740780485321,downstairs,wiktor
1672842740430193700,0.0978147388383931,0.6831611639635725,-0.072663601308363,0.6939430077731074,0.0978147388383931,0.0486368658041984,0.0085467825515186,0.6831611639635725,0.6132728869883517,0.5762986349067893,-0.072663601308363,-0.034172550781751,-0.0114606195553903,0.0064350374296381,0.0002717887066076,0.0053794145581113,0.0007838341649191,downstairs,wiktor
1672842740440193700,0.0744999921484695,0.786885939770622,-0.1122573928650985,0.7983366791596677,0.0744999921484695,0.0978147388383931,0.0486368658041984,0.786885939770622,0.6831611639635725,0.6132728869883517,-0.1122573928650985,-0.072663601308363,-0.034172550781751,0.0098233745428843,0.0034056208777725,0.0060776820615009,0.0003400716036109,downstairs,wiktor
1672842740450193700,-0.0080302553705162,0.8971373076669064,-0.1383369482144887,0.9077758231250924,-0.0080302553705162,0.0744999921484695,0.0978147388383931,0.8971373076669064,0.786885939770622,0.6831611639635725,-0.1383369482144887,-0.1122573928650985,-0.072663601308363,0.0112142822648217,0.0021451701593716,0.0085565816068282,0.0005125304986218,downstairs,wiktor
1672842740460193700,-0.0735309448229429,1.0279545970963109,-0.1703535220043814,1.0445658313372552,-0.0735309448229429,-0.0080302553705162,0.0744999921484695,1.0279545970963109,0.8971373076669064,0.786885939770622,-0.1703535220043814,-0.1383369482144887,-0.1122573928650985,0.0124191417805518,0.002102279731203,0.0096923563132585,0.0006245057360902,downstairs,wiktor
1672842740470193700,-0.1383735192814428,1.167183590580129,-0.2056948784042209,1.1932204942757152,-0.1383735192814428,-0.0735309448229429,-0.0080302553705162,1.167183590580129,1.0279545970963109,0.8971373076669064,-0.2056948784042209,-0.1703535220043814,-0.1383369482144887,0.0060753128206776,0.0003172130624693,0.0054825069702777,0.0002755927879304,downstairs,wiktor
1672842740480193700,-0.1635613362757514,1.271897553071077,-0.2291722201587913,1.3026878377896265,-0.1635613362757514,-0.1383735192814428,-0.0735309448229429,1.271897553071077,1.167183590580129,1.0279545970963109,-0.2291722201587913,-0.2056948784042209,-0.1703535220043814,0.0010115729379608,0.0003639327717497,0.0006470027168685,6.374493425051274e-07,downstairs,wiktor
1672842740490193700,-0.1365823529090729,1.3078698400950777,-0.2303013342739321,1.3349969896313834,-0.1365823529090729,-0.1635613362757514,-0.1383735192814428,1.3078698400950777,1.271897553071077,1.167183590580129,-0.2303013342739321,-0.2291722201587913,-0.2056948784042209,0.0032882362153562,0.0027088086626767,6.529496410471119e-07,0.0005787746030385,downstairs,wiktor
1672842740500193700,-0.0629778875190341,1.3067270805919038,-0.1962785594594492,1.3228859173685676,-0.0629778875190341,-0.1365823529090729,-0.1635613362757514,1.3067270805919038,1.3078698400950777,1.271897553071077,-0.1962785594594492,-0.2303013342739321,-0.2291722201587913,0.0019692904079771,0.0011771047234119,0.00028044331075,0.0005117423738152,downstairs,wiktor
1672842740510193700,-0.0144576912413614,1.283044035570199,-0.1642866112907238,1.2936000590204386,-0.0144576912413614,-0.0629778875190341,-0.1365823529090729,1.283044035570199,1.3067270805919038,1.3078698400950777,-0.1642866112907238,-0.1962785594594492,-0.2303013342739321,0.0006285402019316,0.0002379234135687,0.000183452616945,0.0002071641714178,downstairs,wiktor
1672842740520193700,0.0073562223721444,1.263889265044556,-0.1439315543555128,1.2720795889572518,0.0073562223721444,-0.0144576912413614,-0.0629778875190341,1.263889265044556,1.283044035570199,1.3067270805919038,-0.1439315543555128,-0.1642866112907238,-0.1962785594594492,0.0004776788176148,7.794336562431455e-05,4.953029519343666e-05,0.000350205156797,downstairs,wiktor
1672842740530193700,0.0198416831665496,1.253936346357715,-0.1174662881827691,1.2595826221281612,0.0198416831665496,0.0073562223721444,-0.0144576912413614,1.253936346357715,1.263889265044556,1.283044035570199,-0.1174662881827691,-0.1439315543555128,-0.1642866112907238,0.0011447187974748,0.0002246332891429,2.0977155303178555e-06,0.0009179877928015,downstairs,wiktor
1672842740540193700,0.0410375926371522,1.2518880712149092,-0.0746180025040743,1.2547811255981405,0.0410375926371522,0.0198416831665496,0.0073562223721444,1.2518880712149092,1.253936346357715,1.263889265044556,-0.0746180025040743,-0.1174662881827691,-0.1439315543555128,0.0021976631614889,0.0008796370586316,2.069718472730037e-06,0.0013159563843845,downstairs,wiktor
1672842740550193700,0.082981294396336,1.2539226318420371,-0.0233158313144535,1.256881653082436,0.082981294396336,0.0410375926371522,0.0198416831665496,1.2539226318420371,1.2518880712149092,1.253936346357715,-0.0233158313144535,-0.0746180025040743,-0.1174662881827691,0.001870869080544,0.0010818855480378,0.0001336896305216,0.0006552939019845,downstairs,wiktor
1672842740560193700,0.1294976473926277,1.2702743675616286,0.0128862101192718,1.2769231237531722,0.1294976473926277,0.082981294396336,0.0410375926371522,1.2702743675616286,1.2539226318420371,1.2518880712149092,0.0128862101192718,-0.0233158313144535,-0.0746180025040743,0.0014984348399809,0.0006679191505595,0.0004586286275849,0.0003718870618365,downstairs,wiktor
1672842740570193700,0.1660467691484101,1.300560622780291,0.0401584326849708,1.3117325042808832,0.1660467691484101,0.1294976473926277,0.082981294396336,1.300560622780291,1.2702743675616286,1.2539226318420371,0.0401584326849708,0.0128862101192718,-0.0233158313144535,0.0023218130038102,0.0010183453217278,0.0004166348095852,0.0008868328724971,downstairs,wiktor
1672842740580193700,0.2111764782484663,1.3294270326570077,0.0822733438803447,1.3486069268834022,0.2111764782484663,0.1660467691484101,0.1294976473926277,1.3294270326570077,1.300560622780291,1.2702743675616286,0.0822733438803447,0.0401584326849708,0.0128862101192718,0.0028093831696339,0.0002617529816248,0.0012676923662242,0.0012799378217848,downstairs,wiktor
1672842740590193700,0.2340567309404646,1.379779636685483,0.1328685575232343,1.405783928165622,0.2340567309404646,0.2111764782484663,0.1660467691484101,1.379779636685483,1.3294270326570077,1.300560622780291,0.1328685575232343,0.0822733438803447,0.0401584326849708,0.0031443414904658,3.5521975067108125e-05,0.0025868091030874,0.0005220104123113,downstairs,wiktor
1672842740600193700,0.2256279736100976,1.4517075047629882,0.1651798686173791,1.4783934019255611,0.2256279736100976,0.2340567309404646,0.2111764782484663,1.4517075047629882,1.379779636685483,1.3294270326570077,0.1651798686173791,0.1328685575232343,0.0822733438803447,0.0041278803991778,0.0015884197384987,0.0024093237488431,0.0001301369118358,downstairs,wiktor
1672842740610193700,0.1692645149068065,1.521123983337505,0.1813128727911756,1.5412147827382736,0.1692645149068065,0.2256279736100976,0.2340567309404646,1.521123983337505,1.4517075047629882,1.379779636685483,0.1813128727911756,0.1651798686173791,0.1328685575232343,0.0035727655162986,0.003001469858816,0.0005191122954842,5.218336199837168e-05,downstairs,wiktor
1672842740620193700,0.0917858745106809,1.5533454760243517,0.1915288761191285,1.5677978584729813,0.0917858745106809,0.1692645149068065,0.2256279736100976,1.5533454760243517,1.521123983337505,1.4517075047629882,0.1915288761191285,0.1813128727911756,0.1651798686173791,0.0037163456793352,0.0035325862963163,0.000182718859727,1.0405232917966903e-06,downstairs,wiktor
1672842740630193700,0.0077312934776836,1.5342290506405571,0.1929714594212616,1.5463364888921929,0.0077312934776836,0.0917858745106809,0.1692645149068065,1.5342290506405571,1.5533454760243517,1.521123983337505,0.1929714594212616,0.1915288761191285,0.1813128727911756,0.009884321563654,0.0004988163555573,0.0091972485438927,0.000188256664204,downstairs,wiktor
1672842740640193700,-0.0238540308219765,1.3986027364984062,0.1735675080605716,1.409533365756782,-0.0238540308219765,0.0077312934776836,0.0917858745106809,1.3986027364984062,1.5342290506405571,1.5533454760243517,0.1735675080605716,0.1929714594212616,0.1915288761191285,0.0149602288163604,0.0004843201296075,0.0142719591367653,0.0002039495499875,downstairs,wiktor
1672842740650193700,0.0072689552046735,1.2296532817093162,0.1533709959860788,1.2392024424354642,0.0072689552046735,-0.0238540308219765,0.0077312934776836,1.2296532817093162,1.3986027364984062,1.5342290506405571,0.1533709959860788,0.1735675080605716,0.1929714594212616,0.0178817751026832,0.0093077580989527,0.0085572610872779,1.675591645251685e-05,downstairs,wiktor
1672842740660193700,0.1437076454574954,1.0988307982649328,0.1591599365545277,1.1195592418369509,0.1437076454574954,0.0072689552046735,-0.0238540308219765,1.0988307982649328,1.2296532817093162,1.3986027364984062,0.1591599365545277,0.1533709959860788,0.1735675080605716,0.0163997356195783,0.0152099079565888,0.0007129863339248,0.0004768413290646,downstairs,wiktor
1672842740670193700,0.3181204199700803,1.0610687449858844,0.1900416893889976,1.1239142880547806,0.3181204199700803,0.1437076454574954,0.0072689552046735,1.0610687449858844,1.0988307982649328,1.2296532817093162,0.1900416893889976,0.1591599365545277,0.1533709959860788,0.0097052987641572,0.0093140550119829,0.0003873189974273,3.924754746981676e-06,downstairs,wiktor
1672842740680193700,0.4546052543802294,1.0889010642362575,0.1872399917796965,1.1947511370685646,0.4546052543802294,0.3181204199700803,0.1437076454574954,1.0889010642362575,1.0610687449858844,1.0988307982649328,0.1872399917796965,0.1900416893889976,0.1591599365545277,0.0067267250761427,0.0014468517385367,0.0030693713557399,0.002210501981866,downstairs,wiktor
1672842740690193700,0.5083984089361163,1.1672511932181544,0.1207493611334755,1.2788763421426337,0.5083984089361163,0.4546052543802294,0.3181204199700803,1.1672511932181544,1.0889010642362575,1.0610687449858844,0.1207493611334755,0.1872399917796965,0.1900416893889976,0.0068562474647604,1.378744330124988e-05,0.0030364892539652,0.0038059707674939,downstairs,wiktor
1672842740700193700,0.5136495884800378,1.2451805106021177,0.0335029197447979,1.3473799944189797,0.5136495884800378,0.5083984089361163,0.4546052543802294,1.2451805106021177,1.1672511932181544,1.0889010642362575,0.0335029197447979,0.1207493611334755,0.1872399917796965,0.0080270890891489,0.0004303288266671,0.0042116871757131,0.0033850730867686,downstairs,wiktor
1672842740710193700,0.4843126211293674,1.3369594534562732,-0.0487779782421426,1.42281361616084,0.4843126211293674,0.5136495884800378,0.5083984089361163,1.3369594534562732,1.2451805106021177,1.1672511932181544,-0.0487779782421426,0.0335029197447979,0.1207493611334755,0.0077121904921664,0.0034741112437388,0.002500980401621,0.0017370988468065,downstairs,wiktor
1672842740720193700,0.4009566226200958,1.4076839951885605,-0.1077203033881111,1.467632143043674,0.4009566226200958,0.4843126211293674,0.5136495884800378,1.4076839951885605,1.3369594534562732,1.2451805106021177,-0.1077203033881111,-0.0487779782421426,0.0335029197447979,0.0119191267897902,0.0117666527651591,5.32701461016285e-05,9.920387852948042e-05,downstairs,wiktor
1672842740730193700,0.2475509332525946,1.4180058308878565,-0.1218060322318366,1.4445963832414417,0.2475509332525946,0.4009566226200958,0.4843126211293674,1.4180058308878565,1.4076839951885605,1.3369594534562732,-0.1218060322318366,-0.1077203033881111,-0.0487779782421426,0.0268794819374583,0.0256189095949117,0.0011064248611775,0.0001541474813689,downstairs,wiktor
1672842740740193700,0.0211932093070143,1.370964894222488,-0.1042477019371307,1.3750859888277465,0.0211932093070143,0.2475509332525946,0.4009566226200958,1.370964894222488,1.4180058308878565,1.4076839951885605,-0.1042477019371307,-0.1218060322318366,-0.1077203033881111,0.0180976212013979,0.0169971400589144,0.0005750258172221,0.0005254553252613,downstairs,wiktor
1672842740750193700,-0.1631821689782353,1.3370524830070607,-0.0718299498478398,1.34888743202794,-0.1631821689782353,0.0211932093070143,0.2475509332525946,1.3370524830070607,1.370964894222488,1.4180058308878565,-0.0718299498478398,-0.1042477019371307,-0.1218060322318366,0.0028806969769395,0.0026746124610999,0.0001116844869305,9.44000289091166e-05,downstairs,wiktor
1672842740760193700,-0.2363205646551976,1.351998016582715,-0.0580894965140435,1.373725021875849,-0.2363205646551976,-0.1631821689782353,0.0211932093070143,1.351998016582715,1.3370524830070607,1.370964894222488,-0.0580894965140435,-0.0718299498478398,-0.1042477019371307,0.001579627619892,9.83941280507454e-05,0.0014638630608118,1.7370431029393738e-05,downstairs,wiktor
1672842740770193700,-0.2503486884107642,1.4061064828483905,-0.0521953585737856,1.4291725796256751,-0.2503486884107642,-0.2363205646551976,-0.1631821689782353,1.4061064828483905,1.351998016582715,1.3370524830070607,-0.0521953585737856,-0.0580894965140435,-0.0718299498478398,0.0030369733779164,0.0005325804493124,0.0003524552611598,0.0021519376674442,downstairs,wiktor
1672842740780193700,-0.2829854912355631,1.4326566339274278,0.013408569166011,1.4603991265106882,-0.2829854912355631,-0.2503486884107642,-0.2363205646551976,1.4326566339274278,1.4061064828483905,1.351998016582715,0.013408569166011,-0.0521953585737856,-0.0580894965140435,0.0178004452314014,0.0101803339654619,2.318609029522628e-05,0.0075969251756442,downstairs,wiktor
1672842740790193700,-0.4256763035919441,1.4394663461526582,0.1366719065834623,1.5072965491882957,-0.4256763035919441,-0.2829854912355631,-0.2503486884107642,1.4394663461526582,1.4326566339274278,1.4061064828483905,0.1366719065834623,0.013408569166011,-0.0521953585737856,0.0075426624056086,0.0013915334720703,0.0006192019452889,0.0055319269882493,downstairs,wiktor
1672842740800193700,-0.4784310848363076,1.4042753829578565,0.2418567627962212,1.5031235304622663,-0.4784310848363076,-0.4256763035919441,-0.2829854912355631,1.4042753829578565,1.4394663461526582,1.4326566339274278,0.2418567627962212,0.1366719065834623,0.013408569166011,0.0044280523106798,0.0008323367625801,0.0024872917400572,0.0011084238080423,downstairs,wiktor
1672842740810193700,-0.4376306739908226,1.333744655752513,0.2889401740584138,1.4331370617463486,-0.4376306739908226,-0.4784310848363076,-0.4256763035919441,1.333744655752513,1.4042753829578565,1.4394663461526582,0.2889401740584138,0.2418567627962212,0.1366719065834623,0.0142975068767678,0.0126797362963739,0.0015881795868286,2.9590993565185224e-05,downstairs,wiktor
1672842740820193700,-0.278384096028381,1.2773854579791477,0.2966331570384009,1.3405978304594943,-0.278384096028381,-0.4376306739908226,-0.4784310848363076,1.2773854579791477,1.333744655752513,1.4042753829578565,0.2966331570384009,0.2889401740584138,0.2418567627962212,0.0199748770358094,0.0170708368438951,0.0028448292373527,5.921095456163504e-05,downstairs,wiktor
1672842740830193700,-0.0936094395199999,1.2019556331437051,0.2857509739337444,1.2389970501648573,-0.0936094395199999,-0.278384096028381,-0.4376306739908226,1.2019556331437051,1.2773854579791477,1.333744655752513,0.2857509739337444,0.2966331570384009,0.2889401740584138,0.0103418738891159,0.0043775654857908,0.0045868878788294,0.0013774205244955,downstairs,wiktor
1672842740840193700,-4.058267338805002e-05,1.106175803546556,0.2332643942300606,1.1305030683790025,-4.058267338805002e-05,-0.0936094395199999,-0.278384096028381,1.106175803546556,1.2019556331437051,1.2773854579791477,0.2332643942300606,0.2857509739337444,0.2966331570384009,0.015289204095331,2.719796243247916e-06,0.0013929639134814,0.0138935203856063,downstairs,wiktor
1672842740850193700,-0.0023728760697033,1.053393914351843,0.0665699408993854,1.05549795185291,-0.0023728760697033,-4.058267338805002e-05,-0.0936094395199999,1.053393914351843,1.106175803546556,1.2019556331437051,0.0665699408993854,0.2332643942300606,0.2857509739337444,0.0406377850915475,7.024677825024801e-05,0.0004909497843822,0.040076588528915,downstairs,wiktor
1672842740860193700,-0.0142258738550948,1.0220586376055876,-0.2165434234228065,1.044843188434896,-0.0142258738550948,-0.0023728760697033,-4.058267338805002e-05,1.0220586376055876,1.053393914351843,1.106175803546556,-0.2165434234228065,0.0665699408993854,0.2332643942300606,0.0273090926970913,0.0032642515498792,0.0008419585260966,0.0232028826211154,downstairs,wiktor
1672842740870193700,0.0665732789855041,0.9810230792178516,-0.4319633975250958,1.0739788918942406,0.0665732789855041,-0.0142258738550948,-0.0023728760697033,0.9810230792178516,1.0220586376055876,1.053393914351843,-0.4319633975250958,-0.2165434234228065,0.0665699408993854,0.0231179447653641,0.0210622031787149,0.0012232001544821,0.000832541432167,downstairs,wiktor
1672842740880193700,0.2718155903090466,0.9315619802716668,-0.4727688244231703,1.0794451350435514,0.2718155903090466,0.0665732789855041,-0.0142258738550948,0.9315619802716668,0.9810230792178516,1.0220586376055876,-0.4727688244231703,-0.4319633975250958,-0.2165434234228065,0.0151721989264854,0.0069705894553655,0.0079895713891655,0.0002120380819543,downstairs,wiktor
1672842740890193700,0.3898883598654991,0.8051533461586003,-0.452175714801049,1.002371049584354,0.3898883598654991,0.2718155903090466,0.0665732789855041,0.8051533461586003,0.9315619802716668,0.9810230792178516,-0.452175714801049,-0.4727688244231703,-0.4319633975250958,0.0253702831675119,0.0042358736976129,0.016711295747113,0.0044231137227859,downstairs,wiktor
1672842740900193700,0.2978462640873941,0.6223348802033637,-0.3581213292277439,0.7773441879865051,0.2978462640873941,0.3898883598654991,0.2718155903090466,0.6223348802033637,0.8051533461586003,0.9315619802716668,-0.3581213292277439,-0.452175714801049,-0.4727688244231703,0.0969957066726918,0.0633174335789956,0.0047724979618746,0.0289057751318216,downstairs,wiktor
1672842740910193700,-0.0580116670564702,0.524636385211121,-0.1176810034426476,0.5407934067398853,-0.0580116670564702,0.2978462640873941,0.3898883598654991,0.524636385211121,0.6223348802033637,0.8051533461586003,-0.1176810034426476,-0.3581213292277439,-0.452175714801049,0.0757930254122288,0.0291995296815266,0.0006550859473674,0.0459384097833346,downstairs,wiktor
1672842740920193700,-0.2996706403288345,0.4884400885119429,0.1854308893736346,0.602296295418248,-0.2996706403288345,-0.0580116670564702,0.2978462640873941,0.4884400885119429,0.524636385211121,0.6223348802033637,0.1854308893736346,-0.1176810034426476,-0.3581213292277439,0.0358456960768402,0.0014823521837098,0.0009741994976012,0.033389144395529,downstairs,wiktor
1672842740930193700,-0.354119739195756,0.4442994157123288,0.443845844031948,0.7209728800411423,-0.354119739195756,-0.2996706403288345,-0.0580116670564702,0.4442994157123288,0.4884400885119429,0.524636385211121,0.443845844031948,0.1854308893736346,-0.1176810034426476,0.0101711656718332,0.0042306625162456,0.0032623079013774,0.0026781952542101,downstairs,wiktor
1672842740940193700,-0.262134278211472,0.3635243217615633,0.5170332098024157,0.6842423929896795,-0.262134278211472,-0.354119739195756,-0.2996706403288345,0.3635243217615633,0.4442994157123288,0.4884400885119429,0.5170332098024157,0.443845844031948,0.1854308893736346,0.0489321040962901,0.0422417960884531,0.00437341182327,0.0023168961845668,downstairs,wiktor
1672842740950193700,0.0285263351796551,0.2699998669567361,0.4489612451684068,0.5246712109679771,0.0285263351796551,-0.262134278211472,-0.354119739195756,0.2699998669567361,0.3635243217615633,0.4442994157123288,0.4489612451684068,0.5170332098024157,0.443845844031948,0.0818909097303424,0.0423336561035763,0.0003206809612781,0.0392365726654879,downstairs,wiktor
1672842740960193700,0.3195028156847856,0.2446747426222668,0.1688306589573042,0.4364075736186715,0.3195028156847856,0.0285263351796551,-0.262134278211472,0.2446747426222668,0.2699998669567361,0.3635243217615633,0.1688306589573042,0.4489612451684068,0.5170332098024157,0.0398193089278485,0.0021071078789408,0.0015858983528145,0.036126302696093,downstairs,wiktor
1672842740970193700,0.3844198069727506,0.3009934491559678,-0.0999677885683207,0.4983665349710125,0.3844198069727506,0.3195028156847856,0.0285263351796551,0.3009934491559678,0.2446747426222668,0.2699998669567361,-0.0999677885683207,0.1688306589573042,0.4489612451684068,0.017551528527897,0.0033399084149696,0.0041812386896963,0.010030381423231,downstairs,wiktor
1672842740980193700,0.3026896605765812,0.392440031264829,-0.2416038109865677,0.5513643171645578,0.3026896605765812,0.3844198069727506,0.3195028156847856,0.392440031264829,0.3009934491559678,0.2446747426222668,-0.2416038109865677,-0.0999677885683207,0.1688306589573042,0.0054626429831941,0.0028442452808016,0.0012204179368077,0.0013979797655846,downstairs,wiktor
1672842740990193700,0.227267577858034,0.4418448475646147,-0.294480644582854,0.5775779352596395,0.227267577858034,0.3026896605765812,0.3844198069727506,0.4418448475646147,0.392440031264829,0.3009934491559678,-0.294480644582854,-0.2416038109865677,-0.0999677885683207,0.0006069639013464,0.000335645315225,0.0002565998111846,1.4718774936759238e-05,downstairs,wiktor
1672842741000193700,0.2013583009393305,0.4644987572132669,-0.2890550063832024,0.5829726044378386,0.2013583009393305,0.227267577858034,0.3026896605765812,0.4644987572132669,0.4418448475646147,0.392440031264829,-0.2890550063832024,-0.294480644582854,-0.2416038109865677,0.0026582683547348,1.7568778815224143e-05,0.0001704558911079,0.0024702436848116,downstairs,wiktor
1672842741010193700,0.2072859950635619,0.4829625537409544,-0.2187664058165151,0.5692794150321541,0.2072859950635619,0.2013583009393305,0.227267577858034,0.4829625537409544,0.4644987572132669,0.4418448475646147,-0.2187664058165151,-0.2890550063832024,-0.294480644582854,0.0048304790267995,0.0015484970683576,0.0001004510632022,0.0031815308952395,downstairs,wiktor
1672842741020193700,0.2629366386960968,0.4971365484638462,-0.1389976037039155,0.5793105882191163,0.2629366386960968,0.2072859950635619,0.2013583009393305,0.4971365484638462,0.4829625537409544,0.4644987572132669,-0.1389976037039155,-0.2187664058165151,-0.2890550063832024,0.0019464298774276,0.0013965128052844,3.3184329399902866e-06,0.0005465986392031,downstairs,wiktor
1672842741030193700,0.3157857220426309,0.4945603369275044,-0.1059340697366219,0.5962655249457207,0.3157857220426309,0.2629366386960968,0.2072859950635619,0.4945603369275044,0.4971365484638462,0.4829625537409544,-0.1059340697366219,-0.1389976037039155,-0.2187664058165151,0.0002480916309859,3.215269484164804e-06,0.0002318961152364,1.2980246265293986e-05,downstairs,wiktor
1672842741040193700,0.3183215727812056,0.4730245009680415,-0.1110292137513272,0.5808685638939355,0.3183215727812056,0.3157857220426309,0.2629366386960968,0.4730245009680415,0.4945603369275044,0.4971365484638462,-0.1110292137513272,-0.1059340697366219,-0.1389976037039155,0.0016956776582376,0.0003922288798499,3.367227654550558e-05,0.0012697765018421,downstairs,wiktor
1672842741050193700,0.2903133996936959,0.4648181282558737,-0.1614231916026965,0.571310081465579,0.2903133996936959,0.3183215727812056,0.3157857220426309,0.4648181282558737,0.4730245009680415,0.4945603369275044,-0.1614231916026965,-0.1110292137513272,-0.1059340697366219,0.0040388451066122,5.039080899910119e-05,2.7894471857023507e-05,0.003960559825756,downstairs,wiktor
1672842741060193700,0.2802743948626282,0.4573489285856248,-0.2504238637996646,0.5919745690943018,0.2802743948626282,0.2903133996936959,0.3183215727812056,0.4573489285856248,0.4648181282558737,0.4730245009680415,-0.2504238637996646,-0.1614231916026965,-0.1110292137513272,0.0052295197543368,0.0001089316331435,0.0003513828274189,0.0047692052937743,downstairs,wiktor
1672842741070193700,0.2655142029164841,0.4308392010344445,-0.3480886506347813,0.6142360440409836,0.2655142029164841,0.2802743948626282,0.2903133996936959,0.4308392010344445,0.4573489285856248,0.4648181282558737,-0.3480886506347813,-0.2504238637996646,-0.1614231916026965,0.0017784765158428,0.0001057150760195,0.0006565343906754,0.0010162270491478,downstairs,wiktor
1672842741080193700,0.2509735649648987,0.3946029100908223,-0.3931713978702347,0.6109688495059059,0.2509735649648987,0.2655142029164841,0.2802743948626282,0.3946029100908223,0.4308392010344445,0.4573489285856248,-0.3931713978702347,-0.3480886506347813,-0.2504238637996646,0.0012830355326295,1.169278085096824e-05,0.0012651504875569,6.192264221606962e-06,downstairs,wiktor
1672842741090193700,0.2461377029215877,0.3443008129664082,-0.3896522319970179,0.5752874764055822,0.2461377029215877,0.2509735649648987,0.2655142029164841,0.3443008129664082,0.3946029100908223,0.4308392010344445,-0.3896522319970179,-0.3931713978702347,-0.3480886506347813,0.0021385039894726,0.0006572528302146,0.0006473910860779,0.0008338600731799,downstairs,wiktor
1672842741100193700,0.209881590879213,0.3083177312173976,-0.3488145025503408,0.5106678595354073,0.209881590879213,0.2461377029215877,0.2509735649648987,0.3083177312173976,0.3443008129664082,0.3946029100908223,-0.3488145025503408,-0.3896522319970179,-0.3931713978702347,0.0058668568682314,0.0042790616661318,0.0002362501431473,0.0013515450589523,downstairs,wiktor
1672842741110193700,0.1173714653130691,0.2865806595127114,-0.2968232521527535,0.4289622108006889,0.1173714653130691,0.209881590879213,0.2461377029215877,0.2865806595127114,0.3083177312173976,0.3443008129664082,-0.2968232521527535,-0.3488145025503408,-0.3896522319970179,0.0071299733218987,0.0040694177988664,0.0001041814301584,0.0029563740928738,downstairs,wiktor
1672842741120193700,0.0271559699825392,0.2721458799744965,-0.2199288558306044,0.3509551656832314,0.0271559699825392,0.1173714653130691,0.209881590879213,0.2721458799744965,0.2865806595127114,0.3083177312173976,-0.2199288558306044,-0.2968232521527535,-0.3488145025503408,0.0046390538468651,0.000104963527059,0.0001698787503942,0.0043642115694117,downstairs,wiktor
1672842741130193700,0.0126671103269941,0.2905783920330467,-0.1265028255241445,0.3171738048233797,0.0126671103269941,0.0271559699825392,0.1173714653130691,0.2905783920330467,0.2721458799744965,0.2865806595127114,-0.1265028255241445,-0.2199288558306044,-0.2968232521527535,0.0274279998700162,0.0080449766942909,0.0148051011003777,0.0045779220753476,downstairs,wiktor
1672842741140193700,0.1395132903584868,0.4626545443632155,-0.0308166501867674,0.4842136424506434,0.1395132903584868,0.0126671103269941,0.0271559699825392,0.4626545443632155,0.2905783920330467,0.2721458799744965,-0.0308166501867674,-0.1265028255241445,-0.2199288558306044,0.1364176347794105,0.03488262641883,0.0977202882286687,0.0038147201319117,downstairs,wiktor
1672842741150193700,0.4036444184703775,0.9047411608280634,0.0565300169724523,0.9923109530171008,0.4036444184703775,0.1395132903584868,0.0126671103269941,0.9047411608280634,0.4626545443632155,0.2905783920330467,0.0565300169724523,-0.0308166501867674,-0.1265028255241445,0.2077659872158573,8.455428097112206e-05,0.2076303592122248,5.1073722661327904e-05,downstairs,wiktor
1672842741160193700,0.4166485932593537,1.5491484221344904,0.0666368189059353,1.605583180561095,0.4166485932593537,0.4036444184703775,0.1395132903584868,1.5491484221344904,0.9047411608280634,0.4626545443632155,0.0666368189059353,0.0565300169724523,-0.0308166501867674,0.3769874976001696,0.0314577385913113,0.3384879820711967,0.0070417769376614,downstairs,wiktor
1672842741170193700,0.1658190152933117,2.371933913099416,-0.0520373310818482,2.3782923112540377,0.1658190152933117,0.4166485932593537,0.4036444184703775,2.371933913099416,1.5491484221344904,0.9047411608280634,-0.0520373310818482,0.0666368189059353,0.0565300169724523,0.6313933473700519,0.0116504732798958,0.5887846375082846,0.0309582365818714,downstairs,wiktor
1672842741180193700,0.0131725395403755,3.457092553583179,-0.3008675405897431,3.470184968675118,0.0131725395403755,0.1658190152933117,0.4166485932593537,3.457092553583179,2.371933913099416,1.5491484221344904,-0.3008675405897431,-0.0520373310818482,0.0666368189059353,0.0709600774440404,1.986074330243016e-05,0.0380369191616699,0.032903297539068,downstairs,wiktor
1672842741190193700,0.0068700410988953,3.732907415987909,-0.5573955021809429,3.774299235573906,0.0068700410988953,0.0131725395403755,0.1658190152933117,3.732907415987909,3.457092553583179,2.371933913099416,-0.5573955021809429,-0.3008675405897431,-0.0520373310818482,0.4719904352594482,0.0096152598252512,0.4584417319836101,0.0039334434505867,downstairs,wiktor
1672842741200193700,0.1455441902778342,2.7753670962273147,-0.6460909750145301,2.853292690584002,0.1455441902778342,0.0068700410988953,0.0131725395403755,2.7753670962273147,3.732907415987909,3.457092553583179,-0.6460909750145301,-0.5573955021809429,-0.3008675405897431,1.0466341334635323,0.010143706653174,1.0361015253866608,0.0003889014236977,downstairs,wiktor
1672842741210193700,0.2879780812811626,1.3358522297624624,-0.6182018580081514,1.4998686916875268,0.2879780812811626,0.1455441902778342,0.0068700410988953,1.3358522297624624,2.7753670962273147,3.732907415987909,-0.6182018580081514,-0.6460909750145301,-0.5573955021809429,0.3504314915657242,6.869257610725358e-05,0.3393564821614759,0.011006316828141,downstairs,wiktor
1672842741220193700,0.2762569400306483,0.5120118542509488,-0.4698353063319666,0.747809635458547,0.2762569400306483,0.2879780812811626,0.1455441902778342,0.5120118542509488,1.3358522297624624,2.7753670962273147,-0.4698353063319666,-0.6182018580081514,-0.6460909750145301,0.1024921692545035,0.0029999591292767,0.0831940375627179,0.0162981725625087,downstairs,wiktor
1672842741230193700,0.1987978007470647,0.1041049100523534,-0.289290727003155,0.3661250095375789,0.1987978007470647,0.2762569400306483,0.2879780812811626,0.1041049100523534,0.5120118542509488,1.3358522297624624,-0.289290727003155,-0.4698353063319666,-0.6182018580081514,0.0305188579101994,0.0048098523546326,0.0162660639440281,0.0094429416115386,downstairs,wiktor
1672842741240193700,0.100717707408685,-0.0762617384391464,-0.1518648079664705,0.1975419682855145,0.100717707408685,0.1987978007470647,0.2762569400306483,-0.0762617384391464,0.1041049100523534,0.5120118542509488,-0.1518648079664705,-0.289290727003155,-0.4698353063319666,0.0132373078952151,0.007883901958902,6.38131428908564e-05,0.0052895927934221,downstairs,wiktor
1672842741250193700,-0.0248522090434818,-0.0875589188741803,-0.0490096399541417,0.1033737944412935,-0.0248522090434818,0.100717707408685,0.1987978007470647,-0.0875589188741803,-0.0762617384391464,0.1041049100523534,-0.0490096399541417,-0.1518648079664705,-0.289290727003155,0.0282181439727624,0.0079076808117694,0.0168466352955098,0.003463827865483,downstairs,wiktor
1672842741260193700,-0.1506113503555111,0.0959983490043204,0.0342229001426628,0.1818534265875694,-0.1506113503555111,-0.0248522090434818,0.100717707408685,0.0959983490043204,-0.0875589188741803,-0.0762617384391464,0.0342229001426628,-0.0490096399541417,-0.1518648079664705,0.066407379378414,0.006813200553774,0.0595117811593934,8.239766524654239e-05,downstairs,wiktor
1672842741270193700,-0.2673435271858442,0.4409962654020676,0.0470601634995112,0.5178464314981226,-0.2673435271858442,-0.1506113503555111,-0.0248522090434818,0.4409962654020676,0.0959983490043204,-0.0875589188741803,0.0470601634995112,0.0342229001426628,-0.0490096399541417,0.0796184108172536,0.0002283344554953,0.0793476262031881,4.245015857014546e-05,downstairs,wiktor
1672842741280193700,-0.2887133402638941,0.839361992349525,0.0378460266902224,0.8884347296135694,-0.2887133402638941,-0.2673435271858442,-0.1506113503555111,0.839361992349525,0.4409962654020676,0.0959983490043204,0.0378460266902224,0.0470601634995112,0.0342229001426628,0.1232586421308197,0.001547598603951,0.120792992288262,0.0009180512386066,downstairs,wiktor
1672842741290193700,-0.2330788437001427,1.3308759642531975,0.0806957930514678,1.35353920911944,-0.2330788437001427,-0.2887133402638941,-0.2673435271858442,1.3308759642531975,0.839361992349525,0.4409962654020676,0.0806957930514678,0.0378460266902224,0.0470601634995112,0.0895292707659386,0.0056100881019667,0.0781810910703161,0.0057380915936557,downstairs,wiktor
1672842741300193700,-0.1271535105454458,1.72630254674435,0.1878227419826844,1.7411392478908612,-0.1271535105454458,-0.2330788437001427,-0.2887133402638941,1.72630254674435,1.3308759642531975,0.839361992349525,0.1878227419826844,0.0806957930514678,0.0378460266902224,0.0405803249457494,0.0189102105205352,0.0212200286012725,0.0004500858239416,downstairs,wiktor
1672842741310193700,0.0673212205665174,1.9323123940879785,0.21782560264435,1.945716147913656,0.0673212205665174,-0.1271535105454458,-0.2330788437001427,1.9323123940879785,1.72630254674435,1.3308759642531975,0.21782560264435,0.1878227419826844,0.0806957930514678,0.0396360693911649,0.0376874396506839,4.919316419964768e-05,0.0018994365762813,downstairs,wiktor
1672842741320193700,0.3418660790165855,1.9223934058129928,0.156190603231982,1.95879154767255,0.3418660790165855,0.0673212205665174,-0.1271535105454458,1.9223934058129928,1.9323123940879785,1.72630254674435,0.156190603231982,0.21782560264435,0.1878227419826844,0.0701251330748196,2.039333870190836e-05,0.0527274549646174,0.0173772847715003,downstairs,wiktor
1672842741330193700,0.3482525238338384,1.597655188275798,-0.0302351716571161,1.6354498116990166,0.3482525238338384,0.3418660790165855,0.0673212205665174,1.597655188275798,1.9223934058129928,1.9323123940879785,-0.0302351716571161,0.156190603231982,0.21782560264435,0.1250307067867463,0.0389909427237105,0.0779355704927216,0.0081041935703141,downstairs,wiktor
1672842741340193700,0.069000155092907,1.202849994559399,-0.1575473358073981,1.215084480122432,0.069000155092907,0.3482525238338384,0.3418660790165855,1.202849994559399,1.597655188275798,1.9223934058129928,-0.1575473358073981,-0.0302351716571161,0.156190603231982,0.036425793262429,0.0119602882178829,0.0205176069683771,0.0039478980761689,downstairs,wiktor
1672842741350193700,-0.085662627876254,1.000278491290172,-0.2464056283429737,1.0337363685347944,-0.085662627876254,0.069000155092907,0.3482525238338384,1.000278491290172,1.202849994559399,1.597655188275798,-0.2464056283429737,-0.1575473358073981,-0.0302351716571161,0.007387444918952,5.512395764928384e-06,0.0045135612347822,0.0028683712884048,downstairs,wiktor
1672842741360193700,-0.0889829880268787,0.9052673210544332,-0.3221469154775982,0.9649899118016688,-0.0889829880268787,-0.085662627876254,0.069000155092907,0.9052673210544332,1.000278491290172,1.202849994559399,-0.3221469154775982,-0.2464056283429737,-0.1575473358073981,0.004716457324826,0.0035245590086422,0.0003496864683767,0.0008422118478071,downstairs,wiktor
1672842741370193700,-0.0050239622030613,0.8788216609803596,-0.3631886466254709,0.9509252047569972,-0.0050239622030613,-0.0889829880268787,-0.085662627876254,0.8788216609803596,0.9052673210544332,1.000278491290172,-0.3631886466254709,-0.3221469154775982,-0.2464056283429737,0.0082888171287397,0.0080872164822347,0.0001372013099184,6.439933658657543e-05,downstairs,wiktor
1672842741380193700,0.1221547819504702,0.8953867634502156,-0.3518396963139597,0.9697579176359008,0.1221547819504702,-0.0050239622030613,-0.0889829880268787,0.8953867634502156,0.8788216609803596,0.9052673210544332,-0.3518396963139597,-0.3631886466254709,-0.3221469154775982,0.0084038146729025,0.0007676528843143,0.0028766700235177,0.0047594917650704,downstairs,wiktor
1672842741390193700,0.1613377599974317,0.9712375383113564,-0.2542744180119894,1.0168518615223303,0.1613377599974317,0.1221547819504702,-0.0050239622030613,0.9712375383113564,0.8953867634502156,0.8788216609803596,-0.2542744180119894,-0.3518396963139597,-0.3631886466254709,0.0089804118990406,0.0008918221670902,0.0017365975346598,0.0063519921972905,downstairs,wiktor
1672842741400193700,0.1191045463595791,1.0301713577134588,-0.1415624648101168,1.0466512555096028,0.1191045463595791,0.1613377599974317,0.1221547819504702,1.0301713577134588,0.9712375383113564,0.8953867634502156,-0.1415624648101168,-0.2542744180119894,-0.3518396963139597,0.0027364221672974,0.0008682065962145,1.6470054202533514e-05,0.0018517455168803,downstairs,wiktor
1672842741410193700,0.0774342548747678,1.035910705098403,-0.080706150152057,1.0419311567650942,0.0774342548747678,0.1191045463595791,0.1613377599974317,1.035910705098403,1.0301713577134588,0.9712375383113564,-0.080706150152057,-0.1415624648101168,-0.2542744180119894,0.0008918857445849,4.648608702937577e-05,0.0004042938690838,0.0004411057884717,downstairs,wiktor
1672842741420193700,0.0870764628199819,1.007475027892335,-0.0510041034726881,1.0125164990136968,0.0870764628199819,0.0774342548747678,0.1191045463595791,1.007475027892335,1.035910705098403,1.0301713577134588,-0.0510041034726881,-0.080706150152057,-0.1415624648101168,0.0021347401872128,0.0006351818334184,0.0013927868541535,0.0001067714996407,downstairs,wiktor
1672842741430193700,0.1227186241859391,0.9546964933512246,-0.0363909929454396,0.963239097787652,0.1227186241859391,0.0870764628199819,0.0774342548747678,0.9546964933512246,1.007475027892335,1.035910705098403,-0.0363909929454396,-0.0510041034726881,-0.080706150152057,0.0026807501569647,3.550376965367185e-05,0.0026440069508719,1.2394364391154494e-06,downstairs,wiktor
1672842741440193700,0.1311452213228232,0.8819777619146555,-0.0348165492728266,0.8923542086475886,0.1311452213228232,0.1227186241859391,0.0870764628199819,0.8819777619146555,0.9546964933512246,1.007475027892335,-0.0348165492728266,-0.0363909929454396,-0.0510041034726881,0.0046166196607309,9.195829417392342e-05,0.004491029345845,3.363202071202898e-05,downstairs,wiktor
1672842741450193700,0.1175836362993886,0.7872040382794093,-0.0430180150823059,0.7970989016617813,0.1175836362993886,0.1311452213228232,0.1227186241859391,0.7872040382794093,0.8819777619146555,0.9546964933512246,-0.0430180150823059,-0.0348165492728266,-0.0363909929454396,0.0052924290452257,0.0011442388216936,0.0038825300437782,0.0002656601797537,downstairs,wiktor
1672842741460193700,0.0697456007692024,0.6990844599352269,-0.0660684024870236,0.7056547064654017,0.0697456007692024,0.1175836362993886,0.1311452213228232,0.6990844599352269,0.7872040382794093,0.8819777619146555,-0.0660684024870236,-0.0430180150823059,-0.0348165492728266,0.0042654304519283,0.0003993111451465,0.0034740171893823,0.0003921021173994,downstairs,wiktor
1672842741470193700,0.0414856947132182,0.6157295897789805,-0.0940720492995179,0.6242543880940212,0.0414856947132182,0.0697456007692024,0.1175836362993886,0.6157295897789805,0.6990844599352269,0.7872040382794093,-0.0940720492995179,-0.0660684024870236,-0.0430180150823059,0.0014430902909745,2.868647806022357e-06,0.0013587379522255,8.148369094296107e-05,downstairs,wiktor
1672842741480193700,0.0438809599620048,0.5636001748153426,-0.106837917146473,0.5753129898057826,0.0438809599620048,0.0414856947132182,0.0697456007692024,0.5636001748153426,0.6157295897789805,0.6990844599352269,-0.106837917146473,-0.0940720492995179,-0.0660684024870236,0.000107969144431,2.383552390776813e-05,1.5243102591818312e-05,6.889051793149232e-05,downstairs,wiktor
1672842741490193700,0.0507853822995749,0.5580787433719906,-0.1185759338385289,0.5727925374379919,0.0507853822995749,0.0438809599620048,0.0414856947132182,0.5580787433719906,0.5636001748153426,0.6157295897789805,-0.1185759338385289,-0.106837917146473,-0.0940720492995179,6.226403591198135e-05,2.515415442491548e-06,5.5330148545751695e-05,4.418471923738105e-06,downstairs,wiktor
1672842741500193700,0.0485424309213718,0.5685982631847721,-0.1215486335959004,0.5834675850683789,0.0485424309213718,0.0507853822995749,0.0438809599620048,0.5685982631847721,0.5580787433719906,0.5636001748153426,-0.1215486335959004,-0.1185759338385289,-0.106837917146473,0.0005622776908042,0.0001030021907519,0.0004391233688605,2.0152131191704577e-05,downstairs,wiktor
1672842741510193700,0.0341895781908549,0.5982334911697411,-0.1278971974006841,0.6127070509770186,0.0341895781908549,0.0485424309213718,0.0507853822995749,0.5982334911697411,0.5685982631847721,0.5580787433719906,-0.1278971974006841,-0.1215486335959004,-0.1185759338385289,0.001511978217196,0.0002157078486872,0.0006437442477994,0.0006525261207094,downstairs,wiktor
1672842741520193700,0.0134190293927511,0.634115081095479,-0.1640227041987753,0.6551224724547681,0.0134190293927511,0.0341895781908549,0.0485424309213718,0.634115081095479,0.5982334911697411,0.5685982631847721,-0.1640227041987753,-0.1278971974006841,-0.1215486335959004,0.0019150506372993,0.0006217098316963,0.0006386325968162,0.0006547082087867,downstairs,wiktor
1672842741530193700,-0.0218431268571542,0.6698539282177977,-0.20020856355811,0.6994747145263465,-0.0218431268571542,0.0134190293927511,0.0341895781908549,0.6698539282177977,0.634115081095479,0.5982334911697411,-0.20020856355811,-0.1640227041987753,-0.1278971974006841,0.0016341300566299,0.000900225126969,0.0005124352119173,0.0002214697177435,downstairs,wiktor
1672842741540193700,-0.0642748396901053,0.7018675257012851,-0.2212546899353562,0.7387170747110313,-0.0642748396901053,-0.0218431268571542,0.0134190293927511,0.7018675257012851,0.6698539282177977,0.634115081095479,-0.2212546899353562,-0.20020856355811,-0.1640227041987753,0.0005696210474563,5.18730338805538e-07,0.0005604334771228,8.668839994625867e-06,downstairs,wiktor
1672842741550193700,-0.065293397826694,0.7353468768635426,-0.2170908359526556,0.7694976856153265,-0.065293397826694,-0.0642748396901053,-0.0218431268571542,0.7353468768635426,0.7018675257012851,0.6698539282177977,-0.2170908359526556,-0.2212546899353562,-0.20020856355811,0.0019068062953433,0.0001657687144406,0.0010958371026644,0.0006452004782382,downstairs,wiktor
1672842741560193700,-0.047085228537021,0.782162197062479,-0.1811686846184661,0.8042492235286106,-0.047085228537021,-0.065293397826694,-0.0642748396901053,0.782162197062479,0.7353468768635426,0.7018675257012851,-0.1811686846184661,-0.2170908359526556,-0.2212546899353562,0.0018902149609413,0.0004663709469836,0.0008230560699777,0.0006007879439799,downstairs,wiktor
1672842741570193700,-0.0165444051367388,0.822734504612772,-0.1465049299464762,0.8358405810442406,-0.0165444051367388,-0.047085228537021,-0.065293397826694,0.822734504612772,0.782162197062479,0.7353468768635426,-0.1465049299464762,-0.1811686846184661,-0.2170908359526556,0.0037292410989809,0.0023166253876498,0.000935650682989,0.000476965028342,downstairs,wiktor
1672842741580193700,0.0515235812834556,0.8659930455726571,-0.1156191717935019,0.8751950795649474,0.0515235812834556,-0.0165444051367388,-0.047085228537021,0.8659930455726571,0.822734504612772,0.782162197062479,-0.1156191717935019,-0.1465049299464762,-0.1811686846184661,0.0022131088911059,1.3446354774669084e-05,0.0016747942832198,0.0005248682531114,downstairs,wiktor
1672842741590193700,0.0567093994011047,0.9238686757328524,-0.0832195343538187,0.9293410444389482,0.0567093994011047,0.0515235812834556,-0.0165444051367388,0.9238686757328524,0.8659930455726571,0.822734504612772,-0.0832195343538187,-0.1156191717935019,-0.1465049299464762,0.0064427415633601,0.0039834610544319,0.0023379927378434,0.0001212877710847,downstairs,wiktor
1672842741600193700,-0.0325482171302806,0.9922498535209464,-0.0676446975274029,0.995085405055402,-0.0325482171302806,0.0567093994011047,0.0515235812834556,0.9922498535209464,0.9238686757328524,0.8659930455726571,-0.0676446975274029,-0.0832195343538187,-0.1156191717935019,0.0090700707464569,0.0060252836103981,0.0030106024166334,3.418471942535852e-05,downstairs,wiktor
1672842741610193700,-0.1423232927203081,1.0698462763332577,-0.0593761160982388,1.0809035561962956,-0.1423232927203081,-0.0325482171302806,0.0567093994011047,1.0698462763332577,0.9922498535209464,0.9238686757328524,-0.0593761160982388,-0.0676446975274029,-0.0832195343538187,0.0044387569955696,0.0001811072256812,0.0042321777055765,2.547206431187808e-05,downstairs,wiktor
1672842741620193700,-0.1613552251330326,1.1618482078953345,-0.0522386005204095,1.1741616746648065,-0.1613552251330326,-0.1423232927203081,-0.0325482171302806,1.1618482078953345,1.0698462763332577,0.9922498535209464,-0.0522386005204095,-0.0593761160982388,-0.0676446975274029,0.0094664217098317,0.002551877039417,0.0068160167633543,9.852790706032544e-05,downstairs,wiktor
1672842741630193700,-0.0899146618735357,1.2786045076256218,-0.0382009435178806,1.282331254171888,-0.0899146618735357,-0.1613552251330326,-0.1423232927203081,1.2786045076256218,1.1618482078953345,1.0698462763332577,-0.0382009435178806,-0.0522386005204095,-0.0593761160982388,0.0257686970160741,0.0138768766952924,0.0116179788972252,0.0002738414235564,downstairs,wiktor
1672842741640193700,0.0766799160411881,1.431037961284753,-0.0147983187267835,1.4331672778846318,0.0766799160411881,-0.0899146618735357,-0.1613552251330326,1.431037961284753,1.2786045076256218,1.1618482078953345,-0.0147983187267835,-0.0382009435178806,-0.0522386005204095,0.0142281077185544,0.0051204219155297,0.0088381878084521,0.0002694979945725,downstairs,wiktor
1672842741650193700,0.1778769704996037,1.56399049272701,0.0084179684256685,1.574095721411823,0.1778769704996037,0.0766799160411881,-0.0899146618735357,1.56399049272701,1.431037961284753,1.2786045076256218,0.0084179684256685,-0.0147983187267835,-0.0382009435178806,0.0015188144424664,3.2044314112632346e-07,7.821256039129579e-05,0.0014402814389339,downstairs,wiktor
1672842741660193700,0.1786775242343727,1.5764974955967062,0.0620888439343461,1.5878051000769318,0.1786775242343727,0.1778769704996037,0.0766799160411881,1.5764974955967062,1.56399049272701,1.431037961284753,0.0620888439343461,0.0084179684256685,-0.0147983187267835,0.0074252511305383,0.0012901395764224,0.0034245778770121,0.0027105336771036,downstairs,wiktor
1672842741670193700,0.1278810760037635,1.493737869244092,0.135716741868535,1.5053323306290776,0.1278810760037635,0.1786775242343727,0.1778769704996037,1.493737869244092,1.5764974955967062,1.56399049272701,0.135716741868535,0.0620888439343461,0.0084179684256685,0.0027333031447153,0.0002318052637035,0.0019490557600475,0.0005524421209642,downstairs,wiktor
1672842741680193700,0.1063494590787132,1.4313030110309497,0.1689565409342407,1.44515910181442,0.1063494590787132,0.1278810760037635,0.1786775242343727,1.4313030110309497,1.493737869244092,1.5764974955967062,0.1689565409342407,0.135716741868535,0.0620888439343461,0.0001825163053651,9.761338149876222e-06,8.002400913751066e-05,9.273095807775728e-05,downstairs,wiktor
1672842741690193700,0.1019310118062257,1.4439540196182137,0.1825749812324362,1.459015683846977,0.1019310118062257,0.1063494590787132,0.1278810760037635,1.4439540196182137,1.4313030110309497,1.493737869244092,0.1825749812324362,0.1689565409342407,0.135716741868535,0.002218740663605,7.69306873277636e-05,0.0021410949339274,7.150423497768611e-07,downstairs,wiktor
1672842741700193700,0.0895269247920385,1.5093924629665614,0.1813791197439879,1.5228851114257065,0.0895269247920385,0.1019310118062257,0.1063494590787132,1.5093924629665614,1.4439540196182137,1.4313030110309497,0.1813791197439879,0.1825749812324362,0.1689565409342407,0.0016837287498073,0.0001440998767485,0.001139561953575,0.0004000669194838,downstairs,wiktor
1672842741710193700,0.0725504777698551,1.557132633757521,0.1530924826344337,1.5663214609959362,0.0725504777698551,0.0895269247920385,0.1019310118062257,1.557132633757521,1.5093924629665614,1.4439540196182137,0.1530924826344337,0.1813791197439879,0.1825749812324362,0.0017280344405058,0.0001077123936814,5.45087124698445e-05,0.0015658133343545,downstairs,wiktor
1672842741720193700,0.087227834049612,1.5675737747363458,0.0971315438582735,1.5730005629644366,0.087227834049612,0.0725504777698551,0.0895269247920385,1.5675737747363458,1.557132633757521,1.5093924629665614,0.0971315438582735,0.1530924826344337,0.1813791197439879,0.0023825782833005,0.0006938952126156,5.096761738803228e-07,0.001688173394511,downstairs,wiktor
1672842741730193700,0.1244808933230627,1.5665641449290597,0.0390252035069653,1.5719865392199082,0.1244808933230627,0.087227834049612,0.0725504777698551,1.5665641449290597,1.5675737747363458,1.557132633757521,0.0390252035069653,0.0971315438582735,0.1530924826344337,0.0019785006588343,0.0001430239878521,8.527066646019156e-05,0.0017502060045219,downstairs,wiktor
1672842741740193700,0.1075679404258237,1.5535049974484474,-0.0201390763335262,1.557354879691948,0.1075679404258237,0.1244808933230627,0.087227834049612,1.5535049974484474,1.5665641449290597,1.5675737747363458,-0.0201390763335262,0.0390252035069653,0.0971315438582735,0.0090350094502794,0.0068427049234674,0.0002159101852007,0.0019763943416112,downstairs,wiktor
1672842741750193700,-0.0094167160336236,1.5327247094234604,-0.0830102834415704,1.534999809959317,-0.0094167160336236,0.1075679404258237,0.1244808933230627,1.5327247094234604,1.5535049974484474,1.5665641449290597,-0.0830102834415704,-0.0201390763335262,0.0390252035069653,0.0210122041539699,0.0194012479902801,0.0002598950527352,0.0013510611109545,downstairs,wiktor
1672842741760193700,-0.206400207678381,1.5099258036279934,-0.1349922247472686,1.529934599560889,-0.206400207678381,-0.0094167160336236,0.1075679404258237,1.5099258036279934,1.5327247094234604,1.5535049974484474,-0.1349922247472686,-0.0830102834415704,-0.0201390763335262,0.021175793710304,0.0184677531440973,0.0018021994365917,0.0009058411296148,downstairs,wiktor
1672842741770193700,-0.3985863317565641,1.4498891575425934,-0.1775560857003094,1.5141254230056176,-0.3985863317565641,-0.206400207678381,-0.0094167160336236,1.4498891575425934,1.5099258036279934,1.5327247094234604,-0.1775560857003094,-0.1349922247472686,-0.0830102834415704,0.0083794247938787,0.0008606970949116,0.0063432327327178,0.0011754949662492,downstairs,wiktor
1672842741780193700,-0.4400760195093449,1.337254946640951,-0.2260430935735382,1.425837710055102,-0.4400760195093449,-0.3985863317565641,-0.206400207678381,1.337254946640951,1.4498891575425934,1.5099258036279934,-0.2260430935735382,-0.1775560857003094,-0.1349922247472686,0.0133743202824276,0.0040371217361369,0.0092719074634181,6.529108287253019e-05,downstairs,wiktor
1672842741790193700,-0.3502192252627552,1.201079269933118,-0.2374703489633972,1.273435151487312,-0.3502192252627552,-0.4400760195093449,-0.3985863317565641,1.201079269933118,1.337254946640951,1.4498891575425934,-0.2374703489633972,-0.2260430935735382,-0.1775560857003094,0.0379140087439951,0.0315075376200393,0.0042848496944409,0.0021216214295148,downstairs,wiktor
1672842741800193700,-0.0991911885017617,1.1085065990799885,-0.1723301704325567,1.126198676842407,-0.0991911885017617,-0.3502192252627552,-0.4400760195093449,1.1085065990799885,1.201079269933118,1.337254946640951,-0.1723301704325567,-0.2374703489633972,-0.2260430935735382,0.0380290770301067,0.0287785935480714,0.0024992260130946,0.0067512574689406,downstairs,wiktor
1672842741810193700,0.1407196013684375,1.0378068676364436,-0.0561298479808473,1.0488067794198377,0.1407196013684375,-0.0991911885017617,-0.3502192252627552,1.0378068676364436,1.1085065990799885,1.201079269933118,-0.0561298479808473,-0.1723301704325567,-0.2374703489633972,0.0142051237482368,0.0139968821084513,2.2435539227712035e-06,0.0002059980858627,downstairs,wiktor
1672842741820193700,0.3080329726718174,1.035688588182372,-0.0358321591536548,1.0811193771151473,0.3080329726718174,0.1407196013684375,-0.0991911885017617,1.035688588182372,1.0378068676364436,1.1085065990799885,-0.0358321591536548,-0.0561298479808473,-0.1723301704325567,0.012307318324246,0.0075176997541064,0.0047872777126555,2.340857484099102e-06,downstairs,wiktor
1672842741830193700,0.4306518925341818,1.133538245439365,-0.0379958862547926,1.213183289445298,0.4306518925341818,0.3080329726718174,0.1407196013684375,1.133538245439365,1.035688588182372,1.0378068676364436,-0.0379958862547926,-0.0358321591536548,-0.0561298479808473,0.0096799465101289,0.0078904742622716,0.0016290144353248,0.0001604578125324,downstairs,wiktor
1672842741840193700,0.5562741378752971,1.190617391111402,-0.0559100042923896,1.3153465767871984,0.5562741378752971,0.4306518925341818,0.3080329726718174,1.190617391111402,1.133538245439365,1.035688588182372,-0.0559100042923896,-0.0379958862547926,-0.0358321591536548,0.0030226908836604,0.0002598507559525,0.0003163000749082,0.0024465400527996,downstairs,wiktor
1672842741850193700,0.5790711006533746,1.1654658474248498,-0.1258605590121294,1.3074688758974264,0.5790711006533746,0.5562741378752971,0.4306518925341818,1.1654658474248498,1.190617391111402,1.133538245439365,-0.1258605590121294,-0.0559100042923896,-0.0379958862547926,0.0133777630576251,0.0048526238635914,0.0043811268988319,0.0041440122952016,downstairs,wiktor
1672842741860193700,0.4805558849393391,1.071858936367685,-0.2168991474809943,1.1945127785834182,0.4805558849393391,0.5790711006533746,0.5562741378752971,1.071858936367685,1.1654658474248498,1.190617391111402,-0.2168991474809943,-0.1258605590121294,-0.0559100042923896,0.0264263567670629,0.0250238346104555,0.0012201617024619,0.0001823604541454,downstairs,wiktor
1672842741870193700,0.256842520964562,1.0224593067645804,-0.235996815094889,1.0803173660086507,0.256842520964562,0.4805558849393391,0.5790711006533746,1.0224593067645804,1.071858936367685,1.1654658474248498,-0.235996815094889,-0.2168991474809943,-0.1258605590121294,0.0157607036458032,0.0147454124841856,0.0003856463273204,0.0006296448342972,downstairs,wiktor
1672842741880193700,0.0851135922182053,1.0502314628681486,-0.2005103434670361,1.072583258780281,0.0851135922182053,0.256842520964562,0.4805558849393391,1.0502314628681486,1.0224593067645804,1.071858936367685,-0.2005103434670361,-0.235996815094889,-0.2168991474809943,0.0089810167776265,8.459817905840574e-05,0.008129749551807,0.000766669046761,downstairs,wiktor
1672842741890193700,0.0981211422610386,1.1777442038143542,-0.1613524822700531,1.1927882426112466,0.0981211422610386,0.0851135922182053,0.256842520964562,1.1777442038143542,1.0502314628681486,1.0224593067645804,-0.1613524822700531,-0.2005103434670361,-0.235996815094889,0.0096687610704897,0.000450307086037,0.0084322758363167,0.0007861781481359,downstairs,wiktor
1672842741900193700,0.0681109078055388,1.307607792524329,-0.121699534129064,1.315023958504055,0.0681109078055388,0.0981211422610386,0.0851135922182053,1.307607792524329,1.1777442038143542,1.0502314628681486,-0.121699534129064,-0.1613524822700531,-0.2005103434670361,0.071616394294083,0.0695019115384533,0.0001216733550582,0.0019928094005715,downstairs,wiktor
1672842741910193700,-0.3047212569508118,1.2920082184879491,-0.0585677766599184,1.3287477057519137,-0.3047212569508118,0.0681109078055388,0.0981211422610386,1.2920082184879491,1.307607792524329,1.1777442038143542,-0.0585677766599184,-0.121699534129064,-0.1613524822700531,0.1078944802992307,0.101911572026073,0.0043906783642481,0.0015922299089095,downstairs,wiktor
1672842741920193700,-0.7561890232998018,1.198299324947921,-0.0021367584357271,1.416950132102878,-0.7561890232998018,-0.3047212569508118,0.0681109078055388,1.198299324947921,1.2920082184879491,1.307607792524329,-0.0021367584357271,-0.0585677766599184,-0.121699534129064,0.0051257010309407,0.0020648762724456,0.0001652093535468,0.0028956154049483,downstairs,wiktor
1672842741930193700,-0.820452174054268,1.1801219019431712,0.0739633782914608,1.439201186312959,-0.820452174054268,-0.7561890232998018,-0.3047212569508118,1.1801219019431712,1.198299324947921,1.2920082184879491,0.0739633782914608,-0.0021367584357271,-0.0585677766599184,0.0127415190622061,0.0098675389558532,3.380697069438201e-06,0.0028705994092833,downstairs,wiktor
1672842741940193700,-0.6799705812682144,1.1775216338533627,0.1497340772361503,1.3679683780953007,-0.6799705812682144,-0.820452174054268,-0.7561890232998018,1.1775216338533627,1.1801219019431712,1.198299324947921,0.1497340772361503,0.0739633782914608,-0.0021367584357271,0.0196917544561582,0.0185185191498601,6.122338016553658e-05,0.0011120119261325,downstairs,wiktor
1672842741950193700,-0.4875204882577916,1.1664560674272335,0.1968936346160188,1.2794776618062658,-0.4875204882577916,-0.6799705812682144,-0.820452174054268,1.1664560674272335,1.1775216338533627,1.1801219019431712,0.1968936346160188,0.1497340772361503,0.0739633782914608,0.0072577957418153,0.0066511093908533,0.0003092922550232,0.0002973940959387,downstairs,wiktor
1672842741960193700,-0.3721852430735601,1.1415847081952486,0.2212819144216446,1.220943564132701,-0.3721852430735601,-0.4875204882577916,-0.6799705812682144,1.1415847081952486,1.1664560674272335,1.1775216338533627,0.2212819144216446,0.1968936346160188,0.1497340772361503,0.0068337272470894,0.0064689789576167,0.0003589969530699,5.751336402733835e-06,downstairs,wiktor
1672842741970193700,-0.2584400984948418,1.114789299891962,0.2246734734739784,1.1662009420963857,-0.2584400984948418,-0.3721852430735601,-0.4875204882577916,1.114789299891962,1.1415847081952486,1.1664560674272335,0.2246734734739784,0.2212819144216446,0.1968936346160188,0.0414711882126312,0.040396340538918,0.0006981631732409,0.0003766845004722,downstairs,wiktor
1672842741980193700,0.0258004353454889,1.1521567502529622,0.1972259052584778,1.1692001100421217,0.0258004353454889,-0.2584400984948418,-0.3721852430735601,1.1521567502529622,1.114789299891962,1.1415847081952486,0.1972259052584778,0.2246734734739784,0.2212819144216446,0.0744995427418357,0.0601131742500282,0.0078377714933443,0.0065485969984631,downstairs,wiktor
1672842741990193700,0.3725371488617484,1.2773587589696302,0.0827829325737113,1.333147531342266,0.3725371488617484,0.0258004353454889,-0.2584400984948418,1.2773587589696302,1.1521567502529622,1.114789299891962,0.0827829325737113,0.1972259052584778,0.2246734734739784,0.0132296047614092,0.000445831985313,0.0009621256452661,0.01182164713083,downstairs,wiktor
1672842742000193700,0.4023978918301681,1.3212250477405347,-0.0709808286369848,1.3829670886034615,0.4023978918301681,0.3725371488617484,0.0258004353454889,1.3212250477405347,1.2773587589696302,1.1521567502529622,-0.0709808286369848,0.0827829325737113,0.1972259052584778,0.0137573026713199,0.0002476081276306,0.000430962969233,0.0130787315744562,downstairs,wiktor
1672842742010193700,0.4246513467363449,1.3505836229523212,-0.2327135190521032,1.434768438049019,0.4246513467363449,0.4023978918301681,0.3725371488617484,1.3505836229523212,1.3212250477405347,1.2773587589696302,-0.2327135190521032,-0.0709808286369848,0.0827829325737113,0.0239785838377238,0.0058606234946543,4.0994001100721614e-08,0.0181179193490684,downstairs,wiktor
1672842742020193700,0.5329160546947037,1.350297287480887,-0.4230706536652741,1.5120486314673782,0.5329160546947037,0.4246513467363449,0.4023978918301681,1.350297287480887,1.3505836229523212,1.3212250477405347,-0.4230706536652741,-0.2327135190521032,-0.0709808286369848,0.0196614682863647,0.0088914919015619,0.0005974604154432,0.0101725159693594,downstairs,wiktor
1672842742030193700,0.3995632001953572,1.315729660560796,-0.5657066657334716,1.4868824171013202,0.3995632001953572,0.5329160546947037,0.4246513467363449,1.315729660560796,1.350297287480887,1.3505836229523212,-0.5657066657334716,-0.4230706536652741,-0.2327135190521032,0.1471430908313004,0.1470103009051217,9.0702808495993e-05,4.208711768263681e-05,downstairs,wiktor
1672842742040193700,-0.1426734656713504,1.3291983508086258,-0.5565320139490564,1.4480510544000986,-0.1426734656713504,0.3995632001953572,0.5329160546947037,1.3291983508086258,1.315729660560796,1.350297287480887,-0.5565320139490564,-0.5657066657334716,-0.4230706536652741,0.0268364302649781,0.0242494205161576,1.6525384341240278e-06,0.0025853572103864,downstairs,wiktor
1672842742050193700,-0.362897989810501,1.3273803637712,-0.4846243341034875,1.4589360254442667,-0.362897989810501,-0.1426734656713504,0.3995632001953572,1.3273803637712,1.3291983508086258,1.315729660560796,-0.4846243341034875,-0.5565320139490564,-0.5657066657334716,0.0109896367326437,0.0081138940760554,0.0014939453606379,0.0013817972959504,downstairs,wiktor
1672842742060193700,-0.2355096537976978,1.2727187618803315,-0.4320544321452292,1.3645324753227577,-0.2355096537976978,-0.362897989810501,-0.1426734656713504,1.2727187618803315,1.3273803637712,1.3291983508086258,-0.4320544321452292,-0.4846243341034875,-0.5565320139490564,0.0375733850273626,0.0350790088839313,0.0024485978530519,4.577829037931224e-05,downstairs,wiktor
1672842742070193700,0.0293639344814334,1.2027387954177506,-0.4224859118438125,1.2751224240666736,0.0293639344814334,-0.2355096537976978,-0.362897989810501,1.2027387954177506,1.2727187618803315,1.3273803637712,-0.4224859118438125,-0.4320544321452292,-0.4846243341034875,0.0032771616494262,1.240276509936834e-07,0.003010086366504,0.0002669512552711,downstairs,wiktor
1672842742080193700,0.0288658829760774,1.1251490233275574,-0.4455922423733946,1.210514770813762,0.0288658829760774,0.0293639344814334,-0.2355096537976978,1.1251490233275574,1.2027387954177506,1.2727187618803315,-0.4455922423733946,-0.4224859118438125,-0.4320544321452292,0.01609995661267,0.0101815361247895,0.0057830212237563,0.0001353992641241,downstairs,wiktor
1672842742090193700,-0.1138333540561476,1.0176034867046335,-0.4620481996001325,1.1233714556649654,-0.1138333540561476,0.0288658829760774,0.0293639344814334,1.0176034867046335,1.1251490233275574,1.2027387954177506,-0.4620481996001325,-0.4455922423733946,-0.4224859118438125,0.0131502427013377,0.0059986309767762,0.0069019452607175,0.0002496664638439,downstairs,wiktor
1672842742100193700,-0.223365367429191,0.9001135274679607,-0.4397024409939035,1.0263696635781818,-0.223365367429191,-0.1138333540561476,0.0288658829760774,0.9001135274679607,1.0176034867046335,1.1251490233275574,-0.4397024409939035,-0.4620481996001325,-0.4455922423733946,0.0050792519948198,1.784220978801463e-05,0.0025420885054695,0.0025193212795623,downstairs,wiktor
1672842742110193700,-0.2293390111728394,0.8288101123257741,-0.3687190446316226,0.9356689148482248,-0.2293390111728394,-0.223365367429191,-0.1138333540561476,0.8288101123257741,0.9001135274679607,1.0176034867046335,-0.3687190446316226,-0.4397024409939035,-0.4620481996001325,0.0044042916128685,0.0016393756895405,0.0001969590127114,0.0025679569106166,downstairs,wiktor
1672842742120193700,-0.1720786288908368,0.8089627441016782,-0.2970537544191827,0.8787904806493979,-0.1720786288908368,-0.2293390111728394,-0.223365367429191,0.8089627441016782,0.8288101123257741,0.9001135274679607,-0.2970537544191827,-0.3687190446316226,-0.4397024409939035,0.0068337514271559,0.0049018565280805,1.6083619568055438e-07,0.0019317340628796,downstairs,wiktor
1672842742130193700,-0.0730649275351093,0.8083955824039578,-0.2348969516880313,0.844996141528631,-0.0730649275351093,-0.1720786288908368,-0.2293390111728394,0.8083955824039578,0.8089627441016782,0.8288101123257741,-0.2348969516880313,-0.2970537544191827,-0.3687190446316226,0.0045293136684798,0.002033279941433,7.225774372634979e-05,0.0024237759833204,downstairs,wiktor
1672842742140193700,-0.0092953432267099,0.7963741229479392,-0.1652725883757471,0.8133960754609164,-0.0092953432267099,-0.0730649275351093,-0.1720786288908368,0.7963741229479392,0.8083955824039578,0.8089627441016782,-0.1652725883757471,-0.2348969516880313,-0.2970537544191827,0.004663594653499,5.443031127600068e-05,0.001142685258512,0.0034664790837109,downstairs,wiktor
1672842742150193700,-0.0197289726312844,0.7485685739287703,-0.0820082012260066,0.7533057064055496,-0.0197289726312844,-0.0092953432267099,-0.0730649275351093,0.7485685739287703,0.7963741229479392,0.8083955824039578,-0.0820082012260066,-0.1652725883757471,-0.2348969516880313,0.0078125379171404,0.0006796243841297,0.0030613587900444,0.0040715547429662,downstairs,wiktor
1672842742160193700,-0.0565969637381995,0.6703207779209022,0.0082309781027771,0.6727562044436267,-0.0565969637381995,-0.0197289726312844,-0.0092953432267099,0.6703207779209022,0.7485685739287703,0.7963741229479392,0.0082309781027771,-0.0820082012260066,-0.1652725883757471,0.0086831941855442,1.3166643683863288e-05,0.0062107721469117,0.0024592553949485,downstairs,wiktor
1672842742170193700,-0.0514653667774351,0.5588687959115024,0.0783630733937149,0.5666778505401611,-0.0514653667774351,-0.0565969637381995,-0.0197289726312844,0.5588687959115024,0.6703207779209022,0.7485685739287703,0.0783630733937149,0.0082309781027771,-0.0820082012260066,0.0116301917014312,0.0017995394099234,0.0082117673549163,0.0016188849365913,downstairs,wiktor
1672842742180193700,0.0085269562301536,0.4307144565006467,0.135264478237381,0.4515353043716841,0.0085269562301536,-0.0514653667774351,-0.0565969637381995,0.4307144565006467,0.5588687959115024,0.6703207779209022,0.135264478237381,0.0783630733937149,0.0082309781027771,0.0140442379336704,0.005092243543403,0.0074187775668035,0.0015332168234638,downstairs,wiktor
1672842742190193700,0.1094451760262149,0.3089049530388594,0.1906398666958619,0.379135958913376,0.1094451760262149,0.0085269562301536,-0.0514653667774351,0.3089049530388594,0.4307144565006467,0.5588687959115024,0.1906398666958619,0.135264478237381,0.0783630733937149,0.0086012720981741,0.0016434740465377,0.0066803603673047,0.0002774376843316,downstairs,wiktor
1672842742200193700,0.1667770876730069,0.1933163691103009,0.214195659373318,0.3332650537230845,0.1667770876730069,0.1094451760262149,0.0085269562301536,0.1933163691103009,0.3089049530388594,0.4307144565006467,0.214195659373318,0.1906398666958619,0.135264478237381,0.0032443738727497,0.0003789355315089,0.0025646646227994,0.0003007737184413,downstairs,wiktor
1672842742210193700,0.194306545768251,0.1216970334138636,0.2387221233843135,0.3309886008055864,0.194306545768251,0.1667770876730069,0.1094451760262149,0.1216970334138636,0.1933163691103009,0.3089049530388594,0.2387221233843135,0.214195659373318,0.1906398666958619,0.000636301536343,0.0006058037485076,1.3425481988167032e-05,1.707230584731311e-05,downstairs,wiktor
1672842742220193700,0.2291146985060107,0.1165152418340783,0.2445654624720805,0.3547979877132007,0.2291146985060107,0.194306545768251,0.1667770876730069,0.1165152418340783,0.1216970334138636,0.1933163691103009,0.2445654624720805,0.2387221233843135,0.214195659373318,0.0013479944159923,0.0008208789852331,8.905664031418867e-05,0.000438058790445,downstairs,wiktor
1672842742230193700,0.2696333111484286,0.1298611505940083,0.2149661790197736,0.3684786276527125,0.2696333111484286,0.2291146985060107,0.194306545768251,0.1298611505940083,0.1165152418340783,0.1216970334138636,0.2149661790197736,0.2445654624720805,0.2387221233843135,0.0034613027351283,0.0002737012409152,8.923632021328443e-08,0.0031875122578928,downstairs,wiktor
1672842742240193700,0.2930299451334827,0.1294386903705238,0.1351224283827594,0.3476765651605271,0.2930299451334827,0.2696333111484286,0.2291146985060107,0.1294386903705238,0.1298611505940083,0.1165152418340783,0.1351224283827594,0.2149661790197736,0.2445654624720805,0.0029966543649803,0.0002470095069796,1.3233512525533333e-05,0.0027364113454751,downstairs,wiktor
1672842742250193700,0.3152564836394959,0.1242940791071662,0.0611438998021616,0.3443461123068692,0.3152564836394959,0.2930299451334827,0.2696333111484286,0.1242940791071662,0.1294386903705238,0.1298611505940083,0.0611438998021616,0.1351224283827594,0.2149661790197736,0.0027112875448055,0.0010460541061607,8.825312400113461e-06,0.0016564081262446,downstairs,wiktor
1672842742260193700,0.360996053076927,0.1284953437739334,0.0035868302755662,0.3831997769573027,0.360996053076927,0.3152564836394959,0.2930299451334827,0.1284953437739334,0.1242940791071662,0.1294386903705238,0.0035868302755662,0.0611438998021616,0.1351224283827594,0.0035625951896513,0.001758917492004,9.609962672987788e-05,0.0017075780709174,downstairs,wiktor
1672842742270193700,0.4203073924987275,0.1423589383099748,-0.0548525070053681,0.447138869961667,0.4203073924987275,0.360996053076927,0.3152564836394959,0.1423589383099748,0.1284953437739334,0.1242940791071662,-0.0548525070053681,0.0035868302755662,0.0611438998021616,0.0028889987029203,0.0005038018090042,0.0002742089846319,0.0021109879092841,downstairs,wiktor
1672842742280193700,0.452050165188088,0.165777263810829,-0.1198292399069874,0.4961758758543881,0.452050165188088,0.4203073924987275,0.360996053076927,0.165777263810829,0.1423589383099748,0.1284953437739334,-0.1198292399069874,-0.0548525070053681,0.0035868302755662,0.002147914515458,1.9501598658793967e-05,0.0006345452896661,0.0014938676271331,downstairs,wiktor
1672842742290193700,0.4458049112046549,0.2014015614085684,-0.1744894196932472,0.5193757458496553,0.4458049112046549,0.452050165188088,0.4203073924987275,0.2014015614085684,0.165777263810829,0.1423589383099748,-0.1744894196932472,-0.1198292399069874,-0.0548525070053681,0.0012472456152715,0.0001522887996917,0.0006865186487843,0.0004084381667954,downstairs,wiktor
1672842742300193700,0.4283527594925149,0.238456079318921,-0.2030704681972994,0.5306458361118782,0.4283527594925149,0.4458049112046549,0.452050165188088,0.238456079318921,0.2014015614085684,0.165777263810829,-0.2030704681972994,-0.1744894196932472,-0.1198292399069874,0.0008362845679326,3.0243316033605215e-08,0.0007532023424951,8.305198212151507e-05,downstairs,wiktor
1672842742310193700,0.428598699794351,0.2772685088356397,-0.2159586008876091,0.5542677951628446,0.428598699794351,0.4283527594925149,0.4458049112046549,0.2772685088356397,0.238456079318921,0.2014015614085684,-0.2159586008876091,-0.2030704681972994,-0.1744894196932472,0.0013298479534861,6.626413258512043e-05,0.0012307200320959,3.286378880507291e-05,downstairs,wiktor
1672842742320193700,0.4401107919226412,0.3268814110304504,-0.2240658555160358,0.5922452816630671,0.4401107919226412,0.428598699794351,0.4283527594925149,0.3268814110304504,0.2772685088356397,0.238456079318921,-0.2240658555160358,-0.2159586008876091,-0.2030704681972994,0.0015276324622446,0.0003481158676211,0.0010386876121246,0.0001408289824988,downstairs,wiktor
1672842742330193700,0.4664969954245161,0.3724596429427275,-0.240848524105914,0.6437030712410204,0.4664969954245161,0.4401107919226412,0.428598699794351,0.3724596429427275,0.3268814110304504,0.2772685088356397,-0.240848524105914,-0.2240658555160358,-0.2159586008876091,0.0015903421150206,0.000169446182365,4.1824048690614215e-05,0.0013790718839649,downstairs,wiktor
1672842742340193700,0.4849060248592823,0.3816055763221715,-0.2933665568939951,0.683242713483902,0.4849060248592823,0.4664969954245161,0.4401107919226412,0.3816055763221715,0.3724596429427275,0.3268814110304504,-0.2933665568939951,-0.240848524105914,-0.2240658555160358,0.003786446368419,0.0001591225651119,2.100402821315888e-05,0.0036063197750939,downstairs,wiktor
1672842742350193700,0.4670665985729966,0.3751242140867832,-0.3782938172418245,0.7085023610829864,0.4670665985729966,0.4849060248592823,0.4664969954245161,0.3751242140867832,0.3816055763221715,0.3724596429427275,-0.3782938172418245,-0.2933665568939951,-0.240848524105914,0.0026798105015047,0.0005432171322757,2.897086279112075e-05,0.0021076225064378,downstairs,wiktor
1672842742360193700,0.4341054962772365,0.3827361603282014,-0.4432187355157485,0.7289563758093207,0.4341054962772365,0.4670665985729966,0.4849060248592823,0.3827361603282014,0.3751242140867832,0.3816055763221715,-0.4432187355157485,-0.3782938172418245,-0.2933665568939951,0.0029566272377025,6.397938444262165e-05,0.0015742999186927,0.0013183479345671,downstairs,wiktor
1672842742370193700,0.4454173824544062,0.4388485461034079,-0.4945675024837517,0.7972337834804956,0.4454173824544062,0.4341054962772365,0.4670665985729966,0.4388485461034079,0.3827361603282014,0.3751242140867832,-0.4945675024837517,-0.4432187355157485,-0.3782938172418245,0.010866315337718,0.0027207617869575,0.0053071149846395,0.002838438566121,downstairs,wiktor
1672842742380193700,0.5191840658142742,0.541873931175627,-0.5699125562845295,0.9423267868918592,0.5191840658142742,0.4454173824544062,0.4341054962772365,0.541873931175627,0.4388485461034079,0.3827361603282014,-0.5699125562845295,-0.4945675024837517,-0.4432187355157485,0.0217797750117296,0.0085072127472818,0.0067862270667832,0.0064863351976646,downstairs,wiktor
1672842742390193700,0.6496234214342851,0.65837480728206,-0.6838101874948812,1.1502453429862087,0.6496234214342851,0.5191840658142742,0.4454173824544062,0.65837480728206,0.541873931175627,0.4388485461034079,-0.6838101874948812,-0.5699125562845295,-0.4945675024837517,0.0217519890393052,0.0086477731077345,0.0045946824727286,0.008509533458842,downstairs,wiktor
1672842742400193700,0.7811359539757471,0.7542359826632192,-0.8142673333999025,1.3572312206767645,0.7811359539757471,0.6496234214342851,0.5191840658142742,0.7542359826632192,0.65837480728206,0.541873931175627,-0.8142673333999025,-0.6838101874948812,-0.5699125562845295,0.0083903964486428,0.0011651857751333,0.0018955336618372,0.0053296770116722,downstairs,wiktor
1672842742410193700,0.8294098760275833,0.8158076264911583,-0.9175114810468488,1.4816511545387498,0.8294098760275833,0.7811359539757471,0.6496234214342851,0.8158076264911583,0.7542359826632192,0.65837480728206,-0.9175114810468488,-0.8142673333999025,-0.6838101874948812,0.0007348877340745,0.000263402562254,0.0004679781377386,3.507034081740296e-06,downstairs,wiktor
1672842742420193700,0.8064576403084172,0.8464010289740039,-0.9201598896564632,1.4877711013434385,0.8064576403084172,0.8294098760275833,0.7811359539757471,0.8464010289740039,0.8158076264911583,0.7542359826632192,-0.9201598896564632,-0.9175114810468488,-0.8142673333999025,0.0089620506516151,0.0004838822925632,4.164974671757954e-05,0.0084365186123343,downstairs,wiktor
1672842742430193700,0.7753487254265632,0.8555278845899956,-0.7902636340342599,1.3991462463261886,0.7753487254265632,0.8064576403084172,0.8294098760275833,0.8555278845899956,0.8464010289740039,0.8158076264911583,-0.7902636340342599,-0.9201598896564632,-0.9175114810468488,0.0136957199958498,1.0947734123953172e-05,0.0004013979384439,0.0132833743232819,downstairs,wiktor
1672842742440193700,0.7800279847961543,0.8271942318624025,-0.6272705401726981,1.2985231167985145,0.7800279847961543,0.7753487254265632,0.8064576403084172,0.8271942318624025,0.8555278845899956,0.8464010289740039,-0.6272705401726981,-0.7902636340342599,-0.9201598896564632,0.0041693467081098,9.468502833699436e-05,0.0037132820195197,0.000361379660253,downstairs,wiktor
1672842742450193700,0.7662668054617372,0.7410167171672134,-0.600386356709068,1.2234109569544478,0.7662668054617372,0.7800279847961543,0.7753487254265632,0.7410167171672134,0.8271942318624025,0.8555278845899956,-0.600386356709068,-0.6272705401726981,-0.7902636340342599,0.0062609900390486,0.0013792010292571,0.004746989246224,0.0001347997635673,downstairs,wiktor
1672842742460193700,0.7137463136655412,0.6435796682974524,-0.6168058429109787,1.1419623625873714,0.7137463136655412,0.7662668054617372,0.7800279847961543,0.6435796682974524,0.7410167171672134,0.8271942318624025,-0.6168058429109787,-0.600386356709068,-0.6272705401726981,0.0063292560989628,0.0010597257583458,0.003589759338652,0.001679771001965,downstairs,wiktor
1672842742470193700,0.667708812466066,0.5588476278564004,-0.674767399169675,1.1015701395679611,0.667708812466066,0.7137463136655412,0.7662668054617372,0.5588476278564004,0.6435796682974524,0.7410167171672134,-0.674767399169675,-0.6168058429109787,-0.600386356709068,0.004526123421607,7.121354878518497e-06,0.0018406685832967,0.0026783334834317,downstairs,wiktor
1672842742480193700,0.6639348609882331,0.4981736040357118,-0.7479566536191058,1.1173296716218026,0.6639348609882331,0.667708812466066,0.7137463136655412,0.4981736040357118,0.5588476278564004,0.6435796682974524,-0.7479566536191058,-0.674767399169675,-0.6168058429109787,0.0035530810225596,0.0005666666725486,0.0005820644833782,0.0024043498666328,downstairs,wiktor
1672842742490193700,0.6975998776241603,0.4640542698283086,-0.817301442415854,1.17045871451417,0.6975998776241603,0.6639348609882331,0.667708812466066,0.4640542698283086,0.4981736040357118,0.5588476278564004,-0.817301442415854,-0.7479566536191058,-0.674767399169675,0.0027403791504898,0.0004037212536444,0.0001820912270875,0.0021545666697578,downstairs,wiktor
1672842742500193700,0.7260154104766143,0.444970704800383,-0.882945431779052,1.2266580370582394,0.7260154104766143,0.6975998776241603,0.6639348609882331,0.444970704800383,0.4640542698283086,0.4981736040357118,-0.882945431779052,-0.817301442415854,-0.7479566536191058,0.0024468813867789,0.0002113968305533,7.855107763047589e-07,0.0022346990454493,downstairs,wiktor
1672842742510193700,0.7054534635574461,0.443717300814188,-0.9497989888339964,1.2635931906579376,0.7054534635574461,0.7260154104766143,0.6975998776241603,0.443717300814188,0.444970704800383,0.4640542698283086,-0.9497989888339964,-0.882945431779052,-0.817301442415854,0.0107479716501359,0.0077232361621479,0.0007508771485228,0.0022738583394652,downstairs,wiktor
1672842742520193700,0.5811696258137724,0.4824697755357549,-1.0172357494244226,1.2670058358907068,0.5811696258137724,0.7054534635574461,0.7260154104766143,0.4824697755357549,0.443717300814188,0.444970704800383,-1.0172357494244226,-0.9497989888339964,-0.882945431779052,0.0293567986942821,0.0001722694628133,0.0282229552778538,0.0009615739536149,downstairs,wiktor
1672842742530193700,0.5626078660473434,0.7200532567706835,-0.973382039122672,1.33509434034117,0.5626078660473434,0.5811696258137724,0.7054534635574461,0.7200532567706835,0.4824697755357549,0.443717300814188,-0.973382039122672,-1.0172357494244226,-0.9497989888339964,0.3385237602082452,0.0562579050512156,0.2689358492543694,0.01333000590266,downstairs,wiktor
1672842742540193700,0.8980416301535099,1.4534506241703349,-0.810103100476807,1.890836989217221,0.8980416301535099,0.5626078660473434,0.5811696258137724,1.4534506241703349,0.7200532567706835,0.4824697755357549,-0.810103100476807,-0.973382039122672,-1.0172357494244226,0.5683060379314534,0.0062761639385067,0.5500289473160569,0.0120009266768898,downstairs,wiktor
1672842742550193700,1.0100788020073794,2.5022870721602555,-0.96502841588323,2.865829656701022,1.0100788020073794,0.8980416301535099,0.5626078660473434,2.5022870721602555,1.4534506241703349,0.7200532567706835,-0.96502841588323,-0.810103100476807,-0.973382039122672,0.2001446686851231,0.0794404799718481,0.0002228747661154,0.1204813139471596,downstairs,wiktor
1672842742560193700,0.6114800564703466,2.523399853413109,-1.4559078592237709,2.9767637417530834,0.6114800564703466,1.0100788020073794,0.8980416301535099,2.523399853413109,2.5022870721602555,1.4534506241703349,-1.4559078592237709,-0.96502841588323,-0.810103100476807,0.36555792947422,0.0129689072682381,0.3469113227755659,0.0056776994304158,downstairs,wiktor
1672842742570193700,0.4504278458786371,1.6904396829660866,-1.5624695730840108,2.345587929049492,0.4504278458786371,0.6114800564703466,1.0100788020073794,1.6904396829660866,2.523399853413109,2.5022870721602555,-1.5624695730840108,-1.4559078592237709,-0.96502841588323,0.6441769893206432,0.0080316009483356,0.6360674952449596,7.789312734783368e-05,downstairs,wiktor
1672842742580193700,0.577168533491855,0.5625500649227608,-1.574951009487553,1.7691966464708222,0.577168533491855,0.4504278458786371,0.6114800564703466,0.5625500649227608,1.6904396829660866,2.523399853413109,-1.574951009487553,-1.5624695730840108,-1.4559078592237709,0.4360543104536485,0.0044814588815196,0.3968676709558044,0.0347051806163244,downstairs,wiktor
1672842742590193700,0.6718412210159731,-0.3283681927819563,-1.3114925474244623,1.5097049374752098,0.6718412210159731,0.577168533491855,0.4504278458786371,-0.3283681927819563,0.5625500649227608,1.6904396829660866,-1.3114925474244623,-1.574951009487553,-1.5624695730840108,0.2870815422870983,1.2423981225226513e-05,0.0072008974215552,0.2798682208843178,downstairs,wiktor
1672842742600193700,0.6668564479569008,-0.4483756710618971,-0.5633371880447171,0.9813699873218206,0.6668564479569008,0.6718412210159731,0.577168533491855,-0.4483756710618971,-0.3283681927819563,0.5625500649227608,-0.5633371880447171,-1.3114925474244623,-1.574951009487553,0.0993455332557299,4.99250506894744e-06,0.0055169097564509,0.09382363099421,downstairs,wiktor
1672842742610193700,0.6700163546229109,-0.3433336817771264,-0.1301544760300059,0.7640288738885833,0.6700163546229109,0.6668564479569008,0.6718412210159731,-0.3433336817771264,-0.4483756710618971,-0.3283681927819563,-0.1301544760300059,-0.5633371880447171,-1.3114925474244623,0.0607460894617362,0.010176120136414,0.0299718055118418,0.0205981638134803,downstairs,wiktor
1672842742620193700,0.5273550765099343,-0.0984998380714742,0.0728143088285549,0.5413940509380256,0.5273550765099343,0.6700163546229109,0.6668564479569008,-0.0984998380714742,-0.3433336817771264,-0.4483756710618971,0.0728143088285549,-0.1301544760300059,-0.5633371880447171,0.1281322075579344,0.0632592246560196,0.0632399504843034,0.0016330324176113,downstairs,wiktor
1672842742630193700,0.1716607564652654,0.2571402903850976,0.1299638043225891,0.3353790910053275,0.1716607564652654,0.5273550765099343,0.6700163546229109,0.2571402903850976,-0.0984998380714742,-0.3433336817771264,0.1299638043225891,0.0728143088285549,-0.1301544760300059,0.0952001889314496,0.013006835968008,0.0777588279934695,0.004434524969972,downstairs,wiktor
1672842742640193700,0.0103732121972217,0.6514975598590342,0.0357881708501029,0.6525622324394514,0.0103732121972217,0.1716607564652654,0.5273550765099343,0.6514975598590342,0.2571402903850976,-0.0984998380714742,0.0357881708501029,0.1299638043225891,0.0728143088285549,0.0808512540691199,9.10340192558115e-05,0.0431844270373228,0.0375757930125412,downstairs,wiktor
1672842742650193700,0.0238664711998357,0.9453833439225812,-0.2383497251531357,0.975258871733218,0.0238664711998357,0.0103732121972217,0.1716607564652654,0.9453833439225812,0.6514975598590342,0.2571402903850976,-0.2383497251531357,0.0357881708501029,0.1299638043225891,0.0500334122126339,0.0005131861023518,0.0132053797590463,0.0363148463512357,downstairs,wiktor
1672842742660193700,0.0559035154565025,1.1078972187705236,-0.5078486912039752,1.2200294027430023,0.0559035154565025,0.0238664711998357,0.0103732121972217,1.1078972187705236,0.9453833439225812,0.6514975598590342,-0.5078486912039752,-0.2383497251531357,0.0357881708501029,0.0248199155768595,0.0003244223014876,0.0007680387305629,0.0237274545448089,downstairs,wiktor
1672842742670193700,0.0304310871667755,1.1470900428729789,-0.7256901681766075,1.35770683054652,0.0304310871667755,0.0559035154565025,0.0238664711998357,1.1470900428729789,1.1078972187705236,0.9453833439225812,-0.7256901681766075,-0.5078486912039752,-0.2383497251531357,0.0122075164466951,0.0012857322174084,0.000235034281127,0.0106867499481596,downstairs,wiktor
1672842742680193700,-0.0202785217334794,1.1254089782714842,-0.8718869530123873,1.4237778779188086,-0.0202785217334794,0.0304310871667755,0.0559035154565025,1.1254089782714842,1.1470900428729789,1.1078972187705236,-0.8718869530123873,-0.7256901681766075,-0.5078486912039752,0.00428451690238,0.0004863963035772,0.0029363410497769,0.0008617795490259,downstairs,wiktor
1672842742690193700,-0.0514681451225883,1.048775551494693,-0.9134027222820496,1.3917196773947031,-0.0514681451225883,-0.0202785217334794,0.0304310871667755,1.048775551494693,1.1254089782714842,1.1470900428729789,-0.9134027222820496,-0.8718869530123873,-0.7256901681766075,0.0066041372605778,0.000444403171664,0.0060875337574608,7.220033145300416e-05,downstairs,wiktor
1672842742700193700,-0.0812810004593071,0.9384348631022345,-0.9013860395906408,1.3037497404372802,-0.0812810004593071,-0.0514681451225883,-0.0202785217334794,0.9384348631022345,1.048775551494693,1.1254089782714842,-0.9013860395906408,-0.9134027222820496,-0.8718869530123873,0.0065103725688587,0.0007302357074426,0.0046919663573382,0.0010881705040778,downstairs,wiktor
1672842742710193700,-0.1194971150562327,0.8415641620896138,-0.8547347694240561,1.205438229642129,-0.1194971150562327,-0.0812810004593071,-0.0514681451225883,0.8415641620896138,0.9384348631022345,1.048775551494693,-0.8547347694240561,-0.9013860395906408,-0.9134027222820496,0.0038085366283188,0.0003650006658611,0.0019055146190347,0.0015380213434229,downstairs,wiktor
1672842742720193700,-0.1465156518730614,0.7798306279443086,-0.7992726860981856,1.12625018147231,-0.1465156518730614,-0.1194971150562327,-0.0812810004593071,0.7798306279443086,0.8415641620896138,0.9384348631022345,-0.7992726860981856,-0.8547347694240561,-0.9013860395906408,0.0016319957715819,6.953520719104143e-07,0.0001428096795495,0.0014884907399604,downstairs,wiktor
1672842742730193700,-0.1453363706751188,0.762930351050152,-0.7447109643518829,1.0760017665507966,-0.1453363706751188,-0.1465156518730614,-0.1194971150562327,0.762930351050152,0.7798306279443086,0.8415641620896138,-0.7447109643518829,-0.7992726860981856,-0.8547347694240561,0.0023494679670402,0.0001486612225867,0.0001403823950324,0.0020604243494211,downstairs,wiktor
1672842742740193700,-0.128093330189943,0.7796863884714769,-0.680517127429307,1.0427954383921518,-0.128093330189943,-0.1453363706751188,-0.1465156518730614,0.7796863884714769,0.762930351050152,0.7798306279443086,-0.680517127429307,-0.7447109643518829,-0.7992726860981856,0.0037141156812944,0.0003597306320406,0.0007835011875281,0.0025708838617255,downstairs,wiktor
1672842742750193700,-0.101270555089641,0.819271769296427,-0.6088110068854429,1.0257254990489066,-0.101270555089641,-0.128093330189943,-0.1453363706751188,0.819271769296427,0.7796863884714769,0.762930351050152,-0.6088110068854429,-0.680517127429307,-0.7447109643518829,0.0029350866341977,1.1746795277401498e-05,0.0006531766080364,0.0022701632308839,downstairs,wiktor
1672842742760193700,-0.0964235363611025,0.8554152779262341,-0.5414290622580591,1.0169455371511489,-0.0964235363611025,-0.101270555089641,-0.128093330189943,0.8554152779262341,0.819271769296427,0.7796863884714769,-0.5414290622580591,-0.6088110068854429,-0.680517127429307,0.0021346823023935,0.0003142899672845,0.000307551850691,0.0015128404844179,downstairs,wiktor
1672842742770193700,-0.1214950328176193,0.880216562195039,-0.4864228719806375,1.0129903502737323,-0.1214950328176193,-0.0964235363611025,-0.101270555089641,0.880216562195039,0.8554152779262341,0.819271769296427,-0.4864228719806375,-0.5414290622580591,-0.6088110068854429,0.0019829769482877,0.000961224440591,0.0001372806782926,0.000884471829404,downstairs,wiktor
1672842742780193700,-0.1653407724188858,0.8967864552721018,-0.4443640600762566,1.014407677056434,-0.1653407724188858,-0.1214950328176193,-0.0964235363611025,0.8967864552721018,0.880216562195039,0.8554152779262341,-0.4443640600762566,-0.4864228719806375,-0.5414290622580591,0.0005112980939781,0.0001432027604873,3.265927286405329e-05,0.0003354360606267,downstairs,wiktor
1672842742790193700,-0.1822642921761556,0.9048684442431476,-0.418462860852021,1.013468469910114,-0.1822642921761556,-0.1653407724188858,-0.1214950328176193,0.9048684442431476,0.8967864552721018,0.880216562195039,-0.418462860852021,-0.4443640600762566,-0.4864228719806375,0.0001150319504437,0.0001111401124114,3.852142097693067e-06,3.9695934663934896e-08,downstairs,wiktor
1672842742800193700,-0.1971733573655918,0.9020927850069684,-0.4181810952236561,1.0136686608645376,-0.1971733573655918,-0.1822642921761556,-0.1653407724188858,0.9020927850069684,0.9048684442431476,0.8967864552721018,-0.4181810952236561,-0.418462860852021,-0.4443640600762566,0.000298894880379,0.0001688862135191,3.867349878068743e-05,9.133516807921612e-05,downstairs,wiktor
1672842742810193700,-0.2155519434656784,0.893298070823928,-0.4316966542634603,1.0152862084022654,-0.2155519434656784,-0.1971733573655918,-0.1822642921761556,0.893298070823928,0.9020927850069684,0.9048684442431476,-0.4316966542634603,-0.4181810952236561,-0.418462860852021,0.0001911687520443,4.208535373159107e-05,4.455732160768921e-07,0.0001486378250966,downstairs,wiktor
1672842742820193700,-0.2063774839468194,0.894242076349417,-0.4489383377715552,1.021668335672112,-0.2063774839468194,-0.2155519434656784,-0.1971733573655918,0.894242076349417,0.893298070823928,0.9020927850069684,-0.4489383377715552,-0.4316966542634603,-0.4181810952236561,0.0001948059759828,2.5992903878817863e-05,2.6273648968620688e-05,0.0001425394231354,downstairs,wiktor
1672842742830193700,-0.1991673655179976,0.9014910278554792,-0.4658226158512013,1.0340911092499363,-0.1991673655179976,-0.2063774839468194,-0.2155519434656784,0.9014910278554792,0.894242076349417,0.893298070823928,-0.4658226158512013,-0.4489383377715552,-0.4316966542634603,0.0003388885383578,0.0001452379420029,4.4087994201760143e-05,0.0001495626021531,downstairs,wiktor
1672842742840193700,-0.2162107185920215,0.9108812349034372,-0.4831178523140657,1.053496349380407,-0.2162107185920215,-0.1991673655179976,-0.2063774839468194,0.9108812349034372,0.9014910278554792,0.894242076349417,-0.4831178523140657,-0.4658226158512013,-0.4489383377715552,7.301432610033672e-05,5.488524781761711e-06,6.592575027710817e-05,1.6000510414668345e-06,downstairs,wiktor
1672842742850193700,-0.2195238816673203,0.92236389576903,-0.4849067352288854,1.0649321258703983,-0.2195238816673203,-0.2162107185920215,-0.1991673655179976,0.92236389576903,0.9108812349034372,0.9014910278554792,-0.4849067352288854,-0.4831178523140657,-0.4658226158512013,0.0001751153748686,7.066686713057972e-05,7.503110871919925e-05,2.941739901884109e-05,downstairs,wiktor
1672842742860193700,-0.2076354951383938,0.934613884235898,-0.4772363507510588,1.06975237598524,-0.2076354951383938,-0.2195238816673203,-0.2162107185920215,0.934613884235898,0.92236389576903,0.9108812349034372,-0.4772363507510588,-0.4849067352288854,-0.4831178523140657,0.0003089068131504,0.0001785459204873,6.8023139675565e-05,6.233775298750585e-05,downstairs,wiktor
1672842742870193700,-0.1887386212970766,0.946277772067626,-0.4660705321077613,1.0715809022083227,-0.1887386212970766,-0.2076354951383938,-0.2195238816673203,0.946277772067626,0.934613884235898,0.92236389576903,-0.4660705321077613,-0.4772363507510588,-0.4849067352288854,0.0006799816452877,0.000605453505425,1.553966926523046e-06,7.297417293617215e-05,downstairs,wiktor
1672842742880193700,-0.1539405321131845,0.9480407053769278,-0.4539896237862672,1.0623490222071414,-0.1539405321131845,-0.1887386212970766,-0.2076354951383938,0.9480407053769278,0.946277772067626,0.934613884235898,-0.4539896237862672,-0.4660705321077613,-0.4772363507510588,0.0006036236833577,0.0005350176098042,1.7131115189505394e-05,5.1474958364024894e-05,downstairs,wiktor
1672842742890193700,-0.1212291393025974,0.9421873106030372,-0.4438431999469014,1.048527643229561,-0.1212291393025974,-0.1539405321131845,-0.1887386212970766,0.9421873106030372,0.9480407053769278,0.946277772067626,-0.4438431999469014,-0.4539896237862672,-0.4660705321077613,0.000679514027437,0.0004328156586286,8.14040768459173e-05,0.0001652942919625,downstairs,wiktor
1672842742900193700,-0.0918075262051274,0.9294276807615474,-0.4256611048001631,1.0263780062790655,-0.0918075262051274,-0.1212291393025974,-0.1539405321131845,0.9294276807615474,0.9421873106030372,0.9480407053769278,-0.4256611048001631,-0.4438431999469014,-0.4539896237862672,0.0030160206454135,0.0023153467521774,4.509583735564781e-05,0.0006555780558805,downstairs,wiktor
1672842742910193700,-0.0237583270595474,0.919930751009712,-0.3894512151046521,0.999254368869334,-0.0237583270595474,-0.0918075262051274,-0.1212291393025974,0.919930751009712,0.9294276807615474,0.9421873106030372,-0.3894512151046521,-0.4256611048001631,-0.4438431999469014,0.0102141412215637,0.0091621779119982,4.691776928249517e-07,0.0010514941318727,downstairs,wiktor
1672842742920193700,0.1116091573079933,0.9189620635546214,-0.3435928651153049,0.9874228755734356,0.1116091573079933,-0.0237583270595474,-0.0918075262051274,0.9189620635546214,0.919930751009712,0.9294276807615474,-0.3435928651153049,-0.3894512151046521,-0.4256611048001631,0.0016925679957688,0.0004670410523978,7.956364985134389e-06,0.0012175705783858,downstairs,wiktor
1672842742930193700,0.1421719141338392,0.9149729872241572,-0.2942457156862677,0.9715806511649466,0.1421719141338392,0.1116091573079933,-0.0237583270595474,0.9149729872241572,0.9189620635546214,0.919930751009712,-0.2942457156862677,-0.3435928651153049,-0.3894512151046521,0.0051390116888066,0.0037246520294906,3.2565032236073764e-06,0.0014111031560923,downstairs,wiktor
1672842742940193700,0.0558625631979101,0.9175250464803688,-0.241121273927463,0.9503222114768476,0.0558625631979101,0.1421719141338392,0.1116091573079933,0.9175250464803688,0.9149729872241572,0.9189620635546214,-0.241121273927463,-0.2942457156862677,-0.3435928651153049,0.0056114868616817,0.0043640470105685,6.171416888916863e-05,0.0011857256822241,downstairs,wiktor
1672842742950193700,-0.0375617057108538,0.928634877162172,-0.1924237240460961,0.9491051081906996,-0.0375617057108538,0.0558625631979101,0.1421719141338392,0.928634877162172,0.9175250464803688,0.9149729872241572,-0.1924237240460961,-0.241121273927463,-0.2942457156862677,0.0006116021632312,2.4412468258784296e-05,5.975740179514504e-06,0.0005812139547929,downstairs,wiktor
1672842742960193700,-0.0445491899875852,0.9251777858473484,-0.1583293270051464,0.9396843840055312,-0.0445491899875852,-0.0375617057108538,0.0558625631979101,0.9251777858473484,0.928634877162172,0.9175250464803688,-0.1583293270051464,-0.1924237240460961,-0.241121273927463,0.0008966909106246,0.0003690094165515,0.0003211304390549,0.0002065510550181,downstairs,wiktor
1672842742970193700,-0.0173826879473332,0.8998349194327168,-0.1380044134742996,0.9105219701957464,-0.0173826879473332,-0.0445491899875852,-0.0375617057108538,0.8998349194327168,0.9251777858473484,0.928634877162172,-0.1380044134742996,-0.1583293270051464,-0.1924237240460961,0.0019263231754892,0.001319819049298,0.0004951765339232,0.0001113275922678,downstairs,wiktor
1672842742980193700,0.0339947204983652,0.8683650438713719,-0.1230827786933589,0.8777031735446614,0.0339947204983652,-0.0173826879473332,-0.0445491899875852,0.8683650438713719,0.8998349194327168,0.9251777858473484,-0.1230827786933589,-0.1380044134742996,-0.1583293270051464,0.0008408269516241,0.0006934357638725,0.0001459473254327,1.4438623187766167e-06,downstairs,wiktor
1672842742990193700,0.0712354445480555,0.8512801192047086,-0.1213834480493837,0.8628361787578794,0.0712354445480555,0.0339947204983652,-0.0173826879473332,0.8512801192047086,0.8683650438713719,0.8998349194327168,-0.1213834480493837,-0.1230827786933589,-0.1380044134742996,0.0002003865690353,5.792044307885878e-05,7.372225524491343e-05,6.87438707115635e-05,downstairs,wiktor
1672842743000193700,0.060472504143235,0.8634227923243238,-0.1331089647298173,0.8757133312642499,0.060472504143235,0.0712354445480555,0.0339947204983652,0.8634227923243238,0.8512801192047086,0.8683650438713719,-0.1331089647298173,-0.1213834480493837,-0.1230827786933589,0.0022613849624612,0.0014320596076057,0.0004175983585527,0.0004117269963027,downstairs,wiktor
1672842743010193700,0.006955037693378,0.8923225625155458,-0.1618048528081729,0.9069006221829936,0.006955037693378,0.060472504143235,0.0712354445480555,0.8923225625155458,0.8634227923243238,0.8512801192047086,-0.1618048528081729,-0.1331089647298173,-0.1213834480493837,0.0037752354222007,0.0029214384977081,0.0004689708107652,0.0003848261137273,downstairs,wiktor
1672842743020193700,-0.0694836762898931,0.922948395100646,-0.1895474595251816,0.9447697924373254,-0.0694836762898931,0.006955037693378,0.060472504143235,0.922948395100646,0.8923225625155458,0.8634227923243238,-0.1895474595251816,-0.1618048528081729,-0.1331089647298173,0.0007937328853984,0.0004684866905043,0.0001874526564817,0.0001377935384123,downstairs,wiktor
1672842743030193700,-0.1000936972145622,0.942310866868566,-0.2061482750721557,0.9697760717587818,-0.1000936972145622,-0.0694836762898931,0.006955037693378,0.942310866868566,0.922948395100646,0.8923225625155458,-0.2061482750721557,-0.1895474595251816,-0.1618048528081729,0.0005865879473841,0.0005854682833247,1.0598189830603671e-06,5.984507628941696e-08,downstairs,wiktor
1672842743040193700,-0.0658747468120501,0.9408549692189626,-0.2064942377183747,0.9654985373279752,-0.0658747468120501,-0.1000936972145622,-0.0694836762898931,0.9408549692189626,0.942310866868566,0.922948395100646,-0.2064942377183747,-0.2061482750721557,-0.1895474595251816,0.0003196869640316,0.0002905575473662,4.049138183016326e-07,2.872450284710144e-05,downstairs,wiktor
1672842743050193700,-0.0417684178768421,0.9417548734564252,-0.1989147254851104,0.9634385867431712,-0.0417684178768421,-0.0658747468120501,-0.1000936972145622,0.9417548734564252,0.9408549692189626,0.942310866868566,-0.1989147254851104,-0.2064942377183747,-0.2061482750721557,0.0007369312263552,0.0006829812027325,2.585470694817106e-05,2.809531667449665e-05,downstairs,wiktor
1672842743060193700,-0.0787273465066763,0.9345639476539752,-0.2064107666635588,0.9603193072812828,-0.0787273465066763,-0.0417684178768421,-0.0658747468120501,0.9345639476539752,0.9417548734564252,0.9408549692189626,-0.2064107666635588,-0.1989147254851104,-0.2064942377183747,4.943255895925904e-05,4.288727872822048e-06,4.490228417952677e-05,2.41546906910221e-07,downstairs,wiktor
1672842743070193700,-0.0816560758805932,0.9250874204230192,-0.2071058161681413,0.9514973826783786,-0.0816560758805932,-0.0787273465066763,-0.0417684178768421,0.9250874204230192,0.9345639476539752,0.9417548734564252,-0.2071058161681413,-0.2064107666635588,-0.1989147254851104,0.0011480518738916,0.0009225678962645,0.0002191670636516,6.3169139754969805e-06,downstairs,wiktor
1672842743080193700,-0.038701032026244,0.9041509897983092,-0.2106602258168726,0.9291741026171438,-0.038701032026244,-0.0816560758805932,-0.0787273465066763,0.9041509897983092,0.9250874204230192,0.9345639476539752,-0.2106602258168726,-0.2071058161681413,-0.2064107666635588,0.0015399984867271,0.001434156164215,3.503686879074562e-05,7.080545372143615e-05,downstairs,wiktor
1672842743090193700,0.0148555952800941,0.8957799840294969,-0.2225602639446633,0.9231335437444194,0.0148555952800941,-0.038701032026244,-0.0816560758805932,0.8957799840294969,0.9041509897983092,0.9250874204230192,-0.2225602639446633,-0.2106602258168726,-0.2071058161681413,0.0004460973515157,0.0002734020918845,4.697736922039472e-05,0.0001257178904108,downstairs,wiktor
1672842743100193700,-0.008528249223517,0.9054730092765902,-0.2384169906189059,0.936374264372424,-0.008528249223517,0.0148555952800941,-0.038701032026244,0.9054730092765902,0.8957799840294969,0.9041509897983092,-0.2384169906189059,-0.2225602639446633,-0.2106602258168726,0.0039203510219672,0.0039084849939552,8.931259485216352e-06,2.934768526771027e-06,downstairs,wiktor
1672842743110193700,-0.0969418793260665,0.9012466019405148,-0.2408397033657131,0.9378949451798314,-0.0969418793260665,-0.008528249223517,0.0148555952800941,0.9012466019405148,0.9054730092765902,0.8957799840294969,-0.2408397033657131,-0.2384169906189059,-0.2225602639446633,0.0012615961930082,0.0009129083770691,0.0002288961820327,0.0001197916339062,downstairs,wiktor
1672842743120193700,-0.1396714563674824,0.87985051902645,-0.2253612257980524,0.9189302115221414,-0.1396714563674824,-0.0969418793260665,-0.008528249223517,0.87985051902645,0.9012466019405148,0.9054730092765902,-0.2253612257980524,-0.2408397033657131,-0.2384169906189059,0.0017002106555548,0.0003064931744965,0.0008392367142798,0.0005544807667784,downstairs,wiktor
1672842743130193700,-0.1149128952422259,0.8388813424596732,-0.1920601517379421,0.8682246150078305,-0.1149128952422259,-0.1396714563674824,-0.0969418793260665,0.8388813424596732,0.87985051902645,0.9012466019405148,-0.1920601517379421,-0.2253612257980524,-0.2408397033657131,0.0023442928050942,0.0004337769201161,0.0010149540555333,0.0008955618294447,downstairs,wiktor
1672842743140193700,-0.0854586283147967,0.7938268408969354,-0.1497384828331182,0.8123335790936007,-0.0854586283147967,-0.1149128952422259,-0.1396714563674824,0.7938268408969354,0.8388813424596732,0.87985051902645,-0.1497384828331182,-0.1920601517379421,-0.2253612257980524,0.0013559855683346,4.89397219385822e-05,3.1401029757088528e-06,0.0013039057434203,downstairs,wiktor
1672842743150193700,-0.0953520323739244,0.7913208069882627,-0.0986717472135313,0.803129344096307,-0.0953520323739244,-0.0854586283147967,-0.1149128952422259,0.7913208069882627,0.7938268408969354,0.8388813424596732,-0.0986717472135313,-0.1497384828331182,-0.1920601517379421,0.0016090963264228,0.0007900150364797,0.0001141796217189,0.0007049016682241,downstairs,wiktor
1672842743160193700,-0.1351016244845291,0.8064323669156142,-0.0611243992852374,0.8199523178426046,-0.1351016244845291,-0.0953520323739244,-0.0854586283147967,0.8064323669156142,0.7913208069882627,0.7938268408969354,-0.0611243992852374,-0.0986717472135313,-0.1497384828331182,0.0007580793029355,5.042301868467145e-05,0.0002701760204944,0.0004374802637564,downstairs,wiktor
1672842743170193700,-0.1451438372570878,0.8296778404747572,-0.0315446675840717,0.8428683874256754,-0.1451438372570878,-0.1351016244845291,-0.0953520323739244,0.8296778404747572,0.8064323669156142,0.7913208069882627,-0.0315446675840717,-0.0611243992852374,-0.0986717472135313,0.0014356823131897,1.156120736650697e-05,0.0007059638733848,0.0007181572324383,downstairs,wiktor
1672842743180193700,-0.1403352600524447,0.8672534675057167,0.0063540720371447,0.8785573039626554,-0.1403352600524447,-0.1451438372570878,-0.1351016244845291,0.8672534675057167,0.8296778404747572,0.8064323669156142,0.0063540720371447,-0.0315446675840717,-0.0611243992852374,0.000880513988525,9.106917772961208e-05,0.0003145992689895,0.0004748455418058,downstairs,wiktor
1672842743190193700,-0.1538311244359965,0.8923372977152194,0.0371711303589862,0.9062624126990526,-0.1538311244359965,-0.1403352600524447,-0.1451438372570878,0.8923372977152194,0.8672534675057167,0.8296778404747572,0.0371711303589862,0.0063540720371447,-0.0315446675840717,0.0006238089858485,0.0001463761375099,0.0003236089837258,0.0001538238646127,downstairs,wiktor
1672842743200193700,-0.1367211193214489,0.8668968187996863,0.0547110200172926,0.8793156740470732,-0.1367211193214489,-0.1538311244359965,-0.1403352600524447,0.8668968187996863,0.8923372977152194,0.8672534675057167,0.0547110200172926,0.0371711303589862,0.0063540720371447,0.0086409348741896,0.0067621676438633,0.0012932704712699,0.0005854967590563,downstairs,wiktor
1672842743210193700,-0.0204269436817093,0.8160387718204729,0.0889308025723113,0.8211243662129367,-0.0204269436817093,-0.1367211193214489,-0.1538311244359965,0.8160387718204729,0.8668968187996863,0.8923372977152194,0.0889308025723113,0.0547110200172926,0.0371711303589862,0.0107258378388829,0.0106228847631892,5.0965461541266346e-06,9.785652953957104e-05,downstairs,wiktor
1672842743220193700,0.1253323425623529,0.8128461095601871,0.1029205509288451,0.828866475207434,0.1253323425623529,-0.0204269436817093,-0.1367211193214489,0.8128461095601871,0.8160387718204729,0.8668968187996863,0.1029205509288451,0.0889308025723113,0.0547110200172926,0.002240251544622,0.0014080814421411,0.0007907962448569,4.1373857623975057e-05,downstairs,wiktor
1672842743230193700,0.1783998739189403,0.8526153500572574,0.093823973811712,0.8761177935810768,0.1783998739189403,0.1253323425623529,-0.0204269436817093,0.8526153500572574,0.8128461095601871,0.8160387718204729,0.093823973811712,0.1029205509288451,0.0889308025723113,0.005440192524866,0.0017985177879967,0.0032181156665927,0.0004235590702765,downstairs,wiktor
1672842743240193700,0.1184245825399608,0.9328414763079094,0.0647186797820511,0.942552974205066,0.1184245825399608,0.1783998739189403,0.1253323425623529,0.9328414763079094,0.8526153500572574,0.8128461095601871,0.0647186797820511,0.093823973811712,0.1029205509288451,0.031819206979173,0.0263856752180504,0.0031774359498017,0.0022560958113208,downstairs,wiktor
1672842743250193700,-0.1112955742510812,1.0125589267162325,-0.0024541690680732,1.0186600551049507,-0.1112955742510812,0.1184245825399608,0.1783998739189403,1.0125589267162325,0.9328414763079094,0.8526153500572574,-0.0024541690680732,0.0647186797820511,0.093823973811712,0.0507718819002319,0.0444659906865297,2.643015229835268e-05,0.0062794610614038,downstairs,wiktor
1672842743260193700,-0.4095102307873746,1.019829435955392,-0.1145207658880345,1.1049279222556574,-0.4095102307873746,-0.1112955742510812,0.1184245825399608,1.019829435955392,1.0125589267162325,0.9328414763079094,-0.1145207658880345,-0.0024541690680732,0.0647186797820511,0.0237385399418661,0.02087724797292,0.0007266413022553,0.0021346506666907,downstairs,wiktor
1672842743270193700,-0.6138493996851659,0.981707492084299,-0.1798606567157781,1.171712653060687,-0.6138493996851659,-0.4095102307873746,-0.1112955742510812,0.981707492084299,1.019829435955392,1.0125589267162325,-0.1798606567157781,-0.1145207658880345,-0.0024541690680732,0.0011810240814446,0.0002574274134748,8.423267479299461e-05,0.0008393639931768,downstairs,wiktor
1672842743280193700,-0.591158987019249,0.9687280718512536,-0.1388883735678543,1.1433254153733292,-0.591158987019249,-0.6138493996851659,-0.4095102307873746,0.9687280718512536,0.981707492084299,1.019829435955392,-0.1388883735678543,-0.1798606567157781,-0.1145207658880345,0.0225371480698563,0.0179964719766254,0.0004882857893243,0.0040523903039065,downstairs,wiktor
1672842743290193700,-0.4014409226361994,0.9999782171092952,-0.0488618185531642,1.0786559814752847,-0.4014409226361994,-0.591158987019249,-0.6138493996851659,0.9999782171092952,0.9687280718512536,0.981707492084299,-0.0488618185531642,-0.1388883735678543,-0.1798606567157781,0.0047716419634419,0.0003272642751261,0.0044443753468293,2.341486434489784e-09,downstairs,wiktor
1672842743300193700,-0.3758571670430037,1.0942583883737698,-0.0487933863029529,1.1580374886379377,-0.3758571670430037,-0.4014409226361994,-0.591158987019249,1.0942583883737698,0.9999782171092952,0.9687280718512536,-0.0487933863029529,-0.0488618185531642,-0.1388883735678543,0.0187123878397853,0.0045593720315473,0.0105804243166136,0.0035725914916243,downstairs,wiktor
1672842743310193700,-0.47134928223109,1.2397260776838954,-0.1333225705131933,1.332991298305246,-0.47134928223109,-0.3758571670430037,-0.4014409226361994,1.2397260776838954,1.0942583883737698,0.9999782171092952,-0.1333225705131933,-0.0487933863029529,-0.0488618185531642,0.0266690479817821,6.958184182920099e-07,0.0141226678225801,0.0125456843407837,downstairs,wiktor
1672842743320193700,-0.4701696056497407,1.4077895646320135,-0.2917251231490882,1.5126250242012982,-0.4701696056497407,-0.47134928223109,-0.3758571670430037,1.4077895646320135,1.2397260776838954,1.0942583883737698,-0.2917251231490882,-0.1333225705131933,-0.0487933863029529,0.0183267072709445,0.0037533549511837,0.0059425200697145,0.0086308322500461,downstairs,wiktor
1672842743330193700,-0.3835283342926815,1.516808095806439,-0.423108777003334,1.6207473029089177,-0.3835283342926815,-0.4701696056497407,-0.47134928223109,1.516808095806439,1.4077895646320135,1.2397260776838954,-0.423108777003334,-0.2917251231490882,-0.1333225705131933,0.0066231355638235,0.0018076469582431,0.0002536760856202,0.0045618125199601,downstairs,wiktor
1672842743340193700,-0.3234010200629051,1.539332575184229,-0.5186264457349371,1.65623258844182,-0.3234010200629051,-0.3835283342926815,-0.4701696056497407,1.539332575184229,1.516808095806439,1.4077895646320135,-0.5186264457349371,-0.423108777003334,-0.2917251231490882,0.0032097889734433,0.000249251769901,3.567545437368571e-07,0.0029601804489985,downstairs,wiktor
1672842743350193700,-0.3010738272299016,1.5401772698553815,-0.5955703272200635,1.6785396887434778,-0.3010738272299016,-0.3234010200629051,-0.3835283342926815,1.5401772698553815,1.539332575184229,1.516808095806439,-0.5955703272200635,-0.5186264457349371,-0.423108777003334,0.0009230786493864,0.0008245939937396,9.51086267416279e-05,3.376028905255652e-06,downstairs,wiktor
1672842743360193700,-0.2604636316199415,1.5263853427426373,-0.5981687994270558,1.6599697077188524,-0.2604636316199415,-0.3010738272299016,-0.3234010200629051,1.5263853427426373,1.5401772698553815,1.539332575184229,-0.5981687994270558,-0.5955703272200635,-0.5186264457349371,0.0061909923498799,0.0021786638362994,0.001448502658376,0.0025638258552044,downstairs,wiktor
1672842743370193700,-0.1944535742604843,1.4725615067891102,-0.5265611761568421,1.575917591771654,-0.1944535742604843,-0.2604636316199415,-0.3010738272299016,1.4725615067891102,1.5263853427426373,1.5401772698553815,-0.5265611761568421,-0.5981687994270558,-0.5955703272200635,0.0201634594358346,0.0022463618317104,0.0004887079388429,0.0174283896652812,downstairs,wiktor
1672842743380193700,-0.1274257914878097,1.44129785572776,-0.3398614725401449,1.486298308476091,-0.1274257914878097,-0.1944535742604843,-0.2604636316199415,1.44129785572776,1.4725615067891102,1.5263853427426373,-0.3398614725401449,-0.5265611761568421,-0.5981687994270558,0.0207182921718809,8.10744327275162e-08,0.0013498665529058,0.0193683445445423,downstairs,wiktor
1672842743390193700,-0.1270231143647259,1.4932568117008325,-0.1430450883413573,1.505460950862704,-0.1270231143647259,-0.1274257914878097,-0.1944535742604843,1.4932568117008325,1.44129785572776,1.4725615067891102,-0.1430450883413573,-0.3398614725401449,-0.5265611761568421,0.0204309114443642,0.0033106140533899,0.0098782441477322,0.007242053243242,downstairs,wiktor
1672842743400193700,-0.2083940434904274,1.633814587350081,-0.0226951548703158,1.6472077140587926,-0.2083940434904274,-0.1270231143647259,-0.1274257914878097,1.633814587350081,1.4932568117008325,1.44129785572776,-0.0226951548703158,-0.1430450883413573,-0.3398614725401449,0.00727139281971,0.0071567023764071,3.573575873154949e-05,7.895468457131167e-05,downstairs,wiktor
1672842743410193700,-0.3280326858799761,1.6253605044629134,-0.0101289553994088,1.6581630825136142,-0.3280326858799761,-0.2083940434904274,-0.1270231143647259,1.6253605044629134,1.633814587350081,1.4932568117008325,-0.0101289553994088,-0.0226951548703158,-0.1430450883413573,0.0291474923585789,0.0022500272624219,0.0250463758602865,0.0018510892358703,downstairs,wiktor
1672842743420193700,-0.3951151316079308,1.4015464036547356,-0.0709744849947759,1.4579045463758418,-0.3951151316079308,-0.3280326858799761,-0.2083940434904274,1.4015464036547356,1.6253605044629134,1.633814587350081,-0.0709744849947759,-0.0101289553994088,-0.0226951548703158,0.0308331168683744,1.2374840680045924e-05,0.0290869056307712,0.0017338363969231,downstairs,wiktor
1672842743430193700,-0.3901402264470165,1.1603539260325209,-0.129861434260689,1.231054272588929,-0.3901402264470165,-0.3951151316079308,-0.3280326858799761,1.1603539260325209,1.4015464036547356,1.6253605044629134,-0.129861434260689,-0.0709744849947759,-0.0101289553994088,0.0058693835573779,0.0023750755712047,0.0034731326007673,2.117538540595189e-05,downstairs,wiktor
1672842743440193700,-0.3212188861930036,1.0770096688726265,-0.1233536872763707,1.1306403194017425,-0.3212188861930036,-0.3901402264470165,-0.3951151316079308,1.0770096688726265,1.1603539260325209,1.4015464036547356,-0.1233536872763707,-0.129861434260689,-0.0709744849947759,0.0017557086750075,0.0016919705414062,2.52563041764674e-06,6.121250318368062e-05,downstairs,wiktor
1672842743450193700,-0.2630472343098703,1.0792571698927136,-0.1344182707013064,1.118954046304508,-0.2630472343098703,-0.3212188861930036,-0.3901402264470165,1.0792571698927136,1.0770096688726265,1.1603539260325209,-0.1344182707013064,-0.1233536872763707,-0.129861434260689,0.0064091957817017,0.0011082778346286,0.0011063170212119,0.0041946009258611,downstairs,wiktor
1672842743460193700,-0.2159669234649187,1.12629581403159,-0.2260108569281534,1.1688733379564196,-0.2159669234649187,-0.2630472343098703,-0.3212188861930036,1.12629581403159,1.0792571698927136,1.0770096688726265,-0.2260108569281534,-0.1344182707013064,-0.1233536872763707,0.016830617845735,0.0004901793976584,0.00206365336995,0.0142767850781264,downstairs,wiktor
1672842743470193700,-0.1846562416563573,1.19053993236082,-0.3949888737121508,1.2678720237014265,-0.1846562416563573,-0.2159669234649187,-0.2630472343098703,1.19053993236082,1.12629581403159,1.0792571698927136,-0.3949888737121508,-0.2260108569281534,-0.1344182707013064,0.0062128206865052,2.2841981794522424e-05,0.0002325388351451,0.0059574398695655,downstairs,wiktor
1672842743480193700,-0.17789725034189,1.2121055918752046,-0.5041441747246582,1.3247674310773012,-0.17789725034189,-0.1846562416563573,-0.2159669234649187,1.2121055918752046,1.19053993236082,1.12629581403159,-0.5041441747246582,-0.3949888737121508,-0.2260108569281534,0.0001428927486264,0.0001103689078575,2.878484794820389e-05,3.738992820686557e-06,downstairs,wiktor
1672842743490193700,-0.1927544982605044,1.204518122211581,-0.5014095841444483,1.3188744346630124,-0.1927544982605044,-0.17789725034189,-0.1846562416563573,1.204518122211581,1.2121055918752046,1.19053993236082,-0.5014095841444483,-0.5041441747246582,-0.3949888737121508,0.0011723810679757,0.0006846640048523,0.0004200790644633,6.763799866006258e-05,downstairs,wiktor
1672842743500193700,-0.2297589305586057,1.175532640864419,-0.4897787631364486,1.2940438140683563,-0.2297589305586057,-0.1927544982605044,-0.17789725034189,1.175532640864419,1.204518122211581,1.2121055918752046,-0.4897787631364486,-0.5014095841444483,-0.5041441747246582,0.0016537748200326,0.000926246251432,0.0001723006483592,0.0005552279202413,downstairs,wiktor
1672842743510193700,-0.2727995218982256,1.1569692010776116,-0.4564552603121247,1.2733219216116076,-0.2727995218982256,-0.2297589305586057,-0.1927544982605044,1.1569692010776116,1.175532640864419,1.204518122211581,-0.4564552603121247,-0.4897787631364486,-0.5014095841444483,0.0062184039251356,0.0023543216695144,4.774285093619112e-06,0.0038593079705275,downstairs,wiktor
1672842743520193700,-0.3414190769756882,1.1600592771587523,-0.3685996063047979,1.2641875582416835,-0.3414190769756882,-0.2727995218982256,-0.2297589305586057,1.1600592771587523,1.1569692010776116,1.175532640864419,-0.3685996063047979,-0.4564552603121247,-0.4897787631364486,0.0118737796626411,0.0035348142594606,4.87026452129391e-05,0.0082902627579675,downstairs,wiktor
1672842743530193700,-0.4255001599784742,1.150189865300598,-0.239834216871398,1.2496029625301917,-0.4255001599784742,-0.3414190769756882,-0.2727995218982256,1.150189865300598,1.1600592771587523,1.1569692010776116,-0.239834216871398,-0.3685996063047979,-0.4564552603121247,0.0077859625667825,0.0012147711511136,7.286975113763897e-05,0.0064983216645312,downstairs,wiktor
1672842743540193700,-0.4747905475020809,1.1381176036121123,-0.1258313952876213,1.239585125632416,-0.4747905475020809,-0.4255001599784742,-0.3414190769756882,1.1381176036121123,1.150189865300598,1.1600592771587523,-0.1258313952876213,-0.239834216871398,-0.3685996063047979,0.0055793533336553,0.0002812395936465,7.624803046296728e-05,0.0052218657095457,downstairs,wiktor
1672842743550193700,-0.4985071911788996,1.1504665331578638,-0.0236368190171972,1.2540499841659432,-0.4985071911788996,-0.4747905475020809,-0.4255001599784742,1.1504665331578638,1.1381176036121123,1.150189865300598,-0.0236368190171972,-0.1258313952876213,-0.239834216871398,0.0047075309874758,2.5677867014768487e-05,0.000910389798033,0.003771463322428,downstairs,wiktor
1672842743560193700,-0.505673482690521,1.193137127201844,0.063213204844953,1.2974119564234792,-0.505673482690521,-0.4985071911788996,-0.4747905475020809,1.193137127201844,1.1504665331578638,1.1381176036121123,0.063213204844953,-0.0236368190171972,-0.1258313952876213,0.0052178249259856,0.000418255619768,0.0025378220546738,0.0022617472515436,downstairs,wiktor
1672842743570193700,-0.4767509786575682,1.2643806820636545,0.1304701338789739,1.3575612180160046,-0.4767509786575682,-0.505673482690521,-0.4985071911788996,1.2643806820636545,1.193137127201844,1.1504665331578638,0.1304701338789739,0.063213204844953,-0.0236368190171972,0.0075230263870064,0.0021285194189727,0.0034145629502233,0.0019799440178103,downstairs,wiktor
1672842743580193700,-0.4115049915170127,1.3470192075856326,0.1933977751475036,1.4216890669482012,-0.4115049915170127,-0.4767509786575682,-0.505673482690521,1.3470192075856326,1.2643806820636545,1.193137127201844,0.1933977751475036,0.1304701338789739,0.063213204844953,0.0083207479004396,0.0026989561797625,0.0032904561841452,0.0023313355365318,downstairs,wiktor
1672842743590193700,-0.3380345052009068,1.4281420303193777,0.2616815292407258,1.490749545771167,-0.3380345052009068,-0.4115049915170127,-0.4767509786575682,1.4281420303193777,1.3470192075856326,1.2643806820636545,0.2616815292407258,0.1933977751475036,0.1304701338789739,0.0076607126182408,0.0025308452598851,0.0026163387487658,0.0025135286095899,downstairs,wiktor
1672842743600193700,-0.2668889465217439,1.500479278660268,0.3325832726549735,1.5598972429984663,-0.2668889465217439,-0.3380345052009068,-0.4115049915170127,1.500479278660268,1.4281420303193777,1.3470192075856326,0.3325832726549735,0.2616815292407258,0.1933977751475036,0.0062433993633365,0.0020196076077926,0.0011159781461515,0.0031078136093923,downstairs,wiktor
1672842743610193700,-0.203334125968262,1.5477228633284863,0.4114225218826561,1.6143293715860123,-0.203334125968262,-0.2668889465217439,-0.3380345052009068,1.5477228633284863,1.500479278660268,1.4281420303193777,0.4114225218826561,0.3325832726549735,0.2616815292407258,0.0046281544774417,0.001809510659781,0.0002083483942136,0.0026102954234471,downstairs,wiktor
1672842743620193700,-0.1431758238017113,1.568136015667783,0.4836761781700319,1.6472682008358253,-0.1431758238017113,-0.203334125968262,-0.2668889465217439,1.568136015667783,1.5477228633284863,1.500479278660268,0.4836761781700319,0.4114225218826561,0.3325832726549735,0.0035461982549761,0.0013226270743615,0.0001784200237533,0.0020451511568612,downstairs,wiktor
1672842743630193700,-0.0917437895358659,1.5492458053061489,0.5476316495053479,1.6457460046182846,-0.0917437895358659,-0.1431758238017113,-0.203334125968262,1.5492458053061489,1.568136015667783,1.5477228633284863,0.5476316495053479,0.4836761781700319,0.4114225218826561,0.0015160876565693,0.0002468378378073,0.0009457418653527,0.0003235079534093,downstairs,wiktor
1672842743640193700,-0.0695249759848539,1.5057546138910414,0.5730681568681646,1.612618303243557,-0.0695249759848539,-0.0917437895358659,-0.1431758238017113,1.5057546138910414,1.5492458053061489,1.568136015667783,0.5730681568681646,0.5476316495053479,0.4836761781700319,0.0066696121138384,3.34208498302689e-05,0.0038112975320005,0.0028248937320076,downstairs,wiktor
1672842743650193700,-0.0613492986636445,1.4184471396176372,0.4979030887579365,1.5045476097919506,-0.0613492986636445,-0.0695249759848539,-0.0917437895358659,1.4184471396176372,1.5057546138910414,1.5492458053061489,0.4979030887579365,0.5730681568681646,0.5476316495053479,0.027833702585799,0.00095134065173,0.0066072113152966,0.0202751506187723,downstairs,wiktor
1672842743660193700,-0.1049690339157087,1.30349313737938,0.2965320351341727,1.3409116694015124,-0.1049690339157087,-0.0613492986636445,-0.0695249759848539,1.30349313737938,1.4184471396176372,1.5057546138910414,0.2965320351341727,0.4979030887579365,0.5730681568681646,0.0270998419609011,0.0031032644184445,0.0017094213475959,0.0222871561948606,downstairs,wiktor
1672842743670193700,-0.1837505599030182,1.24502226689508,0.0854057402542564,1.2614035253627658,-0.1837505599030182,-0.1049690339157087,-0.0613492986636445,1.24502226689508,1.30349313737938,1.4184471396176372,0.0854057402542564,0.2965320351341727,0.4979030887579365,0.0096868699344873,0.0005195280054765,0.0002488010574888,0.0089185408715219,downstairs,wiktor
1672842743680193700,-0.151516168161385,1.2227152698991193,-0.0481497977928192,1.2330077791669745,-0.151516168161385,-0.1837505599030182,-0.1049690339157087,1.2227152698991193,1.24502226689508,1.30349313737938,-0.0481497977928192,0.0854057402542564,0.2965320351341727,0.0060564935838054,0.0013327963791087,0.0001708940999113,0.0045528031047853,downstairs,wiktor
1672842743690193700,-0.0998867893328775,1.2412027846002032,-0.1435730979326207,1.2534651800638497,-0.0998867893328775,-0.151516168161385,-0.1837505599030182,1.2412027846002032,1.2227152698991193,1.24502226689508,-0.1435730979326207,-0.0481497977928192,0.0854057402542564,0.0049026811998029,0.0005274746760893,0.0004750380935457,0.0039001684301678,downstairs,wiktor
1672842743700193700,-0.1323667732026185,1.2720260905080945,-0.2318926136714187,1.2997482532616622,-0.1323667732026185,-0.0998867893328775,-0.151516168161385,1.2720260905080945,1.2412027846002032,1.2227152698991193,-0.2318926136714187,-0.1435730979326207,-0.0481497977928192,0.0043801790074763,0.0003516568410894,6.60802944053206e-05,0.0039624418719815,downstairs,wiktor
1672842743710193700,-0.1588868350837491,1.260529978608385,-0.3209144297838925,1.3104071598464757,-0.1588868350837491,-0.1323667732026185,-0.0998867893328775,1.260529978608385,1.2720260905080945,1.2412027846002032,-0.3209144297838925,-0.2318926136714187,-0.1435730979326207,0.0038788685210057,3.006060446576178e-06,0.0013358619485709,0.0025400005119882,downstairs,wiktor
1672842743720193700,-0.1564348724222976,1.2088412574291767,-0.3921885556920821,1.280461213074639,-0.1564348724222976,-0.1588868350837491,-0.1323667732026185,1.2088412574291767,1.260529978608385,1.2720260905080945,-0.3921885556920821,-0.3209144297838925,-0.2318926136714187,0.0034400420398918,6.958616237587001e-05,0.0022297830220684,0.0011406728554475,downstairs,wiktor
1672842743730193700,-0.168232004478511,1.1420612750681662,-0.4399519905653736,1.2353799890493684,-0.168232004478511,-0.1564348724222976,-0.1588868350837491,1.1420612750681662,1.2088412574291767,1.260529978608385,-0.4399519905653736,-0.3921885556920821,-0.3209144297838925,0.0039351705305577,0.0001039334652175,0.003831067843289,1.6922205106643725e-07,downstairs,wiktor
1672842743740193700,-0.1826495954851639,1.0545276490346345,-0.4405337500535926,1.1573501726986903,-0.1826495954851639,-0.168232004478511,-0.1564348724222976,1.0545276490346345,1.1420612750681662,1.2088412574291767,-0.4405337500535926,-0.4399519905653736,-0.3921885556920821,0.0069969898303241,0.0013158675033987,0.0048966797286849,0.0007844425982404,downstairs,wiktor
1672842743750193700,-0.2339500341460323,0.9555662451573153,-0.4009245945907349,1.062346458509993,-0.2339500341460323,-0.1826495954851639,-0.168232004478511,0.9555662451573153,1.0545276490346345,1.1420612750681662,-0.4009245945907349,-0.4405337500535926,-0.4399519905653736,0.0101832883664629,0.0011700471544548,0.0043396247988379,0.0046736164131701,downstairs,wiktor
1672842743760193700,-0.2823245554243843,0.8624037548638724,-0.3042435063348596,0.9570848980867958,-0.2823245554243843,-0.2339500341460323,-0.1826495954851639,0.8624037548638724,0.9555662451573153,1.0545276490346345,-0.3042435063348596,-0.4009245945907349,-0.4405337500535926,0.0134645773208266,0.0001169583371875,0.0038869325258744,0.0094606864577647,downstairs,wiktor
1672842743770193700,-0.2976188901394028,0.7742342303571087,-0.1666885249073249,0.8460500644526032,-0.2976188901394028,-0.2823245554243843,-0.2339500341460323,0.7742342303571087,0.8624037548638724,0.9555662451573153,-0.1666885249073249,-0.3042435063348596,-0.4009245945907349,0.0176324853435471,0.0005364813518805,0.0051931054333682,0.0119028985582983,downstairs,wiktor
1672842743780193700,-0.2648627807281625,0.6723214692977769,-0.0123972512830633,0.7227185776864683,-0.2648627807281625,-0.2976188901394028,-0.2823245554243843,0.6723214692977769,0.7742342303571087,0.8624037548638724,-0.0123972512830633,-0.1666885249073249,-0.3042435063348596,0.0190266523116861,0.0030687526308126,0.0074472837378829,0.0085106159429904,downstairs,wiktor
1672842743790193700,-0.1865205490671653,0.5502781676554256,0.1180681919805878,0.5929047773294582,-0.1865205490671653,-0.2648627807281625,-0.2976188901394028,0.5502781676554256,0.6723214692977769,0.7742342303571087,0.1180681919805878,-0.0123972512830633,-0.1666885249073249,0.0126931472233429,0.0011806305072082,0.0074256466195317,0.0040868700966028,downstairs,wiktor
1672842743800193700,-0.1379277408089817,0.4284122854772558,0.2084769315647991,0.4960078416992913,-0.1379277408089817,-0.1865205490671653,-0.2648627807281625,0.4284122854772558,0.5502781676554256,0.6723214692977769,0.2084769315647991,0.1180681919805878,-0.0123972512830633,0.0075893621592031,4.714818416506869e-05,0.0064492733652997,0.0010929406097383,downstairs,wiktor
1672842743810193700,-0.1282171090926546,0.3148405164032493,0.2552303402049896,0.4250961119491652,-0.1282171090926546,-0.1379277408089817,-0.1865205490671653,0.3148405164032493,0.4284122854772558,0.5502781676554256,0.2552303402049896,0.2084769315647991,0.1180681919805878,0.0047154350278691,0.0003349471399541,0.0042367318323331,0.0001437560555817,downstairs,wiktor
1672842743820193700,-0.1023347931238635,0.2227890978119734,0.2721865222977714,0.3663234839702912,-0.1023347931238635,-0.1282171090926546,-0.1379277408089817,0.2227890978119734,0.3148405164032493,0.4284122854772558,0.2721865222977714,0.2552303402049896,0.2084769315647991,0.0046015802927002,0.0019953716904148,0.0024470490556893,0.0001591595465961,downstairs,wiktor
1672842743830193700,-0.0391624623070446,0.1528312668609021,0.2543450231121002,0.2993033333695998,-0.0391624623070446,-0.1023347931238635,-0.1282171090926546,0.1528312668609021,0.2227890978119734,0.3148405164032493,0.2543450231121002,0.2721865222977714,0.2552303402049896,0.0046572737298964,0.0019466348068678,0.0007370987665601,0.0019735401564685,downstairs,wiktor
1672842743840193700,0.023233608192111,0.1144359867718029,0.1915192297391788,0.2243100777449581,0.023233608192111,-0.0391624623070446,-0.1023347931238635,0.1144359867718029,0.1528312668609021,0.2227890978119734,0.1915192297391788,0.2543450231121002,0.2721865222977714,0.0075544577341301,0.0025056052348775,5.826401319704032e-06,0.0050430260979329,downstairs,wiktor
1672842743850193700,0.0940235119196564,0.1178496069380499,0.0910898904210999,0.176142893089919,0.0940235119196564,0.023233608192111,-0.0391624623070446,0.1178496069380499,0.1144359867718029,0.1528312668609021,0.0910898904210999,0.1915192297391788,0.2543450231121002,0.0083560302139509,0.0021470757375882,0.0005783389403232,0.0056306155360394,downstairs,wiktor
1672842743860193700,0.1595532874051287,0.1518595743100806,-0.0150290573313108,0.2207814629802292,0.1595532874051287,0.0940235119196564,0.023233608192111,0.1518595743100806,0.1178496069380499,0.1144359867718029,-0.0150290573313108,0.0910898904210999,0.1915192297391788,0.0034393989850301,0.0004357733310111,0.0013775478021755,0.0016260778518434,downstairs,wiktor
1672842743870193700,0.1890752565471482,0.2043485789143884,-0.0720567322241809,0.287576019517496,0.1890752565471482,0.1595532874051287,0.0940235119196564,0.2043485789143884,0.1518595743100806,0.1178496069380499,-0.0720567322241809,-0.0150290573313108,0.0910898904210999,0.0011822286410069,0.0001205957666129,0.0005152724773976,0.0005463603969963,downstairs,wiktor
1672842743880193700,0.2046055988880581,0.2364506809451788,-0.1051130598180433,0.3298804798106296,0.2046055988880581,0.1890752565471482,0.1595532874051287,0.2364506809451788,0.2043485789143884,0.1518595743100806,-0.1051130598180433,-0.0720567322241809,-0.0150290573313108,0.0010676907598231,1.115449168307541e-05,0.0001776324316131,0.0008789038365268,downstairs,wiktor
1672842743890193700,0.2093288375403126,0.2552991520562895,-0.1470392768314323,0.3614094190772421,0.2093288375403126,0.2046055988880581,0.1890752565471482,0.2552991520562895,0.2364506809451788,0.2043485789143884,-0.1470392768314323,-0.1051130598180433,-0.0720567322241809,0.0005575088066675,1.5404674216745093e-05,0.0003482846535169,0.0001938194789337,downstairs,wiktor
1672842743900193700,0.2148794544820129,0.2816917515310274,-0.1667278257334613,0.3915630098884635,0.2148794544820129,0.2093288375403126,0.2046055988880581,0.2816917515310274,0.2552991520562895,0.2364506809451788,-0.1667278257334613,-0.1470392768314323,-0.1051130598180433,0.0008715294020465,0.0001479961884442,0.0006451093498414,7.842386376079164e-05,downstairs,wiktor
1672842743910193700,0.2320838834724957,0.3176113659454801,-0.1792517120121522,0.4322858834205857,0.2320838834724957,0.2148794544820129,0.2093288375403126,0.3176113659454801,0.2816917515310274,0.2552991520562895,-0.1792517120121522,-0.1667278257334613,-0.1470392768314323,0.0015484430421209,1.7509073277413384e-05,0.0013065004208225,0.000224433548021,downstairs,wiktor
1672842743920193700,0.2261662702243333,0.3687288858544617,-0.2004381958176831,0.4767469385253635,0.2261662702243333,0.2320838834724957,0.2148794544820129,0.3687288858544617,0.3176113659454801,0.2816917515310274,-0.2004381958176831,-0.1792517120121522,-0.1667278257334613,0.0031333811184815,0.0004211830188892,0.002019484287872,0.0006927138117202,downstairs,wiktor
1672842743930193700,0.1971427274051246,0.4322817660074821,-0.2376595287255798,0.5312389592126536,0.1971427274051246,0.2261662702243333,0.2320838834724957,0.4322817660074821,0.3687288858544617,0.3176113659454801,-0.2376595287255798,-0.2004381958176831,-0.1792517120121522,0.0044513073160491,0.000859171618091,0.0024499200728538,0.0011422156251041,downstairs,wiktor
1672842743940193700,0.1556898235721948,0.5022806241817965,-0.2854552529089036,0.5983392415726069,0.1556898235721948,0.1971427274051246,0.2261662702243333,0.5022806241817965,0.4322817660074821,0.3687288858544617,-0.2854552529089036,-0.2376595287255798,-0.2004381958176831,0.0083030740259933,0.0043317559318802,0.0029717296541795,0.0009995884399335,downstairs,wiktor
1672842743950193700,0.0626118354989642,0.5793744586198313,-0.3301674087489781,0.6697802050266839,0.0626118354989642,0.1556898235721948,0.1971427274051246,0.5793744586198313,0.5022806241817965,0.4322817660074821,-0.3301674087489781,-0.2854552529089036,-0.2376595287255798,0.0190875196566525,0.0165907322424747,0.0022599448445081,0.0002368425696697,downstairs,wiktor
1672842743960193700,-0.1195459655553674,0.646604583482249,-0.3519317175902764,0.745818113957324,-0.1195459655553674,0.0626118354989642,0.1556898235721948,0.646604583482249,0.5793744586198313,0.5022806241817965,-0.3519317175902764,-0.3301674087489781,-0.2854552529089036,0.0315111413000823,0.0284454378469287,0.0026986439203574,0.0003670595327961,downstairs,wiktor
1672842743970193700,-0.3580640480855133,0.7200708195415089,-0.3248370859154908,0.8673125042754964,-0.3580640480855133,-0.1195459655553674,0.0626118354989642,0.7200708195415089,0.646604583482249,0.5793744586198313,-0.3248370859154908,-0.3519317175902764,-0.3301674087489781,0.0179198775774859,0.0002312438099195,0.0147157880359444,0.0029728457316219,downstairs,wiktor
1672842743980193700,-0.3365585227527286,0.8916271545218556,-0.2477287759661484,0.9847030863970754,-0.3365585227527286,-0.3580640480855133,-0.1195459655553674,0.8916271545218556,0.7200708195415089,0.646604583482249,-0.2477287759661484,-0.3248370859154908,-0.3519317175902764,0.1462752859233622,0.0681914482375394,0.0769687473626973,0.0011150903231254,downstairs,wiktor
1672842743990193700,0.0327420275786768,1.283975844752108,-0.2005039874938756,1.299949175651801,0.0327420275786768,-0.3365585227527286,-0.3580640480855133,1.283975844752108,0.8916271545218556,0.7200708195415089,-0.2005039874938756,-0.2477287759661484,-0.3248370859154908,0.1374550390163651,0.0086264553397529,0.1288110798858124,1.750379079966346e-05,downstairs,wiktor
1672842744000193700,0.1640923632444298,1.791540776333896,-0.2064207080043718,1.810843495621648,0.1640923632444298,0.0327420275786768,-0.3365585227527286,1.791540776333896,1.283975844752108,0.8916271545218556,-0.2064207080043718,-0.2005039874938756,-0.2477287759661484,0.4306322286772381,0.2995633461286173,0.1266511965777124,0.0044176859709084,downstairs,wiktor
1672842744010193700,0.938125109487917,2.2948323351300126,-0.3004173672099887,2.4973155110901315,0.938125109487917,0.1640923632444298,0.0327420275786768,2.2948323351300126,1.791540776333896,1.283975844752108,-0.3004173672099887,-0.2064207080043718,-0.2005039874938756,0.6561178954392031,0.4774783754144358,0.1666783444351386,0.0119611755896286,downstairs,wiktor
1672842744020193700,1.91534399532101,2.872202830453663,-0.4550858875341233,3.482125052997236,1.91534399532101,0.938125109487917,0.1640923632444298,2.872202830453663,2.2948323351300126,1.791540776333896,-0.4550858875341233,-0.3004173672099887,-0.2064207080043718,1.5662358137339922,1.4615162259146903,0.0629631562767438,0.0417564315425581,downstairs,wiktor
1672842744030193700,0.2056561724043875,2.517341854079129,-0.1660999655844265,2.5311842426251228,0.2056561724043875,1.91534399532101,0.938125109487917,2.517341854079129,2.872202830453663,2.2948323351300126,-0.1660999655844265,-0.4550858875341233,-0.3004173672099887,0.6595112832755455,0.1290825386904636,0.504399271028856,0.0260294735562258,downstairs,wiktor
1672842744040193700,-0.3024433034671464,1.5129522175048995,0.0620643329209523,1.544133525860389,-0.3024433034671464,0.2056561724043875,1.91534399532101,1.5129522175048995,2.517341854079129,2.872202830453663,0.0620643329209523,-0.1660999655844265,-0.4550858875341233,0.2194314431058139,0.003830375738899,0.2156010648116991,2.5552157838311164e-09,downstairs,wiktor
1672842744050193700,-0.2149175845166684,0.8562923895700715,0.0619928456383934,0.8850250490694872,-0.2149175845166684,-0.3024433034671464,0.2056561724043875,0.8562923895700715,1.5129522175048995,2.517341854079129,0.0619928456383934,0.0620643329209523,-0.1660999655844265,0.0530427800281033,0.0023296463829377,0.0506607771167542,5.2356528411292144e-05,downstairs,wiktor
1672842744060193700,-0.1466585721748868,0.5379819212635633,0.0517599058446398,0.5600110465444921,-0.1466585721748868,-0.2149175845166684,-0.3024433034671464,0.5379819212635633,0.8562923895700715,1.5129522175048995,0.0517599058446398,0.0619928456383934,0.0620643329209523,0.0361631965469451,0.0279441475688959,0.0079527490717619,0.0002662999062871,downstairs,wiktor
1672842744070193700,0.0897484817338151,0.41186491946157,0.0286817817316539,0.4225046111699998,0.0897484817338151,-0.1466585721748868,-0.2149175845166684,0.41186491946157,0.5379819212635633,0.8562923895700715,0.0286817817316539,0.0517599058446398,0.0619928456383934,0.0174785130641954,0.0141746188622717,0.0027597887970023,0.0005441054049213,downstairs,wiktor
1672842744080193700,0.2581208004935907,0.4861587791944222,-0.0043062586745713,0.5504500432364733,0.2581208004935907,0.0897484817338151,-0.1466585721748868,0.4861587791944222,0.41186491946157,0.5379819212635633,-0.0043062586745713,0.0286817817316539,0.0517599058446398,0.0223811204793714,0.002834914520206,0.0193179229332741,0.0002282830258912,downstairs,wiktor
1672842744090193700,0.1828225333129178,0.6827188103974831,-0.0256736649697343,0.707239838972951,0.1828225333129178,0.2581208004935907,0.0897484817338151,0.6827188103974831,0.4861587791944222,0.41186491946157,-0.0256736649697343,-0.0043062586745713,0.0286817817316539,0.0353488946502792,0.0069658838309474,0.0283728662285324,1.0144590799323609e-05,downstairs,wiktor
1672842744100193700,0.0647896240803865,0.9209324381710948,-0.0301780163768347,0.92370177207618,0.0647896240803865,0.1828225333129178,0.2581208004935907,0.9209324381710948,0.6827188103974831,0.4861587791944222,-0.0301780163768347,-0.0256736649697343,-0.0043062586745713,0.0399244972319062,0.0157630764613731,0.0241064493794177,5.497139111536469e-05,downstairs,wiktor
1672842744110193700,-0.1127664316393388,1.14050679632531,-0.0406633767536043,1.146789226831983,-0.1127664316393388,0.0647896240803865,0.1828225333129178,1.14050679632531,0.9209324381710948,0.6827188103974831,-0.0406633767536043,-0.0301780163768347,-0.0256736649697343,0.0231851831986658,0.0015062962646366,0.0212550764269636,0.0004238105070655,downstairs,wiktor
1672842744120193700,-0.1676535205516982,1.3466867004234722,-0.0697773083694321,1.358875139523172,-0.1676535205516982,-0.1127664316393388,0.0647896240803865,1.3466867004234722,1.14050679632531,0.9209324381710948,-0.0697773083694321,-0.0406633767536043,-0.0301780163768347,0.0236179067439437,0.0045944738329789,0.0168279233967241,0.0021955095142406,downstairs,wiktor
1672842744130193700,-0.0717945216733564,1.5301419995931835,-0.1360420729768864,1.5378544917778083,-0.0717945216733564,-0.1676535205516982,-0.1127664316393388,1.5301419995931835,1.3466867004234722,1.14050679632531,-0.1360420729768864,-0.0697773083694321,-0.0406633767536043,0.0121332022238617,0.0053431026910904,0.000322924042755,0.0064671754900163,downstairs,wiktor
1672842744140193700,0.0315795823478192,1.555555540973913,-0.2497713611133757,1.575796955165333,0.0315795823478192,-0.0717945216733564,-0.1676535205516982,1.555555540973913,1.5301419995931835,1.3466867004234722,-0.2497713611133757,-0.1360420729768864,-0.0697773083694321,0.0124369635930474,0.0016149136796294,0.0040588948887521,0.0067631550246658,downstairs,wiktor
1672842744150193700,0.0884111524410236,1.465456763082621,-0.3660740268151198,1.5130731143765592,0.0884111524410236,0.0315795823478192,-0.0717945216733564,1.465456763082621,1.555555540973913,1.5301419995931835,-0.3660740268151198,-0.2497713611133757,-0.1360420729768864,0.0122559976768058,4.116298325599836e-05,0.0113241797908182,0.0008906549027315,downstairs,wiktor
1672842744160193700,0.0974845182174043,1.3149630436733497,-0.4082795928634883,1.3803344752151685,0.0974845182174043,0.0884111524410236,0.0315795823478192,1.3149630436733497,1.465456763082621,1.555555540973913,-0.4082795928634883,-0.3660740268151198,-0.2497713611133757,0.0126570491044687,0.0005563491361745,0.0119069343499774,0.0001937656183167,downstairs,wiktor
1672842744170193700,0.0641273859613306,1.1606456152993812,-0.3885937797831635,1.225649089923408,0.0641273859613306,0.0974845182174043,0.0884111524410236,1.1606456152993812,1.3149630436733497,1.465456763082621,-0.3885937797831635,-0.4082795928634883,-0.3660740268151198,0.0092088448554806,0.0015897899480636,0.0075838624529716,3.519245444533498e-05,downstairs,wiktor
1672842744180193700,0.0077396222521065,1.0374882975876705,-0.3802042083465126,1.1049873797597718,0.0077396222521065,0.0641273859613306,0.0974845182174043,1.0374882975876705,1.1606456152993812,1.3149630436733497,-0.3802042083465126,-0.3885937797831635,-0.4082795928634883,0.0031952518046067,0.0004891658059277,0.0027060859512257,4.7453190251636e-11,downstairs,wiktor
1672842744190193700,-0.0235386707296977,0.9639208326153648,-0.3801944663559304,1.0364580419955691,-0.0235386707296977,0.0077396222521065,0.0641273859613306,0.9639208326153648,1.0374882975876705,1.1606456152993812,-0.3801944663559304,-0.3802042083465126,-0.3885937797831635,0.0010289155768526,0.0004007185807058,2.0243774578822785e-07,0.0006279945584009,downstairs,wiktor
1672842744200193700,0.0047709947824871,0.9632845343428724,-0.3447545296065238,1.023130266476168,0.0047709947824871,-0.0235386707296977,0.0077396222521065,0.9632845343428724,0.9639208326153648,1.0374882975876705,-0.3447545296065238,-0.3801944663559304,-0.3802042083465126,0.0042052864589715,0.0006941757055364,0.00058268790852,0.002928422844915,downstairs,wiktor
1672842744210193700,0.0420315826881128,0.9974221355626436,-0.2682244983127235,1.0337127028090176,0.0420315826881128,0.0047709947824871,-0.0235386707296977,0.9974221355626436,0.9632845343428724,0.9639208326153648,-0.2682244983127235,-0.3447545296065238,-0.3801944663559304,0.0056169907281043,3.421456959409876e-09,0.0013892428492902,0.004227744457357,downstairs,wiktor
1672842744220193700,0.0419488607809852,1.0501334787306995,-0.1762707658451713,1.0656506993210797,0.0419488607809852,0.0420315826881128,0.0047709947824871,1.0501334787306995,0.9974221355626436,0.9632845343428724,-0.1762707658451713,-0.2682244983127235,-0.3447545296065238,0.0031706053377291,1.2526617641951876e-05,0.0005428748610789,0.0026152038590082,downstairs,wiktor
1672842744230193700,0.0469541814783935,1.0830841952958652,-0.1039492080769893,1.08907369223475,0.0469541814783935,0.0419488607809852,0.0420315826881128,1.0830841952958652,1.0501334787306995,0.9974221355626436,-0.1039492080769893,-0.1762707658451713,-0.2682244983127235,0.0014930587483437,6.879382968464813e-06,8.066009138129498e-07,0.0014853727644614,downstairs,wiktor
1672842744240193700,0.0506634625323081,1.08181407647165,-0.0494446621296744,1.0841278785738744,0.0506634625323081,0.0469541814783935,0.0419488607809852,1.08181407647165,1.0830841952958652,1.0501334787306995,-0.0494446621296744,-0.1039492080769893,-0.1762707658451713,0.0012906459672423,3.223179734485192e-05,0.000330477591684,0.0009279365782134,downstairs,wiktor
1672842744250193700,0.0426345401457294,1.056105027804534,-0.0063648158390144,1.056984410787651,0.0426345401457294,0.0506634625323081,0.0469541814783935,1.056105027804534,1.08181407647165,1.0830841952958652,-0.0063648158390144,-0.0494446621296744,-0.1039492080769893,0.002025115307987,0.0001084290030836,0.0015595971578692,0.0003570891470341,downstairs,wiktor
1672842744260193700,0.0573606396349817,1.000255280126155,0.020359298628414,1.0021054682218973,0.0573606396349817,0.0426345401457294,0.0506634625323081,1.000255280126155,1.056105027804534,1.08181407647165,0.020359298628414,-0.0063648158390144,-0.0494446621296744,0.003550695191953,0.0001745660912541,0.0033738076362342,2.3214644646415715e-06,downstairs,wiktor
1672842744270193700,0.0760457187760591,0.918111410772024,0.0225140443046559,0.9215304640243402,0.0760457187760591,0.0573606396349817,0.0426345401457294,0.918111410772024,1.000255280126155,1.056105027804534,0.0225140443046559,0.020359298628414,-0.0063648158390144,0.0038644005749835,0.0001080866824103,0.0037510516850552,5.262207517824082e-06,downstairs,wiktor
1672842744280193700,0.0907485540407544,0.8314967274318964,0.0192699088211029,0.8366561044876293,0.0907485540407544,0.0760457187760591,0.0573606396349817,0.8314967274318964,0.918111410772024,1.000255280126155,0.0192699088211029,0.0225140443046559,0.020359298628414,0.0038404837020507,0.0007096022730351,0.0030505739409401,8.030748807544217e-05,downstairs,wiktor
1672842744290193700,0.1284208853473019,0.7533868824577806,0.0319433052147648,0.7649209718662983,0.1284208853473019,0.0907485540407544,0.0760457187760591,0.7533868824577806,0.8314967274318964,0.918111410772024,0.0319433052147648,0.0192699088211029,0.0225140443046559,0.0019218982572461,6.891552878047633e-05,0.0017548761507797,9.81065776858419e-05,downstairs,wiktor
1672842744300193700,0.1401610326019556,0.6941437199699493,0.0459509158379826,0.7096422378213654,0.1401610326019556,0.1284208853473019,0.0907485540407544,0.6941437199699493,0.7533868824577806,0.8314967274318964,0.0459509158379826,0.0319433052147648,0.0192699088211029,0.0005821659262173,0.0003150553845104,0.0002556718946909,1.143864701590428e-05,downstairs,wiktor
1672842744310193700,0.1150590253312017,0.6715308079641523,0.0411678944046407,0.6825591555937588,0.1150590253312017,0.1401610326019556,0.1284208853473019,0.6715308079641523,0.6941437199699493,0.7533868824577806,0.0411678944046407,0.0459509158379826,0.0319433052147648,0.0008816128570802,0.0003002687005452,0.0001978737317431,0.0003834704247918,downstairs,wiktor
1672842744320193700,0.0905531607047407,0.6516374054526064,0.0134741974758509,0.6580370332255179,0.0905531607047407,0.1150590253312017,0.1401610326019556,0.6516374054526064,0.6715308079641523,0.6941437199699493,0.0134741974758509,0.0411678944046407,0.0459509158379826,0.0017294169755893,0.0005241318820406,0.0002151819185264,0.0009901031750222,downstairs,wiktor
1672842744330193700,0.0581762589987202,0.6308921930638912,-0.0310253120725072,0.6343279958895468,0.0581762589987202,0.0905531607047407,0.1150590253312017,0.6308921930638912,0.6516374054526064,0.6715308079641523,-0.0310253120725072,0.0134741974758509,0.0411678944046407,0.0018619504349237,0.0007981032262557,4.623524797661626e-08,0.00106380097342,downstairs,wiktor
1672842744340193700,0.018223706483124,0.6305881034455988,-0.0771512478011206,0.6355515515852119,0.018223706483124,0.0581762589987202,0.0905531607047407,0.6305881034455988,0.6308921930638912,0.6516374054526064,-0.0771512478011206,-0.0310253120725072,0.0134741974758509,0.0021023495886607,0.0004527991823277,0.0005874108545082,0.0010621395518247,downstairs,wiktor
1672842744350193700,0.0483168679098599,0.6648637757076644,-0.1232411502055458,0.6779135203526009,0.0483168679098599,0.018223706483124,0.0581762589987202,0.6648637757076644,0.6305881034455988,0.6308921930638912,-0.1232411502055458,-0.0771512478011206,-0.0310253120725072,0.0031141970851533,0.0002470846772154,0.00216236987696,0.0007047425309778,downstairs,wiktor
1672842744360193700,0.0705467881623253,0.7306265292534219,-0.1607842595860403,0.7514276762933026,0.0705467881623253,0.0483168679098599,0.018223706483124,0.7306265292534219,0.6648637757076644,0.6305881034455988,-0.1607842595860403,-0.1232411502055458,-0.0771512478011206,0.0033259843209365,0.0003264375784558,0.0018051653551316,0.001194381387349,downstairs,wiktor
1672842744370193700,0.0960982099801359,0.7907125568327463,-0.209659230426932,0.8236614634651659,0.0960982099801359,0.0705467881623253,0.0483168679098599,0.7907125568327463,0.7306265292534219,0.6648637757076644,-0.209659230426932,-0.1607842595860403,-0.1232411502055458,0.0024232528618031,0.001648819548786,0.0004718039761918,0.0003026293368253,downstairs,wiktor
1672842744380193700,0.1535232837508517,0.8214307591301401,-0.2342612359071894,0.867868778875889,0.1535232837508517,0.0960982099801359,0.0705467881623253,0.8214307591301401,0.7907125568327463,0.7306265292534219,-0.2342612359071894,-0.209659230426932,-0.1607842595860403,0.0011082857190177,7.231921118203186e-05,0.0010109744906063,2.4992017229374324e-05,downstairs,wiktor
1672842744390193700,0.1414967122375707,0.8663968461426065,-0.227191297119707,0.906796945333867,0.1414967122375707,0.1535232837508517,0.0960982099801359,0.8663968461426065,0.8214307591301401,0.7907125568327463,-0.227191297119707,-0.2342612359071894,-0.209659230426932,0.0038287526602905,0.0010585504629418,0.0026628839006267,0.0001073182967219,downstairs,wiktor
1672842744400193700,0.0954847472079858,0.9393747044371163,-0.212540816122695,0.9678407776095168,0.0954847472079858,0.1414967122375707,0.1535232837508517,0.9393747044371163,0.8663968461426065,0.8214307591301401,-0.212540816122695,-0.227191297119707,-0.2342612359071894,0.0048870420861207,0.0014831234107163,0.0029180125925463,0.000485906082858,downstairs,wiktor
1672842744410193700,0.0410214859997847,1.0157685862935366,-0.1813669141257356,1.032648314167942,0.0410214859997847,0.0954847472079858,0.1414967122375707,1.0157685862935366,0.9393747044371163,0.8663968461426065,-0.1813669141257356,-0.212540816122695,-0.227191297119707,0.0045701690429297,0.0005996659648104,0.0033773435204378,0.0005931595576813,downstairs,wiktor
1672842744420193700,0.0063901139562033,1.0979554893917536,-0.146923930582454,1.107760683369678,0.0063901139562033,0.0410214859997847,0.0954847472079858,1.0979554893917536,1.0157685862935366,0.9393747044371163,-0.146923930582454,-0.1813669141257356,-0.212540816122695,0.003198731916986,4.3733637662256605e-05,0.002643154512938,0.0005118437663857,downstairs,wiktor
1672842744430193700,-0.0029622801396692,1.1706624974850328,-0.1149288132554085,1.176294219248661,-0.0029622801396692,0.0063901139562033,0.0410214859997847,1.1706624974850328,1.0979554893917536,1.0157685862935366,-0.1149288132554085,-0.146923930582454,-0.1813669141257356,0.0023161797093493,0.0004633377153873,0.0003159383639642,0.0015369036299977,downstairs,wiktor
1672842744440193700,0.0274790639629601,1.195799655795558,-0.0594868863408832,1.197593672913977,0.0274790639629601,-0.0029622801396692,0.0063901139562033,1.195799655795558,1.1706624974850328,1.0979554893917536,-0.0594868863408832,-0.1149288132554085,-0.146923930582454,0.0049857841520982,0.0019956349169323,8.331116660431586e-07,0.0029893161234998,downstairs,wiktor
1672842744450193700,0.0906555614431512,1.1945088330609868,0.0178347293108847,1.198076734041224,0.0906555614431512,0.0274790639629601,-0.0029622801396692,1.1945088330609868,1.195799655795558,1.1706624974850328,0.0178347293108847,-0.0594868863408832,-0.1149288132554085,0.0060894386264474,0.0013472653655064,1.6499776328354448e-05,0.0047256734846126,downstairs,wiktor
1672842744460193700,0.1425644309262453,1.200253356771157,0.1150527676022702,1.2141539757125932,0.1425644309262453,0.0906555614431512,0.0274790639629601,1.200253356771157,1.1945088330609868,1.195799655795558,0.1150527676022702,0.0178347293108847,-0.0594868863408832,0.005241725947443,0.0001994948067914,0.0004815291464245,0.0045607019942271,downstairs,wiktor
1672842744470193700,0.1225897065581105,1.231286537285713,0.2105588092355314,1.2551612586443743,0.1225897065581105,0.1425644309262453,0.0906555614431512,1.231286537285713,1.200253356771157,1.1945088330609868,0.2105588092355314,0.1150527676022702,0.0178347293108847,0.0078037200310077,0.0052197858205533,0.0013996400998984,0.0011842941105558,downstairs,wiktor
1672842744480193700,0.0204154845590818,1.2841947615972218,0.2592269530373217,1.3102563073324782,0.0204154845590818,0.1225897065581105,0.1425644309262453,1.2841947615972218,1.231286537285713,1.200253356771157,0.2592269530373217,0.2105588092355314,0.1150527676022702,0.0046400722223592,0.0036468894384032,0.0009871003935345,6.0823904214277e-06,downstairs,wiktor
1672842744490193700,-0.0649881387645603,1.3286267409259556,0.262714757625147,1.3559098490525274,-0.0649881387645603,0.0204154845590818,0.1225897065581105,1.3286267409259556,1.2841947615972218,1.231286537285713,0.262714757625147,0.2592269530373217,0.2105588092355314,0.0004356062938371,0.0002284625642499,9.719786215692936e-05,0.0001099458674302,downstairs,wiktor
1672842744500193700,-0.0436123316803838,1.342569327641263,0.2478860107171837,1.3659582384930338,-0.0436123316803838,-0.0649881387645603,0.0204154845590818,1.342569327641263,1.3286267409259556,1.2841947615972218,0.2478860107171837,0.262714757625147,0.2592269530373217,0.0062978836168374,0.0046809677898456,1.4742938051511644e-05,0.0016021728889402,downstairs,wiktor
1672842744510193700,0.0531447640784874,1.3371392377614335,0.1912790696420774,1.3517963565542424,0.0531447640784874,-0.0436123316803838,-0.0649881387645603,1.3371392377614335,1.342569327641263,1.3286267409259556,0.1912790696420774,0.2478860107171837,0.262714757625147,0.0127223338105402,0.0055744277333681,0.0001959205020715,0.0069519855751005,downstairs,wiktor
1672842744520193700,0.1587329048270406,1.3569342119756886,0.0733639681910712,1.368155277201259,0.1587329048270406,0.0531447640784874,-0.0436123316803838,1.3569342119756886,1.3371392377614335,1.342569327641263,0.0733639681910712,0.1912790696420774,0.2478860107171837,0.0055168205844,0.0035665477688164,8.412841502227449e-05,0.0018661444005613,downstairs,wiktor
1672842744530193700,0.2431905601202875,1.369905597022959,0.0122715071085227,1.3913783034003238,0.2431905601202875,0.1587329048270406,0.0531447640784874,1.369905597022959,1.3569342119756886,1.3371392377614335,0.0122715071085227,0.0733639681910712,0.1912790696420774,0.0031117904910208,0.0011581305171498,0.0018012269609356,0.0001524330129352,downstairs,wiktor
1672842744540193700,0.2913181097597589,1.429926042888275,-0.0051889059985747,1.459308621899282,0.2913181097597589,0.2431905601202875,0.1587329048270406,1.429926042888275,1.369905597022959,1.3569342119756886,-0.0051889059985747,0.0122715071085227,0.0733639681910712,0.0045351868274747,8.543868983687276e-05,0.0041631724491141,0.0002865756885236,downstairs,wiktor
1672842744550193700,0.2782461022753001,1.52117485054201,-0.0291294861303791,1.54668753997539,0.2782461022753001,0.2913181097597589,0.2431905601202875,1.52117485054201,1.429926042888275,1.369905597022959,-0.0291294861303791,-0.0051889059985747,0.0122715071085227,0.0042210304028254,0.0007322317299558,0.0025487725107243,0.0009400261621451,downstairs,wiktor
1672842744560193700,0.2399777934557069,1.5925719444706052,-0.0724890562884237,1.6121815663715862,0.2399777934557069,0.2782461022753001,0.2913181097597589,1.5925719444706052,1.52117485054201,1.429926042888275,-0.0724890562884237,-0.0291294861303791,-0.0051889059985747,0.0069402024236868,0.0044522165964217,0.0008186730646389,0.001669312762626,downstairs,wiktor
1672842744570193700,0.1456144891852253,1.6330360783335451,-0.1302698967569752,1.6446825403708618,0.1456144891852253,0.2399777934557069,0.2782461022753001,1.6330360783335451,1.5925719444706052,1.52117485054201,-0.1302698967569752,-0.0724890562884237,-0.0291294861303791,0.0068209718479424,0.0022083225369345,0.0042136834612383,0.0003989658497696,downstairs,wiktor
1672842744580193700,0.0791566448486154,1.5412353870372557,-0.1585175816097062,1.551386514173357,0.0791566448486154,0.1456144891852253,0.2399777934557069,1.5412353870372557,1.6330360783335451,1.5925719444706052,-0.1585175816097062,-0.1302698967569752,-0.0724890562884237,0.0203847767992391,0.0010124657563176,0.0179076749451138,0.0014646360978076,downstairs,wiktor
1672842744590193700,0.124155883871463,1.3519859487547927,-0.1043948304267218,1.3616824041420692,0.124155883871463,0.0791566448486154,0.1456144891852253,1.3519859487547927,1.5412353870372557,1.6330360783335451,-0.1043948304267218,-0.1585175816097062,-0.1302698967569752,0.0187686269340498,0.0068227263942855,0.0079968982583996,0.0039490022813647,downstairs,wiktor
1672842744600193700,0.2409696364375501,1.225519366145792,-0.0155241121741413,1.2490816949031092,0.2409696364375501,0.124155883871463,0.0791566448486154,1.225519366145792,1.3519859487547927,1.5412353870372557,-0.0155241121741413,-0.1043948304267218,-0.1585175816097062,0.0135653101241674,0.0097152203458701,0.0025661869397014,0.0012839028385958,downstairs,wiktor
1672842744610193700,0.3803627520915892,1.1538787779335014,0.0351494082994914,1.2154618621116018,0.3803627520915892,0.2409696364375501,0.124155883871463,1.1538787779335014,1.225519366145792,1.3519859487547927,0.0351494082994914,-0.0155241121741413,-0.1043948304267218,0.0040581246620777,0.003708461598586,0.0003039364809427,4.572658254888535e-05,downstairs,wiktor
1672842744620193700,0.466484312674129,1.129223698094134,0.0255862934775429,1.2220509124919328,0.466484312674129,0.3803627520915892,0.2409696364375501,1.129223698094134,1.1538787779335014,1.225519366145792,0.0255862934775429,0.0351494082994914,-0.0155241121741413,0.0019019186666234,0.0003952001492131,0.0005501028077781,0.000956615709632,downstairs,wiktor
1672842744630193700,0.4945983714068401,1.1623930456239904,-0.0181542074256714,1.263374337542349,0.4945983714068401,0.466484312674129,0.3803627520915892,1.1623930456239904,1.129223698094134,1.1538787779335014,-0.0181542074256714,0.0255862934775429,0.0351494082994914,0.0036919020895976,0.0001653167315555,0.0021292827898284,0.0013973025682136,downstairs,wiktor
1672842744640193700,0.4764150421431693,1.227650731605466,-0.0710182323994402,1.3187650285493828,0.4764150421431693,0.4945983714068401,0.466484312674129,1.227650731605466,1.1623930456239904,1.129223698094134,-0.0710182323994402,-0.0181542074256714,0.0255862934775429,0.0044244432534922,0.0035108748581347,0.0005894558911966,0.0003241125041607,downstairs,wiktor
1672842744650193700,0.3926191608823964,1.261986016406868,-0.0964784957193961,1.325166635270731,0.3926191608823964,0.4764150421431693,0.4945983714068401,1.261986016406868,1.227650731605466,1.1623930456239904,-0.0964784957193961,-0.0710182323994402,-0.0181542074256714,0.013351825027032,0.0120259711938855,0.0008203494614013,0.0005055043717451,downstairs,wiktor
1672842744660193700,0.2375322743066092,1.2214804745292092,-0.0646821320359453,1.246041696412318,0.2375322743066092,0.3926191608823964,0.4764150421431693,1.2214804745292092,1.261986016406868,1.227650731605466,-0.0646821320359453,-0.0964784957193961,-0.0710182323994402,0.0345246086483074,0.029858469892862,0.0017855880078513,0.0028805507475941,downstairs,wiktor
1672842744670193700,-0.0068382226559415,1.161721157132651,0.011219788197922,1.1617954604257683,-0.0068382226559415,0.2375322743066092,0.3926191608823964,1.161721157132651,1.2214804745292092,1.261986016406868,0.011219788197922,-0.0646821320359453,-0.0964784957193961,0.0231208459472487,0.0208915676485559,2.561980332404999e-05,0.0022036584953686,downstairs,wiktor
1672842744680193700,-0.2112474575185376,1.1545629725410032,0.0776074149873876,1.1762925047503228,-0.2112474575185376,-0.0068382226559415,0.2375322743066092,1.1545629725410032,1.161721157132651,1.2214804745292092,0.0776074149873876,0.011219788197922,-0.0646821320359453,0.0105256624998589,0.0082146290690749,0.0002380362217355,0.0020729972090484,downstairs,wiktor
1672842744690193700,-0.3394241252008813,1.176382056927638,0.141996811770529,1.2325772086091318,-0.3394241252008813,-0.2112474575185376,-0.0068382226559415,1.176382056927638,1.1545629725410032,1.161721157132651,0.141996811770529,0.0776074149873876,0.011219788197922,0.0007683795695066,0.0004138553931766,0.0003525056532862,2.018523043769394e-06,downstairs,wiktor
1672842744700193700,-0.3681940884673388,1.2029341059365664,0.1399875715938606,1.2657858705991496,-0.3681940884673388,-0.3394241252008813,-0.2112474575185376,1.2029341059365664,1.176382056927638,1.1545629725410032,0.1399875715938606,0.141996811770529,0.0776074149873876,0.0097920659824798,0.0056240044716736,0.0004013142796475,0.0037667472311587,downstairs,wiktor
1672842744710193700,-0.2621374576357532,1.2312648058801792,0.0531918662720106,1.2599835092303355,-0.2621374576357532,-0.3681940884673388,-0.3394241252008813,1.2312648058801792,1.2029341059365664,1.176382056927638,0.0531918662720106,0.1399875715938606,0.141996811770529,0.0195404202070443,0.0121498573728614,0.000423707388723,0.0069668554454598,downstairs,wiktor
1672842744720193700,-0.1062537999107601,1.26037519539056,-0.064849274399027,1.2665073752415927,-0.1062537999107601,-0.2621374576357532,-0.3681940884673388,1.26037519539056,1.2312648058801792,1.2029341059365664,-0.064849274399027,0.0531918662720106,0.1399875715938606,0.0067962452698799,5.52844591016965e-07,0.0003035846540384,0.0064921077712504,downstairs,wiktor
1672842744730193700,-0.1052022823493119,1.235734389639187,-0.1787975764596585,1.2530265660776254,-0.1052022823493119,-0.1062537999107601,-0.2621374576357532,1.235734389639187,1.26037519539056,1.2312648058801792,-0.1787975764596585,-0.064849274399027,0.0531918662720106,0.0012096610691112,0.0007038805888189,0.0003023042368367,0.0002034762434555,downstairs,wiktor
1672842744740193700,-0.1427224259742755,1.2111456020791311,-0.1989706398589301,1.2356507094796148,-0.1427224259742755,-0.1052022823493119,-0.1062537999107601,1.2111456020791311,1.235734389639187,1.26037519539056,-0.1989706398589301,-0.1787975764596585,-0.064849274399027,0.0086701881759365,0.0056039291447825,9.344746383577812e-05,0.0029728115673181,downstairs,wiktor
1672842744750193700,-0.0368552531133497,1.197474650112587,-0.1218627729798861,1.2042235601343545,-0.0368552531133497,-0.1427224259742755,-0.1052022823493119,1.197474650112587,1.2111456020791311,1.235734389639187,-0.1218627729798861,-0.1989706398589301,-0.1787975764596585,0.0313773917896503,0.021064505787571,0.0014586492208462,0.008854236781233,downstairs,wiktor
1672842744760193700,0.1683982768810015,1.1434626288423877,0.0112104157640005,1.1558505252138946,0.1683982768810015,-0.0368552531133497,-0.1427224259742755,1.1434626288423877,1.197474650112587,1.2111456020791311,0.0112104157640005,-0.1218627729798861,-0.1989706398589301,0.0616523574610892,0.0453728880034027,0.0012721726684545,0.0150072967892319,downstairs,wiktor
1672842744770193700,0.4696386725898198,1.09302112473209,0.1844576194310839,1.2038605713572954,0.4696386725898198,0.1683982768810015,-0.0368552531133497,1.09302112473209,1.1434626288423877,1.197474650112587,0.1844576194310839,0.0112104157640005,-0.1218627729798861,0.010182461883872,0.0088650433902644,0.0013050048317562,1.2413661851393726e-05,downstairs,wiktor
1672842744780193700,0.3364843005980265,1.0419328710575655,0.1894403218808382,1.1111855956110663,0.3364843005980265,0.4696386725898198,0.1683982768810015,1.0419328710575655,1.09302112473209,1.1434626288423877,0.1894403218808382,0.1844576194310839,0.0112104157640005,0.0922209551986714,0.0585429513761207,0.001920543409082,0.0317574604134686,downstairs,wiktor
1672842744790193700,-0.0056938733877516,0.9799563689122834,-0.0625813454950785,0.9819691084600763,-0.0056938733877516,0.3364843005980265,0.4696386725898198,0.9799563689122834,1.0419328710575655,1.09302112473209,-0.0625813454950785,0.1894403218808382,0.1844576194310839,0.0071061174890435,2.042792750086356e-06,0.0001701667726258,0.0069339079236676,downstairs,wiktor
1672842744800193700,-0.0077151565198667,0.9984045001252762,-0.1803430364108225,1.0145908930659706,-0.0077151565198667,-0.0056938733877516,0.3364843005980265,0.9984045001252762,0.9799563689122834,1.0419328710575655,-0.1803430364108225,-0.0625813454950785,0.1894403218808382,0.0187953053138295,0.018579294256125,8.088909167701996e-06,0.0002079221485368,downstairs,wiktor
1672842744810193700,0.1850504745253225,1.0024266660014434,-0.2007352971259497,1.0389405942329233,0.1850504745253225,-0.0077151565198667,-0.0056938733877516,1.0024266660014434,0.9984045001252762,0.9799563689122834,-0.2007352971259497,-0.1803430364108225,-0.0625813454950785,0.0174390194885521,0.0111454435817054,0.0046681668686654,0.0016254090381812,downstairs,wiktor
1672842744820193700,0.3343518046044983,0.9058019603753408,-0.2577512429337886,0.9993518018675946,0.3343518046044983,0.1850504745253225,-0.0077151565198667,0.9058019603753408,1.0024266660014434,0.9984045001252762,-0.2577512429337886,-0.2007352971259497,-0.1803430364108225,0.0157741349809953,0.0081644314457268,0.0074538641510601,0.0001558393842083,downstairs,wiktor
1672842744830193700,0.2065673654444278,0.7837047519628623,-0.240096816621479,0.8452867537514068,0.2065673654444278,0.3343518046044983,0.1850504745253225,0.7837047519628623,0.9058019603753408,1.0024266660014434,-0.240096816621479,-0.2577512429337886,-0.2007352971259497,0.0464158232278542,0.0359115173144115,0.0015442834622361,0.0089600224512065,downstairs,wiktor
1672842744840193700,-0.0614308334838915,0.7281298752246064,-0.1062310446616049,0.7383981970095962,-0.0614308334838915,0.2065673654444278,0.3343518046044983,0.7281298752246064,0.7837047519628623,0.9058019603753408,-0.1062310446616049,-0.240096816621479,-0.2577512429337886,0.0334918354639048,0.0157435706164794,0.0011138393352934,0.016634425512132,downstairs,wiktor
1672842744850193700,-0.2388769978069302,0.6809315842535679,0.0761664636115731,0.7256248153794213,-0.2388769978069302,-0.0614308334838915,0.2065673654444278,0.6809315842535679,0.7281298752246064,0.7837047519628623,0.0761664636115731,-0.1062310446616049,-0.240096816621479,0.0096906334339011,0.0001270057822023,0.0015018510764931,0.0080617765752055,downstairs,wiktor
1672842744860193700,-0.2229392575529066,0.626125543044716,0.2031450175110848,0.6949841770507158,-0.2229392575529066,-0.2388769978069302,-0.0614308334838915,0.626125543044716,0.6809315842535679,0.7281298752246064,0.2031450175110848,0.0761664636115731,-0.1062310446616049,0.0316790231380919,0.0300625874485522,0.0015017523201192,0.0001146833694205,downstairs,wiktor
1672842744870193700,0.0222650957875355,0.5713213037904538,0.1880001590158353,0.601870273767721,0.0222650957875355,-0.2229392575529066,-0.2388769978069302,0.5713213037904538,0.626125543044716,0.6809315842535679,0.1880001590158353,0.2031450175110848,0.0761664636115731,0.0360428168808867,0.0266828034726302,0.0011787549762133,0.008181258432043,downstairs,wiktor
1672842744880193700,0.2532750673153043,0.5227671077572912,0.0600841050425905,0.583989561854717,0.2532750673153043,0.0222650957875355,-0.2229392575529066,0.5227671077572912,0.5713213037904538,0.626125543044716,0.0600841050425905,0.1880001590158353,0.2031450175110848,0.0107612975440499,0.0008679975352505,0.0003392437164848,0.0095540562923144,downstairs,wiktor
1672842744890193700,0.2949403414713817,0.4967193164311577,-0.0781479917534464,0.5829468182932201,0.2949403414713817,0.2532750673153043,0.0222650957875355,0.4967193164311577,0.5227671077572912,0.5713213037904538,-0.0781479917534464,0.0600841050425905,0.1880001590158353,0.0063010681007826,0.0017260243010363,0.0002299880559361,0.0043450557438101,downstairs,wiktor
1672842744900193700,0.2361862045781155,0.4752722627437077,-0.171368759223041,0.5577050283117269,0.2361862045781155,0.2949403414713817,0.2532750673153043,0.4752722627437077,0.4967193164311577,0.5227671077572912,-0.171368759223041,-0.0781479917534464,0.0600841050425905,0.0050487600955767,0.0023185455812312,0.000351057195107,0.0023791573192385,downstairs,wiktor
1672842744910193700,0.1680900140645307,0.4487748215424506,-0.240349297336896,0.5361164780241437,0.1680900140645307,0.2361862045781155,0.2949403414713817,0.4487748215424506,0.4752722627437077,0.4967193164311577,-0.240349297336896,-0.171368759223041,-0.0781479917534464,0.0013161406425215,0.0008817291070681,5.853448834890683e-05,0.0003758770471044,downstairs,wiktor
1672842744920193700,0.1260964643915597,0.4379549797368689,-0.2677674317411349,0.5285870601042145,0.1260964643915597,0.1680900140645307,0.2361862045781155,0.4379549797368689,0.4487748215424506,0.4752722627437077,-0.2677674317411349,-0.240349297336896,-0.171368759223041,0.0002427397112381,3.879705762056019e-06,4.896782144700668e-07,0.0002383703272616,downstairs,wiktor
1672842744930193700,0.1233108923633917,0.4389446041246748,-0.2459330401873674,0.5180357149091409,0.1233108923633917,0.1260964643915597,0.1680900140645307,0.4389446041246748,0.4379549797368689,0.4487748215424506,-0.2459330401873674,-0.2677674317411349,-0.240349297336896,0.0025054489249662,0.0007796323391558,0.0001947180646809,0.0015310985211294,downstairs,wiktor
1672842744940193700,0.1627984179672029,0.4192104679803703,-0.1905959184492535,0.4884337677581882,0.1627984179672029,0.1233108923633917,0.1260964643915597,0.4192104679803703,0.4389446041246748,0.4379549797368689,-0.1905959184492535,-0.2459330401873674,-0.2677674317411349,0.0034086284336916,0.0006467484172221,0.0012639615960548,0.0014979184204145,downstairs,wiktor
1672842744950193700,0.1987636349753669,0.3689320114397227,-0.1358616801625176,0.4405408128541133,0.1987636349753669,0.1627984179672029,0.1233108923633917,0.3689320114397227,0.4192104679803703,0.4389446041246748,-0.1358616801625176,-0.1905959184492535,-0.2459330401873674,0.0038461427082152,0.0007464214635701,0.0020817568046636,0.0010179644399814,downstairs,wiktor
1672842744960193700,0.237400960544566,0.3044067171023291,-0.0907404115637411,0.3965557814170122,0.237400960544566,0.1987636349753669,0.1627984179672029,0.3044067171023291,0.3689320114397227,0.4192104679803703,-0.0907404115637411,-0.1358616801625176,-0.1905959184492535,0.0032129211705347,0.0009504272160815,0.0017726194386163,0.0004898745158368,downstairs,wiktor
1672842744970193700,0.2809997498874272,0.244864808523307,-0.0594394685799627,0.377429045404591,0.2809997498874272,0.237400960544566,0.1987636349753669,0.244864808523307,0.3044067171023291,0.3689320114397227,-0.0594394685799627,-0.0907404115637411,-0.1358616801625176,0.0011438880177079,0.0007393852097904,0.0004042949192208,2.078886966150412e-07,downstairs,wiktor
1672842744980193700,0.3194545339796697,0.2164290943870009,-0.0600842766081618,0.3905161616026556,0.3194545339796697,0.2809997498874272,0.237400960544566,0.2164290943870009,0.244864808523307,0.3044067171023291,-0.0600842766081618,-0.0594394685799627,-0.0907404115637411,0.0011401900603595,5.295064876155161e-06,2.774597514802513e-05,0.0011071490203353,downstairs,wiktor
1672842744990193700,0.3227087819346219,0.2089798024544713,-0.1071406049888459,0.3991148017914308,0.3227087819346219,0.3194545339796697,0.2809997498874272,0.2089798024544713,0.2164290943870009,0.244864808523307,-0.1071406049888459,-0.0600842766081618,-0.0594394685799627,0.001709417205288,9.392367107836456e-07,1.8965323001076507e-05,0.0016895126455761,downstairs,wiktor
1672842745000193700,0.3240793560557723,0.2151385885363346,-0.1652699890484795,0.4226419413392557,0.3240793560557723,0.3227087819346219,0.3194545339796697,0.2151385885363346,0.2089798024544713,0.2164290943870009,-0.1652699890484795,-0.1071406049888459,-0.0600842766081618,0.0023069487892083,7.982811215920486e-07,5.27832023471292e-05,0.0022533673057395,downstairs,wiktor
1672842745010193700,0.3228158046151162,0.2254131398498596,-0.2324022064368479,0.457200079705803,0.3228158046151162,0.3240793560557723,0.3227087819346219,0.2254131398498596,0.2151385885363346,0.2089798024544713,-0.2324022064368479,-0.1652699890484795,-0.1071406049888459,0.0036363937342539,0.0005290442049095,0.000551718094634,0.0025556314347104,downstairs,wiktor
1672842745020193700,0.2902875336832164,0.2586311498635263,-0.3038953030925451,0.4934665937359127,0.2902875336832164,0.3228158046151162,0.3240793560557723,0.2586311498635263,0.2254131398498596,0.2151385885363346,-0.3038953030925451,-0.2324022064368479,-0.1652699890484795,0.0089549586547743,0.0054020903665113,0.002046269975739,0.0015065983125239,downstairs,wiktor
1672842745030193700,0.1863443726141845,0.3226041125233735,-0.3587878948062529,0.5172295351983202,0.1863443726141845,0.2902875336832164,0.3228158046151162,0.3226041125233735,0.2586311498635263,0.2254131398498596,-0.3587878948062529,-0.3038953030925451,-0.2324022064368479,0.0154734374969609,0.0123323050342489,0.0025936240910975,0.0005475083716144,downstairs,wiktor
1672842745040193700,0.0292946668885836,0.3946266658118759,-0.3918789320101379,0.5569178397495608,0.0292946668885836,0.1863443726141845,0.2902875336832164,0.3946266658118759,0.3226041125233735,0.2586311498635263,-0.3918789320101379,-0.3587878948062529,-0.3038953030925451,0.011899879997029,0.0106033790149438,0.0012482835818656,4.821740021957604e-05,downstairs,wiktor
1672842745050193700,-0.1163307362177687,0.4445923256567262,-0.4016990542313301,0.6103747262069177,-0.1163307362177687,0.0292946668885836,0.1863443726141845,0.4445923256567262,0.3946266658118759,0.3226041125233735,-0.4016990542313301,-0.3918789320101379,-0.3587878948062529,0.0083235759845747,0.0026498544360698,0.0056027965913011,7.092495720380691e-05,downstairs,wiktor
1672842745060193700,-0.0435316368267761,0.5504488001049255,-0.4136091304026908,0.6898995562357181,-0.0435316368267761,-0.1163307362177687,0.0292946668885836,0.5504488001049255,0.4445923256567262,0.3946266658118759,-0.4136091304026908,-0.4016990542313301,-0.3918789320101379,0.1686570646881677,0.0786431358082291,0.0897269235350719,0.0002870053448666,downstairs,wiktor
1672842745070193700,0.353061695966979,0.974068732438313,-0.437567650593498,1.1246901375574407,0.353061695966979,-0.0435316368267761,-0.1163307362177687,0.974068732438313,0.5504488001049255,0.4445923256567262,-0.437567650593498,-0.4136091304026908,-0.4016990542313301,0.3393185122905311,0.0545785508900456,0.2808947756912025,0.0038451857092829,downstairs,wiktor
1672842745080193700,0.6834510144687902,1.7235949503802908,-0.5252624133707927,1.9271184304694315,0.6834510144687902,0.353061695966979,-0.0435316368267761,1.7235949503802908,0.974068732438313,0.5504488001049255,-0.5252624133707927,-0.437567650593498,-0.4136091304026908,0.4422674257094195,0.0026821667146851,0.4240741734821138,0.0155110855126205,downstairs,wiktor
1672842745090193700,0.6102094045098994,2.6445446487700712,-0.701393532214798,2.8031990303443486,0.6102094045098994,0.6834510144687902,0.353061695966979,2.6445446487700712,1.7235949503802908,0.974068732438313,-0.701393532214798,-0.5252624133707927,-0.437567650593498,0.5070955539378733,0.2175461041591402,0.2860832638792523,0.0034661858994806,downstairs,wiktor
1672842745100193700,-0.0494057926454425,3.4009615495321475,-0.7846543981661037,3.4906536520119613,-0.0494057926454425,0.6102094045098994,0.6834510144687902,3.4009615495321475,2.6445446487700712,1.7235949503802908,-0.7846543981661037,-0.701393532214798,-0.5252624133707927,0.1117154400422618,0.0160766678853003,0.0743744261550497,0.0212643460019117,downstairs,wiktor
1672842745110193700,-0.2287193051608149,3.015281821895213,-0.5784295402953233,3.0787688641876354,-0.2287193051608149,-0.0494057926454425,0.6102094045098994,3.015281821895213,3.4009615495321475,2.6445446487700712,-0.5784295402953233,-0.7846543981661037,-0.701393532214798,0.9899160529862416,0.0501510728699382,0.9189885408490238,0.0207764392672796,downstairs,wiktor
1672842745120193700,0.0879858348983202,1.659561687908096,-0.3745843084782428,1.7035844291590738,0.0879858348983202,-0.2287193051608149,-0.0494057926454425,1.659561687908096,3.015281821895213,3.4009615495321475,-0.3745843084782428,-0.5784295402953233,-0.7846543981661037,0.4126476693456944,0.0024458606337028,0.4044781572876676,0.0057236514243238,downstairs,wiktor
1672842745130193700,0.157926676095762,0.7601417000407288,-0.2675922393859602,0.8211953761091559,0.157926676095762,0.0879858348983202,-0.2287193051608149,0.7601417000407288,1.659561687908096,3.015281821895213,-0.2675922393859602,-0.3745843084782428,-0.5784295402953233,0.1150818120713779,3.270254369244369e-05,0.110308204578726,0.0047409049489595,downstairs,wiktor
1672842745140193700,0.1660140172771941,0.2904434893165958,-0.1702176539033045,0.3753559965143186,0.1660140172771941,0.157926676095762,0.0879858348983202,0.2904434893165958,0.7601417000407288,1.659561687908096,-0.1702176539033045,-0.2675922393859602,-0.3745843084782428,0.0295783921238251,0.0033436932885507,0.0235017609233207,0.0027329379119537,downstairs,wiktor
1672842745150193700,0.0842375745989912,0.0736405330483715,-0.0962860921457749,0.1476140529308561,0.0842375745989912,0.1660140172771941,0.157926676095762,0.0736405330483715,0.2904434893165958,0.7601417000407288,-0.0962860921457749,-0.1702176539033045,-0.2675922393859602,0.0001721990081407,0.0001188512281913,2.92567839306678e-06,5.042210155629367e-05,downstairs,wiktor
1672842745160193700,0.0688199724383838,0.0760594908376133,-0.0862439707009513,0.1340121533114196,0.0688199724383838,0.0842375745989912,0.1660140172771941,0.0760594908376133,0.0736405330483715,0.2904434893165958,-0.0862439707009513,-0.0962860921457749,-0.1702176539033045,0.0531832761204702,0.0030702976270899,0.0489686264232992,0.001144352070081,downstairs,wiktor
1672842745170193700,-0.0095419778575345,0.3890087724258582,-0.1340843735019521,0.411579267678922,-0.0095419778575345,0.0688199724383838,0.0842375745989912,0.3890087724258582,0.0760594908376133,0.0736405330483715,-0.1340843735019521,-0.0862439707009513,-0.0962860921457749,0.1222903483011745,0.0073623919238817,0.1139362772415439,0.0009916791357488,downstairs,wiktor
1672842745180193700,-0.1308876982096078,0.8663687565919881,-0.1786192842069,0.8942210356684427,-0.1308876982096078,-0.0095419778575345,0.0688199724383838,0.8663687565919881,0.3890087724258582,0.0760594908376133,-0.1786192842069,-0.1340843735019521,-0.0862439707009513,0.0666443240151064,0.0032541465943432,0.062286464654942,0.0011037127658211,downstairs,wiktor
1672842745190193700,-0.2115616914706743,1.2193176612650074,-0.2256025315578681,1.257931003917154,-0.2115616914706743,-0.1308876982096078,-0.0095419778575345,1.2193176612650074,0.8663687565919881,0.3890087724258582,-0.2256025315578681,-0.1786192842069,-0.1340843735019521,0.0308419909506856,0.0011397491322276,0.0297019034680806,3.3835037737485946e-07,downstairs,wiktor
1672842745200193700,-0.2593057828795101,1.4630466233030903,-0.2264251497893398,1.5030014169821848,-0.2593057828795101,-0.2115616914706743,-0.1308876982096078,1.4630466233030903,1.2193176612650074,0.8663687565919881,-0.2264251497893398,-0.2256025315578681,-0.1786192842069,0.0057659086671569,0.0001693859455835,0.0053508394420393,0.0002456832795341,downstairs,wiktor
1672842745210193700,-0.2409000258679932,1.5664955425051712,-0.204258360236762,1.5980183305827194,-0.2409000258679932,-0.2593057828795101,-0.2115616914706743,1.5664955425051712,1.4630466233030903,1.2193176612650074,-0.204258360236762,-0.2264251497893398,-0.2256025315578681,0.00537989088356,0.0051227461300197,0.0002116307010568,4.551405248339161e-05,downstairs,wiktor
1672842745220193700,-0.1396800068004215,1.5459222247826032,-0.1947174952357895,1.5643851611184054,-0.1396800068004215,-0.2409000258679932,-0.2593057828795101,1.5459222247826032,1.5664955425051712,1.4630466233030903,-0.1947174952357895,-0.204258360236762,-0.2264251497893398,0.0185399379975845,0.0111296697716958,0.0071136627453061,0.0002966054805825,downstairs,wiktor
1672842745230193700,0.0095156350373735,1.4266438717984495,-0.2190734177427521,1.4433975358894464,0.0095156350373735,-0.1396800068004215,-0.2409000258679932,1.4266438717984495,1.5459222247826032,1.5664955425051712,-0.2190734177427521,-0.1947174952357895,-0.204258360236762,0.0198468929180011,0.0041872963691674,0.0156353041466847,2.4292402148990538e-05,downstairs,wiktor
1672842745240193700,0.1010284359907639,1.249808897052588,-0.2260436978158899,1.274097632582695,0.1010284359907639,0.0095156350373735,-0.1396800068004215,1.249808897052588,1.4266438717984495,1.5459222247826032,-0.2260436978158899,-0.2190734177427521,-0.1947174952357895,0.0159506235437153,0.0008907551359127,0.0149899471205567,6.992128724578252e-05,downstairs,wiktor
1672842745250193700,0.0588204951285811,1.0766618663500271,-0.21421819256277,1.0993407384084133,0.0588204951285811,0.1010284359907639,0.0095156350373735,1.0766618663500271,1.249808897052588,1.4266438717984495,-0.21421819256277,-0.2260436978158899,-0.2190734177427521,0.0094083652387961,0.0047387403198211,0.0046380815279321,3.154339104285405e-05,downstairs,wiktor
1672842745260193700,-0.038531857897128,0.980349026832836,-0.2221609113722022,1.0059445258197992,-0.038531857897128,0.0588204951285811,0.1010284359907639,0.980349026832836,1.0766618663500271,1.249808897052588,-0.2221609113722022,-0.21421819256277,-0.2260436978158899,0.0019713664970416,0.0011468836278261,0.0008230108924756,1.4719767398564122e-06,downstairs,wiktor
1672842745270193700,-0.0864251481960027,0.939777832803682,-0.2238767066629385,0.9699342560483828,-0.0864251481960027,-0.038531857897128,0.0588204951285811,0.939777832803682,0.980349026832836,1.0766618663500271,-0.2238767066629385,-0.2221609113722022,-0.21421819256277,0.0004495822984996,0.0003050595617214,9.751543535820342e-05,4.7007301419917575e-05,downstairs,wiktor
1672842745280193700,-0.0617245586596576,0.9258124874546972,-0.2141805938933883,0.9522667745276572,-0.0617245586596576,-0.0864251481960027,-0.038531857897128,0.9258124874546972,0.939777832803682,0.980349026832836,-0.2141805938933883,-0.2238767066629385,-0.2221609113722022,0.0035898914646267,0.0030003901245408,9.410729328156596e-05,0.0004953940468042,downstairs,wiktor
1672842745290193700,0.0157401445869292,0.939531619590628,-0.1827038073101214,0.957260726013462,0.0157401445869292,-0.0617245586596576,-0.0864251481960027,0.939531619590628,0.9258124874546972,0.939777832803682,-0.1827038073101214,-0.2141805938933883,-0.2238767066629385,0.0070161273103019,0.0050474764662847,0.000343829371744,0.0016248214722731,downstairs,wiktor
1672842745300193700,0.1162137875614404,0.965754867739705,-0.1256981677246703,0.9808099399739229,0.1162137875614404,0.0157401445869292,-0.0617245586596576,0.965754867739705,0.939531619590628,0.9258124874546972,-0.1256981677246703,-0.1827038073101214,-0.2141805938933883,0.0045282367741594,0.0023391090550515,0.000223713642992,0.0019654140761158,downstairs,wiktor
1672842745310193700,0.1846112883206282,0.9869073448046776,-0.0630018508294036,1.0060003321136388,0.1846112883206282,0.1162137875614404,0.0157401445869292,0.9869073448046776,0.965754867739705,0.939531619590628,-0.0630018508294036,-0.1256981677246703,-0.1827038073101214,0.0007833894547042,0.0005393117758372,1.3725040810850631e-05,0.0002303526380561,downstairs,wiktor
1672842745320193700,0.151768883541523,0.9816680622563032,-0.0415378047030954,0.9941988572137056,0.151768883541523,0.1846112883206282,0.1162137875614404,0.9816680622563032,0.9869073448046776,0.965754867739705,-0.0415378047030954,-0.0630018508294036,-0.1256981677246703,0.0026831320630535,0.0022163678954619,0.000343450754104,0.0001233134134875,downstairs,wiktor
1672842745330193700,0.0851900896884956,0.9554592563276072,-0.0572421616455214,0.960955985960382,0.0851900896884956,0.151768883541523,0.1846112883206282,0.9554592563276072,0.9816680622563032,0.9869073448046776,-0.0572421616455214,-0.0415378047030954,-0.0630018508294036,0.0012690267628991,0.0006019956681935,0.0004362802547353,0.0002307508399702,downstairs,wiktor
1672842745340193700,0.0504915113835131,0.9259201211088708,-0.0787247518045455,0.9306315328543002,0.0504915113835131,0.0851900896884956,0.151768883541523,0.9259201211088708,0.9554592563276072,0.9816680622563032,-0.0787247518045455,-0.0572421616455214,-0.0415378047030954,0.0013410763049582,4.561126816775596e-07,0.0010621410469832,0.0002784791452932,downstairs,wiktor
1672842745350193700,0.0514466162800324,0.8798301862644109,-0.1023247155881311,0.8872532098611562,0.0514466162800324,0.0504915113835131,0.0851900896884956,0.8798301862644109,0.9259201211088708,0.9554592563276072,-0.1023247155881311,-0.0787247518045455,-0.0572421616455214,0.0018159227772275,0.0003352804874569,0.0014766153960572,4.026893713330425e-06,downstairs,wiktor
1672842745360193700,0.0773418083996886,0.8254865500949884,-0.0994867960285486,0.8350493532111056,0.0773418083996886,0.0514466162800324,0.0504915113835131,0.8254865500949884,0.8798301862644109,0.9259201211088708,-0.0994867960285486,-0.1023247155881311,-0.0787247518045455,0.0011152735488187,2.3087108874413897e-05,0.0008067555291958,0.0002854309107484,downstairs,wiktor
1672842745370193700,0.0841369697479443,0.7853180169080306,-0.0755940812079824,0.7934216296978596,0.0841369697479443,0.0773418083996886,0.0514466162800324,0.7853180169080306,0.8254865500949884,0.8798301862644109,-0.0755940812079824,-0.0994867960285486,-0.1023247155881311,0.0012794265940236,0.0003305440184893,0.0008953709758189,5.351159971540527e-05,downstairs,wiktor
1672842745380193700,0.0584253374197803,0.7430008578394225,-0.0652488794491567,0.7481451804777622,0.0584253374197803,0.0841369697479443,0.0773418083996886,0.7430008578394225,0.7853180169080306,0.8254865500949884,-0.0652488794491567,-0.0755940812079824,-0.0994867960285486,0.0009699187579815,0.0003209946690685,0.0006377511417555,1.1172947157363947e-05,downstairs,wiktor
1672842745390193700,0.0330878288970944,0.7072866830132958,-0.069976023863571,0.7115095925599519,0.0330878288970944,0.0584253374197803,0.0841369697479443,0.7072866830132958,0.7430008578394225,0.7853180169080306,-0.069976023863571,-0.0652488794491567,-0.0755940812079824,0.0001567016162142,1.529100298523685e-07,8.95411252185241e-06,0.0001475945936625,downstairs,wiktor
1672842745400193700,0.0325348188974518,0.7030548719301182,-0.0871570944741334,0.7091833518227412,0.0325348188974518,0.0330878288970944,0.0584253374197803,0.7030548719301182,0.7072866830132958,0.7430008578394225,-0.0871570944741334,-0.069976023863571,-0.0652488794491567,0.0008365130612155,0.0005632314581528,4.37147251441129e-05,0.0002295668779186,downstairs,wiktor
1672842745410193700,0.0660976393436793,0.7124052435958984,-0.1085845011262979,0.7236578769795748,0.0660976393436793,0.0325348188974518,0.0330878288970944,0.7124052435958984,0.7030548719301182,0.7072866830132958,-0.1085845011262979,-0.0871570944741334,-0.069976023863571,0.0007560883698702,0.0002082537817221,0.0004201614394551,0.0001276731486929,downstairs,wiktor
1672842745420193700,0.0865061562776529,0.7413935667435081,-0.1245640598619422,0.7567456249572136,0.0865061562776529,0.0660976393436793,0.0325348188974518,0.7413935667435081,0.7124052435958984,0.7030548719301182,-0.1245640598619422,-0.1085845011262979,-0.0871570944741334,0.0017217344918939,7.88077016105172e-05,0.0014783071425001,0.0001646196477832,downstairs,wiktor
1672842745430193700,0.0739516589471727,0.7957683245360756,-0.1427090122059542,0.8118386147263451,0.0739516589471727,0.0865061562776529,0.0660976393436793,0.7957683245360756,0.7413935667435081,0.7124052435958984,-0.1427090122059542,-0.1245640598619422,-0.1085845011262979,0.0033572636842182,0.0004025374701955,0.0016827499678341,0.0012719762461885,downstairs,wiktor
1672842745440193700,0.0455778164088215,0.8537812535749394,-0.1931466221054841,0.8765417183085754,0.0455778164088215,0.0739516589471727,0.0865061562776529,0.8537812535749394,0.7957683245360756,0.7413935667435081,-0.1931466221054841,-0.1427090122059542,-0.1245640598619422,0.0029274452870049,0.0001379278164124,0.0011282044460833,0.0016613130245091,downstairs,wiktor
1672842745450193700,0.0289689141926961,0.9012829260946176,-0.2507888466376644,0.9359728395936656,0.0289689141926961,0.0455778164088215,0.0739516589471727,0.9012829260946176,0.8537812535749394,0.7957683245360756,-0.2507888466376644,-0.1931466221054841,-0.1427090122059542,0.0005834161209844,3.4840078748250005e-05,1.2648097636924589e-05,0.0005359279445993,downstairs,wiktor
1672842745460193700,0.020621450057014,0.9063124584062592,-0.283528056909121,0.9498503437486946,0.020621450057014,0.0289689141926961,0.0455778164088215,0.9063124584062592,0.9012829260946176,0.8537812535749394,-0.283528056909121,-0.2507888466376644,-0.1931466221054841,0.0044568919942937,0.004386936285507,1.444036645443121e-05,5.551534233227229e-05,downstairs,wiktor
1672842745470193700,-0.0730475019549201,0.9009383786795654,-0.2729909470271588,0.9442192313644132,-0.0730475019549201,0.020621450057014,0.0289689141926961,0.9009383786795654,0.9063124584062592,0.9012829260946176,-0.2729909470271588,-0.283528056909121,-0.2507888466376644,0.0057332828714582,0.0029465885893695,0.0004218259369293,0.0023648683451592,downstairs,wiktor
1672842745480193700,-0.1498145338028377,0.9299840646562952,-0.2042178658811277,0.9638566759628986,-0.1498145338028377,-0.0730475019549201,0.020621450057014,0.9299840646562952,0.9009383786795654,0.9063124584062592,-0.2042178658811277,-0.2729909470271588,-0.283528056909121,0.0056104080448351,3.5093488259103773e-07,0.0013740700578805,0.0042359870520719,downstairs,wiktor
1672842745490193700,-0.150652310482617,0.982406770765014,-0.1121745385610879,1.0002011342725456,-0.150652310482617,-0.1498145338028377,-0.0730475019549201,0.982406770765014,0.9299840646562952,0.9009383786795654,-0.1121745385610879,-0.2042178658811277,-0.2729909470271588,0.0083534455629179,0.0024182214380412,0.0013658889622282,0.0045693351626485,downstairs,wiktor
1672842745500193700,-0.081107771688529,1.0346731837322,-0.0165781457144066,1.0379797217085378,-0.081107771688529,-0.150652310482617,-0.1498145338028377,1.0346731837322,0.982406770765014,0.9299840646562952,-0.0165781457144066,-0.1121745385610879,-0.2042178658811277,0.0106042075305757,0.0041751350614021,0.0014078055079241,0.0050212669612493,downstairs,wiktor
1672842745510193700,0.0102720407582269,1.087735515153354,0.0836342982359269,1.0909943911811313,0.0102720407582269,-0.081107771688529,-0.150652310482617,1.087735515153354,1.0346731837322,0.982406770765014,0.0836342982359269,-0.0165781457144066,-0.1121745385610879,0.0060335457787027,0.0001255486035362,0.0033951933463596,0.0025128038288067,downstairs,wiktor
1672842745520193700,0.0261180878070195,1.170139317812693,0.1545258185864848,1.1805873140990777,0.0261180878070195,0.0102720407582269,-0.081107771688529,1.170139317812693,1.087735515153354,1.0346731837322,0.1545258185864848,0.0836342982359269,-0.0165781457144066,0.0047879321494482,0.0001942212939273,0.0034688511073532,0.0011248597481675,downstairs,wiktor
1672842745530193700,0.0064091409083447,1.2534321879439745,0.2019570266286078,1.2696141017907252,0.0064091409083447,0.0261180878070195,0.0102720407582269,1.2534321879439745,1.170139317812693,1.087735515153354,0.2019570266286078,0.1545258185864848,0.0836342982359269,0.001859795417385,3.846263981091199e-05,0.0012161267718567,0.0006052060057173,downstairs,wiktor
1672842745540193700,0.0151798466736651,1.302750070539575,0.2367480026343882,1.324174380807632,0.0151798466736651,0.0064091409083447,0.0261180878070195,1.302750070539575,1.2534321879439745,1.170139317812693,0.2367480026343882,0.2019570266286078,0.1545258185864848,0.0013935583177582,0.0011895452040717,0.0001809663713398,2.304674234654308e-05,downstairs,wiktor
1672842745550193700,0.0639557670457462,1.3217746005647757,0.2435372209025753,1.3455440582907463,0.0639557670457462,0.0151798466736651,0.0064091409083447,1.3217746005647757,1.302750070539575,1.2534321879439745,0.2435372209025753,0.2367480026343882,0.2019570266286078,0.0080105085971376,0.0038477803189273,7.922777836539394e-07,0.0041619360004266,downstairs,wiktor
1672842745560193700,0.1516801116591696,1.3205158092527196,0.15230196455475,1.337895641358675,0.1516801116591696,0.0639557670457462,0.0151798466736651,1.3205158092527196,1.3217746005647757,1.302750070539575,0.15230196455475,0.2435372209025753,0.2367480026343882,0.0110041462250003,0.0035503599991921,1.4144312743832636e-05,0.0074396419130643,downstairs,wiktor
1672842745570193700,0.2359458816870066,1.315197104007299,0.0303212946675554,1.3365377893589696,0.2359458816870066,0.1516801116591696,0.0639557670457462,1.315197104007299,1.3205158092527196,1.3217746005647757,0.0303212946675554,0.15230196455475,0.2435372209025753,0.0048847174660493,0.0008102565352734,0.0003223845886985,0.0037520763420772,downstairs,wiktor
1672842745580193700,0.2762014784475437,1.2898047985310903,-0.0563052179261913,1.320247686071122,0.2762014784475437,0.2359458816870066,0.1516801116591696,1.2898047985310903,1.315197104007299,1.3205158092527196,-0.0563052179261913,0.0303212946675554,0.15230196455475,0.0028036171560053,0.0002290826009835,0.0007547400409563,0.0018197945140654,downstairs,wiktor
1672842745590193700,0.2976062723490759,1.2509527705027794,-0.1166342244498442,1.2911451776167964,0.2976062723490759,0.2762014784475437,0.2359458816870066,1.2509527705027794,1.2898047985310903,1.315197104007299,-0.1166342244498442,-0.0563052179261913,0.0303212946675554,0.0004988921903554,3.367329736984292e-05,0.0003019402237477,0.0001632786692378,downstairs,wiktor
1672842745600193700,0.3058127694543995,1.226378791429469,-0.1347051220057402,1.2710908149789912,0.3058127694543995,0.2976062723490759,0.2762014784475437,1.226378791429469,1.2509527705027794,1.2898047985310903,-0.1347051220057402,-0.1166342244498442,-0.0563052179261913,0.0009225955456208,0.000346260239111,0.0002925770467835,0.0002837582597261,downstairs,wiktor
1672842745610193700,0.2794969856313375,1.2505687499570723,-0.1108825167860689,1.286209817982669,0.2794969856313375,0.3058127694543995,0.2976062723490759,1.2505687499570723,1.226378791429469,1.2509527705027794,-0.1108825167860689,-0.1347051220057402,-0.1166342244498442,0.0043358308895241,0.0011124374760259,0.0026163347138501,0.0006070586996481,downstairs,wiktor
1672842745620193700,0.2323284054952784,1.3229059425187153,-0.0760383293325445,1.345302363143317,0.2323284054952784,0.2794969856313375,0.3058127694543995,1.3229059425187153,1.2505687499570723,1.226378791429469,-0.0760383293325445,-0.1108825167860689,-0.1347051220057402,0.0065728491483883,0.0026373799003209,0.0035615706896653,0.000373898558402,downstairs,wiktor
1672842745630193700,0.1597008638830091,1.4073046473626325,-0.048692449993893,1.4171738394070963,0.1597008638830091,0.2323284054952784,0.2794969856313375,1.4073046473626325,1.3229059425187153,1.2505687499570723,-0.048692449993893,-0.0760383293325445,-0.1108825167860689,0.0078916096630598,0.00542165240234,0.0022363216354428,0.0002336356252769,downstairs,wiktor
1672842745640193700,0.0555696735283412,1.4741824708236702,-0.0270759921306357,1.4754779074082018,0.0555696735283412,0.1597008638830091,0.2323284054952784,1.4741824708236702,1.4073046473626325,1.3229059425187153,-0.0270759921306357,-0.048692449993893,-0.0760383293325445,0.0036829610389437,0.0032437232518944,1.93165506866145e-05,0.0004199212363626,downstairs,wiktor
1672842745650193700,-0.0249750128500224,1.4679669176404668,0.0019040436306487,1.4681805910499768,-0.0249750128500224,0.0555696735283412,0.1597008638830091,1.4679669176404668,1.4741824708236702,1.4073046473626325,0.0019040436306487,-0.0270759921306357,-0.048692449993893,0.0116510996944129,1.0717886180927417e-06,0.0113947318840601,0.0002552960217346,downstairs,wiktor
1672842745660193700,-0.0235109168025633,1.3170051219167795,0.0245003274726737,1.3174427958777553,-0.0235109168025633,-0.0249750128500224,0.0555696735283412,1.3170051219167795,1.4679669176404668,1.4741824708236702,0.0245003274726737,0.0019040436306487,-0.0270759921306357,0.0111219756525434,0.0006531349379458,0.0098940758703595,0.000574764844238,downstairs,wiktor
1672842745670193700,0.0126314389022288,1.176334756378337,0.0584050423140664,1.1778515022192444,0.0126314389022288,-0.0235109168025633,-0.0249750128500224,1.176334756378337,1.3170051219167795,1.4679669176404668,0.0584050423140664,0.0245003274726737,0.0019040436306487,0.0045258699936318,0.0005995259316715,0.0013502160637658,0.0025761279981944,downstairs,wiktor
1672842745680193700,0.0472587671754742,1.12436907416852,0.1301842593367461,1.132866782724508,0.0472587671754742,0.0126314389022288,-0.0235109168025633,1.12436907416852,1.176334756378337,1.3170051219167795,0.1301842593367461,0.0584050423140664,0.0245003274726737,0.0091841839378706,0.007674659347235,0.0002965762618041,0.0012129483288314,downstairs,wiktor
1672842745690193700,0.1711511345532514,1.1487237969878872,0.1794376516834969,1.175183791356408,0.1711511345532514,0.0472587671754742,0.0126314389022288,1.1487237969878872,1.12436907416852,1.176334756378337,0.1794376516834969,0.1301842593367461,0.0584050423140664,0.0201529341668878,0.0152217612426007,0.0046640847903921,0.0002670881338949,downstairs,wiktor
1672842745700193700,0.3456318569417187,1.245306246639904,0.1563253980549567,1.301801313000715,0.3456318569417187,0.1711511345532514,0.0472587671754742,1.245306246639904,1.1487237969878872,1.12436907416852,0.1563253980549567,0.1794376516834969,0.1301842593367461,0.019026646273733,0.0110904358500482,0.0017640425183023,0.0061721679053823,downstairs,wiktor
1672842745710193700,0.4945642969945711,1.3047039320881162,0.0452203315153754,1.3960268882261138,0.4945642969945711,0.3456318569417187,0.1711511345532514,1.3047039320881162,1.245306246639904,1.1487237969878872,0.0452203315153754,0.1563253980549567,0.1794376516834969,0.0157849796105648,0.0022293207572539,6.146838320697544e-05,0.0134941904701039,downstairs,wiktor
1672842745720193700,0.5613373567904792,1.315791617437816,-0.1190610762586263,1.43547300515475,0.5613373567904792,0.4945642969945711,0.3456318569417187,1.315791617437816,1.3047039320881162,1.245306246639904,-0.1190610762586263,0.0452203315153754,0.1563253980549567,0.0095157844111101,0.0034113309014454,0.0013636396060774,0.0047408139035873,downstairs,wiktor
1672842745730193700,0.4787379512061117,1.263568258563124,-0.216434726735409,1.3684439195342653,0.4787379512061117,0.5613373567904792,0.4945642969945711,1.263568258563124,1.315791617437816,1.3047039320881162,-0.216434726735409,-0.1190610762586263,0.0452203315153754,0.0365564253316582,0.0355580249563112,0.0008753072866285,0.0001230930887184,downstairs,wiktor
1672842745740193700,0.2120620244473912,1.2217279123258256,-0.2007444055966639,1.2561400042778288,0.2120620244473912,0.4787379512061117,0.5613373567904792,1.2217279123258256,1.263568258563124,1.315791617437816,-0.2007444055966639,-0.216434726735409,-0.1190610762586263,0.0345136937459001,0.0303255479163025,1.0308070813513783e-05,0.004177837758784,downstairs,wiktor
1672842745750193700,-0.0342124075032379,1.2171874121741872,-0.1093350214089988,1.22256690290919,-0.0342124075032379,0.2120620244473912,0.4787379512061117,1.2171874121741872,1.2217279123258256,1.263568258563124,-0.1093350214089988,-0.2007444055966639,-0.216434726735409,0.0107615551245299,0.0077727409115784,0.0011708731192137,0.0018179410937377,downstairs,wiktor
1672842745760193700,-0.1588939290818458,1.265579004816169,-0.0490367445888813,1.27645685412803,-0.1588939290818458,-0.0342124075032379,0.2120620244473912,1.265579004816169,1.2171874121741872,1.2217279123258256,-0.0490367445888813,-0.1093350214089988,-0.2007444055966639,0.0068790604906432,0.0028375575259116,0.0039818136679712,5.968929676027413e-05,downstairs,wiktor
1672842745770193700,-0.2342272885703444,1.354818162902418,-0.0381106934485768,1.3754443290066047,-0.2342272885703444,-0.1588939290818458,-0.0342124075032379,1.354818162902418,1.265579004816169,1.2171874121741872,-0.0381106934485768,-0.0490367445888813,-0.1093350214089988,0.0024603150225424,0.0015214680478493,0.0008765642751918,6.22826995012181e-05,downstairs,wiktor
1672842745780193700,-0.2893901029990759,1.3966885408608714,-0.0492715804654065,1.427204680670381,-0.2893901029990759,-0.2342272885703444,-0.1588939290818458,1.3966885408608714,1.354818162902418,1.265579004816169,-0.0492715804654065,-0.0381106934485768,-0.0490367445888813,0.0008715177359747,0.0005889533014477,0.0001386359248424,0.0001439285096845,downstairs,wiktor
1672842745790193700,-0.323710746974612,1.3800370589542998,-0.066237930083667,1.4190413648572278,-0.323710746974612,-0.2893901029990759,-0.2342272885703444,1.3800370589542998,1.3966885408608714,1.354818162902418,-0.066237930083667,-0.0492715804654065,-0.0381106934485768,0.0025474303736151,0.0002677636871185,0.0022788351965122,8.314899843714994e-07,downstairs,wiktor
1672842745800193700,-0.3468522113672806,1.312526538344365,-0.0675274958899533,1.3592616867585807,-0.3468522113672806,-0.323710746974612,-0.2893901029990759,1.312526538344365,1.3800370589542998,1.3966885408608714,-0.0675274958899533,-0.066237930083667,-0.0492715804654065,0.0018325746192046,0.0001003496035582,0.001261626501657,0.0004705985139893,downstairs,wiktor
1672842745810193700,-0.3326853766073021,1.262294546513321,-0.0368485612934147,1.3059191776044212,-0.3326853766073021,-0.3468522113672806,-0.323710746974612,1.262294546513321,1.312526538344365,1.3800370589542998,-0.0368485612934147,-0.0675274958899533,-0.066237930083667,0.0160221638868958,0.0111486434506256,0.0024033977753826,0.0024701226608875,downstairs,wiktor
1672842745820193700,-0.183362615779452,1.1929634888929064,0.0334383174377907,1.2074360669493391,-0.183362615779452,-0.3326853766073021,-0.3468522113672806,1.1929634888929064,1.262294546513321,1.312526538344365,0.0334383174377907,-0.0368485612934147,-0.0675274958899533,0.0138798405425456,0.0083732191548675,0.002761686180202,0.002744935207476,downstairs,wiktor
1672842745830193700,-0.0539545854655059,1.1186440946515368,0.1075319771864628,1.1250950332790297,-0.0539545854655059,-0.183362615779452,-0.3326853766073021,1.1186440946515368,1.1929634888929064,1.262294546513321,0.1075319771864628,0.0334383174377907,-0.0368485612934147,0.006614712550817,0.003730341478666,0.0004432451204808,0.00244112595167,downstairs,wiktor
1672842745840193700,0.0324206595838262,1.0888701086744843,0.1774050900650243,1.1037036643563405,0.0324206595838262,-0.0539545854655059,-0.183362615779452,1.0888701086744843,1.1186440946515368,1.1929634888929064,0.1774050900650243,0.1075319771864628,0.0334383174377907,0.007112217302594,0.0059322651245165,0.0003964951353483,0.0007834570427292,downstairs,wiktor
1672842745850193700,0.1413450840671946,1.0607100257432027,0.2169893556949236,1.0918647223841451,0.1413450840671946,0.0324206595838262,-0.0539545854655059,1.0607100257432027,1.0888701086744843,1.1186440946515368,0.2169893556949236,0.1774050900650243,0.1075319771864628,0.0164037030210247,6.107655976699634e-05,4.482992805705788e-05,0.0162977965332007,downstairs,wiktor
1672842745860193700,0.1302927938278825,1.0701789145963954,0.0364468591285988,1.0786971284427034,0.1302927938278825,0.1413450840671946,0.0324206595838262,1.0701789145963954,1.0607100257432027,1.0888701086744843,0.0364468591285988,0.2169893556949236,0.1774050900650243,0.0322541758010379,0.0037078948933131,0.0022908158653668,0.0262554650423579,downstairs,wiktor
1672842745870193700,0.216407773864031,1.1378666663003314,-0.1927057757781722,1.174184138406103,0.216407773864031,0.1302927938278825,0.1413450840671946,1.1378666663003314,1.0701789145963954,1.0607100257432027,-0.1927057757781722,0.0364468591285988,0.2169893556949236,0.0376577844729772,0.0325149025702652,0.0003549543859209,0.0047879275167911,downstairs,wiktor
1672842745880193700,0.4714171955341537,1.1112225530322597,-0.2905620736520563,1.2415619409670235,0.4714171955341537,0.216407773864031,0.1302927938278825,1.1112225530322597,1.1378666663003314,1.0701789145963954,-0.2905620736520563,-0.1927057757781722,0.0364468591285988,0.0221815906059548,0.0087614005691525,0.0116576786348767,0.0017625114019254,downstairs,wiktor
1672842745890193700,0.6037909132363668,0.958528881684186,-0.3499339761300035,1.1856622080422805,0.6037909132363668,0.4714171955341537,0.216407773864031,0.958528881684186,1.1112225530322597,1.1378666663003314,-0.3499339761300035,-0.2905620736520563,-0.1927057757781722,0.0694431658538096,0.0556461877924749,0.0127404766618988,0.0010565013994358,downstairs,wiktor
1672842745900193700,0.270185793993646,0.7989013360543741,-0.3039665659476615,0.8964593583869015,0.270185793993646,0.6037909132363668,0.4714171955341537,0.7989013360543741,0.958528881684186,1.1112225530322597,-0.3039665659476615,-0.3499339761300035,-0.2905620736520563,0.1235345175309052,0.1067777774826266,0.0033983281916972,0.0133584118565813,downstairs,wiktor
1672842745910193700,-0.1919349207176222,0.7164594996883978,-0.1405137479445365,0.7549154534423376,-0.1919349207176222,0.270185793993646,0.6037909132363668,0.7164594996883978,0.7989013360543741,0.958528881684186,-0.1405137479445365,-0.3039665659476615,-0.3499339761300035,0.0490176933969152,0.0302929915427086,0.002652129024792,0.0160725728294145,downstairs,wiktor
1672842745920193700,-0.4380771216613394,0.6436291622624039,0.038776925708136,0.779534292385564,-0.4380771216613394,-0.1919349207176222,0.270185793993646,0.6436291622624039,0.7164594996883978,0.7989013360543741,0.038776925708136,-0.1405137479445365,-0.3039665659476615,0.0148323128238256,7.410180449334403e-05,0.0030209408721218,0.0117372701472104,downstairs,wiktor
1672842745930193700,-0.4502510121235823,0.5658996199747791,0.1919909599687772,0.7482171359409261,-0.4502510121235823,-0.4380771216613394,-0.1919349207176222,0.5658996199747791,0.6436291622624039,0.7164594996883978,0.1919909599687772,0.038776925708136,-0.1405137479445365,0.0496389489536809,0.0445893408529763,0.003290987948905,0.0017586201517995,downstairs,wiktor
1672842745940193700,-0.1516230132588532,0.4847702424484474,0.2512972859686163,0.5666939668360811,-0.1516230132588532,-0.4502510121235823,-0.4380771216613394,0.4847702424484474,0.5658996199747791,0.6436291622624039,0.2512972859686163,0.1919909599687772,0.038776925708136,0.0711452085311217,0.0641675085661671,0.0047328273116033,0.0022448726533512,downstairs,wiktor
1672842745950193700,0.2066157578594252,0.3874786465975895,0.1842917242091432,0.4762281098138824,0.2066157578594252,-0.1516230132588532,-0.4502510121235823,0.3874786465975895,0.4847702424484474,0.5658996199747791,0.1842917242091432,0.2512972859686163,0.1919909599687772,0.029000834862098,0.0111690223134197,0.0009486226909178,0.0168831898577605,downstairs,wiktor
1672842745960193700,0.3560749316388872,0.3439212662604342,0.0005354189689663,0.4950469482799495,0.3560749316388872,0.2066157578594252,-0.1516230132588532,0.3439212662604342,0.3874786465975895,0.4847702424484474,0.0005354189689663,0.1842917242091432,0.2512972859686163,0.0154180140084094,0.0003827288080922,0.0010737680582067,0.0139615171421103,downstairs,wiktor
1672842745970193700,0.3284080269297498,0.3902627823816573,-0.1665664490164657,0.5365643050018506,0.3284080269297498,0.3560749316388872,0.2066157578594252,0.3902627823816573,0.3439212662604342,0.3874786465975895,-0.1665664490164657,0.0005354189689663,0.1842917242091432,0.0074167200552421,0.0023736482323827,0.0022929758248008,0.0027500959980585,downstairs,wiktor
1672842745980193700,0.259507399466964,0.4579824372065434,-0.2407297283136829,0.5788288220724082,0.259507399466964,0.3284080269297498,0.3560749316388872,0.4579824372065434,0.3902627823816573,0.3439212662604342,-0.2407297283136829,-0.1665664490164657,0.0005354189689663,0.0022773917255299,0.0011240737817816,0.0005919777128008,0.0005613402309474,downstairs,wiktor
1672842745990193700,0.2120927649796745,0.4923910905600501,-0.2742361525021101,0.6021941500536182,0.2120927649796745,0.259507399466964,0.3284080269297498,0.4923910905600501,0.4579824372065434,0.3902627823816573,-0.2742361525021101,-0.2407297283136829,-0.1665664490164657,0.0003301846046266,0.0002376583315299,6.614697287397847e-07,9.186480336798692e-05,downstairs,wiktor
1672842746000193700,0.1902910067235201,0.4935412816126495,-0.2877908419760883,0.6021770774622803,0.1902910067235201,0.2120927649796745,0.259507399466964,0.4935412816126495,0.4923910905600501,0.4579824372065434,-0.2877908419760883,-0.2742361525021101,-0.2407297283136829,0.0005044552621281,0.0001753695241784,0.0001366919236538,0.0001923938142958,downstairs,wiktor
1672842746010193700,0.1715629783073481,0.4770069583030096,-0.2681748375768293,0.5734869111885079,0.1715629783073481,0.1902910067235201,0.2120927649796745,0.4770069583030096,0.4935412816126495,0.4923910905600501,-0.2681748375768293,-0.2877908419760883,-0.2742361525021101,0.0021277423280903,2.677780455907436e-06,0.000616045632642,0.0015090189149923,downstairs,wiktor
1672842746020193700,0.1692487698223981,0.4419058006969679,-0.2132381664910712,0.519034101408084,0.1692487698223981,0.1715629783073481,0.1902910067235201,0.4419058006969679,0.4770069583030096,0.4935412816126495,-0.2132381664910712,-0.2681748375768293,-0.2877908419760883,0.005545470648038,0.00018338974934,0.0025479441967813,0.0028141367019166,downstairs,wiktor
1672842746030193700,0.1884002579807652,0.3705203092189181,-0.1382163469727917,0.4380453347787244,0.1884002579807652,0.1692487698223981,0.1715629783073481,0.3705203092189181,0.4419058006969679,0.4770069583030096,-0.1382163469727917,-0.2132381664910712,-0.2681748375768293,0.005091728701336,0.0008214978730666,0.0026883897487547,0.0015818410795146,downstairs,wiktor
1672842746040193700,0.228934141906849,0.2971937826578603,-0.0819697278830245,0.3839974245621054,0.228934141906849,0.1884002579807652,0.1692487698223981,0.2971937826578603,0.3705203092189181,0.4419058006969679,-0.0819697278830245,-0.1382163469727917,-0.2132381664910712,0.0012381085374098,0.0002743786187068,0.0009583185036322,5.411415070694811e-06,downstairs,wiktor
1672842746050193700,0.2523597099344076,0.2534143696048674,-0.0786799208763158,0.3661895627533832,0.2523597099344076,0.228934141906849,0.1884002579807652,0.2534143696048674,0.2971937826578603,0.3705203092189181,-0.0786799208763158,-0.0819697278830245,-0.1382163469727917,0.0018421925982335,4.125471990630577e-08,0.0005900869472579,0.0012520643962556,downstairs,wiktor
1672842746060193700,0.2520724653699462,0.219060710490941,-0.1287211917685643,0.3579067865922609,0.2520724653699462,0.2523597099344076,0.228934141906849,0.219060710490941,0.2534143696048674,0.2971937826578603,-0.1287211917685643,-0.0786799208763158,-0.0819697278830245,0.0031050198161438,0.0007175902311117,9.128539962928187e-05,0.0022961441854028,downstairs,wiktor
1672842746070193700,0.2141886896575976,0.2055488342608032,-0.1964876168683558,0.3559978955356613,0.2141886896575976,0.2520724653699462,0.2523597099344076,0.2055488342608032,0.219060710490941,0.2534143696048674,-0.1964876168683558,-0.1287211917685643,-0.0786799208763158,0.0066699585825867,0.0025607030579823,0.0004358192983555,0.0036734362262487,downstairs,wiktor
1672842746080193700,0.1426246895181086,0.2350723604172633,-0.2822015156975281,0.3940031880001263,0.1426246895181086,0.2141886896575976,0.2520724653699462,0.2350723604172633,0.2055488342608032,0.219060710490941,-0.2822015156975281,-0.1964876168683558,-0.1287211917685643,0.0088769470181877,0.0046745507203031,0.0022046378567276,0.0019977584411569,downstairs,wiktor
1672842746090193700,0.0459339379406885,0.301474737735062,-0.3454116168073492,0.4607668924441409,0.0459339379406885,0.1426246895181086,0.2141886896575976,0.301474737735062,0.2350723604172633,0.2055488342608032,-0.3454116168073492,-0.2822015156975281,-0.1964876168683558,0.0061958217615178,0.0056222090326764,0.0004733463346933,0.0001002663941481,downstairs,wiktor
1672842746100193700,-0.0601057624802049,0.3322431089852067,-0.3595725768135149,0.4932449940423054,-0.0601057624802049,0.0459339379406885,0.1426246895181086,0.3322431089852067,0.301474737735062,0.2350723604172633,-0.3595725768135149,-0.3454116168073492,-0.2822015156975281,0.0059428750724885,0.0055084041932414,2.595943105160989e-06,0.0004318749361419,downstairs,wiktor
1672842746110193700,-0.1650667475483858,0.3299645378956153,-0.3301829549669539,0.495120602647051,-0.1650667475483858,-0.0601057624802049,0.0459339379406885,0.3299645378956153,0.3322431089852067,0.301474737735062,-0.3301829549669539,-0.3595725768135149,-0.3454116168073492,0.0047135816678707,6.726312167711655e-05,0.0025103685204529,0.0021359500257406,downstairs,wiktor
1672842746120193700,-0.176665292429285,0.4008216973144485,-0.2648231810117039,0.511859332032071,-0.176665292429285,-0.1650667475483858,-0.0601057624802049,0.4008216973144485,0.3299645378956153,0.3322431089852067,-0.2648231810117039,-0.3301829549669539,-0.3595725768135149,0.0759715158963848,0.0224095044588822,0.0490554535109153,0.0045065579265872,downstairs,wiktor
1672842746130193700,0.0350397120410025,0.7140483038181595,-0.1698857497573532,0.7348155752133491,0.0350397120410025,-0.176665292429285,-0.1650667475483858,0.7140483038181595,0.4008216973144485,0.3299645378956153,-0.1698857497573532,-0.2648231810117039,-0.3301829549669539,0.2102326609422493,0.0108992364008978,0.1966344755795432,0.0026989489618082,downstairs,wiktor
1672842746140193700,0.182682770807054,1.3411598976825103,-0.0964153616842216,1.3569741294034323,0.182682770807054,0.0350397120410025,-0.176665292429285,1.3411598976825103,0.7140483038181595,0.4008216973144485,-0.0964153616842216,-0.1698857497573532,-0.2648231810117039,0.3276446838127559,0.0074785165984075,0.3154048782826818,0.0047612889316665,downstairs,wiktor
1672842746150193700,0.3049817209121761,2.135395225885281,-0.1939990583929086,2.1657705916097254,0.3049817209121761,0.182682770807054,0.0350397120410025,2.135395225885281,1.3411598976825103,0.7140483038181595,-0.1939990583929086,-0.0964153616842216,-0.1698857497573532,0.5713276093565526,0.0070719531417887,0.5159709358742249,0.0482847203405388,downstairs,wiktor
1672842746160193700,0.4239098768870227,3.151240623447553,-0.5047552983641724,3.219440162794643,0.4239098768870227,0.3049817209121761,0.182682770807054,3.151240623447553,2.135395225885281,1.3411598976825103,-0.5047552983641724,-0.1939990583929086,-0.0964153616842216,0.2657015598164397,0.0571081074151012,0.20625319649701,0.0023402559043284,downstairs,wiktor
1672842746170193700,0.0859509817086259,3.793507229300621,-0.5731695644835778,3.837526289116864,0.0859509817086259,0.4239098768870227,0.3049817209121761,3.793507229300621,3.151240623447553,2.135395225885281,-0.5731695644835778,-0.5047552983641724,-0.1939990583929086,0.4848784361616418,0.0013583858948954,0.481874601443177,0.0016454488235693,downstairs,wiktor
1672842746180193700,0.0338283207079543,2.811799939480303,-0.5158032185380782,2.858918714338971,0.0338283207079543,0.0859509817086259,0.4239098768870227,2.811799939480303,3.793507229300621,3.151240623447553,-0.5158032185380782,-0.5731695644835778,-0.5047552983641724,1.2325237872296315,0.0075235225833514,1.224276665504204,0.0007235991420763,downstairs,wiktor
1672842746190193700,0.1564947185791841,1.2470145449266576,-0.4777611591280949,1.344541407831398,0.1564947185791841,0.0338283207079543,0.0859509817086259,1.2470145449266576,2.811799939480303,3.793507229300621,-0.4777611591280949,-0.5158032185380782,-0.5731695644835778,0.3042335724464519,0.0003496174430511,0.2916483533000036,0.012235601703397,downstairs,wiktor
1672842746200193700,0.1829377684430401,0.4832759073024982,-0.3213284150915789,0.6085012572273275,0.1829377684430401,0.1564947185791841,0.0338283207079543,0.4832759073024982,1.2470145449266576,2.811799939480303,-0.3213284150915789,-0.4777611591280949,-0.5158032185380782,0.0833631109576966,0.0002046821328049,0.0747101176353642,0.0084483111895274,downstairs,wiktor
1672842746210193700,0.1627050161436155,0.0967267703603384,-0.191341406590518,0.269147774017683,0.1627050161436155,0.1829377684430401,0.1564947185791841,0.0967267703603384,0.4832759073024982,1.2470145449266576,-0.191341406590518,-0.3213284150915789,-0.4777611591280949,0.0201522671737838,0.0026186098223827,0.0142418170483379,0.0032918403030632,downstairs,wiktor
1672842746220193700,0.0903363789810613,-0.0720441812180533,-0.1102015236344374,0.1596727942579484,0.0903363789810613,0.1627050161436155,0.1829377684430401,-0.0720441812180533,0.0967267703603384,0.4832759073024982,-0.1102015236344374,-0.191341406590518,-0.3213284150915789,0.0042074603348797,0.0034160555286548,0.000677967232581,0.0001134375736438,downstairs,wiktor
1672842746230193700,0.0076797938997162,-0.1088671966453934,-0.0951391484137867,0.1447843337542755,0.0076797938997162,0.0903363789810613,0.1627050161436155,-0.1088671966453934,-0.0720441812180533,0.0967267703603384,-0.0951391484137867,-0.1102015236344374,-0.191341406590518,0.0181972605349008,0.0035491919691163,0.0146016406261264,4.642793965798928e-05,downstairs,wiktor
1672842746240193700,-0.0765721137239856,0.0620224790294493,-0.1047753239682263,0.1438330456389082,-0.0765721137239856,0.0076797938997162,0.0903363789810613,0.0620224790294493,-0.1088671966453934,-0.0720441812180533,-0.1047753239682263,-0.0951391484137867,-0.1102015236344374,0.1001234613744134,0.0074151235547009,0.0926125144888819,9.582333083047945e-05,downstairs,wiktor
1672842746250193700,-0.1983516157323365,0.4924002537550548,-0.0909316733781197,0.5385814168582276,-0.1983516157323365,-0.0765721137239856,0.0076797938997162,0.4924002537550548,0.0620224790294493,-0.1088671966453934,-0.0909316733781197,-0.1047753239682263,-0.0951391484137867,0.0855462217464226,0.006073701268453,0.078820780558551,0.0006517399194186,downstairs,wiktor
1672842746260193700,-0.3085668711959338,0.889441260600824,-0.127035410564694,0.949977507942252,-0.3085668711959338,-0.1983516157323365,-0.0765721137239856,0.889441260600824,0.4924002537550548,0.0620224790294493,-0.127035410564694,-0.0909316733781197,-0.1047753239682263,0.0862785087437962,0.0010196694556558,0.0851542607108003,0.00010457857734,downstairs,wiktor
1672842746270193700,-0.3537259113906921,1.3021257907465524,-0.1414976771463895,1.3567148513797342,-0.3537259113906921,-0.3085668711959338,-0.1983516157323365,1.3021257907465524,0.889441260600824,0.4924002537550548,-0.1414976771463895,-0.127035410564694,-0.0909316733781197,0.0651888340422615,0.0001441399181528,0.0624593061575089,0.0025853879665996,downstairs,wiktor
1672842746280193700,-0.3367471058877802,1.6555640630304378,-0.0695895695840334,1.690897302711356,-0.3367471058877802,-0.3537259113906921,-0.3085668711959338,1.6555640630304378,1.3021257907465524,0.889441260600824,-0.0695895695840334,-0.1414976771463895,-0.127035410564694,0.0133931438217419,0.0049620520982849,0.0068929695785768,0.0015381221448801,downstairs,wiktor
1672842746290193700,-0.2371273076719136,1.7729776021013377,-0.0141256688037943,1.7888204136010672,-0.2371273076719136,-0.3367471058877802,-0.3537259113906921,1.7729776021013377,1.6555640630304378,1.3021257907465524,-0.0141256688037943,-0.0695895695840334,-0.1414976771463895,0.0164282865189066,0.0106325925683279,0.0053816972740604,0.0004139966765182,downstairs,wiktor
1672842746300193700,-0.0913014350132669,1.669230821196478,-0.0429005424444627,1.6722762759214695,-0.0913014350132669,-0.2371273076719136,-0.3367471058877802,1.669230821196478,1.7729776021013377,1.6555640630304378,-0.0429005424444627,-0.0141256688037943,-0.0695895695840334,0.0540773288538003,0.0128103638573803,0.0350129696725569,0.006253995323863,downstairs,wiktor
1672842746310193700,0.0687633259891498,1.404606673875955,-0.1547396708733184,1.4147765438541686,0.0687633259891498,-0.0913014350132669,-0.2371273076719136,1.404606673875955,1.669230821196478,1.7729776021013377,-0.1547396708733184,-0.0429005424444627,-0.0141256688037943,0.052872280686408,0.007966706820787,0.0412585992473573,0.0036469746182636,downstairs,wiktor
1672842746320193700,0.1949909522901067,1.1173486043727383,-0.240144291571073,1.159378564552097,0.1949909522901067,0.0687633259891498,-0.0913014350132669,1.1173486043727383,1.404606673875955,1.669230821196478,-0.240144291571073,-0.1547396708733184,-0.0429005424444627,0.0172150088519529,0.0011886005166407,0.0156746943556757,0.0003517139796364,downstairs,wiktor
1672842746330193700,0.2437475009095643,0.9402910185105352,-0.2666665079051737,1.0073088255989708,0.2437475009095643,0.1949909522901067,0.0687633259891498,0.9402910185105352,1.1173486043727383,1.404606673875955,-0.2666665079051737,-0.240144291571073,-0.1547396708733184,0.0098856649897323,0.0086821897319822,0.0009600746222519,0.000243400635498,downstairs,wiktor
1672842746340193700,0.1119735297924859,0.8964715109311027,-0.2446029345092754,0.9359646557727656,0.1119735297924859,0.2437475009095643,0.1949909522901067,0.8964715109311027,0.9402910185105352,1.1173486043727383,-0.2446029345092754,-0.2666665079051737,-0.240144291571073,0.0123431578099808,0.0112826297609502,5.187357218069557e-05,0.0010086544768499,downstairs,wiktor
1672842746350193700,-0.0382438444419896,0.9066571451460836,-0.1996884718752877,0.929174502600043,-0.0382438444419896,0.1119735297924859,0.2437475009095643,0.9066571451460836,0.8964715109311027,0.9402910185105352,-0.1996884718752877,-0.2446029345092754,-0.2666665079051737,0.0022629739825175,0.0003384222130548,0.0001169751593338,0.0018075766101288,downstairs,wiktor
1672842746360193700,-0.0642600783375726,0.9219525797155156,-0.1395623276428687,0.9346676201779648,-0.0642600783375726,-0.0382438444419896,0.1119735297924859,0.9219525797155156,0.9066571451460836,0.8964715109311027,-0.1395623276428687,-0.1996884718752877,-0.2446029345092754,0.0052626402558273,0.0037059062262904,1.3142017272896237e-05,0.001543592012264,downstairs,wiktor
1672842746370193700,0.0218318054412182,0.9270793754541607,-0.0839998940701029,0.9311330615573096,0.0218318054412182,-0.0642600783375726,-0.0382438444419896,0.9270793754541607,0.9219525797155156,0.9066571451460836,-0.0839998940701029,-0.1395623276428687,-0.1996884718752877,0.0070469943375918,0.0057977354999789,1.3310295916482698e-05,0.0012359485416964,downstairs,wiktor
1672842746380193700,0.1295140741764097,0.9219198607644864,-0.0342817174805211,0.9316036502908288,0.1295140741764097,0.0218318054412182,-0.0642600783375726,0.9219198607644864,0.9270793754541607,0.9219525797155156,-0.0342817174805211,-0.0839998940701029,-0.1395623276428687,0.0017037822756689,0.0011982425545918,1.642663587078767e-05,0.0004891130852062,downstairs,wiktor
1672842746390193700,0.178467982183675,0.9161880834012618,-0.003005110081181,0.9334133358366968,0.178467982183675,0.1295140741764097,0.0218318054412182,0.9161880834012618,0.9219198607644864,0.9270793754541607,-0.003005110081181,-0.0342817174805211,-0.0839998940701029,0.0002005017007368,0.0001626730388842,8.613256607012726e-07,3.696733619194221e-05,downstairs,wiktor
1672842746400193700,0.1604306298899372,0.914875585278824,0.0055934172569091,0.9288523078847156,0.1604306298899372,0.178467982183675,0.1295140741764097,0.914875585278824,0.9161880834012618,0.9219198607644864,0.0055934172569091,-0.003005110081181,-0.0342817174805211,0.0013458013944557,0.0010729312314331,0.0001808679941156,9.200216890691634e-05,downstairs,wiktor
1672842746410193700,0.1141071751087322,0.8958562270291017,-0.0079714026023382,0.9031292101230924,0.1141071751087322,0.1604306298899372,0.178467982183675,0.8958562270291017,0.914875585278824,0.9161880834012618,-0.0079714026023382,0.0055934172569091,-0.003005110081181,0.0019000318454896,0.0003950366555264,0.0012501886000413,0.0002548065899218,downstairs,wiktor
1672842746420193700,0.0859989323487728,0.8458524551705441,-0.0305460162168325,0.8507615714111005,0.0859989323487728,0.1141071751087322,0.1604306298899372,0.8458524551705441,0.8958562270291017,0.914875585278824,-0.0305460162168325,-0.0079714026023382,0.0055934172569091,0.0018056692705631,0.0002566249305269,0.0015151915664792,3.385277355688307e-05,downstairs,wiktor
1672842746430193700,0.0633439138969176,0.7908035393505338,-0.0387743542697911,0.794283412785481,0.0633439138969176,0.0859989323487728,0.1141071751087322,0.7908035393505338,0.8458524551705441,0.8958562270291017,-0.0387743542697911,-0.0305460162168325,-0.0079714026023382,0.0014028268533021,0.0003625951696278,0.0009981872858466,4.204439782764607e-05,downstairs,wiktor
1672842746440193700,0.0364145555819547,0.7461227317068332,-0.0479443485803287,0.7485478015388798,0.0364145555819547,0.0633439138969176,0.0859989323487728,0.7461227317068332,0.7908035393505338,0.8458524551705441,-0.0479443485803287,-0.0387743542697911,-0.0305460162168325,0.0010393568839159,0.0001330634705256,0.0007628519775982,0.0001434414357919,downstairs,wiktor
1672842746450193700,0.0201011579882171,0.7070624711445103,-0.0648819656377509,0.7103175797616633,0.0201011579882171,0.0364145555819547,0.0633439138969176,0.7070624711445103,0.7461227317068332,0.7908035393505338,-0.0648819656377509,-0.0479443485803287,-0.0387743542697911,0.0009625880727794,3.957403395360149e-06,0.0008146873716997,0.0001439432976843,downstairs,wiktor
1672842746460193700,0.0172878313469043,0.6666969568606619,-0.0818491868412552,0.6719248401320798,0.0172878313469043,0.0201011579882171,0.0364145555819547,0.6666969568606619,0.7070624711445103,0.7461227317068332,-0.0818491868412552,-0.0648819656377509,-0.0479443485803287,0.0002690248836851,4.67819629059292e-06,0.0001287701381038,0.0001355765492906,downstairs,wiktor
1672842746470193700,0.0203466534373806,0.6506488954136295,-0.0983159138560972,0.6583494439326554,0.0203466534373806,0.0172878313469043,0.0201011579882171,0.6506488954136295,0.6666969568606619,0.7070624711445103,-0.0983159138560972,-0.0818491868412552,-0.0648819656377509,0.0003327248419428,0.0002638067212737,7.537900647025486e-06,6.138022002207793e-05,downstairs,wiktor
1672842746480193700,-0.0026231842317766,0.6467661384943708,-0.1093956449017569,0.6559578691668427,-0.0026231842317766,0.0203466534373806,0.0172878313469043,0.6467661384943708,0.6506488954136295,0.6666969568606619,-0.1093956449017569,-0.0983159138560972,-0.0818491868412552,0.0012694746548485,0.0008192966943624,1.735388154196616e-05,0.000432824078944,downstairs,wiktor
1672842746490193700,-0.0431027270741184,0.6526574679779367,-0.1388175441927293,0.6686478341879959,-0.0431027270741184,-0.0026231842317766,0.0203466534373806,0.6526574679779367,0.6467661384943708,0.6506488954136295,-0.1388175441927293,-0.1093956449017569,-0.0983159138560972,0.0018431449092488,0.0001284229558076,0.0014922882521215,0.0002224337013195,downstairs,wiktor
1672842746500193700,-0.059129140010747,0.7072887456880831,-0.1599094242094366,0.7275470080526935,-0.059129140010747,-0.0431027270741184,-0.0026231842317766,0.7072887456880831,0.6526574679779367,0.6467661384943708,-0.1599094242094366,-0.1388175441927293,-0.1093956449017569,0.0054276639622814,0.0008656807806894,0.0044706725301715,9.131065142045774e-05,downstairs,wiktor
1672842746510193700,-0.0175195069748882,0.8018474314887178,-0.1734231691693252,0.8205740869138078,-0.0175195069748882,-0.059129140010747,-0.0431027270741184,0.8018474314887178,0.7072887456880831,0.6526574679779367,-0.1734231691693252,-0.1599094242094366,-0.1388175441927293,0.0084261978219528,0.0001596584074847,0.0081977237470009,6.881566746713945e-05,downstairs,wiktor
1672842746520193700,0.0003499310400442,0.9298921404539926,-0.1851548073726742,0.9481465171707656,0.0003499310400442,-0.0175195069748882,-0.059129140010747,0.9298921404539926,0.8018474314887178,0.7072887456880831,-0.1851548073726742,-0.1734231691693252,-0.1599094242094366,0.0099167473894365,0.0042611981442297,0.0053354994670345,0.0003200497781722,downstairs,wiktor
1672842746530193700,-0.0919668945577823,1.033192667723068,-0.2104549962325327,1.058412161575323,-0.0919668945577823,0.0003499310400442,-0.0175195069748882,1.033192667723068,0.9298921404539926,0.8018474314887178,-0.2104549962325327,-0.1851548073726742,-0.1734231691693252,0.002749377930474,0.0008557910979475,0.0016902372802249,0.0002033495523016,downstairs,wiktor
1672842746540193700,-0.1333381671499448,1.0913345163387589,-0.2306217784399964,1.1233772732533296,-0.1333381671499448,-0.0919668945577823,0.0003499310400442,1.0913345163387589,1.033192667723068,0.9298921404539926,-0.2306217784399964,-0.2104549962325327,-0.1851548073726742,0.002337480998478,0.0014653303035183,0.0007125329450526,0.000159617749907,downstairs,wiktor
1672842746550193700,-0.0792025909819874,1.1290845612407894,-0.2127546158277067,1.151681172637011,-0.0792025909819874,-0.1333381671499448,-0.0919668945577823,1.1290845612407894,1.0913345163387589,1.033192667723068,-0.2127546158277067,-0.2306217784399964,-0.2104549962325327,0.0026952495627714,0.0010262864584903,0.0004496968738025,0.0012192662304784,downstairs,wiktor
1672842746560193700,-0.0338972610860382,1.1590744553320516,-0.163373116650819,1.171022370647388,-0.0338972610860382,-0.0792025909819874,-0.1333381671499448,1.1590744553320516,1.1290845612407894,1.0913345163387589,-0.163373116650819,-0.2127546158277067,-0.2306217784399964,0.0005285977399563,6.919820534504962e-05,0.0002618876512712,0.00019751188334,downstairs,wiktor
1672842746570193700,-0.0221330607013924,1.1819605931133046,-0.1434979118297319,1.1908452320718506,-0.0221330607013924,-0.0338972610860382,-0.0792025909819874,1.1819605931133046,1.1590744553320516,1.1290845612407894,-0.1434979118297319,-0.163373116650819,-0.2127546158277067,0.0004554321340673,0.0002735845018348,0.0001813354362376,5.121959948122519e-07,downstairs,wiktor
1672842746580193700,-0.045524704586969,1.2010045126803317,-0.1424857893126301,1.2102836602888989,-0.045524704586969,-0.0221330607013924,-0.0338972610860382,1.2010045126803317,1.1819605931133046,1.1590744553320516,-0.1424857893126301,-0.1434979118297319,-0.163373116650819,0.0008919099233391,9.351742893498586e-05,0.0007739563262113,2.443616819281759e-05,downstairs,wiktor
1672842746590193700,-0.0592007733887106,1.2403480337787622,-0.1354949140894813,1.2491304368290683,-0.0592007733887106,-0.045524704586969,-0.0221330607013924,1.2403480337787622,1.2010045126803317,1.1819605931133046,-0.1354949140894813,-0.1424857893126301,-0.1434979118297319,0.0021246138446276,0.0001273659034184,0.0014737334098874,0.0005235145313216,downstairs,wiktor
1672842746600193700,-0.0751610931485713,1.294638611412224,-0.1031370856295352,1.3009133647229605,-0.0751610931485713,-0.0592007733887106,-0.045524704586969,1.294638611412224,1.2403480337787622,1.2010045126803317,-0.1031370856295352,-0.1354949140894813,-0.1424857893126301,0.0020537078411919,1.0001203124219404e-05,0.0012325985518769,0.0008111080861908,downstairs,wiktor
1672842746610193700,-0.0796334981222336,1.344289362703155,-0.0628603408208786,1.3481123125126315,-0.0796334981222336,-0.0751610931485713,-0.0592007733887106,1.344289362703155,1.294638611412224,1.2403480337787622,-0.0628603408208786,-0.1031370856295352,-0.1354949140894813,0.0020359231519982,0.0002919069888191,0.0001521148066684,0.0015919013565107,downstairs,wiktor
1672842746620193700,-0.0554712553116351,1.3617315418484588,-0.0064351450921848,1.3628760997695963,-0.0554712553116351,-0.0796334981222336,-0.0751610931485713,1.3617315418484588,1.344289362703155,1.294638611412224,-0.0064351450921848,-0.0628603408208786,-0.1031370856295352,0.0060568950852886,0.0034823980796512,0.0001256778792743,0.002448819126363,downstairs,wiktor
1672842746630193700,0.0279840989761665,1.3458773386660643,0.0635479832511961,1.3476673427465884,0.0279840989761665,-0.0554712553116351,-0.0796334981222336,1.3458773386660643,1.3617315418484588,1.344289362703155,0.0635479832511961,-0.0064351450921848,-0.0628603408208786,0.0051334139862306,0.0027763763668416,0.0005998788227618,0.0017571587966271,downstairs,wiktor
1672842746640193700,0.1025008939534289,1.3112398207768778,0.1228296633324344,1.320963068010075,0.1025008939534289,0.0279840989761665,-0.0554712553116351,1.3112398207768778,1.3458773386660643,1.3617315418484588,0.1228296633324344,0.0635479832511961,-0.0064351450921848,0.0030704956771217,0.0019096452434225,6.5677641396999335e-06,0.0011542826695595,downstairs,wiktor
1672842746650193700,0.164301302421699,1.307615523841002,0.1708771954138964,1.328929001895874,0.164301302421699,0.1025008939534289,0.0279840989761665,1.307615523841002,1.3112398207768778,1.3458773386660643,0.1708771954138964,0.1228296633324344,0.0635479832511961,0.0034625892724284,0.0010508875472812,0.0016601015141252,0.0007516002110219,downstairs,wiktor
1672842746660193700,0.2101464231496719,1.3652367267809835,0.2096483241315884,1.3971346603407415,0.2101464231496719,0.164301302421699,0.1025008939534289,1.3652367267809835,1.307615523841002,1.3112398207768778,0.2096483241315884,0.1708771954138964,0.1228296633324344,0.0032273264063459,4.7193769985372906e-05,0.0029257900585021,0.0002543425778584,downstairs,wiktor
1672842746670193700,0.2198617481555966,1.441732348335451,0.232202373783853,1.4767698855711222,0.2198617481555966,0.2101464231496719,0.164301302421699,1.441732348335451,1.3652367267809835,1.307615523841002,0.232202373783853,0.2096483241315884,0.1708771954138964,0.0033353434801061,3.826166463459049e-05,0.0031430785094871,0.0001540033059844,downstairs,wiktor
1672842746680193700,0.2111139867694373,1.5210176371283552,0.2497524909335713,1.5557763575118164,0.2111139867694373,0.2198617481555966,0.2101464231496719,1.5210176371283552,1.441732348335451,1.3652367267809835,0.2497524909335713,0.232202373783853,0.2096483241315884,0.0030340401085868,4.9204131633652646e-05,0.002873999611389,0.0001108363655641,downstairs,wiktor
1672842746690193700,0.2011938928551991,1.5968331976867134,0.2646411688845644,1.6310702596838655,0.2011938928551991,0.2111139867694373,0.2198617481555966,1.5968331976867134,1.5210176371283552,1.441732348335451,0.2646411688845644,0.2497524909335713,0.232202373783853,0.0019096984162351,2.521385048791852e-05,0.0018726575743953,1.18269913518945e-05,downstairs,wiktor
1672842746700193700,0.194092646417014,1.6580321776519926,0.2597776328557281,1.6894457896170254,0.194092646417014,0.2011938928551991,0.2111139867694373,1.6580321776519926,1.5968331976867134,1.5210176371283552,0.2597776328557281,0.2646411688845644,0.2497524909335713,0.005993531285346,0.0002267235403175,2.456199899128733e-05,0.0057422457460372,downstairs,wiktor
1672842746710193700,0.1727983495130273,1.651023326249475,0.1526119130938824,1.6670415979910282,0.1727983495130273,0.194092646417014,0.2011938928551991,1.651023326249475,1.6580321776519926,1.5968331976867134,0.1526119130938824,0.2597776328557281,0.2646411688845644,0.0281194988359777,0.0019066344573504,0.0142457929216796,0.0119670714569476,downstairs,wiktor
1672842746720193700,0.1110466781615497,1.48222881850897,-0.0020947219089359,1.486384211100578,0.1110466781615497,0.1727983495130273,0.194092646417014,1.48222881850897,1.651023326249475,1.6580321776519926,-0.0020947219089359,0.1526119130938824,0.2597776328557281,0.0119979112624986,0.0002883671550559,0.0101931364900736,0.0015164076173689,downstairs,wiktor
1672842746730193700,0.0870313849067938,1.3394483122059475,-0.0571657236679193,1.3434895470351207,0.0870313849067938,0.1110466781615497,0.1727983495130273,1.3394483122059475,1.48222881850897,1.651023326249475,-0.0571657236679193,-0.0020947219089359,0.1526119130938824,0.0061179182847267,0.0015802850940594,0.0038793981837922,0.000658235006875,downstairs,wiktor
1672842746740193700,0.1432503335639768,1.2513642820552762,-0.0208825317775951,1.259710008138123,0.1432503335639768,0.0870313849067938,0.1110466781615497,1.2513642820552762,1.3394483122059475,1.48222881850897,-0.0208825317775951,-0.0571657236679193,-0.0020947219089359,0.0072913815962824,0.0047781032796799,0.0021713740775394,0.000341904239063,downstairs,wiktor
1672842746750193700,0.2410061853548536,1.185464751290035,0.0052672001163653,1.2097265812271418,0.2410061853548536,0.1432503335639768,0.0870313849067938,1.185464751290035,1.2513642820552762,1.3394483122059475,0.0052672001163653,-0.0208825317775951,-0.0571657236679193,0.0047187085705807,0.0042826240649958,0.00042865374601,7.430759574874047e-06,downstairs,wiktor
1672842746760193700,0.3335548111144595,1.1561849375607745,0.0014121360248426,1.2033388616629013,0.3335548111144595,0.2410061853548536,0.1432503335639768,1.1561849375607745,1.185464751290035,1.2513642820552762,0.0014121360248426,0.0052672001163653,-0.0208825317775951,0.0022791780835525,0.0017688524312192,0.0003745197064608,0.0001358059458725,downstairs,wiktor
1672842746770193700,0.393033419558492,1.1835535219765172,-0.015068516017629,1.2471973654750212,0.393033419558492,0.3335548111144595,0.2410061853548536,1.1835535219765172,1.1561849375607745,1.185464751290035,-0.015068516017629,0.0014121360248426,0.0052672001163653,0.0033214151701174,0.0001524223637762,0.0029929098814877,0.0001760829248534,downstairs,wiktor
1672842746780193700,0.4104932227518982,1.260921601718589,-0.0338345984459593,1.3264888810909086,0.4104932227518982,0.393033419558492,0.3335548111144595,1.260921601718589,1.1835535219765172,1.1561849375607745,-0.0338345984459593,-0.015068516017629,0.0014121360248426,0.0032366827301949,0.0005927251851401,0.0023866600524763,0.0002572974925784,downstairs,wiktor
1672842746790193700,0.376062852868896,1.3300108201607788,-0.0565192845834583,1.3833099727040452,0.376062852868896,0.4104932227518982,0.393033419558492,1.3300108201607788,1.260921601718589,1.1835535219765172,-0.0565192845834583,-0.0338345984459593,-0.015068516017629,0.0051316689870281,0.0045476916359533,0.0002151850565633,0.0003687922945113,downstairs,wiktor
1672842746800193700,0.2806931340273964,1.3507561838145388,-0.0836777931769506,1.3821479214159034,0.2806931340273964,0.376062852868896,0.4104932227518982,1.3507561838145388,1.3300108201607788,1.260921601718589,-0.0836777931769506,-0.0565192845834583,-0.0338345984459593,0.0126326858740057,0.0112296132276815,0.0011610843568114,0.0002419882895127,downstairs,wiktor
1672842746810193700,0.1308291074721114,1.302567298025149,-0.1056772608756348,1.3133794214592611,0.1308291074721114,0.2806931340273964,0.376062852868896,1.302567298025149,1.3507561838145388,1.3300108201607788,-0.1056772608756348,-0.0836777931769506,-0.0565192845834583,0.0151040863963061,0.0139988019846533,0.0010768586373491,2.8425774303698764e-05,downstairs,wiktor
1672842746820193700,-0.0364957381704488,1.2561591384548936,-0.0981372642836331,1.2605152290509711,-0.0364957381704488,0.1308291074721114,0.2806931340273964,1.2561591384548936,1.302567298025149,1.3507561838145388,-0.0981372642836331,-0.1056772608756348,-0.0836777931769506,0.0093652804958566,0.0091242136969835,1.721246773533738e-06,0.0002393455520995,downstairs,wiktor
1672842746830193700,-0.1715824784300582,1.2543037426623287,-0.0762582536981644,1.2682798378189335,-0.1715824784300582,-0.0364957381704488,0.1308291074721114,1.2543037426623287,1.2561591384548936,1.302567298025149,-0.0762582536981644,-0.0981372642836331,-0.1056772608756348,0.0036708140342433,0.0014057015780676,0.0022601478991736,4.964557002030518e-06,downstairs,wiktor
1672842746840193700,-0.224605144867492,1.3215368877497582,-0.0794093033651898,1.3428376872299976,-0.224605144867492,-0.1715824784300582,-0.0364957381704488,1.3215368877497582,1.2543037426623287,1.2561591384548936,-0.0794093033651898,-0.0762582536981644,-0.0981372642836331,0.0014161295246045,0.0004581481293686,0.0009363293752691,2.1652019966712523e-05,downstairs,wiktor
1672842746850193700,-0.2548755307047641,1.3648111150743265,-0.0728287228487441,1.3903146905842,-0.2548755307047641,-0.224605144867492,-0.1715824784300582,1.3648111150743265,1.3215368877497582,1.2543037426623287,-0.0728287228487441,-0.0794093033651898,-0.0762582536981644,0.0101353703720841,0.0070434062578634,0.0001378200259342,0.0029541440882863,downstairs,wiktor
1672842746860193700,-0.3735634092590922,1.3814135261000935,0.0040366671299243,1.4310378211323025,-0.3735634092590922,-0.2548755307047641,-0.224605144867492,1.3814135261000935,1.3648111150743265,1.3215368877497582,0.0040366671299243,-0.0728287228487441,-0.0794093033651898,0.0072717164193702,0.0003175805049982,1.708682267096307e-05,0.0069370490917009,downstairs,wiktor
1672842746870193700,-0.3987658101367184,1.375567703203193,0.1218250289633496,1.4373733040207828,-0.3987658101367184,-0.3735634092590922,-0.2548755307047641,1.375567703203193,1.3814135261000935,1.3648111150743265,0.1218250289633496,0.0040366671299243,-0.0728287228487441,0.0064287273981273,0.0022202902591822,0.000693837440687,0.003514599698258,downstairs,wiktor
1672842746880193700,-0.3321281292169526,1.3383161947589148,0.2056653497911953,1.3941655452190278,-0.3321281292169526,-0.3987658101367184,-0.3735634092590922,1.3383161947589148,1.375567703203193,1.3814135261000935,0.2056653497911953,0.1218250289633496,0.0040366671299243,0.021876772849581,0.0142177955917914,0.0066774963009118,0.0009814809568777,downstairs,wiktor
1672842746890193700,-0.1634995694069878,1.2227523915944996,0.2499706758113863,1.25870602569144,-0.1634995694069878,-0.3321281292169526,-0.3987658101367184,1.2227523915944996,1.3383161947589148,1.375567703203193,0.2499706758113863,0.2056653497911953,0.1218250289633496,0.0222745577675427,0.0092691481498027,0.0127320102353182,0.0002733993824217,downstairs,wiktor
1672842746900193700,-0.0273441571032331,1.0631778934106215,0.2733544044457072,1.098097248149999,-0.0273441571032331,-0.1634995694069878,-0.3321281292169526,1.0631778934106215,1.2227523915944996,1.3383161947589148,0.2733544044457072,0.2499706758113863,0.2056653497911953,0.015006839799345,0.0087081906082027,0.0062953747026563,3.274488485899222e-06,downstairs,wiktor
1672842746910193700,0.1046269807125998,0.950969384796913,0.2759135013512186,0.9956996716590514,0.1046269807125998,-0.0273441571032331,-0.1634995694069878,0.950969384796913,1.0631778934106215,1.2227523915944996,0.2759135013512186,0.2733544044457072,0.2499706758113863,0.014184656030659,0.0075256562448911,0.0039211422815415,0.0027378575042263,downstairs,wiktor
1672842746920193700,0.2273107713688324,0.8624127104968746,0.2019154269948363,0.914437373287732,0.2273107713688324,0.1046269807125998,-0.0273441571032331,0.8624127104968746,0.950969384796913,1.0631778934106215,0.2019154269948363,0.2759135013512186,0.2733544044457072,0.0246228707918761,0.0016094723515086,0.0004609926601913,0.0225524057801761,downstairs,wiktor
1672842746930193700,0.2840465158604426,0.8320484993201827,-0.0104635068953973,0.8792591275443064,0.2840465158604426,0.2273107713688324,0.1046269807125998,0.8320484993201827,0.8624127104968746,0.950969384796913,-0.0104635068953973,0.2019154269948363,0.2759135013512186,0.0178824756798311,0.0077936604338098,2.4520712759765704e-05,0.0100642945332615,downstairs,wiktor
1672842746940193700,0.408895708359312,0.8390514576607364,-0.1523387657199121,0.945732598813394,0.408895708359312,0.2840465158604426,0.2273107713688324,0.8390514576607364,0.8320484993201827,0.8624127104968746,-0.1523387657199121,-0.0104635068953973,0.2019154269948363,0.0074577713606525,0.0063473703044026,0.0009891479240206,0.0001212531322292,downstairs,wiktor
1672842746950193700,0.521566647863717,0.7945734198438389,-0.1679113783606481,0.9651802519058814,0.521566647863717,0.408895708359312,0.2840465158604426,0.7945734198438389,0.8390514576607364,0.8320484993201827,-0.1679113783606481,-0.1523387657199121,-0.0104635068953973,0.0336700427768828,0.0309245123842409,0.0013350496722146,0.0014104807204272,downstairs,wiktor
1672842746960193700,0.2728720062477747,0.742900415824049,-0.1147986544533348,0.7997117547526275,0.2728720062477747,0.521566647863717,0.408895708359312,0.742900415824049,0.7945734198438389,0.8390514576607364,-0.1147986544533348,-0.1679113783606481,-0.1523387657199121,0.0870143525437215,0.0844221767785743,0.0013245416551008,0.0012676341100463,downstairs,wiktor
1672842746970193700,-0.1380347393249266,0.6914311695676516,-0.064447207402702,0.7080141905726169,-0.1380347393249266,0.2728720062477747,0.521566647863717,0.6914311695676516,0.742900415824049,0.7945734198438389,-0.064447207402702,-0.1147986544533348,-0.1679113783606481,0.0307375499125043,0.0274727594894236,0.0022140186981452,0.0010507717249354,downstairs,wiktor
1672842746980193700,-0.372439344609992,0.6248876695372914,-0.0186046131276081,0.7276962254834742,-0.372439344609992,-0.1380347393249266,0.2728720062477747,0.6248876695372914,0.6914311695676516,0.742900415824049,-0.0186046131276081,-0.064447207402702,-0.1147986544533348,0.0047302012797736,0.0008970259709443,0.0031573000448904,0.0006758752639388,downstairs,wiktor
1672842746990193700,-0.4147955949384712,0.5454232115086808,0.0181615469639442,0.685471886382605,-0.4147955949384712,-0.372439344609992,-0.1380347393249266,0.5454232115086808,0.6248876695372914,0.6914311695676516,0.0181615469639442,-0.0186046131276081,-0.064447207402702,0.004361087226259,0.0012609467802465,0.0030944385224307,5.701923581701575e-06,downstairs,wiktor
1672842747000193700,-0.3645771365741101,0.4667537953111421,0.0147845886930437,0.5924476162605057,-0.3645771365741101,-0.4147955949384712,-0.372439344609992,0.4667537953111421,0.5454232115086808,0.6248876695372914,0.0147845886930437,0.0181615469639442,-0.0186046131276081,0.0165919364546393,0.0146495758635973,0.0008425104573591,0.0010998501336828,downstairs,wiktor
1672842747010193700,-0.1934071867371288,0.4257047890537624,-0.0321163736357359,0.4686815216758489,-0.1934071867371288,-0.3645771365741101,-0.4147955949384712,0.4257047890537624,0.4667537953111421,0.5454232115086808,-0.0321163736357359,0.0147845886930437,0.0181615469639442,0.0428839018445986,0.0389824723588524,1.5195416469935822e-06,0.0038999099440991,downstairs,wiktor
1672842747020193700,0.085814848062607,0.4274480857278794,-0.1204329626108452,0.452305375408763,0.085814848062607,-0.1934071867371288,-0.3645771365741101,0.4274480857278794,0.4257047890537624,0.4667537953111421,-0.1204329626108452,-0.0321163736357359,0.0147845886930437,0.0311356151313242,0.0182776848436571,0.0008666202335791,0.0119913100540879,downstairs,wiktor
1672842747030193700,0.2770094339883447,0.4690802904155755,-0.2752961929406297,0.6103757361023685,0.2770094339883447,0.085814848062607,-0.1934071867371288,0.4690802904155755,0.4274480857278794,0.4257047890537624,-0.2752961929406297,-0.1204329626108452,-0.0321163736357359,0.0067433585268596,1.1794834636960317e-05,0.0019523110490516,0.004779252643171,downstairs,wiktor
1672842747040193700,0.2818663537194007,0.5315672658432866,-0.3730638015149529,0.7079470315468283,0.2818663537194007,0.2770094339883447,0.085814848062607,0.5315672658432866,0.4690802904155755,0.4274480857278794,-0.3730638015149529,-0.2752961929406297,-0.1204329626108452,0.0083725837814526,0.0069748615905478,0.0008981945053791,0.0004995276855256,downstairs,wiktor
1672842747050193700,0.1637574074829036,0.5739510954338072,-0.404671638692641,0.7211071235380887,0.1637574074829036,0.2818663537194007,0.2770094339883447,0.5739510954338072,0.5315672658432866,0.4690802904155755,-0.404671638692641,-0.3730638015149529,-0.2752961929406297,0.0054233134479201,0.0052725220026521,3.0501087240688097e-06,0.0001477413365439,downstairs,wiktor
1672842747060193700,0.061068342800707,0.5764209572615493,-0.4218612481439311,0.7169082055244598,0.061068342800707,0.1637574074829036,0.2818663537194007,0.5764209572615493,0.5739510954338072,0.5315672658432866,-0.4218612481439311,-0.404671638692641,-0.3730638015149529,0.0044679285523369,0.0034724697747707,0.0009309503845233,6.450839304282847e-05,downstairs,wiktor
1672842747070193700,-0.0222679611102628,0.5332712090693905,-0.410502692510152,0.6733398139664861,-0.0222679611102628,0.061068342800707,0.1637574074829036,0.5332712090693905,0.5764209572615493,0.5739510954338072,-0.410502692510152,-0.4218612481439311,-0.404671638692641,0.011791531735042,0.0011201890486342,0.0026916863938491,0.0079796562925586,downstairs,wiktor
1672842747080193700,-0.0696005935879575,0.4598997378581741,-0.2841725196094657,0.5450743365918135,-0.0696005935879575,-0.0222679611102628,0.061068342800707,0.4598997378581741,0.5332712090693905,0.5764209572615493,-0.2841725196094657,-0.410502692510152,-0.4218612481439311,0.0248925255274643,9.3362929939877e-05,0.0041429016603511,0.0206562609371733,downstairs,wiktor
1672842747090193700,-0.0559358264885974,0.3688733498121665,-0.0809176995575253,0.3817643762693075,-0.0559358264885974,-0.0696005935879575,-0.0222679611102628,0.3688733498121665,0.4598997378581741,0.5332712090693905,-0.0809176995575253,-0.2841725196094657,-0.410502692510152,0.026874527590534,0.0089510611714511,0.0054891241067348,0.0124343423123481,downstairs,wiktor
1672842747100193700,0.0778629864467283,0.2640962138832357,0.0767803810417521,0.285840308142116,0.0778629864467283,-0.0559358264885974,-0.0696005935879575,0.2640962138832357,0.3688733498121665,0.4598997378581741,0.0767803810417521,-0.0809176995575253,-0.2841725196094657,0.011367472669491,0.0039993555369635,0.0063500414226212,0.0010180757099061,downstairs,wiktor
1672842747110193700,0.1672984999406819,0.1514015696216626,0.1219041155925663,0.256460205031329,0.1672984999406819,0.0778629864467283,-0.0559358264885974,0.1514015696216626,0.2640962138832357,0.3688733498121665,0.1219041155925663,0.0767803810417521,-0.0809176995575253,0.0045675161610564,0.0006562109491364,0.0023058292965832,0.0016054759153368,downstairs,wiktor
1672842747120193700,0.2035258638838789,0.0834923758908687,0.065238854358953,0.229455577878704,0.2035258638838789,0.1672984999406819,0.0778629864467283,0.0834923758908687,0.1514015696216626,0.2640962138832357,0.065238854358953,0.1219041155925663,0.0767803810417521,0.0086205088164858,8.352880565634028e-05,9.843131834173856e-06,0.0085271368789953,downstairs,wiktor
1672842747130193700,0.2164509407235995,0.0790554553745254,-0.0653531582528089,0.2395241325174176,0.2164509407235995,0.2035258638838789,0.1672984999406819,0.0790554553745254,0.0834923758908687,0.1514015696216626,-0.0653531582528089,0.065238854358953,0.1219041155925663,0.0125093186884636,0.0005069438646852,0.0039751887211718,0.0080271861026065,downstairs,wiktor
1672842747140193700,0.1846093369736223,0.1682203444416004,-0.1920590073885652,0.3150640472998658,0.1846093369736223,0.2164509407235995,0.2035258638838789,0.1682203444416004,0.0790554553745254,0.0834923758908687,-0.1920590073885652,-0.0653531582528089,0.065238854358953,0.0117544129931612,0.0043400491071414,0.005175114346445,0.0022392495395747,downstairs,wiktor
1672842747150193700,0.0914422922942779,0.2699564181465068,-0.2589805964249104,0.38510921807083,0.0914422922942779,0.1846093369736223,0.2164509407235995,0.2699564181465068,0.1682203444416004,0.0790554553745254,-0.2589805964249104,-0.1920590073885652,-0.0653531582528089,0.0056130405252316,0.0050117794581476,0.0005961234524159,5.137614668063282e-06,downstairs,wiktor
1672842747160193700,-0.0086754329909842,0.3044853466678486,-0.2621860962823626,0.4019056338953279,-0.0086754329909842,0.0914422922942779,0.1846093369736223,0.3044853466678486,0.2699564181465068,0.1682203444416004,-0.2621860962823626,-0.2589805964249104,-0.1920590073885652,0.0028896741555966,6.82197878549359e-06,8.666035419312101e-05,0.002796191822618,downstairs,wiktor
1672842747170193700,-0.0049816601811072,0.3176504789644205,-0.1874038547725229,0.3688452907495047,-0.0049816601811072,-0.0086754329909842,0.0914422922942779,0.3176504789644205,0.3044853466678486,0.2699564181465068,-0.1874038547725229,-0.2621860962823626,-0.2589805964249104,0.0381708543021099,0.0150622509976583,0.0170898029296346,0.0060188003748169,downstairs,wiktor
1672842747180193700,0.1685824547600775,0.5025277513893167,-0.0776878543458129,0.5357140913604875,0.1685824547600775,-0.0049816601811072,-0.0086754329909842,0.5025277513893167,0.3176504789644205,0.3044853466678486,-0.0776878543458129,-0.1874038547725229,-0.2621860962823626,0.1474184003338637,0.004764472354843,0.1349533228257428,0.0077006051532777,downstairs,wiktor
1672842747190193700,0.2661987685077606,1.0220531556300387,0.0464137584823675,1.0571701255071615,0.2661987685077606,0.1685824547600775,-0.0049816601811072,1.0220531556300387,0.5025277513893167,0.3176504789644205,0.0464137584823675,-0.0776878543458129,-0.1874038547725229,0.1626679577816323,0.0077869185277876,0.1541622590693484,0.0007187801844962,downstairs,wiktor
1672842747200193700,0.1414035880897041,1.5773229262269053,0.0843289318169638,1.5858921643879322,0.1414035880897041,0.2661987685077606,0.1685824547600775,1.5773229262269053,1.0220531556300387,0.5025277513893167,0.0843289318169638,0.0464137584823675,-0.0776878543458129,0.2237429278157185,0.0027816258481387,0.2184213362009212,0.0025399657666585,downstairs,wiktor
1672842747210193700,0.2159907967536397,2.238263674253415,0.0130552933991225,2.2486988994639563,0.2159907967536397,0.1414035880897041,0.2661987685077606,2.238263674253415,1.5773229262269053,1.0220531556300387,0.0130552933991225,0.0843289318169638,0.0464137584823675,0.4707101331094972,0.0003980933086713,0.4486068056256938,0.021705234175132,downstairs,wiktor
1672842747220193700,0.1877740177499555,3.1854772780679865,-0.195296496490631,3.1969775245332746,0.1877740177499555,0.2159907967536397,0.1414035880897041,3.1854772780679865,2.238263674253415,1.5773229262269053,-0.195296496490631,0.0130552933991225,0.0843289318169638,0.1397524056134236,0.0129694310708553,0.1055062710442806,0.0212767034982877,downstairs,wiktor
1672842747230193700,0.0267185548133924,3.644838293053544,-0.4015812680967179,3.666991625101829,0.0267185548133924,0.1877740177499555,0.2159907967536397,3.644838293053544,3.1854772780679865,2.238263674253415,-0.4015812680967179,-0.195296496490631,0.0130552933991225,0.5443343951474191,0.0069888348690813,0.5292739149863284,0.0080716452920093,downstairs,wiktor
1672842747240193700,0.1449457502388219,2.6159807567674664,-0.5286375177817246,2.6727929615846424,0.1449457502388219,0.0267185548133924,0.1877740177499555,2.6159807567674664,3.644838293053544,3.1854772780679865,-0.5286375177817246,-0.4015812680967179,-0.195296496490631,1.1076044836403056,0.0009212672288791,1.1066405180335577,4.26983778688569e-05,downstairs,wiktor
1672842747250193700,0.1878705036773486,1.1282707594672148,-0.5193964812739668,1.256209750631034,0.1878705036773486,0.1449457502388219,0.0267185548133924,1.1282707594672148,2.6159807567674664,3.644838293053544,-0.5193964812739668,-0.5286375177817246,-0.4015812680967179,0.2631373159126809,8.146086292208806e-06,0.251039731322222,0.0120894385041667,downstairs,wiktor
1672842747260193700,0.1919068600273774,0.4196951017958239,-0.3639008961008388,0.5877040782400339,0.1919068600273774,0.1878705036773486,0.1449457502388219,0.4196951017958239,1.1282707594672148,2.6159807567674664,-0.3639008961008388,-0.5193964812739668,-0.5286375177817246,0.0620552949394422,0.0001342528306864,0.0541558252095426,0.0077652168992132,downstairs,wiktor
1672842747270193700,0.1755207176694943,0.0905877478532459,-0.2392797349827267,0.3102715809830825,0.1755207176694943,0.1919068600273774,0.1878705036773486,0.0905877478532459,0.4196951017958239,1.1282707594672148,-0.2392797349827267,-0.3639008961008388,-0.5193964812739668,0.0162140035233764,0.0048600346693173,0.009146315102055,0.002207653752004,downstairs,wiktor
1672842747280193700,0.0769303056679473,-0.0446625024389812,-0.1728319547037131,0.1943808005462014,0.0769303056679473,0.1755207176694943,0.1919068600273774,-0.0446625024389812,0.0905877478532459,0.4196951017958239,-0.1728319547037131,-0.2392797349827267,-0.3639008961008388,0.0065296867331284,0.0060976721471465,1.7781725149822108e-05,0.0004142328608321,downstairs,wiktor
1672842747290193700,-0.0335022271033928,-0.0386989925413081,-0.1440488742281244,0.1528727883273853,-0.0335022271033928,0.0769303056679473,0.1755207176694943,-0.0386989925413081,-0.0446625024389812,0.0905877478532459,-0.1440488742281244,-0.1728319547037131,-0.2392797349827267,0.0660728889705938,0.0093171788549801,0.0556133187461409,0.0011423913694727,downstairs,wiktor
1672842747300193700,-0.1700099474343697,0.2948075853432695,-0.0962494731968816,0.3536648918018914,-0.1700099474343697,-0.0335022271033928,0.0769303056679473,0.2948075853432695,-0.0386989925413081,-0.0446625024389812,-0.0962494731968816,-0.1440488742281244,-0.1728319547037131,0.1216788334832102,0.0073681446831977,0.1139133924977764,0.000397296302236,downstairs,wiktor
1672842747310193700,-0.2914030665408309,0.772119626879572,-0.0680609541781002,0.8280801645285817,-0.2914030665408309,-0.1700099474343697,-0.0335022271033928,0.772119626879572,0.2948075853432695,-0.0386989925413081,-0.0680609541781002,-0.0962494731968816,-0.1440488742281244,0.0987114217164546,0.0001695764533503,0.0984572769244691,8.456833863510854e-05,downstairs,wiktor
1672842747320193700,-0.3098191710882269,1.2158701805118333,-0.0550556984224368,1.2559296734134664,-0.3098191710882269,-0.2914030665408309,-0.1700099474343697,1.2158701805118333,0.772119626879572,0.2948075853432695,-0.0550556984224368,-0.0680609541781002,-0.0962494731968816,0.0926989598226812,0.0023659257726722,0.0848492992102722,0.0054837348397367,downstairs,wiktor
1672842747330193700,-0.241030716058735,1.627815077822802,0.0496699893503033,1.64631249813427,-0.241030716058735,-0.3098191710882269,-0.2914030665408309,1.627815077822802,1.2158701805118333,0.772119626879572,0.0496699893503033,-0.0550556984224368,-0.0680609541781002,0.0340819528269043,0.0100284358317775,0.0207861919592245,0.0032673250359022,downstairs,wiktor
1672842747340193700,-0.0994084308647898,1.83170814763747,0.1305071718333942,1.8390402105849784,-0.0994084308647898,-0.241030716058735,-0.3098191710882269,1.83170814763747,1.627815077822802,1.2158701805118333,0.1305071718333942,0.0496699893503033,-0.0550556984224368,0.0285266812101459,0.0281931330946378,0.0003184365720887,1.5111543419345064e-05,downstairs,wiktor
1672842747350193700,0.138049494227795,1.856944493335244,0.1250096190288556,1.866260410294977,0.138049494227795,-0.0994084308647898,-0.241030716058735,1.856944493335244,1.83170814763747,1.627815077822802,0.1250096190288556,0.1305071718333942,0.0496699893503033,0.0531541366815784,0.0138433227697317,0.0264600464448472,0.0128507674669994,downstairs,wiktor
1672842747360193700,0.3044425395736374,1.6269008172872064,-0.0353073636460902,1.655517483785497,0.3044425395736374,0.138049494227795,-0.0994084308647898,1.6269008172872064,1.856944493335244,1.83170814763747,-0.0353073636460902,0.1250096190288556,0.1305071718333942,0.0790427712028482,0.0103990854904453,0.0636495166162722,0.0049941690961305,downstairs,wiktor
1672842747370193700,0.1602268296773477,1.2701109165997786,-0.1352490375977566,1.287302093366395,0.1602268296773477,0.3044425395736374,0.138049494227795,1.2701109165997786,1.6269008172872064,1.856944493335244,-0.1352490375977566,-0.0353073636460902,0.1250096190288556,0.0502815708614472,0.0292768700104116,0.0209639082788573,4.079257217820301e-05,downstairs,wiktor
1672842747380193700,-0.0817519710900405,1.0653480865799856,-0.1442814871191437,1.0781776652676751,-0.0817519710900405,0.1602268296773477,0.3044425395736374,1.0653480865799856,1.2701109165997786,1.6269008172872064,-0.1442814871191437,-0.1352490375977566,-0.0353073636460902,0.0071535707823181,0.0004539551758128,0.0066474929866949,5.212261981032287e-05,downstairs,wiktor
1672842747390193700,-0.1118835218570629,0.9500442012447986,-0.1544915429280335,0.9690044084617426,-0.1118835218570629,-0.0817519710900405,0.1602268296773477,0.9500442012447986,1.0653480865799856,1.2701109165997786,-0.1544915429280335,-0.1442814871191437,-0.1352490375977566,0.0077455241347744,0.0032682312963045,0.0044417623844434,3.5530454026426244e-05,downstairs,wiktor
1672842747400193700,-0.0310351292162129,0.8557917489218644,-0.162921306154415,0.8717144307439628,-0.0310351292162129,-0.1118835218570629,-0.0817519710900405,0.8557917489218644,0.9500442012447986,1.0653480865799856,-0.162921306154415,-0.1544915429280335,-0.1442814871191437,0.0072341686347651,0.0050443628423162,0.0021399300629403,4.987572950849896e-05,downstairs,wiktor
1672842747410193700,0.0694075195174428,0.7903711090145642,-0.1529337409347532,0.8080177119635278,0.0694075195174428,-0.0310351292162129,-0.1118835218570629,0.7903711090145642,0.8557917489218644,0.9500442012447986,-0.1529337409347532,-0.162921306154415,-0.1544915429280335,0.0040642680232989,0.0026309428482486,0.0001761876066807,0.0012571375683695,downstairs,wiktor
1672842747420193700,0.1419463759772552,0.771599449168894,-0.1027911927671638,0.7912524963128478,0.1419463759772552,0.0694075195174428,-0.0310351292162129,0.771599449168894,0.7903711090145642,0.8557917489218644,-0.1027911927671638,-0.1529337409347532,-0.162921306154415,0.0013294320036499,0.0001286568905725,4.122312870778656e-05,0.0011595519843695,downstairs,wiktor
1672842747430193700,0.1579873790987922,0.7806794413173253,-0.0546341167685201,0.7983766584545874,0.1579873790987922,0.1419463759772552,0.0694075195174428,0.7806794413173253,0.771599449168894,0.7903711090145642,-0.0546341167685201,-0.1027911927671638,-0.1529337409347532,0.0014804360920702,0.0013147762465894,6.0767794272609065e-06,0.0001595830660535,downstairs,wiktor
1672842747440193700,0.1067082167306436,0.7841656367872497,-0.036768895468265,0.792246389142761,0.1067082167306436,0.1579873790987922,0.1419463759772552,0.7841656367872497,0.7806794413173253,0.771599449168894,-0.036768895468265,-0.0546341167685201,-0.1027911927671638,0.0013795521434284,0.0013587687619559,1.3673853473095553e-05,7.109527999471904e-06,downstairs,wiktor
1672842747450193700,0.0545782107464521,0.7789361332786754,-0.0329980791111689,0.7815428037161147,0.0545782107464521,0.1067082167306436,0.1579873790987922,0.7789361332786754,0.7841656367872497,0.7806794413173253,-0.0329980791111689,-0.036768895468265,-0.0546341167685201,8.602724748654208e-05,8.707156071255286e-06,1.5400640115967093e-07,7.716608501412713e-05,downstairs,wiktor
1672842747460193700,0.0504051648393825,0.7794911222896651,-0.0205750291624544,0.7813900576510574,0.0504051648393825,0.0545782107464521,0.1067082167306436,0.7794911222896651,0.7789361332786754,0.7841656367872497,-0.0205750291624544,-0.0329980791111689,-0.036768895468265,0.0001901085793252,7.363204456392711e-05,8.007600500128726e-06,0.0001084689342612,downstairs,wiktor
1672842747470193700,0.0625404064574078,0.7754892226157281,-0.0058462183305351,0.7780289294761297,0.0625404064574078,0.0504051648393825,0.0545782107464521,0.7754892226157281,0.7794911222896651,0.7789361332786754,-0.0058462183305351,-0.0205750291624544,-0.0329980791111689,0.0002377774976462,0.0001428381482089,5.391522823743832e-05,4.102412119983147e-05,downstairs,wiktor
1672842747480193700,0.0456384451387345,0.7651050781408627,-0.0149042668179115,0.7666099304346352,0.0456384451387345,0.0625404064574078,0.0504051648393825,0.7651050781408627,0.7754892226157281,0.7794911222896651,-0.0149042668179115,-0.0058462183305351,-0.0205750291624544,0.0008611016383732,0.0003814723304918,7.614531172706377e-05,0.0004034839961542,downstairs,wiktor
1672842747490193700,0.0180169922264823,0.7527644694259683,-0.0433114488729572,0.7542246615183856,0.0180169922264823,0.0456384451387345,0.0625404064574078,0.7527644694259683,0.7651050781408627,0.7754892226157281,-0.0433114488729572,-0.0149042668179115,-0.0058462183305351,0.0009134500192594,0.000377644904929,0.0001258437691646,0.0004099613451657,downstairs,wiktor
1672842747500193700,-0.0094655442259287,0.7368998062297542,-0.0719457410823259,0.7404641183803758,-0.0094655442259287,0.0180169922264823,0.0456384451387345,0.7368998062297542,0.7527644694259683,0.7651050781408627,-0.0719457410823259,-0.0433114488729572,-0.0149042668179115,0.0002880874510448,9.079813217636468e-05,7.423362037027588e-05,0.0001230556984982,downstairs,wiktor
1672842747510193700,0.0040102215910008,0.7247150928256337,-0.0876336790282903,0.730005280355224,0.0040102215910008,-0.0094655442259287,0.0180169922264823,0.7247150928256337,0.7368998062297542,0.7527644694259683,-0.0876336790282903,-0.0719457410823259,-0.0433114488729572,0.0005042844025309,0.0004430593870165,1.2057110794765272e-05,4.916790471967831e-05,downstairs,wiktor
1672842747520193700,0.0337779688022536,0.7296257161658555,-0.0975501203980235,0.7368925721274523,0.0337779688022536,0.0040102215910008,-0.0094655442259287,0.7296257161658555,0.7247150928256337,0.7368998062297542,-0.0975501203980235,-0.0876336790282903,-0.0719457410823259,0.000256781625654,3.25408831561466e-05,3.52423225240738e-05,0.0001889984199738,downstairs,wiktor
1672842747530193700,0.025710641716267,0.7380212295538591,-0.1169922612253012,0.7476787823365468,0.025710641716267,0.0337779688022536,0.0040102215910008,0.7380212295538591,0.7296257161658555,0.7247150928256337,-0.1169922612253012,-0.0975501203980235,-0.0876336790282903,0.0016351187020801,0.0012685472219941,0.0001258599081352,0.0002407115719508,downstairs,wiktor
1672842747540193700,-0.0246589368405193,0.753886910007923,-0.1389336181546618,0.7669785437031106,-0.0246589368405193,0.025710641716267,0.0337779688022536,0.753886910007923,0.7380212295538591,0.7296257161658555,-0.1389336181546618,-0.1169922612253012,-0.0975501203980235,0.0011143146617313,0.0005035608535048,0.0002774648716082,0.0003332889366182,downstairs,wiktor
1672842747550193700,-0.0563941177445216,0.777443856822325,-0.1647517875947374,0.7967072225997555,-0.0563941177445216,-0.0246589368405193,0.025710641716267,0.777443856822325,0.753886910007923,0.7380212295538591,-0.1647517875947374,-0.1389336181546618,-0.1169922612253012,0.0012688112286355,0.0002765766559246,0.0009135625315805,7.867204113037289e-05,downstairs,wiktor
1672842747560193700,-0.0328749061963154,0.8201887402958014,-0.1772954745431886,0.8397761692611457,-0.0328749061963154,-0.0563941177445216,-0.0246589368405193,0.8201887402958014,0.777443856822325,0.753886910007923,-0.1772954745431886,-0.1647517875947374,-0.1389336181546618,0.0029883937881373,0.0016811934143503,0.0012478631214538,5.933725233312132e-05,downstairs,wiktor
1672842747570193700,0.0251111854869553,0.8701459844442498,-0.1881892573878318,0.8906176522375899,0.0251111854869553,-0.0328749061963154,-0.0563941177445216,0.8701459844442498,0.8201887402958014,0.777443856822325,-0.1881892573878318,-0.1772954745431886,-0.1647517875947374,0.0011636638187142,5.508070480568179e-07,0.0011604152731012,2.697738564911331e-06,downstairs,wiktor
1672842747580193700,0.0261607635431824,0.9183209836264252,-0.1905120740249822,0.9382391298955014,0.0261607635431824,0.0251111854869553,-0.0328749061963154,0.9183209836264252,0.8701459844442498,0.8201887402958014,-0.1905120740249822,-0.1881892573878318,-0.1772954745431886,0.0052862221097755,0.0028757887258378,0.0020405042553649,0.0003699291285727,downstairs,wiktor
1672842747590193700,-0.0496783915923783,0.9822037552532876,-0.1633117384177598,0.9969267191373178,-0.0496783915923783,0.0261607635431824,0.0251111854869553,0.9822037552532876,0.9183209836264252,0.8701459844442498,-0.1633117384177598,-0.1905120740249822,-0.1881892573878318,0.0054140141051007,0.0015380048715206,0.0027860013945669,0.0010900078390132,downstairs,wiktor
1672842747600193700,-0.1051401779235199,1.0568496043618207,-0.1166211004051296,1.0684502909884157,-0.1051401779235199,-0.0496783915923783,0.0261607635431824,1.0568496043618207,0.9822037552532876,0.9183209836264252,-0.1166211004051296,-0.1633117384177598,-0.1905120740249822,0.0047555225338944,2.3543397950141056e-05,0.0039842612203236,0.0007477179156205,downstairs,wiktor
1672842747610193700,-0.098278196001343,1.1461161851221893,-0.0779502349992306,1.1529601696263203,-0.098278196001343,-0.1051401779235199,-0.0496783915923783,1.1461161851221893,1.0568496043618207,0.9822037552532876,-0.0779502349992306,-0.1166211004051296,-0.1633117384177598,0.0070524560939578,0.000709155785165,0.0059254259197898,0.0004178743890029,downstairs,wiktor
1672842747620193700,-0.0606177184375879,1.2549778029660354,-0.0490409150832243,1.2573976320473317,-0.0606177184375879,-0.098278196001343,-0.1051401779235199,1.2549778029660354,1.1461161851221893,1.0568496043618207,-0.0490409150832243,-0.0779502349992306,-0.1166211004051296,0.0053171494596077,0.0001195470104775,0.0049229481000803,0.0002746543490498,downstairs,wiktor
1672842747630193700,-0.0451550530478499,1.354204292373656,-0.0256035795243391,1.3551988000228776,-0.0451550530478499,-0.0606177184375879,-0.098278196001343,1.354204292373656,1.2549778029660354,1.1461161851221893,-0.0256035795243391,-0.0490409150832243,-0.0779502349992306,0.0065920974223586,0.0005228978979637,0.0049507386159457,0.0011184609084491,downstairs,wiktor
1672842747640193700,-0.0128162869005836,1.4537104591769825,0.0216925283165637,1.4539287885296297,-0.0128162869005836,-0.0451550530478499,-0.0606177184375879,1.4537104591769825,1.354204292373656,1.2549778029660354,0.0216925283165637,-0.0256035795243391,-0.0490409150832243,0.0083605988050251,0.0034212051119603,0.0032563023849332,0.0016830913081315,downstairs,wiktor
1672842747650193700,0.0699025756636513,1.5344111702634813,0.0797113409230193,1.5380695391904438,0.0699025756636513,-0.0128162869005836,-0.0451550530478499,1.5344111702634813,1.4537104591769825,1.354204292373656,0.0797113409230193,0.0216925283165637,-0.0256035795243391,0.0071968783495828,0.0064101862238326,0.0002595699492243,0.0005271221765258,downstairs,wiktor
1672842747660193700,0.1831296592067032,1.5571958119865528,0.1121804701545172,1.5719350262761216,0.1831296592067032,0.0699025756636513,-0.0128162869005836,1.5571958119865528,1.5344111702634813,1.4537104591769825,0.1121804701545172,0.0797113409230193,0.0216925283165637,0.0066282250131893,0.0052669811745189,0.0013565406249334,4.703213736878424e-06,downstairs,wiktor
1672842747670193700,0.2857647523719457,1.5051085654681684,0.1152474601241383,1.5363252470127906,0.2857647523719457,0.1831296592067032,0.0699025756636513,1.5051085654681684,1.5571958119865528,1.5344111702634813,0.1152474601241383,0.1121804701545172,0.0797113409230193,0.006998333562033,0.0027207955181876,0.0042737576597653,3.780384079945273e-06,downstairs,wiktor
1672842747680193700,0.3595318929995679,1.4126557920131184,0.1124977750221875,1.4620243904179595,0.3595318929995679,0.2857647523719457,0.1831296592067032,1.4126557920131184,1.5051085654681684,1.5571958119865528,0.1124977750221875,0.1152474601241383,0.1121804701545172,0.0020270689984977,0.0006403709110961,0.0013851359213238,1.562166077766036e-06,downstairs,wiktor
1672842747690193700,0.3953193464182201,1.360022420064822,0.1107301969742552,1.4206335013836122,0.3953193464182201,0.3595318929995679,0.2857647523719457,1.360022420064822,1.4126557920131184,1.5051085654681684,0.1107301969742552,0.1124977750221875,0.1152474601241383,0.0001783246401542,2.420388712588312e-05,3.499575365670808e-05,0.0001191249993716,downstairs,wiktor
1672842747700193700,0.3883617768532236,1.351656327349975,0.0952948479745282,1.4095675950575426,0.3883617768532236,0.3953193464182201,0.3595318929995679,1.351656327349975,1.360022420064822,1.4126557920131184,0.0952948479745282,0.1107301969742552,0.1124977750221875,0.0037115476443463,0.0029474023167792,0.0003036060218458,0.0004605393057213,downstairs,wiktor
1672842747710193700,0.3115841457777703,1.3762980002577068,0.0649455710236243,1.4126212488168972,0.3115841457777703,0.3883617768532236,0.3953193464182201,1.3762980002577068,1.351656327349975,1.360022420064822,0.0649455710236243,0.0952948479745282,0.1107301969742552,0.0059058445766233,0.0046172787306624,0.0009007393290783,0.0003878265168824,downstairs,wiktor
1672842747720193700,0.2154875409401125,1.418741829705069,0.0370950228465256,1.4354927030031492,0.2154875409401125,0.3115841457777703,0.3883617768532236,1.418741829705069,1.3762980002577068,1.351656327349975,0.0370950228465256,0.0649455710236243,0.0952948479745282,0.0038920332537032,0.0031742531874009,0.0005030941606982,0.000214685905604,downstairs,wiktor
1672842747730193700,0.135810026076746,1.4504623013503088,0.016373734006107,1.4568985379863293,0.135810026076746,0.2154875409401125,0.3115841457777703,1.4504623013503088,1.418741829705069,1.3762980002577068,0.016373734006107,0.0370950228465256,0.0649455710236243,0.0007264844579316,0.0004342550008602,1.3712338286143634e-06,0.0002908582232428,downstairs,wiktor
1672842747740193700,0.106339532329263,1.4488062615992072,-0.0077450646058802,1.4527242222152237,0.106339532329263,0.135810026076746,0.2154875409401125,1.4488062615992072,1.4504623013503088,1.418741829705069,-0.0077450646058802,0.016373734006107,0.0370950228465256,0.0010430973089024,9.447521846328288e-07,0.0009741099854365,6.804257128119658e-05,downstairs,wiktor
1672842747750193700,0.1077141247667752,1.4046676167301906,-0.0194106182816555,1.4089251996705936,0.1077141247667752,0.106339532329263,0.135810026076746,1.4046676167301906,1.4488062615992072,1.4504623013503088,-0.0194106182816555,-0.0077450646058802,0.016373734006107,0.0013634086817392,1.471829448179354e-05,0.001224720563311,0.0001239698239463,downstairs,wiktor
1672842747760193700,0.1131396744129942,1.3551757878427662,-0.0036645188315449,1.3598953748652165,0.1131396744129942,0.1077141247667752,0.106339532329263,1.3551757878427662,1.4046676167301906,1.4488062615992072,-0.0036645188315449,-0.0194106182816555,-0.0077450646058802,0.0015309256820083,7.3725206182706145e-06,0.0014083085677935,0.0001152445935965,downstairs,wiktor
1672842747770193700,0.1169796016566462,1.3021039767224822,0.0115173515141389,1.307398807857094,0.1169796016566462,0.1131396744129942,0.1077141247667752,1.3021039767224822,1.3551757878427662,1.4046676167301906,0.0115173515141389,-0.0036645188315449,-0.0194106182816555,0.0037683857519842,0.0024686423304868,0.0012971950260401,2.5483954572615087e-06,downstairs,wiktor
1672842747780193700,0.1872454159689682,1.2511688213572505,0.0092597441712816,1.265136359528095,0.1872454159689682,0.1169796016566462,0.1131396744129942,1.2511688213572505,1.3021039767224822,1.3551757878427662,0.0092597441712816,0.0115173515141389,-0.0036645188315449,0.0070178230143017,0.0063181683729284,6.440792127574174e-05,0.0006352467200974,downstairs,wiktor
1672842747790193700,0.2996568777771707,1.23981911464071,-0.0263842376516707,1.2757906605019869,0.2996568777771707,0.1872454159689682,0.1169796016566462,1.23981911464071,1.2511688213572505,1.3021039767224822,-0.0263842376516707,0.0092597441712816,0.0115173515141389,0.0046482079766739,0.0011941348979823,0.0005489656071687,0.0029051074715229,downstairs,wiktor
1672842747800193700,0.3485268050941273,1.2729541597491358,-0.1026090035945441,1.3237869293471716,0.3485268050941273,0.2996568777771707,0.1872454159689682,1.2729541597491358,1.23981911464071,1.2511688213572505,-0.1026090035945441,-0.0263842376516707,0.0092597441712816,0.0071180835848419,0.0007455068419965,0.0014370287236578,0.0049355480191875,downstairs,wiktor
1672842747810193700,0.3099131587499505,1.32656439615335,-0.2019623932618073,1.3771739437703978,0.3099131587499505,0.3485268050941273,0.2996568777771707,1.32656439615335,1.2729541597491358,1.23981911464071,-0.2019623932618073,-0.1026090035945441,-0.0263842376516707,0.0183132620869544,0.0149434807912494,0.0003246996073197,0.0030450816883853,downstairs,wiktor
1672842747820193700,0.1370346997606975,1.3520477086271931,-0.2800018920862526,1.3875202971180025,0.1370346997606975,0.3099131587499505,0.3485268050941273,1.3520477086271931,1.32656439615335,1.2729541597491358,-0.2800018920862526,-0.2019623932618073,-0.1026090035945441,0.0223999383209269,0.0219902188528266,6.994281007997082e-06,0.0004027251870922,downstairs,wiktor
1672842747830193700,-0.0726804348997588,1.3483075800176405,-0.308382349696807,1.3850326528839556,-0.0726804348997588,0.1370346997606975,0.3099131587499505,1.3483075800176405,1.3520477086271931,1.32656439615335,-0.308382349696807,-0.2800018920862526,-0.2019623932618073,0.0250887293770334,0.0250546245577211,2.0727720315058133e-05,1.3377098997232952e-05,downstairs,wiktor
1672842747840193700,-0.2965313878024487,1.3418689900609715,-0.3135547957327233,1.4095601655716183,-0.2965313878024487,-0.0726804348997588,0.1370346997606975,1.3418689900609715,1.3483075800176405,1.3520477086271931,-0.3135547957327233,-0.308382349696807,-0.2800018920862526,0.0186194839421689,0.0181361551557331,7.704653146250993e-05,0.0004062822549733,downstairs,wiktor
1672842747850193700,-0.4869842961852464,1.3294555673691828,-0.3420603129170617,1.4565751158154785,-0.4869842961852464,-0.2965313878024487,-0.0726804348997588,1.3294555673691828,1.3418689900609715,1.3483075800176405,-0.3420603129170617,-0.3135547957327233,-0.308382349696807,0.0025049214114953,0.0024494412954881,7.210904054720847e-06,4.826921195253837e-05,downstairs,wiktor
1672842747860193700,-0.5569763142371374,1.3332531729449952,-0.3518857097998892,1.4871483418107474,-0.5569763142371374,-0.4869842961852464,-0.2965313878024487,1.3332531729449952,1.3294555673691828,1.3418689900609715,-0.3518857097998892,-0.3420603129170617,-0.3135547957327233,0.0002703128666531,2.007640648040723e-07,4.925145595059104e-05,0.0002208606466377,downstairs,wiktor
1672842747870193700,-0.5576099767100741,1.3233283096259776,-0.3308685431669809,1.4736351970693415,-0.5576099767100741,-0.5569763142371374,-0.4869842961852464,1.3233283096259776,1.3332531729449952,1.3294555673691828,-0.3308685431669809,-0.3518857097998892,-0.3420603129170617,0.0048628596348325,0.0016977462869037,0.0001536992631027,0.003011414084826,downstairs,wiktor
1672842747880193700,-0.4993391214408444,1.3408610939515062,-0.2532616609357506,1.453062111671101,-0.4993391214408444,-0.5576099767100741,-0.5569763142371374,1.3408610939515062,1.3233283096259776,1.3332531729449952,-0.2532616609357506,-0.3308685431669809,-0.3518857097998892,0.0137352812321561,0.0005201497888938,0.0010270269922302,0.0121881044510321,downstairs,wiktor
1672842747890193700,-0.467085446025667,1.386182766299958,-0.0971328394386793,1.4659830367277176,-0.467085446025667,-0.4993391214408444,-0.5576099767100741,1.386182766299958,1.3408610939515062,1.3233283096259776,-0.0971328394386793,-0.2532616609357506,-0.3308685431669809,0.0149827244374237,5.575839997393873e-05,1.6608707072052927e-05,0.0149103573303778,downstairs,wiktor
1672842747900193700,-0.4565252945140703,1.3804193112472916,0.0755539135586354,1.4559125019209194,-0.4565252945140703,-0.467085446025667,-0.4993391214408444,1.3804193112472916,1.386182766299958,1.3408610939515062,0.0755539135586354,-0.0971328394386793,-0.2532616609357506,0.010201253304155,0.0004826422439612,0.0017753228902218,0.0079432881699719,downstairs,wiktor
1672842747910193700,-0.4254562667223532,1.3208320157855595,0.2015958761740432,1.4022307749111225,-0.4254562667223532,-0.4565252945140703,-0.467085446025667,1.3208320157855595,1.3804193112472916,1.386182766299958,0.2015958761740432,0.0755539135586354,-0.0971328394386793,0.0064147120027356,0.0043459531639856,0.0001048765222203,0.0019638823165296,downstairs,wiktor
1672842747920193700,-0.3322258729230599,1.306349162322216,0.2642677568946605,1.3735936851462225,-0.3322258729230599,-0.4254562667223532,-0.4565252945140703,1.306349162322216,1.3208320157855595,1.3804193112472916,0.2642677568946605,0.2015958761740432,0.0755539135586354,0.0118569119378816,0.0117722415458125,1.2591377554680128e-06,8.341125431366554e-05,downstairs,wiktor
1672842747930193700,-0.1787837565024856,1.3047622547915336,0.2513517780843909,1.3407258815522327,-0.1787837565024856,-0.3322258729230599,-0.4254562667223532,1.3047622547915336,1.306349162322216,1.3208320157855595,0.2513517780843909,0.2642677568946605,0.2015958761740432,0.0184952879035056,0.0035587252607866,0.0022719865827432,0.0126645760599757,downstairs,wiktor
1672842747940193700,-0.0944187725246929,1.2373532556483442,0.0922004283573104,1.2443708863750782,-0.0944187725246929,-0.1787837565024856,-0.3322258729230599,1.2373532556483442,1.3047622547915336,1.306349162322216,0.0922004283573104,0.2513517780843909,0.2642677568946605,0.0550088827313836,0.0264858246084237,0.0021071036657858,0.0264159544571741,downstairs,wiktor
1672842747950193700,0.1357369339369271,1.1724363292610631,-0.1376514998798663,1.188267392813979,0.1357369339369271,-0.0944187725246929,-0.1787837565024856,1.1724363292610631,1.2373532556483442,1.3047622547915336,-0.1376514998798663,0.0922004283573104,0.2513517780843909,0.2007447146910785,0.1839113965298015,0.0070301865818016,0.0098031315794753,downstairs,wiktor
1672842747960193700,0.7422208933782326,1.0538598848734728,-0.2776738665180239,1.3185656175025118,0.7422208933782326,0.1357369339369271,-0.0944187725246929,1.0538598848734728,1.1724363292610631,1.2373532556483442,-0.2776738665180239,-0.1376514998798663,0.0922004283573104,0.02123862929432,0.0067849144757722,0.0142043642205725,0.0002493505979752,downstairs,wiktor
1672842747970193700,0.8587105021489057,0.8853109945147846,-0.2553422477690299,1.25950742237008,0.8587105021489057,0.7422208933782326,0.1357369339369271,0.8853109945147846,1.0538598848734728,1.1724363292610631,-0.2553422477690299,-0.2776738665180239,-0.1376514998798663,0.1162239359671225,0.1012168327958789,0.0092507775574714,0.0057563256137722,downstairs,wiktor
1672842747980193700,0.4087842130839546,0.7492905728313373,-0.1480452243828035,0.866289953689373,0.4087842130839546,0.8587105021489057,0.7422208933782326,0.7492905728313373,0.8853109945147846,1.0538598848734728,-0.1480452243828035,-0.2553422477690299,-0.2776738665180239,0.1179750785378023,0.1133536601076373,0.0036711608228763,0.0009502576072885,downstairs,wiktor
1672842747990193700,-0.067353708337218,0.6636032246068023,-0.1044503254314683,0.6751411942831371,-0.067353708337218,0.4087842130839546,0.8587105021489057,0.6636032246068023,0.7492905728313373,0.8853109945147846,-0.1044503254314683,-0.1480452243828035,-0.2553422477690299,0.0464953554533129,0.0406719766357711,0.000833633640488,0.0049897451770538,downstairs,wiktor
1672842748000193700,-0.352562321937057,0.6227710402300628,-0.0045529262956169,0.7156568231608896,-0.352562321937057,-0.067353708337218,0.4087842130839546,0.6227710402300628,0.6636032246068023,0.7492905728313373,-0.0045529262956169,-0.1044503254314683,-0.1480452243828035,0.0133923714407778,0.0066348400106773,0.0008590679480297,0.0058984634820707,downstairs,wiktor
1672842748010193700,-0.4677564191007339,0.5813206373844984,0.104060732901288,0.7533647106090211,-0.4677564191007339,-0.352562321937057,-0.067353708337218,0.5813206373844984,0.6227710402300628,0.6636032246068023,0.104060732901288,-0.0045529262956169,-0.1044503254314683,0.0020145897189339,0.0007048785031467,0.0012991132372929,1.0597978494308996e-05,downstairs,wiktor
1672842748020193700,-0.5053031500675359,0.5303478360627558,0.1086646396106619,0.7405458153189021,-0.5053031500675359,-0.4677564191007339,-0.352562321937057,0.5303478360627558,0.5813206373844984,0.6227710402300628,0.1086646396106619,0.104060732901288,-0.0045529262956169,0.0047044183858021,0.0033616283192914,5.847826867312741e-07,0.0013422052838239,downstairs,wiktor
1672842748030193700,-0.587298617250685,0.529266371604966,0.0568533419271653,0.7926379125582751,-0.587298617250685,-0.5053031500675359,-0.4677564191007339,0.529266371604966,0.5303478360627558,0.5813206373844984,0.0568533419271653,0.1086646396106619,0.104060732901288,0.0030378172937768,0.0001726236698006,0.0025236359720407,0.0003415576519353,downstairs,wiktor
1672842748040193700,-0.5687177846643507,0.6003105264952988,0.0307168673395178,0.8274999533255234,-0.5687177846643507,-0.587298617250685,-0.5053031500675359,0.6003105264952988,0.529266371604966,0.5303478360627558,0.0307168673395178,0.0568533419271653,0.1086646396106619,0.0518607359185596,0.0503273739357528,0.0015290793509299,4.282631876790447e-06,downstairs,wiktor
1672842748050193700,-0.2514564604038828,0.6556111476659503,0.0277902201531319,0.7027294107683792,-0.2514564604038828,-0.5687177846643507,-0.587298617250685,0.6556111476659503,0.6003105264952988,0.529266371604966,0.0277902201531319,0.0307168673395178,0.0568533419271653,0.0738085859808149,0.0734055342557531,0.0002124933195965,0.0001905584054652,downstairs,wiktor
1672842748060193700,0.1317028648271576,0.6762263517443288,0.0473124334223904,0.6905549867704044,0.1317028648271576,-0.2514564604038828,-0.5687177846643507,0.6762263517443288,0.6556111476659503,0.6003105264952988,0.0473124334223904,0.0277902201531319,0.0307168673395178,0.0214985240027052,0.0214621187111013,2.6091500947309664e-05,1.0313790656532165e-05,downstairs,wiktor
1672842748070193700,0.3388845180259937,0.6834501320493089,0.0518541931378602,0.7646147114082401,0.3388845180259937,0.1317028648271576,-0.2514564604038828,0.6834501320493089,0.6762263517443288,0.6556111476659503,0.0518541931378602,0.0473124334223904,0.0277902201531319,0.0020334341642065,0.0013973630855121,0.0004573494058379,0.0001787216728564,downstairs,wiktor
1672842748080193700,0.391749687760179,0.653206144023984,0.0329480209786728,0.7623855038871676,0.391749687760179,0.3388845180259937,0.1317028648271576,0.653206144023984,0.6834501320493089,0.6762263517443288,0.0329480209786728,0.0518541931378602,0.0473124334223904,0.0077810514905457,0.0001860495532783,0.0070220011384765,0.0005730007987909,downstairs,wiktor
1672842748090193700,0.3724598171914927,0.5346987506809819,-0.0009046243770725,0.6516363155529215,0.3724598171914927,0.391749687760179,0.3388845180259937,0.5346987506809819,0.653206144023984,0.6834501320493089,-0.0009046243770725,0.0329480209786728,0.0518541931378602,0.0159555223031528,0.0067746526501178,0.0091772403976567,3.629255378246819e-06,downstairs,wiktor
1672842748100193700,0.2560583339525074,0.3992200409317619,0.0017895379707628,0.4742844230145454,0.2560583339525074,0.3724598171914927,0.391749687760179,0.3992200409317619,0.5346987506809819,0.653206144023984,0.0017895379707628,-0.0009046243770725,0.0329480209786728,0.0124433933018942,0.0029825518298291,0.0094404616148281,2.037985723693729e-05,downstairs,wiktor
1672842748110193700,0.1788242504164262,0.2618121691424926,0.00817387148914,0.3171601119674649,0.1788242504164262,0.2560583339525074,0.3724598171914927,0.2618121691424926,0.3992200409317619,0.5346987506809819,0.00817387148914,0.0017895379707628,-0.0009046243770725,0.0095420039786727,0.000697835349226,0.0085100975501754,0.0003340710792712,downstairs,wiktor
1672842748120193700,0.1414655740687287,0.1313506993502554,-0.0176745744707739,0.193850213951698,0.1414655740687287,0.1788242504164262,0.2560583339525074,0.1313506993502554,0.2618121691424926,0.3992200409317619,-0.0176745744707739,0.00817387148914,0.0017895379707628,0.0063404263119005,0.0008697815730866,0.0052775549805653,0.0001930897582485,downstairs,wiktor
1672842748130193700,0.0997575035526607,0.0286126345391506,-0.0373260252186708,0.1102881431929787,0.0997575035526607,0.1414655740687287,0.1788242504164262,0.0286126345391506,0.1313506993502554,0.2618121691424926,-0.0373260252186708,-0.0176745744707739,0.00817387148914,0.0012661199768329,0.0008181299544307,0.0004404697438379,7.5202785642089905e-06,downstairs,wiktor
1672842748140193700,0.0593067939314247,-0.001067990246657,-0.033447809504142,0.0680969336329971,0.0593067939314247,0.0997575035526607,0.1414655740687287,-0.001067990246657,0.0286126345391506,0.1313506993502554,-0.033447809504142,-0.0373260252186708,-0.0176745744707739,0.0007745028963015,9.14360203609654e-06,0.0007140821455496,5.127714871580575e-05,downstairs,wiktor
1672842748150193700,0.0635831479944313,0.0367230707479667,-0.0233208999345047,0.0770406711276395,0.0635831479944313,0.0593067939314247,0.0997575035526607,0.0367230707479667,-0.001067990246657,0.0286126345391506,-0.0233208999345047,-0.033447809504142,-0.0373260252186708,0.0062854553214689,0.0019060314415438,0.0042348370061811,0.0001445868737439,downstairs,wiktor
1672842748160193700,0.1253250533998185,0.1287539026053516,-0.0403260093868999,0.1841470159379404,0.1253250533998185,0.0635831479944313,0.0593067939314247,0.1287539026053516,0.0367230707479667,-0.001067990246657,-0.0403260093868999,-0.0233208999345047,-0.033447809504142,0.0048854955503714,0.0004842701146271,0.0028233054063888,0.0015779200293554,downstairs,wiktor
1672842748170193700,0.1564464323739954,0.2038978365772807,-0.0965028734744484,0.2745225283146577,0.1564464323739954,0.1253250533998185,0.0635831479944313,0.2038978365772807,0.1287539026053516,0.0367230707479667,-0.0965028734744484,-0.0403260093868999,-0.0233208999345047,0.0024526197997286,1.840985502252752e-05,0.001173193983304,0.001261015961402,downstairs,wiktor
1672842748180193700,0.1503785076838682,0.2523373655449339,-0.1467227094240424,0.3283525469432464,0.1503785076838682,0.1564464323739954,0.1253250533998185,0.2523373655449339,0.2038978365772807,0.1287539026053516,-0.1467227094240424,-0.0965028734744484,-0.0403260093868999,0.0005821357062841,3.2899202975553775e-05,0.0005404172504281,8.819252880533347e-06,downstairs,wiktor
1672842748190193700,0.1422668860241069,0.2852134130697842,-0.1509225315346879,0.3526530424918386,0.1422668860241069,0.1503785076838682,0.1564464323739954,0.2852134130697842,0.2523373655449339,0.2038978365772807,-0.1509225315346879,-0.1467227094240424,-0.0965028734744484,0.0037722020489188,4.525486538777858e-05,0.0010597851057879,0.002667162077743,downstairs,wiktor
1672842748200193700,0.1517805462437888,0.3312522033620582,-0.0778860738201593,0.3726011231134449,0.1517805462437888,0.1422668860241069,0.1503785076838682,0.3312522033620582,0.2852134130697842,0.2523373655449339,-0.0778860738201593,-0.1509225315346879,-0.1467227094240424,0.0225036164752256,0.00273716981409,0.0054610716089402,0.0143053750521954,downstairs,wiktor
1672842748210193700,0.2257693266647424,0.4357612614282394,0.091261051796538,0.4991875853816799,0.2257693266647424,0.1517805462437888,0.1422668860241069,0.4357612614282394,0.3312522033620582,0.2852134130697842,0.091261051796538,-0.0778860738201593,-0.1509225315346879,0.0639635178907118,0.031750486510301,0.0297005578988139,0.0025124734815968,downstairs,wiktor
1672842748220193700,0.4777633206816675,0.6794847026431293,0.1621479120965523,0.8463150696472722,0.4777633206816675,0.2257693266647424,0.1517805462437888,0.6794847026431293,0.4357612614282394,0.3312522033620582,0.1621479120965523,0.091261051796538,-0.0778860738201593,0.1689970110633783,0.0226213806752593,0.1347306052001503,0.0116450251879686,downstairs,wiktor
1672842748230193700,0.6904667793994765,1.1985812354771492,0.0095371314290735,1.3832687043261371,0.6904667793994765,0.4777633206816675,0.2257693266647424,1.1985812354771492,0.6794847026431293,0.4357612614282394,0.0095371314290735,0.1621479120965523,0.091261051796538,0.5932463629451191,0.0015186792688765,0.5634813654072206,0.0282463182690218,downstairs,wiktor
1672842748240193700,0.74557901522559,2.260166244232661,-0.2281446653876868,2.3908763054282827,0.74557901522559,0.6904667793994765,0.4777633206816675,2.260166244232661,1.1985812354771492,0.6794847026431293,-0.2281446653876868,0.0095371314290735,0.1621479120965523,1.1208856366246152,3.985891790936602e-05,1.1089795975489307,0.0118661801577751,downstairs,wiktor
1672842748250193700,0.7545074997453017,3.749447680059303,-0.3821977741377226,3.843659013392034,0.7545074997453017,0.74557901522559,0.6904667793994765,3.749447680059303,2.260166244232661,1.1985812354771492,-0.3821977741377226,-0.2281446653876868,0.0095371314290735,0.0605747131749482,0.0040447125766184,0.0552268723578947,0.001303128240435,downstairs,wiktor
1672842748260193700,0.6645662680813045,4.08179350102865,-0.433249282253254,4.158171647525411,0.6645662680813045,0.7545074997453017,0.74557901522559,4.08179350102865,3.749447680059303,2.260166244232661,-0.433249282253254,-0.3821977741377226,-0.2281446653876868,0.9790334168370748,0.0340783174305185,0.9213982894363852,0.0235568099701711,downstairs,wiktor
1672842748270193700,0.4034980109893378,2.7242970631428003,-0.216192561693069,2.762488797597603,0.4034980109893378,0.6645662680813045,0.7545074997453017,2.7242970631428003,4.08179350102865,3.749447680059303,-0.216192561693069,-0.433249282253254,-0.3821977741377226,1.1960561376250185,0.0125056292909084,1.164480404996712,0.0190701033373978,downstairs,wiktor
1672842748280193700,0.2453485292266179,1.198203746863149,-0.0208973833736958,1.2232435654531035,0.2453485292266179,0.4034980109893378,0.6645662680813045,1.198203746863149,2.7242970631428003,4.08179350102865,-0.0208973833736958,-0.216192561693069,-0.433249282253254,0.3655789587536319,0.0184074204887311,0.3468252341422416,0.0003463041226591,downstairs,wiktor
1672842748290193700,0.0534765902218165,0.3653469354696879,0.005420067971718,0.3692797125427586,0.0534765902218165,0.2453485292266179,0.4034980109893378,0.3653469354696879,1.198203746863149,2.7242970631428003,0.005420067971718,-0.0208973833736958,-0.216192561693069,0.0720406667151885,0.0004079253067899,0.0715738633465081,5.8878061890415794e-05,downstairs,wiktor
1672842748300193700,0.0249134914126904,-0.0130017485415245,0.016271617344081,0.0324729587580102,0.0249134914126904,0.0534765902218165,0.2453485292266179,-0.0130017485415245,0.3653469354696879,1.198203746863149,0.016271617344081,0.005420067971718,-0.0208973833736958,0.0033115041889541,0.000117522141363,0.0030907283745689,0.0001032536730221,downstairs,wiktor
1672842748310193700,0.009582337420698,-0.0916239893461327,0.0019012538815846,0.0921433197821014,0.009582337420698,0.0249134914126904,0.0534765902218165,-0.0916239893461327,-0.0130017485415245,0.3653469354696879,0.0019012538815846,0.016271617344081,0.005420067971718,0.0078766203873627,0.0043213744741834,0.0017400533724423,0.0018151925407369,downstairs,wiktor
1672842748320193700,-0.0833840487001298,-0.0326315597904288,-0.0583514230836247,0.1068765963523639,-0.0833840487001298,0.009582337420698,0.0249134914126904,-0.0326315597904288,-0.0916239893461327,-0.0130017485415245,-0.0583514230836247,0.0019012538815846,0.016271617344081,0.0308548876066845,0.0059135209335322,0.0232456272066332,0.0016957394665189,downstairs,wiktor
1672842748330193700,-0.1921362526643005,0.1829867474408138,-0.1165878286478239,0.2898158227489701,-0.1921362526643005,-0.0833840487001298,0.009582337420698,0.1829867474408138,-0.0326315597904288,-0.0916239893461327,-0.1165878286478239,-0.0583514230836247,0.0019012538815846,0.0684636419238152,0.0014157245223428,0.0658873864097714,0.0011605309917009,downstairs,wiktor
1672842748340193700,-0.2453476146529361,0.5459946988957963,-0.1647652298168568,0.6208488094494493,-0.2453476146529361,-0.1921362526643005,-0.0833840487001298,0.5459946988957963,0.1829867474408138,-0.0326315597904288,-0.1647652298168568,-0.1165878286478239,-0.0583514230836247,0.0908353494394652,0.0002480192009573,0.0892498391064786,0.0013374911320293,downstairs,wiktor
1672842748350193700,-0.2676195342360035,0.9684869215614416,-0.216485460520699,1.0278390374747948,-0.2676195342360035,-0.2453476146529361,-0.1921362526643005,0.9684869215614416,0.5459946988957963,0.1829867474408138,-0.216485460520699,-0.1647652298168568,-0.1165878286478239,0.0792986977409767,5.712957820282823e-06,0.0792566650706751,3.63197124812728e-05,downstairs,wiktor
1672842748360193700,-0.2709997584357521,1.3666242472938457,-0.2250083370868911,1.4112871621758325,-0.2709997584357521,-0.2676195342360035,-0.2453476146529361,1.3666242472938457,0.9684869215614416,0.5459946988957963,-0.2250083370868911,-0.216485460520699,-0.1647652298168568,0.0224917279826571,0.0002246000764164,0.0222221483839121,4.4979522328536445e-05,downstairs,wiktor
1672842748370193700,-0.2921941009080462,1.577442407725589,-0.2155236628881074,1.6186884788498592,-0.2921941009080462,-0.2709997584357521,-0.2676195342360035,1.577442407725589,1.3666242472938457,0.9684869215614416,-0.2155236628881074,-0.2250083370868911,-0.216485460520699,0.0097910380050387,0.0088239159615367,0.0004714363560053,0.0004956856874966,downstairs,wiktor
1672842748380193700,-0.4250392435481652,1.6081486401875942,-0.2470097133707148,1.681610598798868,-0.4250392435481652,-0.2921941009080462,-0.2709997584357521,1.6081486401875942,1.577442407725589,1.3666242472938457,-0.2470097133707148,-0.2155236628881074,-0.2250083370868911,0.0144615241629006,0.0074859607615299,0.0035269185282576,0.003448644873113,downstairs,wiktor
1672842748390193700,-0.5473990470910767,1.5241615158379935,-0.330059636586971,1.6527714321168891,-0.5473990470910767,-0.4250392435481652,-0.2921941009080462,1.5241615158379935,1.6081486401875942,1.577442407725589,-0.330059636586971,-0.2470097133707148,-0.2155236628881074,0.0179208314583664,0.0004140503112625,0.0126997025383347,0.0048070786087691,downstairs,wiktor
1672842748400193700,-0.5761757846150762,1.3647896077843171,-0.4281114454307572,1.542046892283656,-0.5761757846150762,-0.5473990470910767,-0.4250392435481652,1.3647896077843171,1.5241615158379935,1.6081486401875942,-0.4281114454307572,-0.330059636586971,-0.2470097133707148,0.0174706421818828,0.0006231084427939,0.0128856002636384,0.0039619334754504,downstairs,wiktor
1672842748410193700,-0.5408739874145383,1.204255497616799,-0.5171275504393507,1.4178141194195342,-0.5408739874145383,-0.5761757846150762,-0.5473990470910767,1.204255497616799,1.3647896077843171,1.5241615158379935,-0.5171275504393507,-0.4281114454307572,-0.330059636586971,0.0222417003637936,0.0114316104483439,0.008122564878162,0.0026875250372877,downstairs,wiktor
1672842748420193700,-0.3896680983206014,1.0767991138758344,-0.5904422834374011,1.2883942131829638,-0.3896680983206014,-0.5408739874145383,-0.5761757846150762,1.0767991138758344,1.204255497616799,1.3647896077843171,-0.5904422834374011,-0.5171275504393507,-0.4281114454307572,0.0286103859136955,0.0226521525467057,0.0045298127686433,0.0014284205983464,downstairs,wiktor
1672842748430193700,-0.1768200184762873,0.981617048667694,-0.6438917099702729,1.187195806654265,-0.1768200184762873,-0.3896680983206014,-0.5408739874145383,0.981617048667694,1.0767991138758344,1.204255497616799,-0.6438917099702729,-0.5904422834374011,-0.5171275504393507,0.0085164134606677,0.006449129960222,0.0016806418023945,0.0003866416980512,downstairs,wiktor
1672842748440193700,-0.0632495120917333,0.9236404705969844,-0.6716996835768207,1.1438062268678475,-0.0632495120917333,-0.1768200184762873,-0.3896680983206014,0.9236404705969844,0.981617048667694,1.0767991138758344,-0.6716996835768207,-0.6438917099702729,-0.5904422834374011,0.0005728926866466,0.0002354228186426,0.0003306510087936,6.818859210318822e-06,downstairs,wiktor
1672842748450193700,-0.041550534298174,0.8979246774420506,-0.6680067554133389,1.1199233002923596,-0.041550534298174,-0.0632495120917333,-0.1768200184762873,0.8979246774420506,0.9236404705969844,0.981617048667694,-0.6680067554133389,-0.6716996835768207,-0.6438917099702729,0.0067459475785106,0.0040173792640124,4.304599346454409e-06,0.0027242637151517,downstairs,wiktor
1672842748460193700,0.0480862802816899,0.8949905338373665,-0.5941926142864286,1.0753535273956951,0.0480862802816899,-0.041550534298174,-0.0632495120917333,0.8949905338373665,0.8979246774420506,0.9236404705969844,-0.5941926142864286,-0.6680067554133389,-0.6716996835768207,0.1941271846266453,0.1662725381255972,0.0010545095601699,0.0268001369408781,downstairs,wiktor
1672842748470193700,0.6247534947574171,0.940914592024116,-0.3626752847368756,1.1862422015990193,0.6247534947574171,0.0480862802816899,-0.041550534298174,0.940914592024116,0.8949905338373665,0.8979246774420506,-0.3626752847368756,-0.5941926142864286,-0.6680067554133389,0.1224639387633876,0.0672571274406754,0.0035246569853102,0.0516821543374018,downstairs,wiktor
1672842748480193700,0.9915153451199528,1.0248747847979571,-0.0411720830812719,1.4265924942141848,0.9915153451199528,0.6247534947574171,0.0480862802816899,1.0248747847979571,0.940914592024116,0.8949905338373665,-0.0411720830812719,-0.3626752847368756,-0.5941926142864286,0.1287797334810923,0.1259382402952929,1.703949106042118e-05,0.002824453694739,downstairs,wiktor
1672842748490193700,0.4896423725555936,1.0190370641707909,0.0339871305221048,1.13107971257415,0.4896423725555936,0.9915153451199528,0.6247534947574171,1.0190370641707909,1.0248747847979571,0.940914592024116,0.0339871305221048,-0.0411720830812719,-0.3626752847368756,0.1958032680034212,0.1954850289986512,0.0002923816981327,2.585730663726516e-05,downstairs,wiktor
1672842748500193700,-0.1356336129078674,0.99485518260079,0.0267958432051823,1.004415914106885,-0.1356336129078674,0.4896423725555936,0.9915153451199528,0.99485518260079,1.0190370641707909,1.0248747847979571,0.0267958432051823,0.0339871305221048,-0.0411720830812719,0.0062132067969958,0.0023907734489229,0.0023527276354646,0.0014697057126082,downstairs,wiktor
1672842748510193700,-0.2047823431770914,1.0634515037188297,0.0810121823034333,1.086014678777642,-0.2047823431770914,-0.1356336129078674,0.4896423725555936,1.0634515037188297,0.99485518260079,1.0190370641707909,0.0810121823034333,0.0267958432051823,0.0339871305221048,0.0121199650977533,0.0088535763352519,0.0005752583016931,0.0026911304608083,downstairs,wiktor
1672842748520193700,-0.0717141175539027,1.097370769680614,0.154376076158767,1.1104942564894855,-0.0717141175539027,-0.2047823431770914,-0.1356336129078674,1.097370769680614,1.0634515037188297,0.99485518260079,0.154376076158767,0.0810121823034333,0.0267958432051823,0.0393387369767724,0.0359273641952521,0.0002604944209921,0.0031508783605281,downstairs,wiktor
1672842748530193700,0.1963432054024086,1.0745455896816658,0.2337596810218387,1.1170686939859351,0.1963432054024086,-0.0717141175539027,-0.2047823431770914,1.0745455896816658,1.097370769680614,1.0634515037188297,0.2337596810218387,0.154376076158767,0.0810121823034333,0.016887526398224,0.0162539888476598,0.0002007496407573,0.0004327879098068,downstairs,wiktor
1672842748540193700,0.3766428939637582,1.0545081427007084,0.2631803509600596,1.1502657039688493,0.3766428939637582,0.1963432054024086,-0.0717141175539027,1.0545081427007084,1.0745455896816658,1.097370769680614,0.2631803509600596,0.2337596810218387,0.154376076158767,0.0010848845210818,0.0003219958513529,1.480396266422452e-05,0.0007480847070646,downstairs,wiktor
1672842748550193700,0.3512659023629821,1.0490668261937912,0.224500001761412,1.1288619006654748,0.3512659023629821,0.3766428939637582,0.1963432054024086,1.0490668261937912,1.0545081427007084,1.0745455896816658,0.224500001761412,0.2631803509600596,0.2337596810218387,0.0279922235815593,0.0129915572186063,0.0011253214755817,0.0138753448873712,downstairs,wiktor
1672842748560193700,0.1900731158084571,1.001625884475024,0.0579146189250341,1.0211446052781856,0.1900731158084571,0.3512659023629821,0.3766428939637582,1.001625884475024,1.0490668261937912,1.0545081427007084,0.0579146189250341,0.224500001761412,0.2631803509600596,0.0111034773762177,0.000288481277659,0.0018084398869257,0.0090065562116329,downstairs,wiktor
1672842748570193700,0.1660530709434272,0.9414853841956664,-0.0762983179449486,0.9590567159167558,0.1660530709434272,0.1900731158084571,0.3512659023629821,0.9414853841956664,1.001625884475024,1.0490668261937912,-0.0762983179449486,0.0579146189250341,0.224500001761412,0.0075694021956757,0.0025552121754771,0.0008471590150307,0.0041670310051677,downstairs,wiktor
1672842748580193700,0.237540303026886,0.9003232896175037,-0.1675894019035451,0.9460938796019008,0.237540303026886,0.1660530709434272,0.1900731158084571,0.9003232896175037,0.9414853841956664,1.001625884475024,-0.1675894019035451,-0.0762983179449486,0.0579146189250341,0.004149925492843,0.0003338803778899,0.0035243050810831,0.0002917400338699,downstairs,wiktor
1672842748590193700,0.2633813702606502,0.8163672882705699,-0.1917447339803334,0.8789717507222916,0.2633813702606502,0.237540303026886,0.1660530709434272,0.8163672882705699,0.9003232896175037,0.9414853841956664,-0.1917447339803334,-0.1675894019035451,-0.0762983179449486,0.0086634731699124,0.007090020426506,0.0012289958777143,0.000344456865692,downstairs,wiktor
1672842748600193700,0.1443013935516666,0.7667891503927836,-0.1654975678212213,0.7976076343013396,0.1443013935516666,0.2633813702606502,0.237540303026886,0.7667891503927836,0.8163672882705699,0.9003232896175037,-0.1654975678212213,-0.1917447339803334,-0.1675894019035451,0.011365367511839,0.0108780469208567,0.0004095549722616,7.776561872065433e-05,downstairs,wiktor
1672842748610193700,-0.0031980770972594,0.7381690535284579,-0.1530263514634914,0.7538705747848548,-0.0031980770972594,0.1443013935516666,0.2633813702606502,0.7381690535284579,0.7667891503927836,0.8163672882705699,-0.1530263514634914,-0.1654975678212213,-0.1917447339803334,0.0074333006282115,0.0059100482668448,0.0015232496411126,2.720254029569447e-09,downstairs,wiktor
1672842748620193700,-0.1119183444520153,0.6829739515516942,-0.1529525916637416,0.7087832035394681,-0.1119183444520153,-0.0031980770972594,0.1443013935516666,0.6829739515516942,0.7381690535284579,0.7667891503927836,-0.1529525916637416,-0.1530263514634914,-0.1654975678212213,0.0027012662866198,0.0005777237391046,0.0020207028436006,0.0001028397039145,downstairs,wiktor
1672842748630193700,-0.1459102181604379,0.6194019004034,-0.1672941190520322,0.6579785925517377,-0.1459102181604379,-0.1119183444520153,-0.0031980770972594,0.6194019004034,0.6829739515516942,0.7381690535284579,-0.1672941190520322,-0.1529525916637416,-0.1530263514634914,0.0025949478390325,0.0005551217948904,0.0016770692607943,0.0003627567833477,downstairs,wiktor
1672842748640193700,-0.1125899001880521,0.5614869755429748,-0.1942294780935491,0.6047058784973445,-0.1125899001880521,-0.1459102181604379,-0.1119183444520153,0.5614869755429748,0.6194019004034,0.6829739515516942,-0.1942294780935491,-0.1672941190520322,-0.1529525916637416,0.0062233132470565,0.0061135104513697,0.000109801945443,8.50243711601373e-10,downstairs,wiktor
1672842748650193700,-0.0020140397901354,0.5466679374201373,-0.1942707150602562,0.5801646325737951,-0.0020140397901354,-0.1125899001880521,-0.1459102181604379,0.5466679374201373,0.5614869755429748,0.6194019004034,-0.1942707150602562,-0.1942294780935491,-0.1672941190520322,0.0075204041453088,0.0061009010819886,0.0003756921740881,0.0010438108892319,downstairs,wiktor
1672842748660193700,0.1084477280934963,0.5740793282673085,-0.1485802151892337,0.6028300467114791,0.1084477280934963,-0.0020140397901354,-0.1125899001880521,0.5740793282673085,0.5466679374201373,0.5614869755429748,-0.1485802151892337,-0.1942707150602562,-0.1942294780935491,0.0062643539844192,0.0009743080422011,0.0008637994621585,0.0044262464800595,downstairs,wiktor
1672842748670193700,0.1525908598854568,0.6156437231783023,-0.0544925275775219,0.6366086709833696,0.1525908598854568,0.1084477280934963,-0.0020140397901354,0.6156437231783023,0.5740793282673085,0.5466679374201373,-0.0544925275775219,-0.1485802151892337,-0.1942707150602562,0.0012661808361692,0.0003571616559686,7.043363554407123e-07,0.0009083148438452,downstairs,wiktor
1672842748680193700,0.1258640323158175,0.6168305983658774,-0.011870588535634,0.6296528032045803,0.1258640323158175,0.1525908598854568,0.1084477280934963,0.6168305983658774,0.6156437231783023,0.5740793282673085,-0.011870588535634,-0.0544925275775219,-0.1485802151892337,0.0066669943710028,0.0058164113712301,0.0004088338876608,0.0004417491121119,downstairs,wiktor
1672842748690193700,0.0180084680529562,0.5882357076453021,0.0178531094883977,0.5887820362315653,0.0180084680529562,0.1258640323158175,0.1525908598854568,0.5882357076453021,0.6168305983658774,0.6156437231783023,0.0178531094883977,-0.011870588535634,-0.0544925275775219,0.0071247057142443,0.005864786737496,0.000460901802263,0.0007990171744853,downstairs,wiktor
1672842748700193700,-0.0902946873719528,0.5578744888863973,0.0578285312994393,0.5680855700949532,-0.0902946873719528,0.0180084680529562,0.1258640323158175,0.5578744888863973,0.5882357076453021,0.6168305983658774,0.0578285312994393,0.0178531094883977,-0.011870588535634,0.012411450874732,0.0108156814281787,0.0014525894048929,0.0001431800416603,downstairs,wiktor
1672842748710193700,-0.2373707318399676,0.5039747782212559,0.0409063540364285,0.5585774531951316,-0.2373707318399676,-0.0902946873719528,0.0180084680529562,0.5039747782212559,0.5578744888863973,0.5882357076453021,0.0409063540364285,0.0578285312994393,0.0178531094883977,0.0035886277526461,0.0035291217346507,5.519403450012182e-05,4.3119834952822e-06,downstairs,wiktor
1672842748720193700,-0.3213840847625918,0.5144813508784188,0.0379696948817828,0.6077997104884036,-0.3213840847625918,-0.2373707318399676,-0.0902946873719528,0.5144813508784188,0.5039747782212559,0.5578744888863973,0.0379696948817828,0.0409063540364285,0.0578285312994393,0.0080233137770434,0.0032972475561507,0.0018326965134551,0.0028933697074375,downstairs,wiktor
1672842748730193700,-0.2401775880255601,0.5750238403127848,0.1140403161154438,0.6335162858345071,-0.2401775880255601,-0.3213840847625918,-0.2373707318399676,0.5750238403127848,0.5144813508784188,0.5039747782212559,0.1140403161154438,0.0379696948817828,0.0409063540364285,0.0059308090046462,0.0053190454336578,0.0005062313837601,0.0001055321872282,downstairs,wiktor
1672842748740193700,-0.1370364668986511,0.606843060408826,0.1285683708529687,0.6352694855021778,-0.1370364668986511,-0.2401775880255601,-0.3213840847625918,0.606843060408826,0.5750238403127848,0.5144813508784188,0.1285683708529687,0.1140403161154438,0.0379696948817828,0.009137081303825,0.0045622907132196,0.0031547809772919,0.0014200096133133,downstairs,wiktor
1672842748750193700,-0.2325591418320894,0.6862758115545844,0.0752765400847665,0.7285086145418699,-0.2325591418320894,-0.1370364668986511,-0.2401775880255601,0.6862758115545844,0.606843060408826,0.5750238403127848,0.0752765400847665,0.1285683708529687,0.1140403161154438,0.0124274038147291,0.0061733793929552,0.0051892764296442,0.0010647479921295,downstairs,wiktor
1672842748760193700,-0.3436751118180034,0.788150994299395,0.0291300777690139,0.8603157174718307,-0.3436751118180034,-0.2325591418320894,-0.1370364668986511,0.788150994299395,0.6862758115545844,0.606843060408826,0.0291300777690139,0.0752765400847665,0.1285683708529687,0.006823070882864,0.000493186657799,0.0063267287731799,3.1554518850490707e-06,downstairs,wiktor
1672842748770193700,-0.3122685310490277,0.900638582709672,0.0266179265454411,0.9536089377529884,-0.3122685310490277,-0.3436751118180034,-0.2325591418320894,0.900638582709672,0.788150994299395,0.6862758115545844,0.0266179265454411,0.0291300777690139,0.0752765400847665,0.015853362067852,0.0059097608586212,0.0099367370491602,6.86416007052028e-06,downstairs,wiktor
1672842748780193700,-0.2035509072834092,1.0416118925889557,0.0229127517666971,1.061561727283047,-0.2035509072834092,-0.3122685310490277,-0.3436751118180034,1.0416118925889557,0.900638582709672,0.788150994299395,0.0229127517666971,0.0266179265454411,0.0291300777690139,0.0106915291220695,0.0016168387596865,0.0083116797122528,0.0007630106501301,downstairs,wiktor
1672842748790193700,-0.1466854738517265,1.1705435001353817,-0.0161515708341156,1.1798091316771138,-0.1466854738517265,-0.2035509072834092,-0.3122685310490277,1.1705435001353817,1.0416118925889557,0.900638582709672,-0.0161515708341156,0.0229127517666971,0.0266179265454411,0.0082060846667207,0.0004458463464228,0.0072091717403386,0.0005510665799592,downstairs,wiktor
1672842748800193700,-0.1168242499510592,1.290619906979846,-0.04934996175775,1.2968357908365984,-0.1168242499510592,-0.1466854738517265,-0.2035509072834092,1.290619906979846,1.1705435001353817,1.0416118925889557,-0.04934996175775,-0.0161515708341156,0.0229127517666971,0.0080696789213697,0.000545488940254,0.0069819590335538,0.0005422309475617,downstairs,wiktor
1672842748810193700,-0.1498542042427046,1.408788930277442,-0.0822811308096303,1.4191239259094974,-0.1498542042427046,-0.1168242499510592,-0.1466854738517265,1.408788930277442,1.290619906979846,1.1705435001353817,-0.0822811308096303,-0.04934996175775,-0.0161515708341156,0.0079130342734274,0.0008572517809548,0.0057458824575618,0.0013099000349107,downstairs,wiktor
1672842748820193700,-0.1912607684796662,1.515988580067559,-0.1334651133610252,1.5338236511865233,-0.1912607684796662,-0.1498542042427046,-0.1168242499510592,1.515988580067559,1.408788930277442,1.290619906979846,-0.1334651133610252,-0.0822811308096303,-0.04934996175775,0.007450481108897,0.0015976075676566,0.0047947010392866,0.0010581725019537,downstairs,wiktor
1672842748830193700,-0.1347345344346384,1.6139140725532914,-0.1794688632506546,1.6294419600683394,-0.1347345344346384,-0.1912607684796662,-0.1498542042427046,1.6139140725532914,1.515988580067559,1.408788930277442,-0.1794688632506546,-0.1334651133610252,-0.0822811308096303,0.0033024322122243,0.0011848614684714,0.0006318993647928,0.00148567137896,downstairs,wiktor
1672842748840193700,-0.0860547343431944,1.6494640195235144,-0.2339788876307643,1.6681975569046,-0.0860547343431944,-0.1347345344346384,-0.1912607684796662,1.6494640195235144,1.6139140725532914,1.515988580067559,-0.2339788876307643,-0.1794688632506546,-0.1334651133610252,0.002099056947741,1.973722284971704e-05,6.802719020428526e-05,0.002011292534687,downstairs,wiktor
1672842748850193700,-0.0923376035682726,1.637799784426065,-0.2974027401578225,1.6671420925500555,-0.0923376035682726,-0.0860547343431944,-0.1347345344346384,1.637799784426065,1.6494640195235144,1.6139140725532914,-0.2974027401578225,-0.2339788876307643,-0.1794688632506546,0.0028992427922405,0.0004404138300482,0.0024376642344496,2.116472774267138e-05,downstairs,wiktor
1672842748860193700,-0.1220163444461542,1.567976232032196,-0.2908966310682558,1.5993931044295353,-0.1220163444461542,-0.0923376035682726,-0.0860547343431944,1.567976232032196,1.637799784426065,1.6494640195235144,-0.2908966310682558,-0.2974027401578225,-0.2339788876307643,0.0123032102036951,0.0003952974983536,0.0053162086775965,0.0065917040277449,downstairs,wiktor
1672842748870193700,-0.1501338656154774,1.4648626182113569,-0.1760776080124491,1.483025957925573,-0.1501338656154774,-0.1220163444461542,-0.0923376035682726,1.4648626182113569,1.567976232032196,1.637799784426065,-0.1760776080124491,-0.2908966310682558,-0.2974027401578225,0.0179468275605381,4.726846118745748e-05,0.0035700677765413,0.0143294913228094,downstairs,wiktor
1672842748880193700,-0.1404108556712824,1.3803632954147649,-0.006787966729768,1.3875028332262878,-0.1404108556712824,-0.1501338656154774,-0.1220163444461542,1.3803632954147649,1.4648626182113569,1.567976232032196,-0.006787966729768,-0.1760776080124491,-0.2908966310682558,0.0170184331724734,0.0010507810880265,0.0021044887249286,0.0138631633595182,downstairs,wiktor
1672842748890193700,-0.0945680571522886,1.3154866628737851,0.1597242752196948,1.328518017087771,-0.0945680571522886,-0.1404108556712824,-0.1501338656154774,1.3154866628737851,1.3803632954147649,1.4648626182113569,0.1597242752196948,-0.006787966729768,-0.1760776080124491,0.0093633239382445,0.0004948549302716,0.0002027700985591,0.0086656989094136,downstairs,wiktor
1672842748900193700,-0.1260277116409087,1.2953486342433982,0.2913730420913499,1.3336826151657104,-0.1260277116409087,-0.0945680571522886,-0.1404108556712824,1.2953486342433982,1.3154866628737851,1.3803632954147649,0.2913730420913499,0.1597242752196948,-0.006787966729768,0.0215698535471034,0.0180146909034191,0.0016753920816569,0.0018797705620274,downstairs,wiktor
1672842748910193700,-0.315841783318533,1.353234592500249,0.3526881391234417,1.4336627280875731,-0.315841783318533,-0.1260277116409087,-0.0945680571522886,1.353234592500249,1.2953486342433982,1.3154866628737851,0.3526881391234417,0.2913730420913499,0.1597242752196948,0.0410809645776384,0.0231185057107981,0.0179623870771227,7.178971752039821e-08,downstairs,wiktor
1672842748920193700,-0.5308697150427543,1.5427729109328168,0.3523092203524092,1.6691592781406497,-0.5308697150427543,-0.315841783318533,-0.1260277116409087,1.5427729109328168,1.353234592500249,1.2953486342433982,0.3523092203524092,0.3526881391234417,0.2913730420913499,0.0036360567282781,0.001176677118931,0.0009276038401444,0.0015317757692026,downstairs,wiktor
1672842748930193700,-0.5793810976025413,1.585845032778494,0.2969598613822699,1.7142847148357607,-0.5793810976025413,-0.5308697150427543,-0.315841783318533,1.585845032778494,1.5427729109328168,1.353234592500249,0.2969598613822699,0.3523092203524092,0.3526881391234417,0.0286810726150129,0.0080349688399969,0.0123083473592018,0.0083377564158141,downstairs,wiktor
1672842748940193700,-0.4526138396847577,1.4289479495729616,0.1678261600040927,1.5082828482896269,-0.4526138396847577,-0.5793810976025413,-0.5308697150427543,1.4289479495729616,1.585845032778494,1.5427729109328168,0.1678261600040927,0.2969598613822699,0.3523092203524092,0.0586529717686015,0.0338317015032572,0.0195396503252264,0.0052816199401178,downstairs,wiktor
1672842748950193700,-0.1924919394023816,1.2312630977242351,0.0650485365628215,1.2479155719283794,-0.1924919394023816,-0.4526138396847577,-0.5793810976025413,1.2312630977242351,1.4289479495729616,1.585845032778494,0.0650485365628215,0.1678261600040927,0.2969598613822699,0.0039765482649797,0.00238357828193,0.0015734579108537,1.9512072196009657e-05,downstairs,wiktor
1672842748960193700,-0.1234473410339356,1.175165719695423,0.0712954673605828,1.183780705376538,-0.1234473410339356,-0.1924919394023816,-0.4526138396847577,1.175165719695423,1.2312630977242351,1.4289479495729616,0.0712954673605828,0.0650485365628215,0.1678261600040927,0.0042932479758946,0.0007442439304254,0.0001098201016783,0.0034391839437908,downstairs,wiktor
1672842748970193700,-0.1620282671613754,1.1899859829642307,0.1542313937591082,1.210829105130671,-0.1620282671613754,-0.1234473410339356,-0.1924919394023816,1.1899859829642307,1.175165719695423,1.2312630977242351,0.1542313937591082,0.0712954673605828,0.0650485365628215,0.0131908261405281,0.0068802715095789,0.0028687648308886,0.0034417898000605,downstairs,wiktor
1672842748980193700,-0.2793336081274115,1.2657324657985995,0.2371987343222542,1.3177136180407945,-0.2793336081274115,-0.1620282671613754,-0.1234473410339356,1.2657324657985995,1.1899859829642307,1.175165719695423,0.2371987343222542,0.1542313937591082,0.0712954673605828,0.0101420808252104,4.581403402433543e-05,0.0100718594975181,2.440729366797138e-05,downstairs,wiktor
1672842748990193700,-0.2889058632456514,1.4076610358436623,0.2441854780084031,1.4576017073674,-0.2889058632456514,-0.2793336081274115,-0.1620282671613754,1.4076610358436623,1.2657324657985995,1.1899859829642307,0.2441854780084031,0.2371987343222542,0.1542313937591082,0.0296616098384896,0.0134128480518606,0.0117615471641797,0.0044872146224492,downstairs,wiktor
1672842749000193700,-0.1251203446436662,1.561033439907625,0.1494520137790274,1.573154921034858,-0.1251203446436662,-0.2889058632456514,-0.2793336081274115,1.561033439907625,1.4076610358436623,1.2657324657985995,0.1494520137790274,0.2441854780084031,0.2371987343222542,0.0422167414192483,0.0279974910788061,7.673825385101072e-05,0.0141425120865911,downstairs,wiktor
1672842749010193700,0.1115122443156997,1.5486448763225271,-0.0187295077183783,1.5527674417155044,0.1115122443156997,-0.1251203446436662,-0.2889058632456514,1.5486448763225271,1.561033439907625,1.4076610358436623,-0.0187295077183783,0.1494520137790274,0.2441854780084031,0.0292769596372481,0.0046098103218907,0.014235138560133,0.0104320107552243,downstairs,wiktor
1672842749020193700,0.2075310999836436,1.3799135006976415,-0.1631733428600994,1.4049398445087182,0.2075310999836436,0.1115122443156997,-0.1251203446436662,1.3799135006976415,1.5486448763225271,1.561033439907625,-0.1631733428600994,-0.0187295077183783,0.1494520137790274,0.0215404777218012,9.108485871012462e-06,0.0168930317342484,0.0046383375016817,downstairs,wiktor
1672842749030193700,0.2032629655267614,1.1961036438659232,-0.2594888400729757,1.2406910244482672,0.2032629655267614,0.2075310999836436,0.1115122443156997,1.1961036438659232,1.3799135006976415,1.5486448763225271,-0.2594888400729757,-0.1631733428600994,-0.0187295077183783,0.0189183104611508,0.006836054405462,0.0097308969644985,0.0023513590911902,downstairs,wiktor
1672842749040193700,0.0863351723767829,1.05659811017999,-0.3280652075940134,1.10972073462604,0.0863351723767829,0.2032629655267614,0.2075310999836436,1.05659811017999,1.1961036438659232,1.3799135006976415,-0.3280652075940134,-0.2594888400729757,-0.1631733428600994,0.0378985649201355,0.0352516769620397,0.001929179772046,0.0007177081860497,downstairs,wiktor
1672842749050193700,-0.1791895042995655,0.9944824153509694,-0.3659520967787901,1.0747209358853185,-0.1791895042995655,0.0863351723767829,0.2032629655267614,0.9944824153509694,1.05659811017999,1.1961036438659232,-0.3659520967787901,-0.3280652075940134,-0.2594888400729757,0.0367172174323407,0.0364279981860481,0.0002792713226486,9.947923643939196e-06,downstairs,wiktor
1672842749060193700,-0.44910800379913,0.9708489085164506,-0.361491620650855,1.1291243483535391,-0.44910800379913,-0.1791895042995655,0.0863351723767829,0.9708489085164506,0.9944824153509694,1.05659811017999,-0.361491620650855,-0.3659520967787901,-0.3280652075940134,0.0094924609142545,0.0078441630635824,0.0003269773188796,0.0013213205317923,downstairs,wiktor
1672842749070193700,-0.5743610521738699,0.9452763717287288,-0.3100849959456216,1.1487344087792883,-0.5743610521738699,-0.44910800379913,-0.1791895042995655,0.9452763717287288,0.9708489085164506,0.9944824153509694,-0.3100849959456216,-0.361491620650855,-0.3659520967787901,0.0035424458810959,7.395117479848312e-06,0.0006760046388366,0.0028590461247795,downstairs,wiktor
1672842749080193700,-0.570515244721631,0.9085066929475208,-0.2344669276711737,1.0981105571670744,-0.570515244721631,-0.5743610521738699,-0.44910800379913,0.9085066929475208,0.9452763717287288,0.9708489085164506,-0.2344669276711737,-0.3100849959456216,-0.361491620650855,0.0097378935891586,0.0055206013634988,1.1601283703793808e-05,0.0042056909419559,downstairs,wiktor
1672842749090193700,-0.4654381172057072,0.9036897886088828,-0.142753341524344,1.0264825334609091,-0.4654381172057072,-0.570515244721631,-0.5743610521738699,0.9036897886088828,0.9085066929475208,0.9452763717287288,-0.142753341524344,-0.2344669276711737,-0.3100849959456216,0.0077848813151034,0.0008513026573377,0.0005434658989828,0.0063901127587827,downstairs,wiktor
1672842749100193700,-0.4241754789638842,0.9366584373219516,-0.0297036820044431,1.0286574618818756,-0.4241754789638842,-0.4654381172057072,-0.570515244721631,0.9366584373219516,0.9036897886088828,0.9085066929475208,-0.0297036820044431,-0.142753341524344,-0.2344669276711737,0.008355543497371,0.0008087009685244,0.0006996222822548,0.0068472202465917,downstairs,wiktor
1672842749110193700,-0.4643924149119268,0.974064914896159,0.0873195656567947,1.0826298905932183,-0.4643924149119268,-0.4241754789638842,-0.4654381172057072,0.974064914896159,0.9366584373219516,0.9036897886088828,0.0873195656567947,-0.0297036820044431,-0.142753341524344,0.0132468633903981,0.0072665696599528,0.0005557087684882,0.005424584961957,downstairs,wiktor
1672842749120193700,-0.5849458857035458,1.0074028443006144,0.1914789143678641,1.1805449396587873,-0.5849458857035458,-0.4643924149119268,-0.4241754789638842,1.0074028443006144,0.974064914896159,0.9366584373219516,0.1914789143678641,0.0873195656567947,-0.0297036820044431,0.0071793349049736,0.0024573359476335,0.0009580693815656,0.0037639295757744,downstairs,wiktor
1672842749130193700,-0.6550506066235167,1.051176566590721,0.2782421505428074,1.2694416748027375,-0.6550506066235167,-0.5849458857035458,-0.4643924149119268,1.051176566590721,1.0074028443006144,0.974064914896159,0.2782421505428074,0.1914789143678641,0.0873195656567947,0.0020902478016651,5.8094957172097926e-05,0.0001616931434705,0.0018704597010224,downstairs,wiktor
1672842749140193700,-0.6658297491842307,1.069159510925315,0.339405206402084,1.3044643378926215,-0.6658297491842307,-0.6550506066235167,-0.5849458857035458,1.069159510925315,1.051176566590721,1.0074028443006144,0.339405206402084,0.2782421505428074,0.1914789143678641,0.000332953766565,8.900826083330013e-05,0.0001554622211442,8.848328458755376e-05,downstairs,wiktor
1672842749150193700,-0.6524874659588378,1.0515264612092716,0.3527080846310654,1.286798657452204,-0.6524874659588378,-0.6658297491842307,-0.6550506066235167,1.0515264612092716,1.069159510925315,1.051176566590721,0.3527080846310654,0.339405206402084,0.2782421505428074,0.0031917503665122,0.0012427021037534,0.0019475474588407,1.5008039180219093e-06,downstairs,wiktor
1672842749160193700,-0.6026336375450944,0.989115765670114,0.3509755697433823,1.21024838341338,-0.6026336375450944,-0.6524874659588378,-0.6658297491842307,0.989115765670114,1.0515264612092716,1.069159510925315,0.3509755697433823,0.3527080846310654,0.339405206402084,0.0038031171285181,0.0015194510521185,0.0021671273127187,0.0001165387636808,downstairs,wiktor
1672842749170193700,-0.5475073996520808,0.923280709465706,0.3357086929389515,1.1246830431993096,-0.5475073996520808,-0.6026336375450944,-0.6524874659588378,0.923280709465706,0.989115765670114,1.0515264612092716,0.3357086929389515,0.3509755697433823,0.3527080846310654,0.0035409544026662,0.0008073491931161,0.0017841171608303,0.0009494880487197,downstairs,wiktor
1672842749180193700,-0.5073240898551987,0.86354600998826,0.2921314500541661,1.0432785954023975,-0.5073240898551987,-0.5475073996520808,-0.6026336375450944,0.86354600998826,0.923280709465706,0.989115765670114,0.2921314500541661,0.3357086929389515,0.3509755697433823,0.0025933499903021,0.0005893183550111,0.0003522062645556,0.0016518253707353,downstairs,wiktor
1672842749190193700,-0.472992810968121,0.8370052389159781,0.2346540567462691,0.9896274529073048,-0.472992810968121,-0.5073240898551987,-0.5475073996520808,0.8370052389159781,0.86354600998826,0.923280709465706,0.2346540567462691,0.2921314500541661,0.3357086929389515,0.0025506015114039,0.0008708483627364,2.6887819733787187e-06,0.0016770643666941,downstairs,wiktor
1672842749200193700,-0.4312591707545852,0.8393241964289044,0.1767392163908958,0.9600449623228208,-0.4312591707545852,-0.472992810968121,-0.5073240898551987,0.8393241964289044,0.8370052389159781,0.86354600998826,0.1767392163908958,0.2346540567462691,0.2921314500541661,0.0037627812218714,0.0012037973471341,0.0001592865241049,0.0023996973506323,downstairs,wiktor
1672842749210193700,-0.3821919240999352,0.8571728111709488,0.1074615525932135,0.9446501364757544,-0.3821919240999352,-0.4312591707545852,-0.472992810968121,0.8571728111709488,0.8393241964289044,0.8370052389159781,0.1074615525932135,0.1767392163908958,0.2346540567462691,0.0037930667748161,0.0012728955423903,0.0002419617975733,0.0022782094348524,downstairs,wiktor
1672842749220193700,-0.3317360910894625,0.8791710746284729,0.0399603017181003,0.9405250864852578,-0.3317360910894625,-0.3821919240999352,-0.4312591707545852,0.8791710746284729,0.8571728111709488,0.8393241964289044,0.0399603017181003,0.1074615525932135,0.1767392163908958,0.0029608162443389,0.0012811973311584,0.0003505597051414,0.001329059208039,downstairs,wiktor
1672842749230193700,-0.2811159897233357,0.9056497341542658,-0.0115966417141682,0.9483470476312296,-0.2811159897233357,-0.3317360910894625,-0.3821919240999352,0.9056497341542658,0.8791710746284729,0.8571728111709488,-0.0115966417141682,0.0399603017181003,0.1074615525932135,0.0024930935161443,0.0010053537566744,0.0005016343165386,0.0009861054429311,downstairs,wiktor
1672842749240193700,-0.2362750763366869,0.9373241502195596,-0.0560062227284311,0.96826606429588,-0.2362750763366869,-0.2811159897233357,-0.3317360910894625,0.9373241502195596,0.9056497341542658,0.8791710746284729,-0.0560062227284311,-0.0115966417141682,0.0399603017181003,0.0024311923807336,0.0007721865792125,0.0007009450643319,0.0009580607371891,downstairs,wiktor
1672842749250193700,-0.1969765628988352,0.9747659734746298,-0.0997797475394211,0.9994620890230964,-0.1969765628988352,-0.2362750763366869,-0.2811159897233357,0.9747659734746298,0.9373241502195596,0.9056497341542658,-0.0997797475394211,-0.0560062227284311,-0.0115966417141682,0.0030421444430049,0.000935897356718,0.0010112530406109,0.0010949940456759,downstairs,wiktor
1672842749260193700,-0.1537123200020039,1.019738254728996,-0.1465770561303216,1.0416229734707123,-0.1537123200020039,-0.1969765628988352,-0.2362750763366869,1.019738254728996,0.9747659734746298,0.9373241502195596,-0.1465770561303216,-0.0997797475394211,-0.0560062227284311,0.0038900776012484,0.0005901600236553,0.0016210910040643,0.0016788265735288,downstairs,wiktor
1672842749270193700,-0.1193565337744895,1.0766784163737315,-0.2045223160491252,1.1024117979239,-0.1193565337744895,-0.1537123200020039,-0.1969765628988352,1.0766784163737315,1.019738254728996,0.9747659734746298,-0.2045223160491252,-0.1465770561303216,-0.0997797475394211,0.0057260370872372,1.0153822449767185e-05,0.0022611508049271,0.0034547324598603,downstairs,wiktor
1672842749280193700,-0.1148501333373852,1.1439264766420711,-0.2876455072758868,1.1851153002751929,-0.1148501333373852,-0.1193565337744895,-0.1537123200020039,1.1439264766420711,1.0766784163737315,1.019738254728996,-0.2876455072758868,-0.2045223160491252,-0.1465770561303216,0.006139260948238,0.0002174934596353,6.800720800086561e-05,0.0058537602806017,downstairs,wiktor
1672842749290193700,-0.1357064733631602,1.1555889984963583,-0.3958468037616662,1.2290227306306465,-0.1357064733631602,-0.1148501333373852,-0.1193565337744895,1.1555889984963583,1.1439264766420711,1.0766784163737315,-0.3958468037616662,-0.2876455072758868,-0.2045223160491252,0.0093333071691277,0.0017111370700791,0.0018526603993448,0.0057695096997036,downstairs,wiktor
1672842749300193700,-0.1942066796889359,1.0947176522101978,-0.503266631537582,1.2204098798828171,-0.1942066796889359,-0.1357064733631602,-0.1148501333373852,1.0947176522101978,1.1555889984963583,1.1439264766420711,-0.503266631537582,-0.3958468037616662,-0.2876455072758868,0.0112662398984654,0.0028564863002581,0.0049870676439384,0.0034226859542688,downstairs,wiktor
1672842749310193700,-0.2697908883605643,0.9948470595020488,-0.5860033942766307,1.1857098183560717,-0.2697908883605643,-0.1942066796889359,-0.1357064733631602,0.9948470595020488,1.0947176522101978,1.1555889984963583,-0.5860033942766307,-0.503266631537582,-0.3958468037616662,0.0052846219068375,0.0025328953674934,0.0016904327576599,0.0010612937816841,downstairs,wiktor
1672842749320193700,-0.3409652568859467,0.9367018489054756,-0.6320749425832412,1.180333170417507,-0.3409652568859467,-0.2697908883605643,-0.1942066796889359,0.9367018489054756,0.9948470595020488,1.0947176522101978,-0.6320749425832412,-0.5860033942766307,-0.503266631537582,0.0033757122688733,0.0030720057459066,0.0001260407592456,0.0001776657637209,downstairs,wiktor
1672842749330193700,-0.4193490019598674,0.9208247736555636,-0.6509251820364117,1.203110735481856,-0.4193490019598674,-0.3409652568859467,-0.2697908883605643,0.9208247736555636,0.9367018489054756,0.9948470595020488,-0.6509251820364117,-0.6320749425832412,-0.5860033942766307,0.0035944105264469,0.0035036442019405,3.196231222017557e-06,8.757009328428575e-05,downstairs,wiktor
1672842749340193700,-0.5030585498255751,0.9233531056045045,-0.6641592360852877,1.2436865976038685,-0.5030585498255751,-0.4193490019598674,-0.3409652568859467,0.9233531056045045,0.9208247736555636,0.9367018489054756,-0.6641592360852877,-0.6509251820364117,-0.6320749425832412,0.001144477015502,0.0007498193564805,0.000169937535197,0.0002247201238245,downstairs,wiktor
1672842749350193700,-0.5417837188111463,0.9417888065782686,-0.6853592419260673,1.28460618271065,-0.5417837188111463,-0.5030585498255751,-0.4193490019598674,0.9417888065782686,0.9233531056045045,0.9208247736555636,-0.6853592419260673,-0.6641592360852877,-0.6509251820364117,0.0007010769945087,0.0001266561942951,0.0002177946411264,0.0003566261590872,downstairs,wiktor
1672842749360193700,-0.5258679282687234,0.9626595823724938,-0.7120660260487285,1.3077800178042376,-0.5258679282687234,-0.5417837188111463,-0.5030585498255751,0.9626595823724938,0.9417888065782686,0.9233531056045045,-0.7120660260487285,-0.6853592419260673,-0.6641592360852877,0.0013539645127519,0.0008542562088142,2.3490590722251863e-05,0.0004762177132155,downstairs,wiktor
1672842749370193700,-0.4845337726873105,0.9695138643512649,-0.7429275786090105,1.3140287276546767,-0.4845337726873105,-0.5258679282687234,-0.5417837188111463,0.9695138643512649,0.9626595823724938,0.9417888065782686,-0.7429275786090105,-0.7120660260487285,-0.6853592419260673,0.001255504909782,0.000170985956696,0.0001974367380437,0.0008870822150422,downstairs,wiktor
1672842749380193700,-0.5030262553057171,0.9893852879562156,-0.7850484099171001,1.359492430087223,-0.5030262553057171,-0.4845337726873105,-0.5258679282687234,0.9893852879562156,0.9695138643512649,0.9626595823724938,-0.7850484099171001,-0.7429275786090105,-0.7120660260487285,0.0029625535828646,0.0017691065914822,0.0008994567084359,0.0002939902829464,downstairs,wiktor
1672842749390193700,-0.562509136733607,1.031798887389322,-0.8092967204952202,1.4268800421657557,-0.562509136733607,-0.5030262553057171,-0.4845337726873105,1.031798887389322,0.9893852879562156,0.9695138643512649,-0.8092967204952202,-0.7850484099171001,-0.7429275786090105,0.0015367669094893,7.078981354456456e-05,0.0014659655670639,1.1528880852664811e-08,downstairs,wiktor
1672842749400193700,-0.5744078604924447,1.085946196963556,-0.8094485683193907,1.471200366248401,-0.5744078604924447,-0.562509136733607,-0.5030262553057171,1.085946196963556,1.031798887389322,0.9893852879562156,-0.8094485683193907,-0.8092967204952202,-0.7850484099171001,0.0015564235748258,0.0001244544404876,0.0013409643614228,9.10047729154002e-05,downstairs,wiktor
1672842749410193700,-0.5586310141353532,1.1377335383014315,-0.7959574769687697,1.4966811682092742,-0.5586310141353532,-0.5744078604924447,-0.562509136733607,1.1377335383014315,1.085946196963556,1.031798887389322,-0.7959574769687697,-0.8094485683193907,-0.8092967204952202,0.0008282464676049,1.236659827937708e-05,0.0006115850007854,0.0002042948685401,downstairs,wiktor
1672842749420193700,-0.5536577660459499,1.1727073856958916,-0.7757438741953835,1.5111446299809783,-0.5536577660459499,-0.5586310141353532,-0.5744078604924447,1.1727073856958916,1.1377335383014315,1.085946196963556,-0.7757438741953835,-0.7959574769687697,-0.8094485683193907,0.0008549642491369,0.0006433504620283,4.677260413912393e-05,0.0001648411829694,downstairs,wiktor
1672842749430193700,-0.589528379701932,1.182379262880712,-0.7575867167653525,1.5229911572900308,-0.589528379701932,-0.5536577660459499,-0.5586310141353532,1.182379262880712,1.1727073856958916,1.1377335383014315,-0.7575867167653525,-0.7757438741953835,-0.7959574769687697,0.0016291696182705,0.0013488295400205,5.280630756006691e-05,0.0002275337706898,downstairs,wiktor
1672842749440193700,-0.6414673735316274,1.1721024630325036,-0.7362544046220384,1.5255737030631389,-0.6414673735316274,-0.589528379701932,-0.5536577660459499,1.1721024630325036,1.182379262880712,1.1727073856958916,-0.7362544046220384,-0.7575867167653525,-0.7757438741953835,0.0021188795945917,0.0005569932488089,0.0002866560388358,0.0012752303069469,downstairs,wiktor
1672842749450193700,-0.6748438097946231,1.1481585268967769,-0.6857523193790124,1.4979781086643398,-0.6748438097946231,-0.6414673735316274,-0.589528379701932,1.1481585268967769,1.1721024630325036,1.182379262880712,-0.6857523193790124,-0.7362544046220384,-0.7575867167653525,0.0168135933395085,0.003355040523774,0.0006830944835205,0.0127754583322139,downstairs,wiktor
1672842749460193700,-0.7567588941658671,1.1111965333487934,-0.525905778395393,1.443613053201995,-0.7567588941658671,-0.6748438097946231,-0.6414673735316274,1.1111965333487934,1.1481585268967769,1.1721024630325036,-0.525905778395393,-0.6857523193790124,-0.7362544046220384,0.0036164230955696,0.0015192542529957,0.0001051343733276,0.0019920344692462,downstairs,wiktor
1672842749470193700,-0.7016362263604035,1.0966958869268155,-0.4627862969455857,1.3817403588171224,-0.7016362263604035,-0.7567588941658671,-0.6748438097946231,1.0966958869268155,1.1111965333487934,1.1481585268967769,-0.4627862969455857,-0.525905778395393,-0.6857523193790124,0.0007413692572081,0.0007265292443134,1.6329733447682914e-06,1.3207039549961392e-05,downstairs,wiktor
1672842749480193700,-0.6635172220629814,1.0948886938852354,-0.4576468340261823,1.3595870625546862,-0.6635172220629814,-0.7016362263604035,-0.7567588941658671,1.0948886938852354,1.0966958869268155,1.1111965333487934,-0.4576468340261823,-0.4627862969455857,-0.525905778395393,0.0140178170151151,0.0124985957185338,4.012388973229484e-05,0.0014790974068489,downstairs,wiktor
1672842749490193700,-0.8216222233661273,1.1038468063797615,-0.4032575445134679,1.4339307853208707,-0.8216222233661273,-0.6635172220629814,-0.7016362263604035,1.1038468063797615,1.0948886938852354,1.0966958869268155,-0.4032575445134679,-0.4576468340261823,-0.4627862969455857,0.0096659243452876,0.002258007258049,0.0002342767522155,0.0071736403350229,downstairs,wiktor
1672842749500193700,-0.8888235218364555,1.1254929031279326,-0.2834774098080589,1.461882679914017,-0.8888235218364555,-0.8216222233661273,-0.6635172220629814,1.1254929031279326,1.1038468063797615,1.0948886938852354,-0.2834774098080589,-0.4032575445134679,-0.4576468340261823,0.0041979971869472,0.0011003095253995,0.000471104403765,0.0026265832577827,downstairs,wiktor
1672842749510193700,-0.8419127655986903,1.094797483151493,-0.2109986783376092,1.3971109749240025,-0.8419127655986903,-0.8888235218364555,-0.8216222233661273,1.094797483151493,1.1254929031279326,1.1038468063797615,-0.2109986783376092,-0.2834774098080589,-0.4032575445134679,0.0154591937936886,0.0104309295307534,0.0043194399171326,0.0007088243458024,downstairs,wiktor
1672842749520193700,-0.6974764160826943,1.0018519085700996,-0.1733470025235779,1.2329759855654203,-0.6974764160826943,-0.8419127655986903,-0.8888235218364555,1.0018519085700996,1.094797483151493,1.1254929031279326,-0.1733470025235779,-0.2109986783376092,-0.2834774098080589,0.0174515802348697,0.0107657480307031,0.0055565216682091,0.0011293105359574,downstairs,wiktor
1672842749530193700,-0.5507402717234862,0.8964334882801986,-0.125822050425602,1.05959380622084,-0.5507402717234862,-0.6974764160826943,-0.8419127655986903,0.8964334882801986,1.0018519085700996,1.094797483151493,-0.125822050425602,-0.1733470025235779,-0.2109986783376092,0.0150226865518885,0.0073604225308891,0.0073047891314316,0.0003574748895677,downstairs,wiktor
1672842749540193700,-0.4294107820609221,0.7755633999089918,-0.0990835056047722,0.8920256431916621,-0.4294107820609221,-0.5507402717234862,-0.6974764160826943,0.7755633999089918,0.8964334882801986,1.0018519085700996,-0.0990835056047722,-0.125822050425602,-0.1733470025235779,0.0084500288734985,0.0048553889116937,0.0035875151153539,7.124846450728353e-06,downstairs,wiktor
1672842749550193700,-0.3308675031252809,0.6908578497324658,-0.0953086290635518,0.7719077716510553,-0.3308675031252809,-0.4294107820609221,-0.5507402717234862,0.6908578497324658,0.7755633999089918,0.8964334882801986,-0.0953086290635518,-0.0990835056047722,-0.125822050425602,0.003456812572934,0.0033892377577297,5.791048575391271e-05,9.664329450377107e-06,downstairs,wiktor
1672842749560193700,-0.2485360054135327,0.6800958345165397,-0.0997050661324468,0.7309183198731167,-0.2485360054135327,-0.3308675031252809,-0.4294107820609221,0.6800958345165397,0.6908578497324658,0.7755633999089918,-0.0997050661324468,-0.0953086290635518,-0.0990835056047722,0.0009833541780143,0.0005304638221668,0.0003799671439053,7.292321194212896e-05,downstairs,wiktor
1672842749570193700,-0.2159641211522007,0.7076627401791405,-0.1117817554090763,0.7482795041327984,-0.2159641211522007,-0.2485360054135327,-0.3308675031252809,0.7076627401791405,0.6800958345165397,0.6908578497324658,-0.1117817554090763,-0.0997050661324468,-0.0953086290635518,0.0008429682054328,0.0005219848969763,0.0003171407438142,3.842564642323628e-06,downstairs,wiktor
1672842749580193700,-0.1836535997396227,0.7328476858338061,-0.1090095488358485,0.763333123260534,-0.1836535997396227,-0.2159641211522007,-0.2485360054135327,0.7328476858338061,0.7076627401791405,0.6800958345165397,-0.1090095488358485,-0.1117817554090763,-0.0997050661324468,0.0023071606390193,0.0020228059077389,0.0002574119442898,2.694278699052149e-05,downstairs,wiktor
1672842749590193700,-0.1200484756105251,0.7101579549279602,-0.1016688694407896,0.7273737116896938,-0.1200484756105251,-0.1836535997396227,-0.2159641211522007,0.7101579549279602,0.7328476858338061,0.7076627401791405,-0.1016688694407896,-0.1090095488358485,-0.1117817554090763,0.0058023186223195,0.000743783069225,0.0049781069117539,8.042864134064517e-05,downstairs,wiktor
1672842749600193700,-0.08147949664491,0.6103771259901938,-0.1143518218841795,0.6263189949808228,-0.08147949664491,-0.1200484756105251,-0.1836535997396227,0.6103771259901938,0.7101579549279602,0.7328476858338061,-0.1143518218841795,-0.1016688694407896,-0.1090095488358485,0.0059314020391398,6.738731570094422e-05,0.0048610504217379,0.0010029643017008,downstairs,wiktor
1672842749610193700,-0.0930887443122608,0.5117764117763708,-0.1591394161866394,0.5439723924543922,-0.0930887443122608,-0.08147949664491,-0.1200484756105251,0.5117764117763708,0.6103771259901938,0.7101579549279602,-0.1591394161866394,-0.1143518218841795,-0.1016688694407896,0.0024778216699174,0.0013372994944847,7.096666614468136e-07,0.0011398125087713,downstairs,wiktor
1672842749620193700,-0.144805269610945,0.5105850540119299,-0.2068848349987374,0.5696200474350588,-0.144805269610945,-0.0930887443122608,-0.08147949664491,0.5105850540119299,0.5117764117763708,0.6103771259901938,-0.2068848349987374,-0.1591394161866394,-0.1143518218841795,0.0060435568325684,0.0017260932097435,0.0025836211688759,0.0017338424539489,downstairs,wiktor
1672842749630193700,-0.2035605793240857,0.5824685871593202,-0.2657718871231042,0.6718193659512265,-0.2035605793240857,-0.144805269610945,-0.0930887443122608,0.5824685871593202,0.5105850540119299,0.5117764117763708,-0.2657718871231042,-0.2068848349987374,-0.1591394161866394,0.0048161868496151,0.0003159753591169,0.001124325306425,0.0033758861840732,downstairs,wiktor
1672842749640193700,-0.2286992093232289,0.6298885261391425,-0.3479410563299694,0.7550667933281309,-0.2286992093232289,-0.2035605793240857,-0.144805269610945,0.6298885261391425,0.5824685871593202,0.5105850540119299,-0.3479410563299694,-0.2657718871231042,-0.2068848349987374,0.0015005143318105,0.0001298097650267,2.205380649427451e-05,0.0013486507602894,downstairs,wiktor
1672842749650193700,-0.2125864960180903,0.6232471698779147,-0.3998766079355789,0.7704098614530739,-0.2125864960180903,-0.2286992093232289,-0.2035605793240857,0.6232471698779147,0.6298885261391425,0.5824685871593202,-0.3998766079355789,-0.3479410563299694,-0.2657718871231042,0.0014983211978058,0.000937304816862,0.0005586344811821,2.3818997616189497e-06,downstairs,wiktor
1672842749660193700,-0.169289733624995,0.5898215963994502,-0.4020592209391225,0.7336212555755128,-0.169289733624995,-0.2125864960180903,-0.2286992093232289,0.5898215963994502,0.6232471698779147,0.6298885261391425,-0.4020592209391225,-0.3998766079355789,-0.3479410563299694,0.0014738721072551,0.0009559932755795,0.000353067564466,0.0001648112672095,downstairs,wiktor
1672842749670193700,-0.1255634651910308,0.5632483931877161,-0.3839037111853556,0.693106770765668,-0.1255634651910308,-0.169289733624995,-0.2125864960180903,0.5632483931877161,0.5898215963994502,0.6232471698779147,-0.3839037111853556,-0.4020592209391225,-0.3998766079355789,0.0018888082321294,0.001876524429983,4.8135368035087885e-06,7.470265342899656e-06,downstairs,wiktor
1672842749680193700,-0.0643013328418694,0.5601456406021854,-0.3800384129192707,0.6799463180171443,-0.0643013328418694,-0.1255634651910308,-0.169289733624995,0.5601456406021854,0.5632483931877161,0.5898215963994502,-0.3800384129192707,-0.3839037111853556,-0.4020592209391225,0.0035830491510617,0.0033793893058364,0.0001225519852736,8.110785995167345e-05,downstairs,wiktor
1672842749690193700,0.0179104583542411,0.5758014373097082,-0.3927748064395474,0.6972374977724655,0.0179104583542411,-0.0643013328418694,-0.1255634651910308,0.5758014373097082,0.5601456406021854,0.5632483931877161,-0.3927748064395474,-0.3800384129192707,-0.3839037111853556,0.0032529511678509,0.0018166990093598,0.0012022378198021,0.000234014338689,downstairs,wiktor
1672842749700193700,0.0781881326517752,0.6248368901943744,-0.4144087768883132,0.7538362937650429,0.0781881326517752,0.0179104583542411,-0.0643013328418694,0.6248368901943744,0.5758014373097082,0.5601456406021854,-0.4144087768883132,-0.3927748064395474,-0.3800384129192707,0.003285815516414,0.0006521979550291,0.0025255997841359,0.0001080177772489,downstairs,wiktor
1672842749710193700,0.1143045542638109,0.6959086818438879,-0.4291069248838222,0.825522366489483,0.1143045542638109,0.0781881326517752,0.0179104583542411,0.6959086818438879,0.6248368901943744,0.5758014373097082,-0.4291069248838222,-0.4144087768883132,-0.3927748064395474,0.0046192296037827,0.0015871947113841,0.0026739245951191,0.0003581102972795,downstairs,wiktor
1672842749720193700,0.1706462743544179,0.7690376719246913,-0.4558692228897679,0.9101405606655012,0.1706462743544179,0.1143045542638109,0.0781881326517752,0.7690376719246913,0.6959086818438879,0.6248368901943744,-0.4558692228897679,-0.4291069248838222,-0.4144087768883132,0.0084518199471825,0.0048005925605498,0.0013875290248064,0.0022636983618261,downstairs,wiktor
1672842749730193700,0.268631911674893,0.8217164916686166,-0.5231551554734244,1.0104812780792676,0.268631911674893,0.1706462743544179,0.1143045542638109,0.8217164916686166,0.7690376719246913,0.6959086818438879,-0.5231551554734244,-0.4558692228897679,-0.4291069248838222,0.0109858144367712,0.0107848514308043,3.647401718644127e-05,0.0001644889887804,downstairs,wiktor
1672842749740193700,0.4154981871148616,0.8131755295229984,-0.541292905542298,1.061551315246309,0.4154981871148616,0.268631911674893,0.1706462743544179,0.8131755295229984,0.8217164916686166,0.7690376719246913,-0.541292905542298,-0.5231551554734244,-0.4558692228897679,0.0065218884372391,0.0020939095293107,0.0043483675225888,7.961138533951405e-05,downstairs,wiktor
1672842749750193700,0.4802115478576136,0.7199192426294185,-0.5539112560953231,1.0274748299754206,0.4802115478576136,0.4154981871148616,0.268631911674893,0.7199192426294185,0.8131755295229984,0.8217164916686166,-0.5539112560953231,-0.541292905542298,-0.5231551554734244,0.0102348190423273,0.0009233811945243,3.502391428318835e-05,0.0092764139335198,downstairs,wiktor
1672842749760193700,0.4372375744661682,0.7115497845486121,-0.6901200218449608,1.0833953281085915,0.4372375744661682,0.4802115478576136,0.4154981871148616,0.7115497845486121,0.7199192426294185,0.8131755295229984,-0.6901200218449608,-0.5539112560953231,-0.541292905542298,0.018973132089607,6.579953593917257e-05,0.0047341117870601,0.0141732207666077,downstairs,wiktor
1672842749770193700,0.4487092383332079,0.8088545818307619,-0.8584840368042613,1.261974863680701,0.4487092383332079,0.4372375744661682,0.4802115478576136,0.8088545818307619,0.7115497845486121,0.7199192426294185,-0.8584840368042613,-0.6901200218449608,-0.5539112560953231,0.0054362351790782,0.0017474861473471,0.0001668162778659,0.0035219327538651,downstairs,wiktor
1672842749780193700,0.5078275290281725,0.827120193118968,-0.942411776603033,1.3528327944665235,0.5078275290281725,0.4487092383332079,0.4372375744661682,0.827120193118968,0.8088545818307619,0.7115497845486121,-0.942411776603033,-0.8584840368042613,-0.6901200218449608,0.004052438242127,0.0004139806577691,0.0010353713147483,0.0026030862696094,downstairs,wiktor
1672842749790193700,0.5366018459712092,0.7816147799300212,-1.014565588277947,1.3885987679032925,0.5366018459712092,0.5078275290281725,0.4487092383332079,0.7816147799300212,0.827120193118968,0.8088545818307619,-1.014565588277947,-0.942411776603033,-0.8584840368042613,0.0024820471235613,0.0001800602814739,0.0007976576619023,0.001504329180185,downstairs,wiktor
1672842749800193700,0.555578688778902,0.7416733813089824,-1.0694168267358892,1.415061635856701,0.555578688778902,0.5366018459712092,0.5078275290281725,0.7416733813089824,0.7816147799300212,0.827120193118968,-1.0694168267358892,-1.014565588277947,-0.942411776603033,0.0001539079649081,6.012347735342485e-06,0.00014749696474,3.986524327510802e-07,downstairs,wiktor
1672842749810193700,0.5521110245116055,0.7588487686257266,-1.070309746029836,1.4234609195473151,0.5521110245116055,0.555578688778902,0.5366018459712092,0.7588487686257266,0.7416733813089824,0.7816147799300212,-1.070309746029836,-1.0694168267358892,-1.014565588277947,0.0020281336657281,0.0003521146771473,0.0012758827156434,0.0004001362729373,downstairs,wiktor
1672842749820193700,0.5255737044831099,0.8093637706675637,-1.0420206572167503,1.4202480354430154,0.5255737044831099,0.5521110245116055,0.555578688778902,0.8093637706675637,0.7588487686257266,0.7416733813089824,-1.0420206572167503,-1.070309746029836,-1.0694168267358892,0.0028856138671715,0.0013111603792526,3.442010254167683e-05,0.0015400333853771,downstairs,wiktor
1672842749830193700,0.4743651040481699,0.8176607704315358,-0.9865223079552242,1.3663153558145449,0.4743651040481699,0.5255737044831099,0.5521110245116055,0.8176607704315358,0.8093637706675637,0.7588487686257266,-0.9865223079552242,-1.0420206572167503,-1.070309746029836,0.0033803954663059,0.0003913634538488,2.7658193592116914e-05,0.0029613738188649,downstairs,wiktor
1672842749840193700,0.4463878470758045,0.8102232717132681,-0.90956291841938,1.2973159070196834,0.4463878470758045,0.4743651040481699,0.5255737044831099,0.8102232717132681,0.8176607704315358,0.8093637706675637,-0.90956291841938,-0.9865223079552242,-1.0420206572167503,0.0040902699167301,8.797999683049313e-05,5.525750729223246e-05,0.0039470324126074,downstairs,wiktor
1672842749850193700,0.4596528383558991,0.7997106595457588,-0.8207143684862784,1.2346618749437344,0.4596528383558991,0.4463878470758045,0.4743651040481699,0.7997106595457588,0.8102232717132681,0.8176607704315358,-0.8207143684862784,-0.90956291841938,-0.9865223079552242,0.00488571055295,0.0013507995180781,1.2347957471590217e-05,0.0035225630774002,downstairs,wiktor
1672842749860193700,0.5116297470380855,0.7947411610858355,-0.7367791187112251,1.198424791527281,0.5116297470380855,0.4596528383558991,0.4463878470758045,0.7947411610858355,0.7997106595457588,0.8102232717132681,-0.7367791187112251,-0.8207143684862784,-0.90956291841938,0.0083139847894369,0.0059284434293499,0.0003584139489365,0.0020271274111504,downstairs,wiktor
1672842749870193700,0.6205190801185114,0.8215148029351088,-0.6731060881386123,1.2300415871513857,0.6205190801185114,0.5116297470380855,0.4596528383558991,0.8215148029351088,0.7947411610858355,0.7997106595457588,-0.6731060881386123,-0.7367791187112251,-0.8207143684862784,0.0352585379046496,0.023443308803932,0.0097358223884492,0.0020794067122682,downstairs,wiktor
1672842749880193700,0.8370522591185533,0.9610556384525248,-0.6086172253440449,1.412338256821767,0.8370522591185533,0.6205190801185114,0.5116297470380855,0.9610556384525248,0.8215148029351088,0.7947411610858355,-0.6086172253440449,-0.6731060881386123,-0.7367791187112251,0.0812089854327386,0.0367094684559516,0.0413733059894354,0.0031262109873514,downstairs,wiktor
1672842749890193700,1.108011549256211,1.2487127467931165,-0.5295449674105384,1.7513968681594092,1.108011549256211,0.8370522591185533,0.6205190801185114,1.2487127467931165,0.9610556384525248,0.8215148029351088,-0.5295449674105384,-0.6086172253440449,-0.6731060881386123,0.0243284893721133,0.0001222421807841,0.0236036015288468,0.0006026456624824,downstairs,wiktor
1672842749900193700,1.1236475449574197,1.4659849333649224,-0.5642622732530838,1.9313434555144589,1.1236475449574197,1.108011549256211,0.8370522591185533,1.4659849333649224,1.2487127467931165,0.9610556384525248,-0.5642622732530838,-0.5295449674105384,-0.6086172253440449,0.0302661448436067,0.0143863954891471,0.0087714651313186,0.007108284223141,downstairs,wiktor
1672842749910193700,0.9540221017647954,1.3335352060619292,-0.68349552552057,1.7764122409702623,0.9540221017647954,1.1236475449574197,1.108011549256211,1.3335352060619292,1.4659849333649224,1.2487127467931165,-0.68349552552057,-0.5642622732530838,-0.5295449674105384,0.1071980815182392,0.0008273087757174,0.1050350227280274,0.0013357500144943,downstairs,wiktor
1672842749920193700,0.9133451113225948,0.8752012170800352,-0.6318089699283402,1.4139869296557053,0.9133451113225948,0.9540221017647954,1.1236475449574197,0.8752012170800352,1.3335352060619292,1.4659849333649224,-0.6318089699283402,-0.68349552552057,-0.5642622732530838,0.0783671401228505,0.0026677326251344,0.0545257717364202,0.0211736357612958,downstairs,wiktor
1672842749930193700,0.8403008422094815,0.544971685582865,-0.4260244430012856,1.0883916893929082,0.8403008422094815,0.9133451113225948,0.9540221017647954,0.544971685582865,0.8752012170800352,1.3335352060619292,-0.4260244430012856,-0.6318089699283402,-0.68349552552057,0.0430163752926241,0.0064532366182702,0.0233851624566072,0.0131779762177465,downstairs,wiktor
1672842749940193700,0.7266941820326214,0.3287072064994646,-0.2636792785044853,0.8400354895582617,0.7266941820326214,0.8403008422094815,0.9133451113225948,0.3287072064994646,0.544971685582865,0.8752012170800352,-0.2636792785044853,-0.4260244430012856,-0.6318089699283402,0.0525907244436178,0.0236619257659812,0.0289111761946174,1.762248301909556e-05,downstairs,wiktor
1672842749950193700,0.5091537225039111,0.0882444185483245,-0.2577425314121635,0.57745632132939,0.5091537225039111,0.7266941820326214,0.8403008422094815,0.0882444185483245,0.3287072064994646,0.544971685582865,-0.2577425314121635,-0.2636792785044853,-0.4260244430012856,0.1432464614117865,0.134138395516755,0.0011823266100087,0.0079257392850227,downstairs,wiktor
1672842749960193700,-0.0088007069911073,0.0396167184174568,-0.3836451865471742,0.3857856477145404,-0.0088007069911073,0.5091537225039111,0.7266941820326214,0.0396167184174568,0.0882444185483245,0.3287072064994646,-0.3836451865471742,-0.2577425314121635,-0.2636792785044853,0.1118053240499833,0.0887964628961616,0.0089939069503097,0.014014954203512,downstairs,wiktor
1672842749970193700,-0.4302184638456603,0.1737353744673124,-0.5510665364611682,0.7203792296994168,-0.4302184638456603,-0.0088007069911073,0.5091537225039111,0.1737353744673124,0.0396167184174568,0.0882444185483245,-0.5510665364611682,-0.3836451865471742,-0.2577425314121635,0.0664753042938634,0.0044631612122966,0.0613597075186614,0.0006524355629053,downstairs,wiktor
1672842749980193700,-0.5246976807380184,0.5240486842877116,-0.5149435365053135,0.902829732266354,-0.5246976807380184,-0.4302184638456603,-0.0088007069911073,0.5240486842877116,0.1737353744673124,0.0396167184174568,-0.5149435365053135,-0.5510665364611682,-0.3836451865471742,0.0985588362525822,1.948782170957545e-06,0.0487052584291597,0.0498516290412515,downstairs,wiktor
1672842749990193700,-0.5227234557402243,0.8361552636132995,-0.1991853092451152,1.0060170095322944,-0.5227234557402243,-0.5246976807380184,-0.4302184638456603,0.8361552636132995,0.5240486842877116,0.1737353744673124,-0.1991853092451152,-0.5149435365053135,-0.5510665364611682,0.0392738185935608,0.0038495444584777,0.0113025870938316,0.0241216870412514,downstairs,wiktor
1672842750000193700,-0.4349790033973236,0.9865054355043328,0.020458434309084,1.078340509862493,-0.4349790033973236,-0.5227234557402243,-0.5246976807380184,0.9865054355043328,0.8361552636132995,0.5240486842877116,0.020458434309084,-0.1991853092451152,-0.5149435365053135,0.0067021648379892,8.967441214606106e-06,0.0050346515676156,0.0016585458291589,downstairs,wiktor
1672842750010193700,-0.4307440438427101,1.0868513528863135,-0.0371357638216131,1.169686008949152,-0.4307440438427101,-0.4349790033973236,-0.5227234557402243,1.0868513528863135,0.9865054355043328,0.8361552636132995,-0.0371357638216131,0.020458434309084,-0.1991853092451152,0.0135871805081074,3.914280845638148e-05,0.0018012798706404,0.0117467578290106,downstairs,wiktor
1672842750020193700,-0.4218961278783283,1.146872680273175,-0.1904117099384818,1.2367578205766072,-0.4218961278783283,-0.4307440438427101,-0.4349790033973236,1.146872680273175,1.0868513528863135,0.9865054355043328,-0.1904117099384818,-0.0371357638216131,0.020458434309084,0.0263636019359167,0.0110086834916829,0.0054217234702368,0.0099331949739969,downstairs,wiktor
1672842750030193700,-0.2735136255966715,1.251004553109851,-0.3313598917216959,1.3227325780861483,-0.2735136255966715,-0.4218961278783283,-0.4307440438427101,1.251004553109851,1.146872680273175,1.0868513528863135,-0.3313598917216959,-0.1904117099384818,-0.0371357638216131,0.0262335214936742,0.0096887493752773,0.0064334787913115,0.0101112933270853,downstairs,wiktor
1672842750040193700,-0.1343105410383372,1.3644371656276937,-0.4735660331297612,1.450514697655423,-0.1343105410383372,-0.2735136255966715,-0.4218961278783283,1.3644371656276937,1.251004553109851,1.146872680273175,-0.4735660331297612,-0.3313598917216959,-0.1904117099384818,0.0311832268565111,0.0128225590153852,0.0010117961260941,0.0173488717150317,downstairs,wiktor
1672842750050193700,0.0258303907398017,1.4094215212659404,-0.6598393361821943,1.556446010392499,0.0258303907398017,-0.1343105410383372,-0.2735136255966715,1.4094215212659404,1.3644371656276937,1.251004553109851,-0.6598393361821943,-0.4735660331297612,-0.3313598917216959,0.0093163773432123,0.0041843283937946,0.0050423747002023,8.967424921542905e-05,downstairs,wiktor
1672842750060193700,0.1173107535921063,1.3089986682871255,-0.673231442007301,1.4766448120631606,0.1173107535921063,0.0258303907398017,-0.1343105410383372,1.3089986682871255,1.4094215212659404,1.3644371656276937,-0.673231442007301,-0.6598393361821943,-0.4735660331297612,0.0301215793261178,0.000929824772268,0.0182987376235309,0.0108930169303187,downstairs,wiktor
1672842750070193700,0.0741870994735582,1.1176940022513442,-0.5256305142980295,1.237348393120603,0.0741870994735582,0.1173107535921063,0.0258303907398017,1.1176940022513442,1.3089986682871255,1.4094215212659404,-0.5256305142980295,-0.673231442007301,-0.6598393361821943,0.0126776614480425,0.0022569355963396,0.0001272030632336,0.0102935227884692,downstairs,wiktor
1672842750080193700,0.0070017499345451,1.1017438885693902,-0.3821486493222127,1.1661587416303745,0.0070017499345451,0.0741870994735582,0.1173107535921063,1.1017438885693902,1.1176940022513442,1.3089986682871255,-0.3821486493222127,-0.5256305142980295,-0.673231442007301,0.0062650280480794,5.811877763671146e-05,0.0006636486784259,0.0055432605920168,downstairs,wiktor
1672842750090193700,-0.0037796022660567,1.1381759809722678,-0.2768560988543199,1.1713702013148135,-0.0037796022660567,0.0070017499345451,0.0741870994735582,1.1381759809722678,1.1017438885693902,1.1176940022513442,-0.2768560988543199,-0.3821486493222127,-0.5256305142980295,0.0051799259922115,0.0001112680111546,0.0039044342866091,0.0011642236944477,downstairs,wiktor
1672842750100193700,0.0111380390458012,1.22654378378086,-0.228602110533192,1.24771496520058,0.0111380390458012,-0.0037796022660567,0.0070017499345451,1.22654378378086,1.1381759809722678,1.1017438885693902,-0.228602110533192,-0.2768560988543199,-0.3821486493222127,0.0086615405197312,0.0021591000295509,0.0057095443200314,0.0007928961701488,downstairs,wiktor
1672842750110193700,0.0768510519055226,1.333403919659787,-0.2684241187735833,1.3623228709386204,0.0768510519055226,0.0111380390458012,-0.0037796022660567,1.333403919659787,1.22654378378086,1.1381759809722678,-0.2684241187735833,-0.228602110533192,-0.2768560988543199,0.0110780593477147,0.0100482300618562,0.0002747059677096,0.0007551233181488,downstairs,wiktor
1672842750120193700,0.2186130359622944,1.3099643817927689,-0.3072860105996095,1.3631665464529952,0.2186130359622944,0.0768510519055226,0.0111380390458012,1.3099643817927689,1.333403919659787,1.22654378378086,-0.3072860105996095,-0.2684241187735833,-0.228602110533192,0.0160382540171905,0.0001977886387424,0.0123510473059322,0.0034894180725158,downstairs,wiktor
1672842750130193700,0.2385021605655775,1.152795381630954,-0.2237465819145167,1.1982833577341108,0.2385021605655775,0.2186130359622944,0.0768510519055226,1.152795381630954,1.3099643817927689,1.333403919659787,-0.2237465819145167,-0.3072860105996095,-0.2684241187735833,0.02445790540477,0.0019840361485122,0.0136725772253066,0.0088012920309511,downstairs,wiktor
1672842750140193700,0.1755095237178915,0.9874316780844584,-0.0910718516080172,1.0070347531022368,0.1755095237178915,0.2385021605655775,0.2186130359622944,0.9874316780844584,1.152795381630954,1.3099643817927689,-0.0910718516080172,-0.2237465819145167,-0.3072860105996095,0.0123629123322805,0.0026635425768653,0.005496972070849,0.0042023976845662,downstairs,wiktor
1672842750150193700,0.1025226402816833,0.8825796674137131,0.000605819441876,0.8885145626941766,0.1025226402816833,0.1755095237178915,0.2385021605655775,0.8825796674137131,0.9874316780844584,1.152795381630954,0.000605819441876,-0.0910718516080172,-0.2237465819145167,0.0042120852104651,0.0001856501628522,0.001276433525678,0.0027500015219349,downstairs,wiktor
1672842750160193700,0.0832534855076811,0.832053762658271,0.0747678248345964,0.8395444207625116,0.0832534855076811,0.1025226402816833,0.1755095237178915,0.832053762658271,0.8825796674137131,0.9874316780844584,0.0747678248345964,0.000605819441876,-0.0910718516080172,0.0017522297832824,3.836845921308136e-05,6.974939599656273e-06,0.0017068863844696,downstairs,wiktor
1672842750170193700,0.0744935244103838,0.8283188089504839,0.1331953249431868,0.8422602501762445,0.0744935244103838,0.0832534855076811,0.1025226402816833,0.8283188089504839,0.832053762658271,0.8825796674137131,0.1331953249431868,0.0747678248345964,0.000605819441876,0.0007464817605386,3.490381260168303e-05,0.0001249250728341,0.0005866528751028,downstairs,wiktor
1672842750180193700,0.066138428647715,0.8441254577309263,0.1674488758570082,0.863111352120461,0.066138428647715,0.0744935244103838,0.0832534855076811,0.8441254577309263,0.8283188089504839,0.832053762658271,0.1674488758570082,0.1331953249431868,0.0747678248345964,0.000728724750692,6.884461766626308e-06,0.0005216823443486,0.0002001579445767,downstairs,wiktor
1672842750190193700,0.0698490786626386,0.8764266138820206,0.1874567715273036,0.8989674880117543,0.0698490786626386,0.066138428647715,0.0744935244103838,0.8764266138820206,0.8441254577309263,0.8283188089504839,0.1874567715273036,0.1674488758570082,0.1331953249431868,0.0008654770512133,1.1993076394497524e-06,0.000864143589319,1.3415425485407565e-07,downstairs,wiktor
1672842750200193700,0.0713978250198254,0.9179992873423376,0.1879747565750687,0.9397631883022756,0.0713978250198254,0.0698490786626386,0.066138428647715,0.9179992873423376,0.8764266138820206,0.8441254577309263,0.1879747565750687,0.1874567715273036,0.1674488758570082,0.0012057399387942,0.0001003944695845,0.0008179254589446,0.000287420010265,downstairs,wiktor
1672842750210193700,0.057227823637712,0.9584449412236792,0.1639989349931066,0.9740571748282768,0.057227823637712,0.0713978250198254,0.0698490786626386,0.9584449412236792,0.9179992873423376,0.8764266138820206,0.1639989349931066,0.1879747565750687,0.1874567715273036,0.0028795052253292,0.0005925481030558,0.0001810308317818,0.0021059262904915,downstairs,wiktor
1672842750220193700,0.022802597333275,0.9774728592275947,0.0991001477857708,0.982748181510846,0.022802597333275,0.057227823637712,0.0713978250198254,0.9774728592275947,0.9584449412236792,0.9179992873423376,0.0991001477857708,0.1639989349931066,0.1879747565750687,0.0040247715077,0.0001013375717255,2.160308829204543e-06,0.0039212736271453,downstairs,wiktor
1672842750230193700,0.0085661952789974,0.9753942496783026,0.0105419903168473,0.975488829032346,0.0085661952789974,0.022802597333275,0.057227823637712,0.9753942496783026,0.9774728592275947,0.9584449412236792,0.0105419903168473,0.0991001477857708,0.1639989349931066,0.0029148095302244,4.572056937932574e-05,2.751094347887202e-06,0.0028663378664971,downstairs,wiktor
1672842750240193700,0.0181286812925114,0.973048575213298,-0.0651724451165255,0.975397163422419,0.0181286812925114,0.0085661952789974,0.022802597333275,0.973048575213298,0.9753942496783026,0.9774728592275947,-0.0651724451165255,0.0105419903168473,0.0991001477857708,0.0020244500158507,9.94896767959757e-06,0.0002855667923783,0.0017289342557927,downstairs,wiktor
1672842750250193700,0.0225893914780306,0.9969469765145732,-0.1239760888096297,1.0048799058521525,0.0225893914780306,0.0181286812925114,0.0085661952789974,0.9969469765145732,0.973048575213298,0.9753942496783026,-0.1239760888096297,-0.0651724451165255,0.0105419903168473,0.0013673841075093,8.991106514390134e-05,0.0001037377638797,0.0011737352784857,downstairs,wiktor
1672842750260193700,0.0359991688918359,1.0113509873365465,-0.1724267911468653,1.026575743943288,0.0359991688918359,0.0225893914780306,0.0181286812925114,1.0113509873365465,0.9969469765145732,0.973048575213298,-0.1724267911468653,-0.1239760888096297,-0.0651724451165255,0.0030083367832116,0.0002524712262005,0.0002033579373117,0.0025525076196993,downstairs,wiktor
1672842750270193700,0.0135282442913403,0.9911837893501256,-0.2438761805032394,1.0208349078479484,0.0135282442913403,0.0359991688918359,0.0225893914780306,0.9911837893501256,1.0113509873365465,0.9969469765145732,-0.2438761805032394,-0.1724267911468653,-0.1239760888096297,0.006682778841209,0.0015644087802246,0.0001305158999397,0.0049878541610446,downstairs,wiktor
1672842750280193700,-0.0424075900230718,0.9750273107771374,-0.3437546482632591,1.0347192462960464,-0.0424075900230718,0.0135282442913403,0.0359991688918359,0.9750273107771374,0.9911837893501256,1.0113509873365465,-0.3437546482632591,-0.2438761805032394,-0.1724267911468653,0.0032549874083728,0.0004085472282342,0.0003409494815027,0.0025054906986358,downstairs,wiktor
1672842750290193700,-0.0138227259081499,0.9489141155876282,-0.4145429339980594,1.0356036455327404,-0.0138227259081499,-0.0424075900230718,0.0135282442913403,0.9489141155876282,0.9750273107771374,0.9911837893501256,-0.4145429339980594,-0.3437546482632591,-0.2438761805032394,0.0028647015857137,0.0001426166024652,0.0013513779195146,0.0013707070637338,downstairs,wiktor
1672842750300193700,0.0030661226295825,0.8969260800503116,-0.4669014493271611,1.0111788949370932,0.0030661226295825,-0.0138227259081499,-0.0424075900230718,0.8969260800503116,0.9489141155876282,0.9750273107771374,-0.4669014493271611,-0.4145429339980594,-0.3437546482632591,0.001426065590918,1.1868145702928323e-05,0.0007707236821284,0.0006434737630866,downstairs,wiktor
1672842750310193700,-0.0018058678677251,0.8576648095123253,-0.5027755002020383,0.9941707047775944,-0.0018058678677251,0.0030661226295825,-0.0138227259081499,0.8576648095123253,0.8969260800503116,0.9489141155876282,-0.5027755002020383,-0.4669014493271611,-0.4145429339980594,0.0005936413239884,0.0003697749501792,4.173455572296946e-05,0.0001821318180862,downstairs,wiktor
1672842750320193700,0.0253887988954193,0.8485286663738921,-0.5218611921248509,0.9964861226397378,0.0253887988954193,-0.0018058678677251,0.0030661226295825,0.8485286663738921,0.8576648095123253,0.8969260800503116,-0.5218611921248509,-0.5027755002020383,-0.4669014493271611,0.0010978042205835,0.0007978831339411,0.0002989567803057,9.643063366553612e-07,downstairs,wiktor
1672842750330193700,0.0653358421887891,0.8729809374465639,-0.5232499371242337,1.0198798880849227,0.0653358421887891,0.0253887988954193,-0.0018058678677251,0.8729809374465639,0.8485286663738921,0.8576648095123253,-0.5232499371242337,-0.5218611921248509,-0.5027755002020383,0.0039939584059354,1.1317729805882494e-05,0.0024654946180859,0.0015171460580436,downstairs,wiktor
1672842750340193700,0.0605781684282455,0.9432019402603372,-0.4681655281132688,1.0547409996366697,0.0605781684282455,0.0653358421887891,0.0253887988954193,0.9432019402603372,0.8729809374465639,0.8485286663738921,-0.4681655281132688,-0.5232499371242337,-0.5218611921248509,0.0051146664903822,8.451917515368025e-05,0.0009179005063694,0.0041122468088591,downstairs,wiktor
1672842750350193700,0.0475766935000937,0.9860481887861876,-0.3774765341960449,1.0569026001678588,0.0475766935000937,0.0605781684282455,0.0653358421887891,0.9860481887861876,0.9432019402603372,0.8729809374465639,-0.3774765341960449,-0.4681655281132688,-0.5232499371242337,0.0030253516724377,0.0003060610472682,0.0002070849227008,0.0025122057024685,downstairs,wiktor
1672842750360193700,0.0228355921798899,1.0063993520306225,-0.3065934515533073,1.0523120566510835,0.0228355921798899,0.0475766935000937,0.0605781684282455,1.0063993520306225,0.9860481887861876,0.9432019402603372,-0.3065934515533073,-0.3774765341960449,-0.4681655281132688,0.0023219801579598,0.0014443796839376,0.0004750731162929,0.0004025273577292,downstairs,wiktor
1672842750370193700,-0.0309115879124202,1.0372237941599771,-0.2782199654182103,1.0743347125529343,-0.0309115879124202,0.0228355921798899,0.0475766935000937,1.0372237941599771,1.0063993520306225,0.9860481887861876,-0.2782199654182103,-0.3065934515533073,-0.3774765341960449,0.0006278344877464,0.0001650379865058,3.6998473236876137e-06,0.0004590966539168,downstairs,wiktor
1672842750380193700,-0.012743594819848,1.0399440321362166,-0.247918260716432,1.0691629684857802,-0.012743594819848,-0.0309115879124202,0.0228355921798899,1.0399440321362166,1.0372237941599771,1.0063993520306225,-0.247918260716432,-0.2782199654182103,-0.3065934515533073,0.0039344093756066,0.0024862127137991,6.490064624513995e-05,0.0013832960155624,downstairs,wiktor
1672842750390193700,0.0577718320568166,1.028550995118359,-0.1953198574029775,1.0485249547979707,0.0577718320568166,-0.012743594819848,-0.0309115879124202,1.028550995118359,1.0399440321362166,1.0372237941599771,-0.1953198574029775,-0.247918260716432,-0.2782199654182103,0.0027422311833094,0.0009483255201368,3.69275611138985e-06,0.0017902129070611,downstairs,wiktor
1672842750400193700,0.1013223893468638,1.03126862500905,-0.1354831979530856,1.0450535395081963,0.1013223893468638,0.0577718320568166,-0.012743594819848,1.03126862500905,1.028550995118359,1.0399440321362166,-0.1354831979530856,-0.1953198574029775,-0.247918260716432,0.0014866377308604,1.0157854926703173e-05,0.0002087053523618,0.0012677745235719,downstairs,wiktor
1672842750410193700,0.1058296845283897,1.0516992565392709,-0.0851289623105513,1.0604330193636486,0.1058296845283897,0.1013223893468638,0.0577718320568166,1.0516992565392709,1.03126862500905,1.028550995118359,-0.0851289623105513,-0.1354831979530856,-0.1953198574029775,0.0022785360885637,0.0002873546920161,0.0005329855212329,0.0014581958753146,downstairs,wiktor
1672842750420193700,0.1298027816172587,1.0843484685123927,-0.0311253351117301,1.0925333632281289,0.1298027816172587,0.1058296845283897,0.1013223893468638,1.0843484685123927,1.0516992565392709,1.03126862500905,-0.0311253351117301,-0.0851289623105513,-0.1354831979530856,0.0041288252554854,0.0018633791581359,0.0008086837839612,0.0014567623133883,downstairs,wiktor
1672842750430193700,0.190849962684625,1.1245649771614836,0.02285173989958,1.1408734803348568,0.190849962684625,0.1298027816172587,0.1058296845283897,1.1245649771614836,1.0843484685123927,1.0516992565392709,0.02285173989958,-0.0311253351117301,-0.0851289623105513,0.0018505622415266,0.0004176560651159,0.0006094384753524,0.0008234677010582,downstairs,wiktor
1672842750440193700,0.2197517295896425,1.1594773954493205,0.063434191798357,1.1818217081711988,0.2197517295896425,0.190849962684625,0.1298027816172587,1.1594773954493205,1.1245649771614836,1.0843484685123927,0.063434191798357,0.02285173989958,-0.0311253351117301,0.0008796028194838,2.06316699361462e-05,0.000362127703021,0.0004968434465266,downstairs,wiktor
1672842750450193700,0.2133280748766078,1.1863893891703747,0.0949569913734794,1.2091507269473551,0.2133280748766078,0.2197517295896425,0.190849962684625,1.1863893891703747,1.1594773954493205,1.1245649771614836,0.0949569913734794,0.063434191798357,0.02285173989958,0.0006288817888614,1.1996358009960427e-05,8.522244565984763e-05,0.0005316629851916,downstairs,wiktor
1672842750460193700,0.2182263108876552,1.1994448436366003,0.1275656707454394,1.2257910327795674,0.2182263108876552,0.2133280748766078,0.2197517295896425,1.1994448436366003,1.1863893891703747,1.1594773954493205,0.1275656707454394,0.0949569913734794,0.063434191798357,0.001028609633211,0.0005095423886578,4.5654655842413865e-05,0.0004734125887107,downstairs,wiktor
1672842750470193700,0.2501494181505087,1.2090004342350318,0.1583361952359573,1.2447197002150054,0.2501494181505087,0.2182263108876552,0.2133280748766078,1.2090004342350318,1.1994448436366003,1.1863893891703747,0.1583361952359573,0.1275656707454394,0.0949569913734794,0.0012146894791992,0.0008089852075752,9.008748025117652e-05,0.0003156167913727,downstairs,wiktor
1672842750480193700,0.2903734211232426,1.222423360909284,0.1834605575710612,1.2697611480809492,0.2903734211232426,0.2501494181505087,0.2182263108876552,1.222423360909284,1.2090004342350318,1.1994448436366003,0.1834605575710612,0.1583361952359573,0.1275656707454394,0.0006953848640594,0.0004327954450974,0.0001107144172083,0.0001518750017536,downstairs,wiktor
1672842750490193700,0.3197943471826803,1.237303845928822,0.2008889827296138,1.2936559105969367,0.3197943471826803,0.2903734211232426,0.2501494181505087,1.237303845928822,1.222423360909284,1.2090004342350318,0.2008889827296138,0.1834605575710612,0.1583361952359573,3.1322119096758533e-05,7.256233283726683e-10,3.0149663935083343e-05,1.1717295383468172e-06,downstairs,wiktor
1672842750500193700,0.3197562519512629,1.2450691101142934,0.2024198188007506,1.301312772805234,0.3197562519512629,0.3197943471826803,0.2903734211232426,1.2450691101142934,1.237303845928822,1.222423360909284,0.2024198188007506,0.2008889827296138,0.1834605575710612,0.0006322608827277,0.0003884578688576,6.1004643081535886e-05,0.0001827983707885,downstairs,wiktor
1672842750510193700,0.2918830437090208,1.2561148914883329,0.1832992345634148,1.3025432588651795,0.2918830437090208,0.3197562519512629,0.3197943471826803,1.2561148914883329,1.2450691101142934,1.237303845928822,0.1832992345634148,0.2024198188007506,0.2008889827296138,0.0042457471654808,0.0019430894175476,0.0006029093071982,0.001699748440735,downstairs,wiktor
1672842750520193700,0.2295438198199213,1.29083979054357,0.1249940299803757,1.3170350176053875,0.2295438198199213,0.2918830437090208,0.3197562519512629,1.29083979054357,1.2561148914883329,1.2450691101142934,0.1249940299803757,0.1832992345634148,0.2024198188007506,0.0126379260252698,0.0046463667099101,0.0031613850010011,0.0048301743143586,downstairs,wiktor
1672842750530193700,0.1331449950354863,1.3703556380332511,0.0267069574391851,1.377067691135108,0.1331449950354863,0.2295438198199213,0.2918830437090208,1.3703556380332511,1.29083979054357,1.2561148914883329,0.0267069574391851,0.1249940299803757,0.1832992345634148,0.0316584257928762,0.0127353935896509,0.0101255322172556,0.0087974999859695,downstairs,wiktor
1672842750540193700,-0.0264507040898409,1.5126618727333212,-0.1059391882716459,1.5165977359140366,-0.0264507040898409,0.1331449950354863,0.2295438198199213,1.5126618727333212,1.3703556380332511,1.29083979054357,-0.1059391882716459,0.0267069574391851,0.1249940299803757,0.0360197874730473,0.0185626558496957,0.0106579569406156,0.0067991746827359,downstairs,wiktor
1672842750550193700,-0.2191300016269438,1.6586615778057332,-0.2225511489166498,1.6878107717354305,-0.2191300016269438,-0.0264507040898409,0.1331449950354863,1.6586615778057332,1.5126618727333212,1.3703556380332511,-0.2225511489166498,-0.1059391882716459,0.0267069574391851,0.0073829149007544,0.0065269014736836,0.000529720297106,0.0003262931299647,downstairs,wiktor
1672842750560193700,-0.3333832420508694,1.6261125287533855,-0.2480969168622319,1.6783737433615984,-0.3333832420508694,-0.2191300016269438,-0.0264507040898409,1.6261125287533855,1.6586615778057332,1.5126618727333212,-0.2480969168622319,-0.2225511489166498,-0.1059391882716459,0.0209211427834963,0.0005423608074998,0.01926841941179,0.0011103625642064,downstairs,wiktor
1672842750570193700,-0.3004481298603857,1.4298045084801936,-0.2009723465362015,1.4747880848715718,-0.3004481298603857,-0.3333832420508694,-0.2191300016269438,1.4298045084801936,1.6261125287533855,1.6586615778057332,-0.2009723465362015,-0.2480969168622319,-0.2225511489166498,0.0433354098871673,0.0167354068534037,0.0204907775270639,0.0061092255066996,downstairs,wiktor
1672842750580193700,-0.1174978259338619,1.2273654928381297,-0.0904352441072008,1.2362889328493147,-0.1174978259338619,-0.3004481298603857,-0.3333832420508694,1.2273654928381297,1.4298045084801936,1.6261125287533855,-0.0904352441072008,-0.2009723465362015,-0.2480969168622319,0.0502468763573,0.0466312614652524,0.0001900580160368,0.0034255568760107,downstairs,wiktor
1672842750590193700,0.1878913076817677,1.2078689282157724,-0.0076637891724138,1.2224194144875002,0.1878913076817677,-0.1174978259338619,-0.3004481298603857,1.2078689282157724,1.2273654928381297,1.4298045084801936,-0.0076637891724138,-0.0904352441072008,-0.2009723465362015,0.0908604199871867,0.0852388496961596,0.0054166145892128,0.0002049557018142,downstairs,wiktor
1672842750600193700,0.6007807594631365,1.311951727843884,-0.0279100580540744,1.4432372737960442,0.6007807594631365,0.1878913076817677,-0.1174978259338619,1.311951727843884,1.2078689282157724,1.2273654928381297,-0.0279100580540744,-0.0076637891724138,-0.0904352441072008,0.0525598972839505,0.0321293033164177,0.0093032611883832,0.0111273327791495,downstairs,wiktor
1672842750610193700,0.8542735732327491,1.4483574549112124,-0.177090035123047,1.6908233307062617,0.8542735732327491,0.6007807594631365,0.1878913076817677,1.4483574549112124,1.311951727843884,1.2078689282157724,-0.177090035123047,-0.0279100580540744,-0.0076637891724138,0.0193465876217345,0.0059708381195092,0.0005558602980791,0.0128198892041461,downstairs,wiktor
1672842750620193700,0.744995596315996,1.4150149805555456,-0.3372142943978127,1.6343192203706876,0.744995596315996,0.8542735732327491,0.6007807594631365,1.4150149805555456,1.4483574549112124,1.311951727843884,-0.3372142943978127,-0.177090035123047,-0.0279100580540744,0.0724801756415916,0.0578683237941258,0.0146118510324649,8.150009425322963e-10,downstairs,wiktor
1672842750630193700,0.4047947033303195,1.2440655667954224,-0.3372546676796345,1.3510361198731873,0.4047947033303195,0.744995596315996,0.8542735732327491,1.2440655667954224,1.4150149805555456,1.4483574549112124,-0.3372546676796345,-0.3372142943978127,-0.177090035123047,0.0858400955499463,0.0657765772415861,0.0178684326275426,0.0021950856808175,downstairs,wiktor
1672842750640193700,0.0420921330565865,1.0550235998804398,-0.2709962994410858,1.0900851059805827,0.0420921330565865,0.4047947033303195,0.744995596315996,1.0550235998804398,1.2440655667954224,1.4150149805555456,-0.2709962994410858,-0.3372546676796345,-0.3372142943978127,0.0366442723108857,0.0324641589731609,0.0016660904713421,0.0025140228663826,downstairs,wiktor
1672842750650193700,-0.2127182237704502,0.997298553819962,-0.2000875853590678,1.039176832877959,-0.2127182237704502,0.0420921330565865,0.4047947033303195,0.997298553819962,1.0550235998804398,1.2440655667954224,-0.2000875853590678,-0.2709962994410858,-0.3372546676796345,0.0065711190109276,0.0047494943096193,0.0012745615493671,0.0005470631519411,downstairs,wiktor
1672842750660193700,-0.3101809788066106,1.0477873951488574,-0.1670100052800718,1.1054243560325168,-0.3101809788066106,-0.2127182237704502,0.0420921330565865,1.0477873951488574,0.997298553819962,1.0550235998804398,-0.1670100052800718,-0.2000875853590678,-0.2709962994410858,0.0035882119933524,0.0004357012787125,0.0030469999616072,0.0001055107530327,downstairs,wiktor
1672842750670193700,-0.2806614503987074,1.1258514709021414,-0.1524834259832962,1.17028354661254,-0.2806614503987074,-0.3101809788066106,-0.2127182237704502,1.1258514709021414,1.0477873951488574,0.997298553819962,-0.1524834259832962,-0.1670100052800718,-0.2000875853590678,0.0167165683450985,0.0146864733287153,0.0016474617361726,0.0003826332802105,downstairs,wiktor
1672842750680193700,-0.1092760757092936,1.1832528948596122,-0.1248199742749311,1.1948258031587995,-0.1092760757092936,-0.2806614503987074,-0.3101809788066106,1.1832528948596122,1.1258514709021414,1.0477873951488574,-0.1248199742749311,-0.1524834259832962,-0.1670100052800718,0.0095728211101919,0.0067544781196766,0.0004780477980345,0.0023402951924807,downstairs,wiktor
1672842750690193700,0.0069519598043179,1.2141736903873643,-0.0564051338895178,1.2155030313837505,0.0069519598043179,-0.1092760757092936,-0.2806614503987074,1.2141736903873643,1.1832528948596122,1.1258514709021414,-0.0564051338895178,-0.1248199742749311,-0.1524834259832962,0.0196109546335803,0.0113882575309351,0.0008897202634654,0.0073329768391798,downstairs,wiktor
1672842750700193700,-0.1439669424639873,1.171990275080744,0.0646979365850146,1.182570720255083,-0.1439669424639873,0.0069519598043179,-0.1092760757092936,1.171990275080744,1.2141736903873643,1.1832528948596122,0.0646979365850146,-0.0564051338895178,-0.1248199742749311,0.0228079624909657,0.0129172146264638,0.0006928137696856,0.0091979340948162,downstairs,wiktor
1672842750710193700,-0.3046978643580889,1.1347662567676813,0.200329305337352,1.1919173950487767,-0.3046978643580889,-0.1439669424639873,0.0069519598043179,1.1347662567676813,1.171990275080744,1.2141736903873643,0.200329305337352,0.0646979365850146,-0.0564051338895178,0.0066528508501176,2.071397311953131e-08,0.0011069263974086,0.0055459037387359,downstairs,wiktor
1672842750720193700,-0.3044943257960446,1.087714659612885,0.3056469556979251,1.1701538517247088,-0.3044943257960446,-0.3046978643580889,-0.1439669424639873,1.087714659612885,1.1347662567676813,1.171990275080744,0.3056469556979251,0.200329305337352,0.0646979365850146,0.0042713127402368,0.0016872307368288,1.2467504444411465e-06,0.0025828352529635,downstairs,wiktor
1672842750730193700,-0.2464042106846271,1.0861355773196266,0.3775195548294938,1.175978971598222,-0.2464042106846271,-0.3044943257960446,-0.3046978643580889,1.0861355773196266,1.087714659612885,1.1347662567676813,0.3775195548294938,0.3056469556979251,0.200329305337352,0.0304105379854286,0.0269783574048519,0.001723684333018,0.0017084962475586,downstairs,wiktor
1672842750740193700,-0.0141183634840196,1.1448498742671005,0.4359746016186054,1.2251344481539015,-0.0141183634840196,-0.2464042106846271,-0.3044943257960446,1.1448498742671005,1.0861355773196266,1.087714659612885,0.4359746016186054,0.3775195548294938,0.3056469556979251,0.1712757683179274,0.1694505396528195,0.0003277496310914,0.0014974790340164,downstairs,wiktor
1672842750750193700,0.5680337466260778,1.1704525940871278,0.3812483915540222,1.3557182407764066,0.5680337466260778,-0.0141183634840196,-0.2464042106846271,1.1704525940871278,1.1448498742671005,1.0861355773196266,0.3812483915540222,0.4359746016186054,0.3775195548294938,0.0805894731157077,0.039237409783092,0.002927405275573,0.0384246580570426,downstairs,wiktor
1672842750760193700,0.8481673211332833,1.0939358602889175,0.1040312995230919,1.388130390973747,0.8481673211332833,0.5680337466260778,-0.0141183634840196,1.0939358602889175,1.1704525940871278,1.1448498742671005,0.1040312995230919,0.3812483915540222,0.4359746016186054,0.0362976784378767,0.0220199158179834,0.0091555013425288,0.0051222612773643,downstairs,wiktor
1672842750770193700,0.6383106280401942,0.9586177067208994,0.0028160706554519,1.1516927957410517,0.6383106280401942,0.8481673211332833,0.5680337466260778,0.9586177067208994,1.0939358602889175,1.1704525940871278,0.0028160706554519,0.1040312995230919,0.3812483915540222,0.1057345239508661,0.1008509267854484,0.0048035872862788,8.000987913891126e-05,downstairs,wiktor
1672842750780193700,0.1891983329837163,0.8606015112603654,0.0154659622865222,0.8812889233258808,0.1891983329837163,0.6383106280401942,0.8481673211332833,0.8606015112603654,0.9586177067208994,1.0939358602889175,0.0154659622865222,0.0028160706554519,0.1040312995230919,0.0881842799684895,0.086544185608499,0.001637158848443,2.935511547399406e-06,downstairs,wiktor
1672842750790193700,-0.2268405729097087,0.8033798571695749,0.0178889817034479,0.8349825483746339,-0.2268405729097087,0.1891983329837163,0.6383106280401942,0.8033798571695749,0.8606015112603654,0.9586177067208994,0.0178889817034479,0.0154659622865222,0.0028160706554519,0.005999810700478,0.0040293632849277,0.0018939697529524,7.647766259784056e-05,downstairs,wiktor
1672842750800193700,-0.3166109832343555,0.7418336184063096,0.0055214708303708,0.8065916679104452,-0.3166109832343555,-0.2268405729097087,0.1891983329837163,0.7418336184063096,0.8033798571695749,0.8606015112603654,0.0055214708303708,0.0178889817034479,0.0154659622865222,0.0069265253127642,0.004693227364064,0.0019032573202006,0.0003300406284994,downstairs,wiktor
1672842750810193700,-0.2197272656749631,0.6801366602932762,-0.0201705757404823,0.7150334258491625,-0.2197272656749631,-0.3166109832343555,-0.2268405729097087,0.6801366602932762,0.7418336184063096,0.8033798571695749,-0.0201705757404823,0.0055214708303708,0.0178889817034479,0.0186098459671327,0.0178323882892875,0.0007414250472766,3.603263056856134e-05,downstairs,wiktor
1672842750820193700,-0.0308760634585751,0.641628867646159,-0.0116814496878711,0.6424775415206359,-0.0308760634585751,-0.2197272656749631,-0.3166109832343555,0.641628867646159,0.6801366602932762,0.7418336184063096,-0.0116814496878711,-0.0201705757404823,0.0055214708303708,0.0223658274476449,0.0218994907000935,0.0004521453410069,1.4191406544322433e-05,downstairs,wiktor
1672842750830193700,0.1784059983627553,0.6115574413079555,-0.0063538974273442,0.6370805100483472,0.1784059983627553,-0.0308760634585751,-0.2197272656749631,0.6115574413079555,0.641628867646159,0.6801366602932762,-0.0063538974273442,-0.0116814496878711,-0.0201705757404823,0.0027639795298412,1.070761581512231e-05,0.0008677656093899,0.0018855063046361,downstairs,wiktor
1672842750840193700,0.1830336577744066,0.569897733930443,-0.0677624685658451,0.6023923133336527,0.1830336577744066,0.1784059983627553,-0.0308760634585751,0.569897733930443,0.6115574413079555,0.641628867646159,-0.0677624685658451,-0.0063538974273442,-0.0116814496878711,0.0070688917174103,0.0023793077050249,0.0002938787106992,0.0043957053016861,downstairs,wiktor
1672842750850193700,0.1140509395759336,0.5456540250269255,-0.1615249909475102,0.5803759596561794,0.1140509395759336,0.1830336577744066,0.1784059983627553,0.5456540250269255,0.569897733930443,0.6115574413079555,-0.1615249909475102,-0.0677624685658451,-0.0063538974273442,0.0001457307680549,6.256152647306112e-05,7.300427979841803e-05,1.0164961783503926e-05,downstairs,wiktor
1672842750860193700,0.1252367812048019,0.5577374251939661,-0.1660338625987116,0.5952499730012444,0.1252367812048019,0.1140509395759336,0.1830336577744066,0.5577374251939661,0.5456540250269255,0.569897733930443,-0.1660338625987116,-0.1615249909475102,-0.0677624685658451,0.0007725941267399,0.0005925058426393,2.3286080905653352e-05,0.0001568022031949,downstairs,wiktor
1672842750870193700,0.1596607798870985,0.5509130452359547,-0.1483249832894519,0.5924500390017085,0.1596607798870985,0.1252367812048019,0.1140509395759336,0.5509130452359547,0.5577374251939661,0.5456540250269255,-0.1483249832894519,-0.1660338625987116,-0.1615249909475102,0.0014753539163255,0.0005257824534626,0.0009173616356253,3.2209827237493224e-05,downstairs,wiktor
1672842750880193700,0.1272329383473757,0.5080793754042585,-0.1402987977399529,0.5422329987735575,0.1272329383473757,0.1596607798870985,0.1252367812048019,0.5080793754042585,0.5509130452359547,0.5577374251939661,-0.1402987977399529,-0.1483249832894519,-0.1660338625987116,0.0069374950802559,0.0042961784080214,0.0026391520401442,2.1646320901800967e-06,downstairs,wiktor
1672842750890193700,0.0345379718387086,0.4354274375065773,-0.1423794861309332,0.4594146742357979,0.0345379718387086,0.1272329383473757,0.1596607798870985,0.4354274375065773,0.5080793754042585,0.5509130452359547,-0.1423794861309332,-0.1402987977399529,-0.1483249832894519,0.0061331407657705,0.0027654546333188,0.0033598247933222,7.861339129492683e-06,downstairs,wiktor
1672842750900193700,-0.0398321113038946,0.3534539687093837,-0.138414302874262,0.3816737144833369,-0.0398321113038946,0.0345379718387086,0.1272329383473757,0.3534539687093837,0.4354274375065773,0.5080793754042585,-0.138414302874262,-0.1423794861309332,-0.1402987977399529,0.0048087331949655,1.1478356127857165e-06,0.004794547542457,1.3037816895756111e-05,downstairs,wiktor
1672842750910193700,-0.0383169640418863,0.2555300437221056,-0.143520733505487,0.2955706242574885,-0.0383169640418863,-0.0398321113038946,0.0345379718387086,0.2555300437221056,0.3534539687093837,0.4354274375065773,-0.143520733505487,-0.138414302874262,-0.1423794861309332,0.0081888334093271,0.0007925356466423,0.0065283495758063,0.0008679481868784,downstairs,wiktor
1672842750920193700,0.0014959897958366,0.1412641295061298,-0.1851848232442164,0.2329188936745697,0.0014959897958366,-0.0383169640418863,-0.0398321113038946,0.1412641295061298,0.2555300437221056,0.3534539687093837,-0.1851848232442164,-0.143520733505487,-0.138414302874262,0.0068246682151707,0.0019146875400769,0.0015323885133184,0.0033775921617752,downstairs,wiktor
1672842750930193700,0.0633779344982616,0.0859037011602716,-0.2673747516025654,0.2878983609693407,0.0633779344982616,0.0014959897958366,-0.0383169640418863,0.0859037011602716,0.1412641295061298,0.2555300437221056,-0.2673747516025654,-0.1851848232442164,-0.143520733505487,0.0022723908573284,0.0004693288151955,1.3238165307754108e-05,0.001789823876825,downstairs,wiktor
1672842750940193700,0.0940154544760793,0.0910492167433311,-0.3272049091625301,0.3524087373065223,0.0940154544760793,0.0633779344982616,0.0014959897958366,0.0910492167433311,0.0859037011602716,0.1412641295061298,-0.3272049091625301,-0.2673747516025654,-0.1851848232442164,0.0022517203469603,0.0015873634704121,0.0005873831698856,7.697370666250278e-05,downstairs,wiktor
1672842750950193700,0.0376707391886252,0.1253240812911507,-0.3396124638500987,0.3639530677777328,0.0376707391886252,0.0940154544760793,0.0633779344982616,0.1253240812911507,0.0910492167433311,0.0859037011602716,-0.3396124638500987,-0.3272049091625301,-0.2673747516025654,0.0197388576147008,0.0168692512819626,0.002759254879257,0.0001103514534811,downstairs,wiktor
1672842750960193700,-0.1460096967971523,0.1996107541101306,-0.3247563907834276,0.4082033783175854,-0.1460096967971523,0.0376707391886252,0.0940154544760793,0.1996107541101306,0.1253240812911507,0.0910492167433311,-0.3247563907834276,-0.3396124638500987,-0.3272049091625301,0.0043397154252961,0.0006624681416849,0.0036613709165761,1.5876367035116823e-05,downstairs,wiktor
1672842750970193700,-0.1824093710178081,0.2851837745847655,-0.3191214343443561,0.465232687780562,-0.1824093710178081,-0.1460096967971523,0.0376707391886252,0.2851837745847655,0.1996107541101306,0.1253240812911507,-0.3191214343443561,-0.3247563907834276,-0.3396124638500987,0.0126495312433735,0.0121831120923754,0.0004400681888082,2.6350962189898588e-05,downstairs,wiktor
1672842750980193700,-0.0263125286898775,0.3148508670883529,-0.3263810434508987,0.4542554382684271,-0.0263125286898775,-0.1824093710178081,-0.1460096967971523,0.3148508670883529,0.2851837745847655,0.1996107541101306,-0.3263810434508987,-0.3191214343443561,-0.3247563907834276,0.037925260850543,0.0370159232934247,0.0009093041208108,3.3436307408030333e-08,downstairs,wiktor
1672842750990193700,0.2457754103791844,0.3574960103243852,-0.3266396408499886,0.5430491733899602,0.2457754103791844,-0.0263125286898775,-0.1824093710178081,0.3574960103243852,0.3148508670883529,0.2851837745847655,-0.3266396408499886,-0.3263810434508987,-0.3191214343443561,0.0150974195037738,0.0011718240926683,0.0138167555272511,0.0001088398838544,downstairs,wiktor
1672842751000193700,0.1973641701003334,0.5237293134092433,-0.3118856662089367,0.6407165349435764,0.1973641701003334,0.2457754103791844,-0.0263125286898775,0.5237293134092433,0.3574960103243852,0.3148508670883529,-0.3118856662089367,-0.3266396408499886,-0.3263810434508987,0.0746032630906743,0.0072550593291047,0.063209255872669,0.0041389478889006,downstairs,wiktor
1672842751010193700,0.0769062161985281,0.8792831233246174,-0.2209027239735856,0.9098633911266129,0.0769062161985281,0.1973641701003334,0.2457754103791844,0.8792831233246174,0.5237293134092433,0.3574960103243852,-0.2209027239735856,-0.3118856662089367,-0.3266396408499886,0.3236814601405834,0.0823773758471071,0.2222392849776172,0.019064799315859,downstairs,wiktor
1672842751020193700,0.4828061443756766,1.5459753836331007,-0.0256347065418563,1.6198144332070592,0.4828061443756766,0.0769062161985281,0.1973641701003334,1.5459753836331007,0.8792831233246174,0.5237293134092433,-0.0256347065418563,-0.2209027239735856,-0.3118856662089367,0.5678141755686007,0.0067390755184579,0.549371678597036,0.0117034214531067,downstairs,wiktor
1672842751030193700,0.5989015837215697,2.5941849796558007,0.1273582439696414,2.665464113051047,0.5989015837215697,0.4828061443756766,0.0769062161985281,2.5941849796558007,1.5459753836331007,0.8792831233246174,0.1273582439696414,-0.0256347065418563,-0.2209027239735856,0.5029291081089922,0.0512229971599547,0.4417956746225692,0.0099104363264682,downstairs,wiktor
1672842751040193700,0.2788297256648052,3.5341803781791863,0.2681448649708449,3.555288825121149,0.2788297256648052,0.5989015837215697,0.4828061443756766,3.5341803781791863,2.5941849796558007,1.5459753836331007,0.2681448649708449,0.1273582439696414,-0.0256347065418563,0.0283217101498272,0.0237117277520218,0.0043412757915594,0.0002687066062458,downstairs,wiktor
1672842751050193700,0.0610604544072567,3.441000167924438,0.2913270394264846,3.4538503121370843,0.0610604544072567,0.2788297256648052,0.5989015837215697,3.441000167924438,3.5341803781791863,2.5941849796558007,0.2913270394264846,0.2681448649708449,0.1273582439696414,0.5749350182531786,0.0129757717599735,0.5285625810814721,0.0333966654117329,downstairs,wiktor
1672842751060193700,0.2221552821328762,2.412834246410336,0.032882981991484,2.423262957364454,0.2221552821328762,0.0610604544072567,0.2788297256648052,2.412834246410336,3.441000167924438,3.5341803781791863,0.032882981991484,0.2913270394264846,0.2681448649708449,0.7673553616761684,6.37256963473131e-05,0.7399630059020483,0.0273286300777727,downstairs,wiktor
1672842751070193700,0.2334447193506753,1.1963121496919504,-0.2009059402344106,1.235322789118198,0.2334447193506753,0.2221552821328762,0.0610604544072567,1.1963121496919504,2.412834246410336,3.441000167924438,-0.2009059402344106,0.032882981991484,0.2913270394264846,0.253277475460967,7.730766037036631e-05,0.2531867042146889,1.3463585907793927e-05,downstairs,wiktor
1672842751080193700,0.2458791602605326,0.4847129588342191,-0.2060950800297512,0.5812730820575797,0.2458791602605326,0.2334447193506753,0.2221552821328762,0.4847129588342191,1.1963121496919504,2.412834246410336,-0.2060950800297512,-0.2009059402344106,0.032882981991484,0.0631092655361734,0.0001977204823267,0.0623613769782068,0.0005501680756398,downstairs,wiktor
1672842751090193700,0.2259934627707933,0.1315518710054299,-0.1729237648420811,0.3134989129603524,0.2259934627707933,0.2458791602605326,0.2334447193506753,0.1315518710054299,0.4847129588342191,1.1963121496919504,-0.1729237648420811,-0.2060950800297512,-0.2009059402344106,0.0121754925756229,0.0081925600770228,0.0035270458439105,0.0004558866546894,downstairs,wiktor
1672842751100193700,0.0979890872438381,0.0475632307746155,-0.1427281805725408,0.179542350631119,0.0979890872438381,0.2259934627707933,0.2458791602605326,0.0475632307746155,0.1315518710054299,0.4847129588342191,-0.1427281805725408,-0.1729237648420811,-0.2060950800297512,0.0104766303757592,0.0042236640201935,0.0050896425920163,0.0011633237635493,downstairs,wiktor
1672842751110193700,0.0060797403829932,0.1484556744165093,-0.0944928457328336,0.1760822205796892,0.0060797403829932,0.0979890872438381,0.2259934627707933,0.1484556744165093,0.0475632307746155,0.1315518710054299,-0.0944928457328336,-0.1427281805725408,-0.1729237648420811,0.051836533645064,0.0037258444693134,0.0458774959505306,0.0022331932252198,downstairs,wiktor
1672842751120193700,-0.0802434253295015,0.4513665390302788,-0.0276618166337707,0.4592776240622482,-0.0802434253295015,0.0060797403829932,0.0979890872438381,0.4513665390302788,0.1484556744165093,0.0475632307746155,-0.0276618166337707,-0.0944928457328336,-0.1427281805725408,0.087450984690586,0.0067505261255849,0.0806739983811565,2.646018384462473e-05,downstairs,wiktor
1672842751130193700,-0.1964374537955541,0.8530480008408944,-0.0203871779699435,0.8756107594233324,-0.1964374537955541,-0.0802434253295015,0.0060797403829932,0.8530480008408944,0.4513665390302788,0.1484556744165093,-0.0203871779699435,-0.0276618166337707,-0.0944928457328336,0.09633309000335,0.0048205281539857,0.0913761006853825,0.0001364611639817,downstairs,wiktor
1672842751140193700,-0.2946263345711868,1.2805432655757978,-0.0038668169580413,1.314005587624257,-0.2946263345711868,-0.1964374537955541,-0.0802434253295015,1.2805432655757978,0.8530480008408944,0.4513665390302788,-0.0038668169580413,-0.0203871779699435,-0.0276618166337707,0.0589331424534767,0.0003498937912341,0.0583336282983377,0.0002496203639048,downstairs,wiktor
1672842751150193700,-0.3210798330632249,1.6221091546758006,0.0184768785243488,1.6536842999566006,-0.3210798330632249,-0.2946263345711868,-0.1964374537955541,1.6221091546758006,1.2805432655757978,0.8530480008408944,0.0184768785243488,-0.0038668169580413,-0.0203871779699435,0.0233149967897337,0.0016734106320334,0.0216414207066217,1.6545107852358196e-07,downstairs,wiktor
1672842751160193700,-0.2632281151624843,1.8301544416044968,0.0190521194799901,1.849085531821971,-0.2632281151624843,-0.3210798330632249,-0.2946263345711868,1.8301544416044968,1.6221091546758006,1.2805432655757978,0.0190521194799901,0.0184768785243488,-0.0038668169580413,0.0284115241525084,0.0274921973902029,1.3548702567522818e-10,0.0009193266268184,downstairs,wiktor
1672842751170193700,-0.028740599971577,1.830170902893977,-0.0238274007323083,1.8305516384172664,-0.028740599971577,-0.2632281151624843,-0.3210798330632249,1.830170902893977,1.8301544416044968,1.6221091546758006,-0.0238274007323083,0.0190521194799901,0.0184768785243488,0.0808834874525829,0.0469699908715652,0.0266709227808363,0.0072425738001813,downstairs,wiktor
1672842751180193700,0.2777556997501822,1.5992123664384634,-0.144181659486881,1.629544958767881,0.2777556997501822,-0.028740599971577,-0.2632281151624843,1.5992123664384634,1.830170902893977,1.8301544416044968,-0.144181659486881,-0.0238274007323083,0.0190521194799901,0.0727213480930185,0.004673174811323,0.065449764832881,0.0025984084488145,downstairs,wiktor
1672842751190193700,0.181079179215742,1.2374119661266865,-0.2162706107736701,1.269153662935807,0.181079179215742,0.2777556997501822,-0.028740599971577,1.2374119661266865,1.5992123664384634,1.830170902893977,-0.2162706107736701,-0.144181659486881,-0.0238274007323083,0.0540276879662852,0.0330741186479783,0.0208698909652249,8.367835308195978e-05,downstairs,wiktor
1672842751200193700,-0.0761138169874142,1.0331088043047267,-0.2292072527708779,1.060963279002204,-0.0761138169874142,0.181079179215742,0.2777556997501822,1.0331088043047267,1.2374119661266865,1.5992123664384634,-0.2292072527708779,-0.2162706107736701,-0.144181659486881,0.0088387554903447,0.0008758190377117,0.0079427816238836,2.015482874940723e-05,downstairs,wiktor
1672842751210193700,-0.1179663924807269,0.9070708606220114,-0.2355562414697822,0.9445529941934668,-0.1179663924807269,-0.0761138169874142,0.181079179215742,0.9070708606220114,1.0331088043047267,1.2374119661266865,-0.2355562414697822,-0.2292072527708779,-0.2162706107736701,0.0077066096879843,0.0033486743903546,0.0043448175532142,1.3117744415434926e-05,downstairs,wiktor
1672842751220193700,-0.0361290612637984,0.8138526483111728,-0.2304341824276713,0.8466175964755411,-0.0361290612637984,-0.1179663924807269,-0.0761138169874142,0.8138526483111728,0.9070708606220114,1.0331088043047267,-0.2304341824276713,-0.2355562414697822,-0.2292072527708779,0.0059454341876553,0.0039072287280618,0.0019923623503522,4.584310924127216e-05,downstairs,wiktor
1672842751230193700,0.0522703587349981,0.7507279724648411,-0.2208588903442649,0.7842852341384202,0.0522703587349981,-0.0361290612637984,-0.1179663924807269,0.7507279724648411,0.8138526483111728,0.9070708606220114,-0.2208588903442649,-0.2304341824276713,-0.2355562414697822,0.0008547751737558,0.0004289049867255,0.0001289011511339,0.0002969690358963,downstairs,wiktor
1672842751240193700,0.0815587518874246,0.7346717493015965,-0.1964880456360349,0.7648542091857577,0.0815587518874246,0.0522703587349981,-0.0361290612637984,0.7346717493015965,0.7507279724648411,0.8138526483111728,-0.1964880456360349,-0.2208588903442649,-0.2304341824276713,0.0005649223631371,0.0001222137465233,0.000150185868565,0.0002925227480487,downstairs,wiktor
1672842751250193700,0.0659245748049362,0.7520029851816538,-0.1723003318933607,0.7743009386897916,0.0659245748049362,0.0815587518874246,0.0522703587349981,0.7520029851816538,0.7346717493015965,0.7507279724648411,-0.1723003318933607,-0.1964880456360349,-0.2208588903442649,0.000758866467258,0.0004421641934168,0.0002561159413123,6.058633252887817e-05,downstairs,wiktor
1672842751260193700,0.0361869154008444,0.7746355255301127,-0.161292486279538,0.7920763576763145,0.0361869154008444,0.0659245748049362,0.0815587518874246,0.7746355255301127,0.7520029851816538,0.7346717493015965,-0.161292486279538,-0.1723003318933607,-0.1964880456360349,0.0005274793041167,1.0065802468494387e-05,0.0002033569199093,0.0003140565817389,downstairs,wiktor
1672842751270193700,0.0406737411091808,0.794802673068092,-0.1362303003517729,0.807418316033229,0.0406737411091808,0.0361869154008444,0.0659245748049362,0.794802673068092,0.7746355255301127,0.7520029851816538,-0.1362303003517729,-0.161292486279538,-0.1723003318933607,0.0012725007507864,0.000381680886406,9.342042156904153e-05,0.0007973994428114,downstairs,wiktor
1672842751280193700,0.0683027434945739,0.8084716468093092,-0.0962953672026761,0.81704618364456,0.0683027434945739,0.0406737411091808,0.0361869154008444,0.8084716468093092,0.794802673068092,0.7746355255301127,-0.0962953672026761,-0.1362303003517729,-0.161292486279538,0.0001993181462267,4.693439862980845e-05,3.826313415643419e-05,0.0001141206134405,downstairs,wiktor
1672842751290193700,0.0586141524071341,0.7997237174364308,-0.0811877126235859,0.8059684161143046,0.0586141524071341,0.0683027434945739,0.0406737411091808,0.7997237174364308,0.8084716468093092,0.794802673068092,-0.0811877126235859,-0.0962953672026761,-0.1362303003517729,0.0005444838713446,0.0001109604896649,0.0004332850945034,2.382871762786032e-07,downstairs,wiktor
1672842751300193700,0.043717139977457,0.770286153185854,-0.0818780562717476,0.7758582101238015,0.043717139977457,0.0586141524071341,0.0683027434945739,0.770286153185854,0.7997237174364308,0.8084716468093092,-0.0818780562717476,-0.0811877126235859,-0.0962953672026761,0.0003991542418051,4.716033942071348e-05,0.000310740374037,4.125352834737408e-05,downstairs,wiktor
1672842751310193700,0.0340052565946405,0.7453566375853821,-0.0909613957839946,0.7516560717453338,0.0340052565946405,0.043717139977457,0.0586141524071341,0.7453566375853821,0.770286153185854,0.7997237174364308,-0.0909613957839946,-0.0818780562717476,-0.0811877126235859,0.0001763810954551,6.931184756808126e-08,9.135794844603972e-05,8.495383516153446e-05,downstairs,wiktor
1672842751320193700,0.034377578626135,0.7318393931586478,-0.1039962594320375,0.739990498092286,0.034377578626135,0.0340052565946405,0.043717139977457,0.7318393931586478,0.7453566375853821,0.770286153185854,-0.1039962594320375,-0.0909613957839946,-0.0818780562717476,0.0001674061154903,1.292459860371607e-06,3.977098640069471e-05,0.0001263426692292,downstairs,wiktor
1672842751330193700,0.0359853471793612,0.7229207625013445,-0.1198923387743953,0.7336780949189767,0.0359853471793612,0.034377578626135,0.0340052565946405,0.7229207625013445,0.7318393931586478,0.7453566375853821,-0.1198923387743953,-0.1039962594320375,-0.0909613957839946,0.0004020274939524,2.9454332590576445e-07,2.9400752501869205e-06,0.0003987928753763,downstairs,wiktor
1672842751340193700,0.0367528669848461,0.7253456646643964,-0.1481338994740568,0.7412292213967491,0.0367528669848461,0.0359853471793612,0.034377578626135,0.7253456646643964,0.7229207625013445,0.7318393931586478,-0.1481338994740568,-0.1198923387743953,-0.1039962594320375,0.0007056461005125,9.175055038467414e-05,1.906528585965386e-06,0.0006119890215419,downstairs,wiktor
1672842751350193700,0.0502991247990673,0.723392959573521,-0.1831192970433845,0.7479037724639135,0.0502991247990673,0.0367528669848461,0.0359853471793612,0.723392959573521,0.7253456646643964,0.7229207625013445,-0.1831192970433845,-0.1481338994740568,-0.1198923387743953,0.0005921747262267,1.1555827877066504e-05,2.22619475656722e-05,0.000558356950784,downstairs,wiktor
1672842751360193700,0.0551065831456505,0.7300655823810341,-0.2165365665543442,0.7634923540799154,0.0551065831456505,0.0502991247990673,0.0367528669848461,0.7300655823810341,0.723392959573521,0.7253456646643964,-0.2165365665543442,-0.1831192970433845,-0.1481338994740568,0.0011692898754809,0.0004750503602429,0.0006637563010588,3.0483214179094537e-05,downstairs,wiktor
1672842751370193700,0.0242828792720756,0.7665006287254233,-0.2243446667303275,0.7990265336974444,0.0242828792720756,0.0551065831456505,0.0502991247990673,0.7665006287254233,0.7300655823810341,0.723392959573521,-0.2243446667303275,-0.2165365665543442,-0.1831192970433845,0.0051038206024754,0.00396096021964,0.0011414901199962,1.3702628391380414e-06,downstairs,wiktor
1672842751380193700,-0.064722291584904,0.814281171208662,-0.2226892134152877,0.8466600773536397,-0.064722291584904,0.0242828792720756,0.0551065831456505,0.814281171208662,0.7665006287254233,0.7300655823810341,-0.2226892134152877,-0.2243446667303275,-0.2165365665543442,0.0022163094841929,0.001391275603277,0.0006918211304471,0.0001332127504686,downstairs,wiktor
1672842751390193700,-0.1174721845379152,0.8514785133300338,-0.2390117592013269,0.8921558125346423,-0.1174721845379152,-0.064722291584904,0.0242828792720756,0.8514785133300338,0.814281171208662,0.7665006287254233,-0.2390117592013269,-0.2226892134152877,-0.2243446667303275,0.0006940501332432,0.0003209779883253,0.0003717128035116,1.359341406267814e-06,downstairs,wiktor
1672842751400193700,-0.0921353343656737,0.8787443455568934,-0.240660602072111,0.9157500041368268,-0.0921353343656737,-0.1174721845379152,-0.064722291584904,0.8787443455568934,0.8514785133300338,0.814281171208662,-0.240660602072111,-0.2390117592013269,-0.2226892134152877,0.0020722672278263,0.0011320292852337,0.0007262741594338,0.0002139637831587,downstairs,wiktor
1672842751410193700,-0.0445532098810782,0.916856657463515,-0.2199741918877042,0.943927838313144,-0.0445532098810782,-0.0921353343656737,-0.1174721845379152,0.916856657463515,0.8787443455568934,0.8514785133300338,-0.2199741918877042,-0.240660602072111,-0.2390117592013269,0.0015069210180217,4.168334409201678e-08,0.0006183501007377,0.0008885292339398,downstairs,wiktor
1672842751420193700,-0.0442644769799671,0.9520234059836096,-0.1778190205812114,0.969498588726876,-0.0442644769799671,-0.0445532098810782,-0.0921353343656737,0.9520234059836096,0.916856657463515,0.8787443455568934,-0.1778190205812114,-0.2199741918877042,-0.240660602072111,0.0021593081897279,0.0001348240616102,0.0008680643709743,0.0011564197571433,downstairs,wiktor
1672842751430193700,-0.0606854429448707,0.993690284219789,-0.1297270304551336,1.003958269236788,-0.0606854429448707,-0.0442644769799671,-0.0445532098810782,0.993690284219789,0.9520234059836096,0.916856657463515,-0.1297270304551336,-0.1778190205812114,-0.2199741918877042,0.0032802373206674,6.103800317187066e-06,0.0019652051092001,0.0013089284111501,downstairs,wiktor
1672842751440193700,-0.0571915052473188,1.0563832680249985,-0.0785620343904386,1.060843282715781,-0.0571915052473188,-0.0606854429448707,-0.0442644769799671,1.0563832680249985,0.993690284219789,0.9520234059836096,-0.0785620343904386,-0.1297270304551336,-0.1778190205812114,0.0060668647835896,0.0004363283357391,0.0038648676166842,0.0017656688311663,downstairs,wiktor
1672842751450193700,-0.0276507423682356,1.1443021808559046,-0.0191369751785818,1.144796168968118,-0.0276507423682356,-0.0571915052473188,-0.0606854429448707,1.1443021808559046,1.0563832680249985,0.993690284219789,-0.0191369751785818,-0.0785620343904386,-0.1297270304551336,0.0080410666511308,0.0010154237732602,0.0048333237049743,0.0021923191728962,downstairs,wiktor
1672842751460193700,0.0174141835334067,1.242621290951291,0.0470796265598982,1.2436347605911502,0.0174141835334067,-0.0276507423682356,-0.0571915052473188,1.242621290951291,1.1443021808559046,1.0563832680249985,0.0470796265598982,-0.0191369751785818,-0.0785620343904386,0.0086347774986087,0.0014014601359388,0.0052466701839318,0.001986647178738,downstairs,wiktor
1672842751470193700,0.0703567965391669,1.3450582977792127,0.1101136995480541,1.3513907392283426,0.0703567965391669,0.0174141835334067,-0.0276507423682356,1.3450582977792127,1.242621290951291,1.1443021808559046,0.1101136995480541,0.0470796265598982,-0.0191369751785818,0.0066193937178676,0.0013103835033503,0.0045511075686817,0.0007579026458355,downstairs,wiktor
1672842751480193700,0.1215502239171102,1.4404638276889798,0.1490470437618646,1.4532465438007542,0.1215502239171102,0.0703567965391669,0.0174141835334067,1.4404638276889798,1.3450582977792127,1.242621290951291,0.1490470437618646,0.1101136995480541,0.0470796265598982,0.0033982341545251,0.0018367142200262,0.0015356968106318,2.5823123867108942e-05,downstairs,wiktor
1672842751490193700,0.1821590387879893,1.4958839830592388,0.1562335761478083,1.515011464148463,0.1821590387879893,0.1215502239171102,0.0703567965391669,1.4958839830592388,1.4404638276889798,1.3450582977792127,0.1562335761478083,0.1490470437618646,0.1101136995480541,0.0024256054820183,0.0022787352847912,1.5569664302879072e-05,0.0001313005329241,downstairs,wiktor
1672842751500193700,0.2496680794387241,1.5014642454729392,0.1400286057421479,1.528508109481377,0.2496680794387241,0.1821590387879893,0.1215502239171102,1.5014642454729392,1.4958839830592388,1.4404638276889798,0.1400286057421479,0.1562335761478083,0.1490470437618646,0.0040993992855681,0.0037755413126432,2.1856406841565383e-05,0.0003020015660833,downstairs,wiktor
1672842751510193700,0.3365650450087971,1.4948526788141865,0.1154521305643127,1.5366163331591796,0.3365650450087971,0.2496680794387241,0.1821590387879893,1.4948526788141865,1.5014642454729392,1.4958839830592388,0.1154521305643127,0.1400286057421479,0.1562335761478083,0.0009284281444935,0.0005245099315719,8.827951503122702e-06,0.0003950902614185,downstairs,wiktor
1672842751520193700,0.3689536211297671,1.49905457160271,0.0873419807454828,1.546260005558023,0.3689536211297671,0.3365650450087971,0.2496680794387241,1.49905457160271,1.4948526788141865,1.5014642454729392,0.0873419807454828,0.1154521305643127,0.1400286057421479,0.0028036484597714,0.0015011258576429,0.0004268181841873,0.0008757044179412,downstairs,wiktor
1672842751530193700,0.3141608139806,1.528271627723658,0.0454921439969074,1.5608910020598836,0.3141608139806,0.3689536211297671,0.3365650450087971,1.528271627723658,1.49905457160271,1.4948526788141865,0.0454921439969074,0.0873419807454828,0.1154521305643127,0.0055272927024864,0.0038381331334277,0.0008268310415001,0.0008623285275585,downstairs,wiktor
1672842751540193700,0.2265465099723194,1.568936871888674,0.003963153458766,1.5852135300134784,0.2265465099723194,0.3141608139806,0.3689536211297671,1.568936871888674,1.528271627723658,1.49905457160271,0.003963153458766,0.0454921439969074,0.0873419807454828,0.0010508022619008,0.0005538870571951,6.208067523226389e-05,0.0004348345294734,downstairs,wiktor
1672842751550193700,0.1932632692288116,1.5800796431088209,-0.025526998438892,1.592059671447401,0.1932632692288116,0.2265465099723194,0.3141608139806,1.5800796431088209,1.568936871888674,1.528271627723658,-0.025526998438892,0.003963153458766,0.0454921439969074,0.0009156924523899,0.0003104477921157,0.0004608284372694,0.0001444162230046,downstairs,wiktor
1672842751560193700,0.2181810456992667,1.5497208408508432,-0.0425220696658481,1.5655816106733424,0.2181810456992667,0.1932632692288116,0.2265465099723194,1.5497208408508432,1.5800796431088209,1.568936871888674,-0.0425220696658481,-0.025526998438892,0.003963153458766,0.0029966195436431,0.0018842525208714,0.0010198559808556,9.25110419160944e-05,downstairs,wiktor
1672842751570193700,0.2795691963616123,1.5045576704383123,-0.0561243519681747,1.5313401523217782,0.2795691963616123,0.2181810456992667,0.1932632692288116,1.5045576704383123,1.5497208408508432,1.5800796431088209,-0.0561243519681747,-0.0425220696658481,-0.025526998438892,0.0060235362846393,0.0039801132417937,0.0019785346290874,6.488841375824034e-05,downstairs,wiktor
1672842751580193700,0.3687892977042327,1.4416524301305698,-0.067516315254478,1.489605896949962,0.3687892977042327,0.2795691963616123,0.2181810456992667,1.4416524301305698,1.5045576704383123,1.5497208408508432,-0.067516315254478,-0.0561243519681747,-0.0425220696658481,0.0083265455101728,0.0038902700536673,0.0044352758198612,9.99636644243093e-07,downstairs,wiktor
1672842751590193700,0.4569966676193068,1.3474688241276007,-0.0661023586467682,1.4243902934342243,0.4569966676193068,0.3687892977042327,0.2795691963616123,1.3474688241276007,1.4416524301305698,1.5045576704383123,-0.0661023586467682,-0.067516315254478,-0.0561243519681747,0.007729574984216,0.0023155051612749,0.0053996153555755,1.4454467365658977e-05,downstairs,wiktor
1672842751600193700,0.5250481945863765,1.2435494769820812,-0.0607256556857224,1.3512137186985935,0.5250481945863765,0.4569966676193068,0.3687892977042327,1.2435494769820812,1.3474688241276007,1.4416524301305698,-0.0607256556857224,-0.0661023586467682,-0.067516315254478,0.0046755625687497,0.0016283504380343,0.0030240675807427,2.3144549972650585e-05,downstairs,wiktor
1672842751610193700,0.582115706150038,1.1657797196114583,-0.0539220463535149,1.3041505423404458,0.582115706150038,0.5250481945863765,0.4569966676193068,1.1657797196114583,1.2435494769820812,1.3474688241276007,-0.0539220463535149,-0.0607256556857224,-0.0661023586467682,0.0012289443103636,0.0004221426389654,0.0006710544630447,0.0001357472083534,downstairs,wiktor
1672842751620193700,0.6111722936635577,1.1291449147656638,-0.0703991339817017,1.2858677417014963,0.6111722936635577,0.582115706150038,0.5250481945863765,1.1291449147656638,1.1657797196114583,1.2435494769820812,-0.0703991339817017,-0.0539220463535149,-0.0607256556857224,0.0035059798680699,0.0023245915459201,1.165342967231164e-05,0.0011697348924774,downstairs,wiktor
1672842751630193700,0.5429873753029685,1.133972632585154,-0.1187671997374769,1.2628677163202775,0.5429873753029685,0.6111722936635577,0.582115706150038,1.133972632585154,1.1291449147656638,1.1657797196114583,-0.1187671997374769,-0.0703991339817017,-0.0539220463535149,0.0175571049482199,0.0151655234329816,0.0004967366446603,0.0018948448705778,downstairs,wiktor
1672842751640193700,0.3688292664881237,1.1654920438950236,-0.1803276557230832,1.235687984735366,0.3688292664881237,0.5429873753029685,0.6111722936635577,1.1654920438950236,1.133972632585154,1.1291449147656638,-0.1803276557230832,-0.1187671997374769,-0.0703991339817017,0.0278631431093652,0.0251246356466297,0.0008521371802366,0.0018863702824988,downstairs,wiktor
1672842751650193700,0.1446657741588432,1.206774901844459,-0.2417502945869239,1.2392243763207471,0.1446657741588432,0.3688292664881237,0.5429873753029685,1.206774901844459,1.1654920438950236,1.133972632585154,-0.2417502945869239,-0.1803276557230832,-0.1187671997374769,0.0247136778905362,0.0241520359067607,3.0147580733486776e-07,0.0005613405079681,downstairs,wiktor
1672842751660193700,-0.0751160991008081,1.2059984022535577,-0.2752567270430406,1.2392904584336566,-0.0751160991008081,0.1446657741588432,0.3688292664881237,1.2059984022535577,1.206774901844459,1.1654920438950236,-0.2752567270430406,-0.2417502945869239,-0.1803276557230832,0.0252960713167767,0.0252729207553968,8.070009024319715e-07,2.234356047754576e-05,downstairs,wiktor
1672842751670193700,-0.2999401225297861,1.204727968546171,-0.2819415696705892,1.2731160999723798,-0.2999401225297861,-0.0751160991008081,0.1446657741588432,1.204727968546171,1.2059984022535577,1.206774901844459,-0.2819415696705892,-0.2752567270430406,-0.2417502945869239,0.0107164636431427,0.0100738113267055,0.0003104785422226,0.0003321737742144,downstairs,wiktor
1672842751680193700,-0.4418824441023572,1.2296469790491051,-0.2561666293519597,1.3315078405642258,-0.4418824441023572,-0.2999401225297861,-0.0751160991008081,1.2296469790491051,1.204727968546171,1.2059984022535577,-0.2561666293519597,-0.2819415696705892,-0.2752567270430406,0.006157394062853,0.0022732779646609,0.0011791779069709,0.0027049381912211,downstairs,wiktor
1672842751690193700,-0.5093105979353217,1.2782098847894114,-0.182614767496244,1.38800790633566,-0.5093105979353217,-0.4418824441023572,-0.2999401225297861,1.2782098847894114,1.2296469790491051,1.204727968546171,-0.182614767496244,-0.2561666293519597,-0.2819415696705892,0.0089988082824701,0.0002445060214706,0.0041491222045571,0.0046051800564424,downstairs,wiktor
1672842751700193700,-0.487196981249188,1.3693045850145849,-0.0866441464037194,1.455974983708963,-0.487196981249188,-0.5093105979353217,-0.4418824441023572,1.3693045850145849,1.2782098847894114,1.2296469790491051,-0.0866441464037194,-0.182614767496244,-0.2561666293519597,0.0164640025611062,0.0089655079857452,0.0033373595378802,0.0041611350374808,downstairs,wiktor
1672842751710193700,-0.3532902376867729,1.4510035389599107,0.0045823304270869,1.4934009039340723,-0.3532902376867729,-0.487196981249188,-0.5093105979353217,1.4510035389599107,1.3693045850145849,1.2782098847894114,0.0045823304270869,-0.0866441464037194,-0.182614767496244,0.0095858674066553,0.0052318095658148,0.0007575376496052,0.0035965201912352,downstairs,wiktor
1672842751720193700,-0.2509984045248353,1.489927507144185,0.0893941243149096,1.513563835812989,-0.2509984045248353,-0.3532902376867729,-0.487196981249188,1.489927507144185,1.4510035389599107,1.3693045850145849,0.0893941243149096,0.0045823304270869,-0.0866441464037194,0.0043339549047707,0.0007869745178359,0.0011412502657443,0.0024057301211903,downstairs,wiktor
1672842751730193700,-0.2113253779743949,1.442151984839466,0.1587588144849145,1.4661736336222555,-0.2113253779743949,-0.2509984045248353,-0.3532902376867729,1.442151984839466,1.489927507144185,1.4510035389599107,0.1587588144849145,0.0893941243149096,0.0045823304270869,0.0162304691590747,0.001128649133629,0.0148801036102644,0.0002217164151811,downstairs,wiktor
1672842751740193700,-0.1638143448635669,1.2696405150163583,0.1377009696198205,1.2875495073931418,-0.1638143448635669,-0.2113253779743949,-0.2509984045248353,1.2696405150163583,1.442151984839466,1.489927507144185,0.1377009696198205,0.1587588144849145,0.0893941243149096,0.0244093134068425,0.0022412139889433,0.0213208473801403,0.0008472520377589,downstairs,wiktor
1672842751750193700,-0.096863407768656,1.063141859426835,0.0965366151912877,1.0719013252639888,-0.096863407768656,-0.1638143448635669,-0.2113253779743949,1.063141859426835,1.2696405150163583,1.442151984839466,0.0965366151912877,0.1377009696198205,0.1587588144849145,0.0517852315666659,0.044841766856634,0.0063524222171295,0.0005910424929022,downstairs,wiktor
1672842751760193700,0.2026086839415201,0.9504260910789274,0.1309180780136365,0.9805608479655248,0.2026086839415201,-0.096863407768656,-0.1638143448635669,0.9504260910789274,1.063141859426835,1.2696405150163583,0.1309180780136365,0.0965366151912877,0.1377009696198205,0.0394623380946764,0.0388095465440823,0.0006523975722822,3.939783118816353e-07,downstairs,wiktor
1672842751770193700,0.4812107174735185,0.914304142840156,0.1318057472221614,1.041579845824046,0.4812107174735185,0.2026086839415201,-0.096863407768656,0.914304142840156,0.9504260910789274,1.063141859426835,0.1318057472221614,0.1309180780136365,0.0965366151912877,0.0121920678345169,0.0021733608796676,8.700948519626411e-05,0.009931697469653,downstairs,wiktor
1672842751780193700,0.415281044644546,0.927495767849704,-0.0091318096578483,1.0162628278982777,0.415281044644546,0.4812107174735185,0.2026086839415201,0.927495767849704,0.914304142840156,0.9504260910789274,-0.0091318096578483,0.1318057472221614,0.1309180780136365,0.005311630411544,0.0018921370237803,0.0009565683453372,0.0024629250424264,downstairs,wiktor
1672842751790193700,0.4767974981148226,0.8837563498074559,-0.079316210238411,1.007299459565097,0.4767974981148226,0.415281044644546,0.4812107174735185,0.8837563498074559,0.927495767849704,0.914304142840156,-0.079316210238411,-0.0091318096578483,0.1318057472221614,0.0084135015954612,7.24000840729467e-05,0.0072308122499433,0.0011102892614449,downstairs,wiktor
1672842751800193700,0.4647642039629333,0.7634998551808174,-0.1264392250283194,0.9027317828525758,0.4647642039629333,0.4767974981148226,0.415281044644546,0.7634998551808174,0.8837563498074559,0.927495767849704,-0.1264392250283194,-0.079316210238411,-0.0091318096578483,0.0173446007525629,0.0096550347833672,0.0076887555051646,8.104640310909069e-07,downstairs,wiktor
1672842751810193700,0.3258035276306182,0.6394937625469097,-0.1251660682971264,0.7285374085151147,0.3258035276306182,0.4647642039629333,0.4767974981148226,0.6394937625469097,0.7634998551808174,0.8837563498074559,-0.1251660682971264,-0.1264392250283194,-0.079316210238411,0.0420218139150067,0.0357966384608973,0.0041776669516275,0.0020475085024819,downstairs,wiktor
1672842751820193700,0.0582343273817953,0.548086246973763,-0.0611737484066597,0.5545556766470938,0.0582343273817953,0.3258035276306182,0.4647642039629333,0.548086246973763,0.6394937625469097,0.7634998551808174,-0.0611737484066597,-0.1251660682971264,-0.1264392250283194,0.0353484872048743,0.029816453431609,0.0006599615504488,0.0048720722228164,downstairs,wiktor
1672842751830193700,-0.1859641715145289,0.5117555010290719,0.0375386846787063,0.5457888957903128,-0.1859641715145289,0.0582343273817953,0.3258035276306182,0.5117555010290719,0.548086246973763,0.6394937625469097,0.0375386846787063,-0.0611737484066597,-0.1251660682971264,0.0127122920028077,0.0096741134958537,0.0006838836576604,0.0023542948492935,downstairs,wiktor
1672842751840193700,-0.3250620758542691,0.4747721626816359,0.1061578489011534,0.5851012292752464,-0.3250620758542691,-0.1859641715145289,0.0582343273817953,0.4747721626816359,0.5117555010290719,0.548086246973763,0.1061578489011534,0.0375386846787063,-0.0611737484066597,0.0091493906912037,0.0084592381274681,0.0006890747487856,1.0778149499986648e-06,downstairs,wiktor
1672842751850193700,-0.1949910327472953,0.4376487267203554,0.1076260552558588,0.4910613796886722,-0.1949910327472953,-0.3250620758542691,-0.1859641715145289,0.4376487267203554,0.4747721626816359,0.5117555010290719,0.1076260552558588,0.1061578489011534,0.0375386846787063,0.0409603179803558,0.0393539989567116,1.908702561832932e-07,0.001606128153388,downstairs,wiktor
1672842751860193700,0.0855584244138678,0.4382665782497429,0.0509492848223203,0.4494370559075292,0.0855584244138678,-0.1949910327472953,-0.3250620758542691,0.4382665782497429,0.4376487267203554,0.4747721626816359,0.0509492848223203,0.1076260552558588,0.1061578489011534,0.026746291623193,0.0187290059035673,0.0002792829783181,0.0077380027413075,downstairs,wiktor
1672842751870193700,0.2790991483123146,0.4619005782632028,-0.0734533095341286,0.5446502248875484,0.2790991483123146,0.0855584244138678,-0.1949910327472953,0.4619005782632028,0.4382665782497429,0.4376487267203554,-0.0734533095341286,0.0509492848223203,0.1076260552558588,0.0051957317789302,0.0001510759395583,0.0004941067647611,0.0045505490746107,downstairs,wiktor
1672842751880193700,0.2964816647905676,0.4933364420102396,-0.1688529853680716,0.5998279363617697,0.2964816647905676,0.2790991483123146,0.0855584244138678,0.4933364420102396,0.4619005782632028,0.4382665782497429,-0.1688529853680716,-0.0734533095341286,0.0509492848223203,0.0017255384092186,0.0011134743425779,0.0001436738658649,0.0004683902007757,downstairs,wiktor
1672842751890193700,0.2492911076296708,0.510287776227047,-0.199459853903607,0.6019334715973362,0.2492911076296708,0.2964816647905676,0.2790991483123146,0.510287776227047,0.4933364420102396,0.4619005782632028,-0.199459853903607,-0.1688529853680716,-0.0734533095341286,0.000814963799587,0.0008058198273349,1.6836935219786182e-06,7.460278730111968e-06,downstairs,wiktor
1672842751900193700,0.2091458756005761,0.5084527320739114,-0.2033225676465892,0.5861793620970959,0.2091458756005761,0.2492911076296708,0.2964816647905676,0.5084527320739114,0.510287776227047,0.4933364420102396,-0.2033225676465892,-0.199459853903607,-0.1688529853680716,0.0001328341408302,1.5288941626470366e-05,0.0001144274151351,3.1177840686374552e-06,downstairs,wiktor
1672842751910193700,0.2036161483692436,0.4933247834267776,-0.20082545568729,0.5702277978771384,0.2036161483692436,0.2091458756005761,0.2492911076296708,0.4933247834267776,0.5084527320739114,0.510287776227047,-0.20082545568729,-0.2033225676465892,-0.199459853903607,0.0004287670594914,8.89569091404918e-06,0.0003211894590698,9.868190950752042e-05,downstairs,wiktor
1672842751920193700,0.2078341315162107,0.4679795882580733,-0.1867768323022376,0.5450555075716157,0.2078341315162107,0.2036161483692436,0.2091458756005761,0.4679795882580733,0.4933247834267776,0.5084527320739114,-0.1867768323022376,-0.20082545568729,-0.2033225676465892,0.0010439364825047,5.429143625042594e-05,0.0004127018295373,0.0005769432167169,downstairs,wiktor
1672842751930193700,0.1974138209401841,0.4392497490821451,-0.1528079283835963,0.5052354122028828,0.1974138209401841,0.2078341315162107,0.2036161483692436,0.4392497490821451,0.4679795882580733,0.4933247834267776,-0.1528079283835963,-0.1867768323022376,-0.20082545568729,0.0013723889596263,3.6321586211978536e-06,0.0002850049502578,0.0010837518507473,downstairs,wiktor
1672842751940193700,0.1947185812027218,0.4153748689669352,-0.1062514712428875,0.4708938126331431,0.1947185812027218,0.1974138209401841,0.2078341315162107,0.4153748689669352,0.4392497490821451,0.4679795882580733,-0.1062514712428875,-0.1528079283835963,-0.1867768323022376,0.0008183356120848,0.0002054457823299,6.399318546776782e-06,0.0006064905112081,downstairs,wiktor
1672842751950193700,0.214989041598577,0.4117973506799723,-0.0714235941554699,0.4699985913134252,0.214989041598577,0.1947185812027218,0.1974138209401841,0.4117973506799723,0.4153748689669352,0.4392497490821451,-0.0714235941554699,-0.1062514712428875,-0.1528079283835963,0.0010553227385226,0.0008365541947181,8.810401513969211e-05,0.0001306645286648,downstairs,wiktor
1672842751960193700,0.255892689228541,0.4250716879620887,-0.0875892694376751,0.5038242634373414,0.255892689228541,0.214989041598577,0.1947185812027218,0.4250716879620887,0.4117973506799723,0.4153748689669352,-0.0875892694376751,-0.0714235941554699,-0.1062514712428875,0.0026718947111216,0.0002864660371141,0.0004146248576203,0.0019708038163871,downstairs,wiktor
1672842751970193700,0.2798286887737493,0.453868384217748,-0.1503714932974142,0.5539965624891182,0.2798286887737493,0.255892689228541,0.214989041598577,0.453868384217748,0.4250716879620887,0.4117973506799723,-0.1503714932974142,-0.0875892694376751,-0.0714235941554699,0.0043444213315033,4.929433579093691e-06,0.0010554692488903,0.0032840226490338,downstairs,wiktor
1672842751980193700,0.2829685720770247,0.4998133349499091,-0.2314149711230095,0.6192232807614098,0.2829685720770247,0.2798286887737493,0.255892689228541,0.4998133349499091,0.453868384217748,0.4250716879620887,-0.2314149711230095,-0.1503714932974142,-0.0875892694376751,0.0055282895635442,0.0001552437312959,0.0019421965259086,0.0034308493063396,downstairs,wiktor
1672842751990193700,0.3005892265084555,0.5621382340819361,-0.3142503416640974,0.7107084877400235,0.3005892265084555,0.2829685720770247,0.2798286887737493,0.5621382340819361,0.4998133349499091,0.453868384217748,-0.3142503416640974,-0.2314149711230095,-0.1503714932974142,0.0052221306356892,0.0004347088927333,0.0017255339465264,0.0030618877964293,downstairs,wiktor
1672842752000193700,0.3300751178035606,0.6208840245102971,-0.3925048980353323,0.8052991060884548,0.3300751178035606,0.3005892265084555,0.2829685720770247,0.6208840245102971,0.5621382340819361,0.4998133349499091,-0.3925048980353323,-0.3142503416640974,-0.2314149711230095,0.0035460582088757,0.0007416889026566,0.0001851827771517,0.0026191865290673,downstairs,wiktor
1672842752010193700,0.2915604737663468,0.6401289083577884,-0.4648815037731998,0.8431413533498533,0.2915604737663468,0.3300751178035606,0.3005892265084555,0.6401289083577884,0.6208840245102971,0.5621382340819361,-0.4648815037731998,-0.3925048980353323,-0.3142503416640974,0.0115161948676826,0.0095825907137724,1.2740742837332833e-07,0.0019334767464819,downstairs,wiktor
1672842752020193700,0.153122106874994,0.6396241164632945,-0.5270663370765368,0.8428311299747802,0.153122106874994,0.2915604737663468,0.3300751178035606,0.6396241164632945,0.6401289083577884,0.6208840245102971,-0.5270663370765368,-0.4648815037731998,-0.3925048980353323,0.0196843121562424,0.017856998602845,0.0009967951511192,0.0008305184022782,downstairs,wiktor
1672842752030193700,-0.0358593663060826,0.6842737559045994,-0.5678221563488379,0.8899092472900285,-0.0358593663060826,0.153122106874994,0.2915604737663468,0.6842737559045994,0.6396241164632945,0.6401289083577884,-0.5678221563488379,-0.5270663370765368,-0.4648815037731998,0.0193833509463673,0.0004496218036547,0.0180485476322248,0.0008851815104876,downstairs,wiktor
1672842752040193700,-0.0658467571113793,0.8742661117099045,-0.6098978384107533,1.0680132971103635,-0.0658467571113793,-0.0358593663060826,0.153122106874994,0.8742661117099045,0.6842737559045994,0.6396241164632945,-0.6098978384107533,-0.5678221563488379,-0.5270663370765368,0.0316327688839354,0.0016547862291279,0.0299172544359389,6.072821886846182e-05,downstairs,wiktor
1672842752050193700,-0.0083178734245221,1.1188770453818848,-0.6209185660517452,1.279646394660868,-0.0083178734245221,-0.0658467571113793,-0.0358593663060826,1.1188770453818848,0.8742661117099045,0.6842737559045994,-0.6209185660517452,-0.6098978384107533,-0.5678221563488379,0.0158289798335189,0.000323664739311,0.0098447790887994,0.0056605360054085,downstairs,wiktor
1672842752060193700,0.0171247970057221,1.2591965314755806,-0.5145180396864257,1.3603668537256346,0.0171247970057221,-0.0083178734245221,-0.0658467571113793,1.2591965314755806,1.1188770453818848,0.8742661117099045,-0.5145180396864257,-0.6209185660517452,-0.6098978384107533,0.0507304993730927,0.0251219359905086,0.0061854922708536,0.0194230711117304,downstairs,wiktor
1672842752070193700,0.2412762457652991,1.3704214591748485,-0.3174237926281696,1.4272445714256436,0.2412762457652991,0.0171247970057221,-0.0083178734245221,1.3704214591748485,1.2591965314755806,1.1188770453818848,-0.3174237926281696,-0.5145180396864257,-0.6209185660517452,0.0957063150970231,0.0588207344342841,0.0251407494421433,0.0117448312205955,downstairs,wiktor
1672842752080193700,0.584265267263901,1.594656824102611,-0.164160416568554,1.706237067806213,0.584265267263901,0.2412762457652991,0.0171247970057221,1.594656824102611,1.3704214591748485,1.2591965314755806,-0.164160416568554,-0.3174237926281696,-0.5145180396864257,0.0450598789847628,0.0257520211790705,0.0188816122053317,0.0004262456003604,downstairs,wiktor
1672842752090193700,0.3573202467013404,1.7889844454297488,-0.1933578685245204,1.834538189848508,0.3573202467013404,0.584265267263901,0.2412762457652991,1.7889844454297488,1.594656824102611,1.3704214591748485,-0.1933578685245204,-0.164160416568554,-0.3174237926281696,0.0224624117392922,0.0206294764950762,0.0017736873569709,5.924788724503618e-05,downstairs,wiktor
1672842752100193700,0.1541972470431223,1.7294246039764514,-0.20424344496723,1.7482567421997448,0.1541972470431223,0.3573202467013404,0.584265267263901,1.7294246039764514,1.7889844454297488,1.594656824102611,-0.20424344496723,-0.1933578685245204,-0.164160416568554,0.0361552391519761,3.36483580396316e-05,0.0353349098517516,0.0007866809421848,downstairs,wiktor
1672842752110193700,0.1624007046116884,1.463586646371629,-0.1645778189874255,1.4817373987310918,0.1624007046116884,0.1541972470431223,0.3573202467013404,1.463586646371629,1.7294246039764514,1.7889844454297488,-0.1645778189874255,-0.20424344496723,-0.1933578685245204,0.0907296066505804,0.0094101524822291,0.0795879549746791,0.0017314991936721,downstairs,wiktor
1672842752120193700,0.0252135879991641,1.064618088776725,-0.1057305727702546,1.0701524909977662,0.0252135879991641,0.1624007046116884,0.1541972470431223,1.064618088776725,1.463586646371629,1.7294246039764514,-0.1057305727702546,-0.1645778189874255,-0.20424344496723,0.0425407805727998,0.001566929588671,0.0408832790237348,9.057196039397454e-05,downstairs,wiktor
1672842752130193700,0.0811944702478585,0.7786695653542921,-0.0922716010120574,0.7883101435102817,0.0811944702478585,0.0252135879991641,0.1624007046116884,0.7786695653542921,1.064618088776725,1.463586646371629,-0.0922716010120574,-0.1057305727702546,-0.1645778189874255,0.0129383025557103,1.595185250147085e-05,0.0125751146239084,0.0003472360793004,downstairs,wiktor
1672842752140193700,0.0755461337668278,0.62008132730425,-0.1186244406806955,0.6358300313175871,0.0755461337668278,0.0811944702478585,0.0252135879991641,0.62008132730425,0.7786695653542921,1.064618088776725,-0.1186244406806955,-0.0922716010120574,-0.1057305727702546,0.0013506417929247,0.0002980087492057,0.0007489728702044,0.0003036601735145,downstairs,wiktor
1672842752150193700,0.0511326641565603,0.5813780233056403,-0.1432683110550743,0.6009498849979877,0.0511326641565603,0.0755461337668278,0.0811944702478585,0.5813780233056403,0.62008132730425,0.7786695653542921,-0.1432683110550743,-0.1186244406806955,-0.0922716010120574,0.0100808718209287,0.0031061915508956,0.0064544986167679,0.0005201816532652,downstairs,wiktor
1672842752160193700,-0.0276860081349165,0.6949957914298902,-0.1755229743850569,0.7173520611866139,-0.0276860081349165,0.0511326641565603,0.0755461337668278,0.6949957914298902,0.5813780233056403,0.62008132730425,-0.1755229743850569,-0.1432683110550743,-0.1186244406806955,0.0265969484532993,0.0034745280794633,0.0227357931591163,0.0003866272147196,downstairs,wiktor
1672842752170193700,-0.1110470071627989,0.908236468408352,-0.2033304271529632,0.9373196802334286,-0.1110470071627989,-0.0276860081349165,0.0511326641565603,0.908236468408352,0.6949957914298902,0.5813780233056403,-0.2033304271529632,-0.1755229743850569,-0.1432683110550743,0.02279991785737,0.0011074034492243,0.0211484553386083,0.0005440590695372,downstairs,wiktor
1672842752180193700,-0.1581087421334601,1.1138985958825585,-0.2363170629176877,1.149614809609811,-0.1581087421334601,-0.1110470071627989,-0.0276860081349165,1.1138985958825585,0.908236468408352,0.6949957914298902,-0.2363170629176877,-0.2033304271529632,-0.1755229743850569,0.0180504753653685,0.000903529800502,0.01630405399689,0.0008428915679763,downstairs,wiktor
1672842752190193700,-0.2006182657840984,1.294475748351469,-0.2773753524090043,1.3389743230399656,-0.2006182657840984,-0.1581087421334601,-0.1110470071627989,1.294475748351469,1.1138985958825585,0.908236468408352,-0.2773753524090043,-0.2363170629176877,-0.2033304271529632,0.009226826789696,0.0002302571759892,0.0083235791755431,0.0006729904381636,downstairs,wiktor
1672842752200193700,-0.2220778639159007,1.4234996157213715,-0.3140629644371447,1.4745525691650974,-0.2220778639159007,-0.2006182657840984,-0.1581087421334601,1.4234996157213715,1.294475748351469,1.1138985958825585,-0.3140629644371447,-0.2773753524090043,-0.2363170629176877,0.0011537766875202,0.0001219496686252,0.0007070496247719,0.000324777394123,downstairs,wiktor
1672842752210193700,-0.2376951407992258,1.4611041267478948,-0.3395493291886375,1.5187554102329135,-0.2376951407992258,-0.2220778639159007,-0.2006182657840984,1.4611041267478948,1.4234996157213715,1.294475748351469,-0.3395493291886375,-0.3140629644371447,-0.2773753524090043,0.0018682194818143,9.705648552025487e-05,0.0016153905885647,0.0001557724077293,downstairs,wiktor
1672842752220193700,-0.2237626976882525,1.4042641656542278,-0.3571999613432841,1.4661580420271658,-0.2237626976882525,-0.2376951407992258,-0.2220778639159007,1.4042641656542278,1.4611041267478948,1.4234996157213715,-0.3571999613432841,-0.3395493291886375,-0.3140629644371447,0.0085543891688248,0.0022583353484731,0.0060243999721453,0.0002716538482063,downstairs,wiktor
1672842752230193700,-0.1565565171916175,1.2944971398937988,-0.3805089230621742,1.358315069782534,-0.1565565171916175,-0.2237626976882525,-0.2376951407992258,1.2944971398937988,1.4042641656542278,1.4611041267478948,-0.3805089230621742,-0.3571999613432841,-0.3395493291886375,0.0141625923542708,0.0071249682045615,0.0066121548778271,0.0004254692718822,downstairs,wiktor
1672842752240193700,-0.037183419681655,1.179500140995331,-0.409679773988476,1.2491760110258587,-0.037183419681655,-0.1565565171916175,-0.2237626976882525,1.179500140995331,1.2944971398937988,1.4042641656542278,-0.409679773988476,-0.3805089230621742,-0.3571999613432841,0.0157878289083966,0.0083846206461546,0.0070237807642342,0.0003794274980077,downstairs,wiktor
1672842752250193700,0.0923126856354909,1.0609777316017122,-0.3821324511418648,1.1314683332288364,0.0923126856354909,-0.037183419681655,-0.1565565171916175,1.0609777316017122,1.179500140995331,1.2944971398937988,-0.3821324511418648,-0.409679773988476,-0.3805089230621742,0.0105168241403532,0.0006249736738105,0.0029044812063774,0.0069873692601652,downstairs,wiktor
1672842752260193700,0.1276672800698933,0.9847611821340604,-0.2639176529128337,1.027475570394516,0.1276672800698933,0.0923126856354909,-0.037183419681655,0.9847611821340604,1.0609777316017122,1.179500140995331,-0.2639176529128337,-0.3821324511418648,-0.409679773988476,0.0070998624617417,0.0007098076703907,0.0008927151449426,0.0054973396464083,downstairs,wiktor
1672842752270193700,0.0899894969506396,0.9425068298152128,-0.1590621366401234,0.9600614548674856,0.0899894969506396,0.1276672800698933,0.0923126856354909,0.9425068298152128,0.9847611821340604,1.0609777316017122,-0.1590621366401234,-0.2639176529128337,-0.3821324511418648,0.0035201510049764,0.0006922516172428,0.0002193334962008,0.0026085658915327,downstairs,wiktor
1672842752280193700,0.0527805835764802,0.9215624512758122,-0.0868324212657322,0.927147782711595,0.0527805835764802,0.0899894969506396,0.1276672800698933,0.9215624512758122,0.9425068298152128,0.9847611821340604,-0.0868324212657322,-0.1590621366401234,-0.2639176529128337,0.0013721079647583,5.5658667595796686e-05,1.4977332901480336e-05,0.001301471964261,downstairs,wiktor
1672842752290193700,0.0422298805102579,0.916089365692436,-0.0358133667025394,0.9177612358218508,0.0422298805102579,0.0527805835764802,0.0899894969506396,0.916089365692436,0.9215624512758122,0.9425068298152128,-0.0358133667025394,-0.0868324212657322,-0.1590621366401234,0.0009700078258252,0.0001834844293675,1.534720809386718e-06,0.0007849886756483,downstairs,wiktor
1672842752300193700,0.0613863117732871,0.917841347889484,0.0038095730078939,0.919899740197384,0.0613863117732871,0.0422298805102579,0.0527805835764802,0.917841347889484,0.916089365692436,0.9215624512758122,0.0038095730078939,-0.0358133667025394,-0.0868324212657322,0.0010109057475566,0.0004051481744998,2.420795347693693e-05,0.0005815496195798,downstairs,wiktor
1672842752310193700,0.0898520165599186,0.9108831938991016,0.0379138137875935,0.916088988626996,0.0898520165599186,0.0613863117732871,0.0422298805102579,0.9108831938991016,0.917841347889484,0.916089365692436,0.0379138137875935,0.0038095730078939,-0.0358133667025394,0.0007313233707988,5.5756617624307627e-05,8.5038293586168e-05,0.0005905284595884,downstairs,wiktor
1672842752320193700,0.1004119992894791,0.8978418524354203,0.0722803224723117,0.9063261038956556,0.1004119992894791,0.0898520165599186,0.0613863117732871,0.8978418524354203,0.9108831938991016,0.917841347889484,0.0722803224723117,0.0379138137875935,0.0038095730078939,0.0005445066961637,3.2845948023309345e-05,2.700089107551953e-05,0.0004846598570648,downstairs,wiktor
1672842752330193700,0.0923069455545173,0.890493261948052,0.103414222230128,0.9012176890917916,0.0923069455545173,0.1004119992894791,0.0898520165599186,0.890493261948052,0.8978418524354203,0.9108831938991016,0.103414222230128,0.0722803224723117,0.0379138137875935,0.0012313706834801,2.819612427900375e-05,0.0011230208248341,8.015373436695924e-05,downstairs,wiktor
1672842752340193700,0.0998164228038341,0.8431008400889797,0.1160754808063486,0.8568873100148713,0.0998164228038341,0.0923069455545173,0.1004119992894791,0.8431008400889797,0.890493261948052,0.8978418524354203,0.1160754808063486,0.103414222230128,0.0722803224723117,0.0024066929233526,0.0004088470448605,0.0019978310429518,1.4835540219669546e-08,downstairs,wiktor
1672842752350193700,0.1284117736448562,0.7798895904105895,0.1159032278515427,0.7988434859644419,0.1284117736448562,0.0998164228038341,0.0923069455545173,0.7798895904105895,0.8431008400889797,0.890493261948052,0.1159032278515427,0.1160754808063486,0.103414222230128,0.0010261659284855,0.0003590548725898,0.0005883059924408,7.880506345477913e-05,downstairs,wiktor
1672842752360193700,0.1016142038822867,0.7455878122514079,0.1033489406591308,0.7595443606161764,0.1016142038822867,0.1284117736448562,0.0998164228038341,0.7455878122514079,0.7798895904105895,0.8431008400889797,0.1033489406591308,0.1159032278515427,0.1160754808063486,0.0024421219387779,0.0008655078032502,0.0007369748477003,0.0008396392878273,downstairs,wiktor
1672842752370193700,0.0600087282029899,0.7071957597483094,0.0623699390161582,0.7124723849802238,0.0600087282029899,0.1016142038822867,0.1284117736448562,0.7071957597483094,0.7455878122514079,0.7798895904105895,0.0623699390161582,0.1033489406591308,0.1159032278515427,0.0007501233858784,3.794018934554301e-05,0.0001911158442404,0.0005210673522924,downstairs,wiktor
1672842752380193700,0.0512977937702733,0.6876450132540982,0.0300878277998057,0.6902118553608284,0.0512977937702733,0.0600087282029899,0.1016142038822867,0.6876450132540982,0.7071957597483094,0.7455878122514079,0.0300878277998057,0.0623699390161582,0.1033489406591308,0.0004425345546181,0.00026362257047,5.960894059269015e-05,0.0001193030435554,downstairs,wiktor
1672842752390193700,0.0742596129695449,0.6767263191387115,0.0146409482731558,0.6809459292041866,0.0742596129695449,0.0512977937702733,0.0600087282029899,0.6767263191387115,0.6876450132540982,0.7071957597483094,0.0146409482731558,0.0300878277998057,0.0623699390161582,0.0007333347160842,0.0001975176901311,5.387655531192648e-05,0.0004819404706412,downstairs,wiktor
1672842752400193700,0.0941351099510616,0.6871067387171222,-0.0164054837486146,0.6937191284756419,0.0941351099510616,0.0742596129695449,0.0512977937702733,0.6871067387171222,0.6767263191387115,0.6876450132540982,-0.0164054837486146,0.0146409482731558,0.0300878277998057,0.000839238779987,0.0001419341858965,0.0003935718588279,0.0003037327352625,downstairs,wiktor
1672842752410193700,0.1109835036962577,0.7151628203689849,-0.0410522983607512,0.7248865352119036,0.1109835036962577,0.0941351099510616,0.0742596129695449,0.7151628203689849,0.6871067387171222,0.6767263191387115,-0.0410522983607512,-0.0164054837486146,0.0146409482731558,0.0032319700672474,0.0022643394093164,0.0003895505733896,0.0005780800845413,downstairs,wiktor
1672842752420193700,0.0436880445728309,0.7430752037638031,-0.0750546537068552,0.7481327453936708,0.0436880445728309,0.1109835036962577,0.0941351099510616,0.7430752037638031,0.7151628203689849,0.6871067387171222,-0.0750546537068552,-0.0410522983607512,-0.0164054837486146,0.0153042288156738,0.0130274924484569,0.0010534817192482,0.0012232546479686,downstairs,wiktor
1672842752430193700,-0.117727521271712,0.7889768751766876,-0.1245168543851235,0.8073714918513769,-0.117727521271712,0.0436880445728309,0.1109835036962577,0.7889768751766876,0.7430752037638031,0.7151628203689849,-0.1245168543851235,-0.0750546537068552,-0.0410522983607512,0.0047049519517334,0.002692966265414,0.000387759174768,0.0016242265115513,downstairs,wiktor
1672842752440193700,-0.1911164341320889,0.8168250052671635,-0.1815120561402077,0.8582978545640859,-0.1911164341320889,-0.117727521271712,0.0436880445728309,0.8168250052671635,0.7889768751766876,0.7430752037638031,-0.1815120561402077,-0.1245168543851235,-0.0750546537068552,0.002503273708696,0.0008817270866209,0.0015391120853846,8.243453669042828e-05,downstairs,wiktor
1672842752450193700,-0.1491229325724194,0.8723067515515883,-0.1943521913957592,0.90605159462462,-0.1491229325724194,-0.1911164341320889,-0.117727521271712,0.8723067515515883,0.8168250052671635,0.7889768751766876,-0.1943521913957592,-0.1815120561402077,-0.1245168543851235,0.006483890338237,0.002007306215276,0.0043857380102066,9.084611275440876e-05,downstairs,wiktor
1672842752460193700,-0.0857619632730776,0.9659629100272232,-0.1808728655406276,0.98648591038169,-0.0857619632730776,-0.1491229325724194,-0.1911164341320889,0.9659629100272232,0.8723067515515883,0.8168250052671635,-0.1808728655406276,-0.1943521913957592,-0.1815120561402077,0.0029597107647241,0.0006025763629798,0.002346665804656,1.046859708830342e-05,downstairs,wiktor
1672842752470193700,-0.0510466535962269,1.034470804530792,-0.1762971476541527,1.0506266180432262,-0.0510466535962269,-0.0857619632730776,-0.1491229325724194,1.034470804530792,0.9659629100272232,0.8723067515515883,-0.1762971476541527,-0.1808728655406276,-0.1943521913957592,0.0007719282439174,7.668837086753561e-05,0.0006485515318043,4.668834124552889e-05,downstairs,wiktor
1672842752480193700,-0.0386621172005812,1.0704861216001829,-0.1666339865517464,1.084067424710825,-0.0386621172005812,-0.0510466535962269,-0.0857619632730776,1.0704861216001829,1.034470804530792,0.9659629100272232,-0.1666339865517464,-0.1762971476541527,-0.1808728655406276,0.0005103814541027,0.0001174674708174,0.0002850743383726,0.0001078396449126,downstairs,wiktor
1672842752490193700,-0.0539897048005533,1.0943639078615883,-0.1519479629297649,1.106180561433369,-0.0539897048005533,-0.0386621172005812,-0.0510466535962269,1.0943639078615883,1.0704861216001829,1.034470804530792,-0.1519479629297649,-0.1666339865517464,-0.1762971476541527,0.000480952130397,0.0002092428903418,5.21899000200036e-07,0.0002711873410549,downstairs,wiktor
1672842752500193700,-0.0744466298061276,1.093342243532956,-0.1286590238790053,1.1034005195796617,-0.0744466298061276,-0.0539897048005533,-0.0386621172005812,1.093342243532956,1.0943639078615883,1.0704861216001829,-0.1286590238790053,-0.1519479629297649,-0.1666339865517464,0.0014468011930205,0.0002025350521827,0.0001559509793724,0.0010883151614653,downstairs,wiktor
1672842752510193700,-0.0945729832852241,1.1110029898010176,-0.082004652991266,1.118032403656748,-0.0945729832852241,-0.0744466298061276,-0.0539897048005533,1.1110029898010176,1.093342243532956,1.0943639078615883,-0.082004652991266,-0.1286590238790053,-0.1519479629297649,0.0028131812381112,9.955624648201793e-06,0.0012813541052285,0.0015218715082345,downstairs,wiktor
1672842752520193700,-0.0901107809930366,1.1616261881438432,-0.0268345250553165,1.1654250064108436,-0.0901107809930366,-0.0945729832852241,-0.0744466298061276,1.1616261881438432,1.1110029898010176,1.093342243532956,-0.0268345250553165,-0.082004652991266,-0.1286590238790053,0.0059837110896155,0.0015944622081288,0.0029834120844982,0.0014058367969884,downstairs,wiktor
1672842752530193700,-0.0336402186064466,1.2388714091545725,0.026190691530539,1.2396047696953143,-0.0336402186064466,-0.0901107809930366,-0.0945729832852241,1.2388714091545725,1.1616261881438432,1.1110029898010176,0.026190691530539,-0.0268345250553165,-0.082004652991266,0.0084087077955956,0.0029421863379758,0.0053639353807031,0.0001025860769167,downstairs,wiktor
1672842752540193700,0.0430694462080448,1.3424468442799256,0.0405145232048331,1.3437484636286336,0.0430694462080448,-0.0336402186064466,-0.0901107809930366,1.3424468442799256,1.2388714091545725,1.1616261881438432,0.0405145232048331,0.026190691530539,-0.0268345250553165,0.0060729712911278,0.0024432203715999,0.003610186227879,1.9564691648787987e-05,downstairs,wiktor
1672842752550193700,0.1129725272789094,1.4274196190713735,0.0467698715802297,1.4326468447308571,0.1129725272789094,0.0430694462080448,-0.0336402186064466,1.4274196190713735,1.3424468442799256,1.2388714091545725,0.0467698715802297,0.0405145232048331,0.026190691530539,0.0024571982683819,0.0015330572094796,0.0004611477660404,0.0004629932928619,downstairs,wiktor
1672842752560193700,0.1683450332630099,1.4577889379982267,0.0771998992786041,1.4695061967963756,0.1683450332630099,0.1129725272789094,0.0430694462080448,1.4577889379982267,1.4274196190713735,1.3424468442799256,0.0771998992786041,0.0467698715802297,0.0405145232048331,0.0026512994217235,0.0016667654881652,0.0002799540370214,0.0007045798965368,downstairs,wiktor
1672842752570193700,0.2260817717951655,1.434126561235889,0.1147386764706454,1.4563642830894177,0.2260817717951655,0.1683450332630099,0.1129725272789094,1.434126561235889,1.4577889379982267,1.4274196190713735,0.1147386764706454,0.0771998992786041,0.0467698715802297,0.0025032428492292,0.0016938959233459,0.0001647200406395,0.0006446268852436,downstairs,wiktor
1672842752580193700,0.2842865125530451,1.4159760769095926,0.1506448565861536,1.4520678167412555,0.2842865125530451,0.2260817717951655,0.1683450332630099,1.4159760769095926,1.434126561235889,1.4577889379982267,0.1506448565861536,0.1147386764706454,0.0771998992786041,0.0004667800520105,4.881107128309535e-05,0.0001721144136812,0.0002458545670461,downstairs,wiktor
1672842752590193700,0.2941669043755485,1.434529481647337,0.1728193720057127,1.4745424838524388,0.2941669043755485,0.2842865125530451,0.2260817717951655,1.434529481647337,1.4159760769095926,1.434126561235889,0.1728193720057127,0.1506448565861536,0.1147386764706454,0.0015475480259397,0.0003858853261984,0.0011602012357504,1.4614639907568777e-06,downstairs,wiktor
1672842752600193700,0.2663861439036501,1.482700037711192,0.1745290292759027,1.5165161923146802,0.2663861439036501,0.2941669043755485,0.2842865125530451,1.482700037711192,1.434529481647337,1.4159760769095926,0.1745290292759027,0.1728193720057127,0.1506448565861536,0.0034610956269296,0.0009916457127345,0.0022811648842587,0.0001882850299364,downstairs,wiktor
1672842752610193700,0.2218519836952316,1.5502450580200016,0.1551236161168684,1.5737030783671109,0.2218519836952316,0.2663861439036501,0.2941669043755485,1.5502450580200016,1.482700037711192,1.434529481647337,0.1551236161168684,0.1745290292759027,0.1728193720057127,0.0035280606978674,0.0009371777918592,0.0011352819899341,0.001455600916074,downstairs,wiktor
1672842752620193700,0.178558155223746,1.5978954932737153,0.1011680618879655,1.6110207940829082,0.178558155223746,0.2218519836952316,0.2663861439036501,1.5978954932737153,1.5502450580200016,1.482700037711192,0.1011680618879655,0.1551236161168684,0.1745290292759027,0.0050604532415291,0.0003223214660675,0.0014372173257083,0.0033009144497532,downstairs,wiktor
1672842752630193700,0.1531683357652493,1.5442817389618153,0.0199164225229252,1.5519868853370302,0.1531683357652493,0.178558155223746,0.2218519836952316,1.5442817389618153,1.5978954932737153,1.5502450580200016,0.0199164225229252,0.1011680618879655,0.1551236161168684,0.0088619534167058,0.0003269254981177,0.0076257366557515,0.0009092912628366,downstairs,wiktor
1672842752640193700,0.1787388460502528,1.4207848834896897,-0.0227284192011711,1.432164041330312,0.1787388460502528,0.1531683357652493,0.178558155223746,1.4207848834896897,1.5442817389618153,1.5978954932737153,-0.0227284192011711,0.0199164225229252,0.1011680618879655,0.0105974007315331,0.0017881515833561,0.0086971858858628,0.0001120632623141,downstairs,wiktor
1672842752650193700,0.2385410464003422,1.288897159376618,-0.0077575633596284,1.3108081087848684,0.2385410464003422,0.1787388460502528,0.1531683357652493,1.288897159376618,1.4207848834896897,1.5442817389618153,-0.0077575633596284,-0.0227284192011711,0.0199164225229252,0.0057489422186504,0.0007956368608536,0.0047794724087672,0.0001738329490295,downstairs,wiktor
1672842752660193700,0.2784318187882939,1.1911273029916636,0.0108882377242352,1.223285364649921,0.2784318187882939,0.2385410464003422,0.1787388460502528,1.1911273029916636,1.288897159376618,1.4207848834896897,0.0108882377242352,-0.0077575633596284,-0.0227284192011711,0.0034054174653182,0.0024829790843619,0.0009210954379295,1.3429430267504618e-06,downstairs,wiktor
1672842752670193700,0.3489013736948195,1.1482065518815177,0.0125271050323175,1.2001114042913965,0.3489013736948195,0.2784318187882939,0.2385410464003422,1.1482065518815177,1.1911273029916636,1.288897159376618,0.0125271050323175,0.0108882377242352,-0.0077575633596284,0.0053370879611945,0.0042294900128221,0.0005106367328028,0.0005969612155695,downstairs,wiktor
1672842752680193700,0.4408740871790062,1.18016392138537,-0.0220260776161611,1.2600166626599705,0.4408740871790062,0.3489013736948195,0.2784318187882939,1.18016392138537,1.1482065518815177,1.1911273029916636,-0.0220260776161611,0.0125271050323175,0.0108882377242352,0.0066812221422759,0.000715069816338,0.002356454527679,0.0036096977982588,downstairs,wiktor
1672842752690193700,0.4786912741801055,1.24881455179295,-0.1069931041412645,1.3416894741629986,0.4786912741801055,0.4408740871790062,0.3489013736948195,1.24881455179295,1.18016392138537,1.1482065518815177,-0.1069931041412645,-0.0220260776161611,0.0125271050323175,0.0080391691374734,0.0031737561227669,0.0002568854474922,0.0046085275672142,downstairs,wiktor
1672842752700193700,0.399019998016523,1.2714810666327871,-0.2029985994757944,1.3479946190589525,0.399019998016523,0.4786912741801055,0.4408740871790062,1.2714810666327871,1.24881455179295,1.18016392138537,-0.2029985994757944,-0.1069931041412645,-0.0220260776161611,0.0145787875229633,0.0113782621317707,0.0005377683291738,0.0026627570620187,downstairs,wiktor
1672842752710193700,0.2481673405538798,1.238685691069339,-0.2759747197072606,1.2930936996579216,0.2481673405538798,0.399019998016523,0.4786912741801055,1.238685691069339,1.2714810666327871,1.24881455179295,-0.2759747197072606,-0.2029985994757944,-0.1069931041412645,0.0182268311356049,0.0169166587732897,0.0009404009528175,0.0003697714094976,downstairs,wiktor
1672842752720193700,0.0642289879827548,1.195317477990689,-0.3031692562724482,1.2348363592136813,0.0642289879827548,0.2481673405538798,0.399019998016523,1.195317477990689,1.238685691069339,1.2714810666327871,-0.3031692562724482,-0.2759747197072606,-0.2029985994757944,0.0226195406136993,0.02257014636871,9.353888684625378e-06,4.004035630467845e-05,downstairs,wiktor
1672842752730193700,-0.1482334621994361,1.1996427268123466,-0.3121180390170094,1.2484123924365769,-0.1482334621994361,0.0642289879827548,0.2481673405538798,1.1996427268123466,1.195317477990689,1.238685691069339,-0.3121180390170094,-0.3031692562724482,-0.2759747197072606,0.0171036944976953,0.0158394424449474,0.0012546143572865,9.637695461326658e-06,downstairs,wiktor
1672842752740193700,-0.3262190933326683,1.2497349289457431,-0.3077276642126615,1.3277622546237675,-0.3262190933326683,-0.1482334621994361,0.0642289879827548,1.2497349289457431,1.1996427268123466,1.195317477990689,-0.3077276642126615,-0.3121180390170094,-0.3031692562724482,0.0058268032364127,0.002929988765168,0.0026833137376822,0.0002135007335624,downstairs,wiktor
1672842752750193700,-0.4027695834051439,1.3229921980414747,-0.2870636503933449,1.4124224696499692,-0.4027695834051439,-0.3262190933326683,-0.1482334621994361,1.3229921980414747,1.2497349289457431,1.1996427268123466,-0.2870636503933449,-0.3077276642126615,-0.3121180390170094,0.0039435407035088,0.0011040022740483,0.0021107237921979,0.0007288146372625,downstairs,wiktor
1672842752760193700,-0.3557801745123229,1.3879648660211412,-0.2488847390085886,1.4542935106767398,-0.3557801745123229,-0.4027695834051439,-0.3262190933326683,1.3879648660211412,1.3229921980414747,1.2497349289457431,-0.2488847390085886,-0.2870636503933449,-0.3077276642126615,0.0065531548138852,0.0032749958721091,0.0009424875682491,0.0023356713735269,downstairs,wiktor
1672842752770193700,-0.2748481552355356,1.431381166375942,-0.1805375170675764,1.4686685626651963,-0.2748481552355356,-0.3557801745123229,-0.4027695834051439,1.431381166375942,1.3879648660211412,1.3229921980414747,-0.1805375170675764,-0.2488847390085886,-0.2870636503933449,0.0122137142280753,0.0067742612008105,3.5152261735855305e-05,0.0054043007655289,downstairs,wiktor
1672842752780193700,-0.1584500349688362,1.4229963871020606,-0.0765730927145415,1.4338370095010842,-0.1584500349688362,-0.2748481552355356,-0.3557801745123229,1.4229963871020606,1.431381166375942,1.3879648660211412,-0.0765730927145415,-0.1805375170675764,-0.2488847390085886,0.0120939469721653,0.0051244353906554,0.001315025813368,0.0056544857681418,downstairs,wiktor
1672842752790193700,-0.0572133282794596,1.371712358138493,0.0297705555973522,1.3732277467278518,-0.0572133282794596,-0.1584500349688362,-0.2748481552355356,1.371712358138493,1.4229963871020606,1.431381166375942,0.0297705555973522,-0.0765730927145415,-0.1805375170675764,0.017910126878256,0.0004365434549456,0.0150319681804577,0.0024416152428526,downstairs,wiktor
1672842752800193700,-0.027665284183592,1.1983228072396124,0.0996506706924582,1.2027772755040895,-0.027665284183592,-0.0572133282794596,-0.1584500349688362,1.1983228072396124,1.371712358138493,1.4229963871020606,0.0996506706924582,0.0297705555973522,-0.0765730927145415,0.018044089902647,0.0020839235840076,0.0133010340623678,0.0026591322562715,downstairs,wiktor
1672842752810193700,-0.0922241500969219,1.0352214028166715,0.1725771028864383,1.0535518511926665,-0.0922241500969219,-0.027665284183592,-0.0572133282794596,1.0352214028166715,1.1983228072396124,1.371712358138493,0.1725771028864383,0.0996506706924582,0.0297705555973522,0.0207800168333967,0.0063139333823687,0.0044364408328042,0.0100296426182236,downstairs,wiktor
1672842752820193700,-0.204597931579693,0.9410254280321384,0.3142079089861262,1.012973731090393,-0.204597931579693,-0.0922241500969219,-0.027665284183592,0.9410254280321384,1.0352214028166715,1.1983228072396124,0.3142079089861262,0.1725771028864383,0.0996506706924582,0.0365698277883595,0.0246200635839489,0.0009454044402001,0.0110043597642104,downstairs,wiktor
1672842752830193700,0.0173032337347278,0.8975419957802993,0.4625612693404533,1.0098732415411416,0.0173032337347278,-0.204597931579693,-0.0922241500969219,0.8975419957802993,0.9410254280321384,1.0352214028166715,0.4625612693404533,0.3142079089861262,0.1725771028864383,0.0065475304354699,5.481788594502863e-06,0.0008493103855122,0.0056927382613631,downstairs,wiktor
1672842752840193700,0.0206143630268282,0.938756323034598,0.3558585209094669,1.0041532118677476,0.0206143630268282,0.0173032337347278,-0.204597931579693,0.938756323034598,0.8975419957802993,0.9410254280321384,0.3558585209094669,0.4625612693404533,0.3142079089861262,0.0640697713221958,0.0406072099402742,0.0002563346564335,0.023206226725488,downstairs,wiktor
1672842752850193700,0.3055958008092714,0.9613985250667992,0.1404230237160469,1.0185256712829749,0.3055958008092714,0.0206143630268282,0.0173032337347278,0.9613985250667992,0.938756323034598,0.8975419957802993,0.1404230237160469,0.3558585209094669,0.4625612693404533,0.075948036593228,0.0655499693189758,0.0031797763227075,0.0072182909515446,downstairs,wiktor
1672842752860193700,0.6676730558777881,0.8816517217113352,0.0202706958023138,1.1061229448167396,0.6676730558777881,0.3055958008092714,0.0206143630268282,0.8816517217113352,0.9613985250667992,0.938756323034598,0.0202706958023138,0.1404230237160469,0.3558585209094669,0.0268516000268117,0.0007965478845291,0.0163655185283105,0.009689533613972,downstairs,wiktor
1672842752870193700,0.6277594520683312,0.7007345112071348,-0.1189380224158496,0.9482916418665868,0.6277594520683312,0.6676730558777881,0.3055958008092714,0.7007345112071348,0.8816517217113352,0.9613985250667992,-0.1189380224158496,0.0202706958023138,0.1404230237160469,0.0818106966662169,0.0666244467895406,0.0149035360555845,0.0002827138210917,downstairs,wiktor
1672842752880193700,0.2627267226055043,0.5280872635859549,-0.1427167448832884,0.6068521714576072,0.2627267226055043,0.6277594520683312,0.6676730558777881,0.5280872635859549,0.7007345112071348,0.8816517217113352,-0.1427167448832884,-0.1189380224158496,0.0202706958023138,0.079432114351073,0.0750387404351122,0.0036197541009128,0.0007736198150479,downstairs,wiktor
1672842752890193700,-0.1246716264749021,0.4430019640223656,-0.1033817778679725,0.4716794956013179,-0.1246716264749021,0.2627267226055043,0.6277594520683312,0.4430019640223656,0.5280872635859549,0.7007345112071348,-0.1033817778679725,-0.1427167448832884,-0.1189380224158496,0.0471344243096402,0.0453830195966449,0.0007127487895283,0.0010386559234668,downstairs,wiktor
1672842752900193700,-0.4259456532234587,0.4052462018256261,-0.0578042412196002,0.5907584226204725,-0.4259456532234587,-0.1246716264749021,0.2627267226055043,0.4052462018256261,0.4430019640223656,0.5280872635859549,-0.0578042412196002,-0.1033817778679725,-0.1427167448832884,0.0003125964879208,7.737415635560207e-05,1.2594840091500568e-05,0.0002226274914737,downstairs,wiktor
1672842752910193700,-0.4135058657368814,0.4002272696500532,-0.0367031752998998,0.576642082619227,-0.4135058657368814,-0.4259456532234587,-0.1246716264749021,0.4002272696500532,0.4052462018256261,0.4430019640223656,-0.0367031752998998,-0.0578042412196002,-0.1033817778679725,0.0499515877490751,0.0497965924681124,5.4095539321797335e-05,0.0001008997416408,downstairs,wiktor
1672842752920193700,-0.0979219863383529,0.4106287637082929,-0.0509087897984584,0.4252016014454711,-0.0979219863383529,-0.4135058657368814,-0.4259456532234587,0.4106287637082929,0.4002272696500532,0.4052462018256261,-0.0509087897984584,-0.0367031752998998,-0.0578042412196002,0.0472313904205997,0.0441588773849636,0.0007439301371518,0.0023285828984842,downstairs,wiktor
1672842752930193700,0.1992610461011308,0.4492015555997762,-0.119152220229296,0.5056523050794355,0.1992610461011308,-0.0979219863383529,-0.4135058657368814,0.4492015555997762,0.4106287637082929,0.4002272696500532,-0.119152220229296,-0.0509087897984584,-0.0367031752998998,0.0096675766834594,0.0046157292901079,0.0007686152715562,0.0042832321217951,downstairs,wiktor
1672842752940193700,0.2953415258054701,0.4884090873138808,-0.2117074158889149,0.6087611053428457,0.2953415258054701,0.1992610461011308,-0.0979219863383529,0.4884090873138808,0.4492015555997762,0.4106287637082929,-0.2117074158889149,-0.119152220229296,-0.0509087897984584,0.0019584569559475,0.0008907139922657,0.0003307668513269,0.0007369761123549,downstairs,wiktor
1672842752950193700,0.2531345597390558,0.5141293847976558,-0.2500995013325295,0.6252646561364889,0.2531345597390558,0.2953415258054701,0.1992610461011308,0.5141293847976558,0.4884090873138808,0.4492015555997762,-0.2500995013325295,-0.2117074158889149,-0.119152220229296,0.0011310753441435,0.0009471936108911,0.000145177426812,3.870430644029532e-05,downstairs,wiktor
1672842752960193700,0.2096100009040441,0.5311691868394678,-0.2413012848723263,0.6199220657532126,0.2096100009040441,0.2531345597390558,0.2953415258054701,0.5311691868394678,0.5141293847976558,0.4884090873138808,-0.2413012848723263,-0.2500995013325295,-0.2117074158889149,0.0005917878421987,0.000393802388898,1.965235550822512e-05,0.0001783330977924,downstairs,wiktor
1672842752970193700,0.1815457036957386,0.5248998399024695,-0.2224156767120139,0.5982870696474077,0.1815457036957386,0.2096100009040441,0.2531345597390558,0.5248998399024695,0.5311691868394678,0.5141293847976558,-0.2224156767120139,-0.2413012848723263,-0.2500995013325295,0.0016816802293718,0.0006033708139621,0.0007227781614053,0.0003555312540044,downstairs,wiktor
1672842752980193700,0.1468075168126527,0.4868793674854848,-0.1957499213690875,0.5449054938168334,0.1468075168126527,0.1815457036957386,0.2096100009040441,0.4868793674854848,0.5248998399024695,0.5311691868394678,-0.1957499213690875,-0.2224156767120139,-0.2413012848723263,0.0032312495930861,4.958459870822567e-06,0.0021827309563647,0.0010435601768505,downstairs,wiktor
1672842752990193700,0.1436584026925159,0.4208077252118934,-0.1500649090160066,0.4692934638157193,0.1436584026925159,0.1468075168126527,0.1815457036957386,0.4208077252118934,0.4868793674854848,0.5248998399024695,-0.1500649090160066,-0.1957499213690875,-0.2224156767120139,0.0071127508925109,0.0012051178468564,0.0032955043341728,0.0026121287114815,downstairs,wiktor
1672842753000193700,0.1927525540113128,0.3396226978463393,-0.0777858842372842,0.3981805717973771,0.1927525540113128,0.1436584026925159,0.1468075168126527,0.3396226978463393,0.4208077252118934,0.4868793674854848,-0.0777858842372842,-0.1500649090160066,-0.1957499213690875,0.0064272933536212,0.0014866776505257,0.001994719994131,0.0029458957089643,downstairs,wiktor
1672842753010193700,0.2472810355695917,0.2764606840384971,-0.0010278786748102,0.3709170755114593,0.2472810355695917,0.1927525540113128,0.1436584026925159,0.2764606840384971,0.3396226978463393,0.4208077252118934,-0.0010278786748102,-0.0777858842372842,-0.1500649090160066,0.0020563389738868,0.0014270953567432,0.0002124765035241,0.0004167671136194,downstairs,wiktor
1672842753020193700,0.3007056620398483,0.2558462956884069,0.0278431141595031,0.3957985108693593,0.3007056620398483,0.2472810355695917,0.1927525540113128,0.2558462956884069,0.2764606840384971,0.3396226978463393,0.0278431141595031,-0.0010278786748102,-0.0777858842372842,0.0031157326446855,0.0008484842641569,0.0014555980302451,0.0008116503502834,downstairs,wiktor
1672842753030193700,0.3418999398987186,0.3098017964319847,-0.0124470918534596,0.4615491870546852,0.3418999398987186,0.3007056620398483,0.2472810355695917,0.3098017964319847,0.2558462956884069,0.2764606840384971,-0.0124470918534596,0.0278431141595031,-0.0010278786748102,0.0071353234591028,6.556010747393979e-06,0.003678118080796,0.0034506493675594,downstairs,wiktor
1672842753040193700,0.3455209924383524,0.3955702997510471,-0.0955211475815799,0.5338397773639758,0.3455209924383524,0.3418999398987186,0.3007056620398483,0.3955702997510471,0.3098017964319847,0.2558462956884069,-0.0955211475815799,-0.0124470918534596,0.0278431141595031,0.0106521551434561,3.904159923719391e-06,0.0036323001862876,0.0070159507972447,downstairs,wiktor
1672842753050193700,0.3483153295417525,0.4808029247990609,-0.2139774753757905,0.6310953820598818,0.3483153295417525,0.3455209924383524,0.3418999398987186,0.4808029247990609,0.3955702997510471,0.3098017964319847,-0.2139774753757905,-0.0955211475815799,-0.0124470918534596,0.0130208678169438,3.2573059271201704e-05,0.0035775389643563,0.0094107557933163,downstairs,wiktor
1672842753060193700,0.3563866440903501,0.5653906185181398,-0.3511689896419167,0.7549818877830322,0.3563866440903501,0.3483153295417525,0.3455209924383524,0.5653906185181398,0.4808029247990609,0.3955702997510471,-0.3511689896419167,-0.2139774753757905,-0.0955211475815799,0.0110813895010305,0.0013950315470314,0.0031458123148213,0.0065405456391777,downstairs,wiktor
1672842753070193700,0.303565596258422,0.6447103804292975,-0.4655415881013181,0.8511947580412594,0.303565596258422,0.3563866440903501,0.3483153295417525,0.6447103804292975,0.5653906185181398,0.4808029247990609,-0.4655415881013181,-0.3511689896419167,-0.2139774753757905,0.0176777667435532,0.011568510889612,0.0031007285606484,0.0030085272932927,downstairs,wiktor
1672842753080193700,0.1514570107702122,0.7234597113553248,-0.5431112637908915,0.917225721904002,0.1514570107702122,0.303565596258422,0.3563866440903501,0.7234597113553248,0.6447103804292975,0.5653906185181398,-0.5431112637908915,-0.4655415881013181,-0.3511689896419167,0.0234116796920175,0.011709330690376,0.0084798681298546,0.0032224808717868,downstairs,wiktor
1672842753090193700,-0.0015745591124497,0.8536892635303568,-0.623391782869767,1.0570738634801962,-0.0015745591124497,0.1514570107702122,0.303565596258422,0.8536892635303568,0.7234597113553248,0.6447103804292975,-0.623391782869767,-0.5431112637908915,-0.4655415881013181,0.0265698744966308,0.0003413792855697,0.0212050079550181,0.0050234872560429,downstairs,wiktor
1672842753100193700,0.0245550901607337,1.059626185693519,-0.7236263802505412,1.2833728001070843,0.0245550901607337,-0.0015745591124497,0.1514570107702122,1.059626185693519,0.8536892635303568,0.7234597113553248,-0.7236263802505412,-0.623391782869767,-0.5431112637908915,0.0186418307315339,0.0002292360194633,0.0171226503483821,0.0012899443636884,downstairs,wiktor
1672842753110193700,0.0459670503448619,1.2446810443078342,-0.7744189852967179,1.4666521866361657,0.0459670503448619,0.0245550901607337,-0.0015745591124497,1.2446810443078342,1.059626185693519,0.8536892635303568,-0.7744189852967179,-0.7236263802505412,-0.623391782869767,0.020997915399845,0.0001878559756032,0.01680766284722,0.0040023965770217,downstairs,wiktor
1672842753120193700,0.0653503408603162,1.4280258715990348,-0.6849494756633046,1.585144895969507,0.0653503408603162,0.0459670503448619,0.0245550901607337,1.4280258715990348,1.2446810443078342,1.059626185693519,-0.6849494756633046,-0.7744189852967179,-0.7236263802505412,0.0764924679855501,0.0289507508337789,0.0325345856047715,0.0150071315469995,downstairs,wiktor
1672842753130193700,0.3059776495091018,1.68311246711033,-0.5117032257933605,1.7855895637656118,0.3059776495091018,0.0653503408603162,0.0459670503448619,1.68311246711033,1.4280258715990348,1.2446810443078342,-0.5117032257933605,-0.6849494756633046,-0.7744189852967179,0.0650319387017634,0.0253669721770191,0.029445477219301,0.0102194893054433,downstairs,wiktor
1672842753140193700,0.531219617965334,1.9257870525917973,-0.3687382699094563,2.0314571041834126,0.531219617965334,0.3059776495091018,0.0653503408603162,1.9257870525917973,1.68311246711033,1.4280258715990348,-0.3687382699094563,-0.5117032257933605,-0.6849494756633046,0.0073754249099085,3.6952622042979368e-06,0.0021911892633947,0.0051805403843095,downstairs,wiktor
1672842753150193700,0.5339381698608467,1.859587516892599,-0.2669488757241136,1.9530533542296025,0.5339381698608467,0.531219617965334,0.3059776495091018,1.859587516892599,1.9257870525917973,1.68311246711033,-0.2669488757241136,-0.3687382699094563,-0.5117032257933605,0.1089876699149244,0.0299454158590515,0.0708668505126181,0.0081754035432546,downstairs,wiktor
1672842753160193700,0.2892121358593471,1.483112151131124,-0.1390786012796234,1.5174347332570888,0.2892121358593471,0.5339381698608467,0.531219617965334,1.483112151131124,1.859587516892599,1.9257870525917973,-0.1390786012796234,-0.2669488757241136,-0.3687382699094563,0.0946172490184506,0.0173585804917281,0.074240890819968,0.0030177777067544,downstairs,wiktor
1672842753170193700,0.1028867189580119,1.0977788127863397,-0.0613897641567208,1.1042973792795798,0.1028867189580119,0.2892121358593471,0.5339381698608467,1.0977788127863397,1.483112151131124,1.859587516892599,-0.0613897641567208,-0.1390786012796234,-0.2669488757241136,0.033292947724074,3.902650528729795e-05,0.0331128356357363,0.0001410855830504,downstairs,wiktor
1672842753180193700,0.1117214804474125,0.840435323901401,-0.0445918129095927,0.849000384353964,0.1117214804474125,0.1028867189580119,0.2892121358593471,0.840435323901401,1.0977788127863397,1.483112151131124,-0.0445918129095927,-0.0613897641567208,-0.1390786012796234,0.0096069693939928,0.0020419601866921,0.0074968283750308,6.818083226978782e-05,downstairs,wiktor
1672842753190193700,0.047815922211964,0.7179867357100227,-0.0562692126432481,0.7217738838195835,0.047815922211964,0.1117214804474125,0.1028867189580119,0.7179867357100227,0.840435323901401,1.0977788127863397,-0.0562692126432481,-0.0445918129095927,-0.0613897641567208,0.0026248417716212,0.0017556710703261,0.0006323146824602,0.0002368560188347,downstairs,wiktor
1672842753200193700,-0.0114406566688009,0.6824251080065474,-0.0780341394216592,0.6869674254126176,-0.0114406566688009,0.047815922211964,0.1117214804474125,0.6824251080065474,0.7179867357100227,0.840435323901401,-0.0780341394216592,-0.0562692126432481,-0.0445918129095927,0.0023516396766042,0.0002573830106561,0.0016264089858403,0.0004678476801076,downstairs,wiktor
1672842753210193700,-0.0341291123525266,0.7394585891529815,-0.1086232773666123,0.7481729865264806,-0.0341291123525266,-0.0114406566688009,0.047815922211964,0.7394585891529815,0.6824251080065474,0.7179867357100227,-0.1086232773666123,-0.0780341394216592,-0.0562692126432481,0.0087423318862221,0.0014209840748354,0.0070516505975393,0.0002696972138473,downstairs,wiktor
1672842753220193700,-0.0874392253675148,0.8582159097487189,-0.131848143947385,0.8726763998992195,-0.0874392253675148,-0.0341291123525266,-0.0114406566688009,0.8582159097487189,0.7394585891529815,0.6824251080065474,-0.131848143947385,-0.1086232773666123,-0.0780341394216592,0.0085127811256982,0.0002619770957012,0.0080041523865717,0.0002466516434252,downstairs,wiktor
1672842753230193700,-0.1103292710512285,0.9847398393950252,-0.1540585758848886,1.0028056362756022,-0.1103292710512285,-0.0874392253675148,-0.0341291123525266,0.9847398393950252,0.8582159097487189,0.7394585891529815,-0.1540585758848886,-0.131848143947385,-0.1086232773666123,0.0098515702764909,0.0005661946132991,0.0089298569363587,0.0003555187268329,downstairs,wiktor
1672842753240193700,-0.1439802625165389,1.1183800798644197,-0.1807238614386925,1.142000627462695,-0.1439802625165389,-0.1103292710512285,-0.0874392253675148,1.1183800798644197,0.9847398393950252,0.8582159097487189,-0.1807238614386925,-0.1540585758848886,-0.131848143947385,0.0098633069094609,0.0012861276875567,0.008386258246456,0.0001909209754481,downstairs,wiktor
1672842753250193700,-0.194697669539311,1.247888830506653,-0.2002646380582721,1.278764888900188,-0.194697669539311,-0.1439802625165389,-0.1103292710512285,1.247888830506653,1.1183800798644197,0.9847398393950252,-0.2002646380582721,-0.1807238614386925,-0.1540585758848886,0.003999638209191,0.0002285861823638,0.0035568518551378,0.0002142001716893,downstairs,wiktor
1672842753260193700,-0.2160792589266245,1.3322316055989851,-0.2209624723261032,1.3676094878552112,-0.2160792589266245,-0.194697669539311,-0.1439802625165389,1.3322316055989851,1.247888830506653,1.1183800798644197,-0.2209624723261032,-0.2002646380582721,-0.1807238614386925,0.0007583328755984,1.1790537213375392e-08,0.0002841797103705,0.0004741413746907,downstairs,wiktor
1672842753270193700,-0.2159256976215156,1.3560718954617592,-0.2517566722569574,1.3960430919497018,-0.2159256976215156,-0.2160792589266245,-0.194697669539311,1.3560718954617592,1.3322316055989851,1.247888830506653,-0.2517566722569574,-0.2209624723261032,-0.2002646380582721,0.0009560391115566,2.381240645342903e-05,0.0003636966794231,0.00056853002568,downstairs,wiktor
1672842753280193700,-0.2090246243059466,1.3291016644867335,-0.2854769933016954,1.3753907233263658,-0.2090246243059466,-0.2159256976215156,-0.2160792589266245,1.3291016644867335,1.3560718954617592,1.3322316055989851,-0.2854769933016954,-0.2517566722569574,-0.2209624723261032,0.0032550604883934,0.0004654100639009,0.0021806286764479,0.0006090217480445,downstairs,wiktor
1672842753290193700,-0.1785152793801389,1.263061848065912,-0.32037747318506,1.315231790345827,-0.1785152793801389,-0.2090246243059466,-0.2159256976215156,1.263061848065912,1.3291016644867335,1.3560718954617592,-0.32037747318506,-0.2854769933016954,-0.2517566722569574,0.006358841639834,0.0026926276840973,0.0033771054431659,0.0002891085125707,downstairs,wiktor
1672842753300193700,-0.1051309801861376,1.1808778417974668,-0.3444236168497217,1.2345657649906647,-0.1051309801861376,-0.1785152793801389,-0.2090246243059466,1.1808778417974668,1.263061848065912,1.3291016644867335,-0.3444236168497217,-0.32037747318506,-0.2854769933016954,0.0069952858777181,0.0047019357040724,0.0021985191215475,9.483105209816106e-05,downstairs,wiktor
1672842753310193700,-0.0081574198300026,1.114567674831193,-0.3306518303208678,1.162608394160061,-0.0081574198300026,-0.1051309801861376,-0.1785152793801389,1.114567674831193,1.1808778417974668,1.263061848065912,-0.3306518303208678,-0.3444236168497217,-0.32037747318506,0.0049936027023478,0.0019128117485511,0.0006067371264182,0.0024740538273784,downstairs,wiktor
1672842753320193700,0.0536942050241782,1.0797327174918123,-0.2603090435211047,1.111965200451123,0.0536942050241782,-0.0081574198300026,-0.1051309801861376,1.0797327174918123,1.114567674831193,1.1808778417974668,-0.2603090435211047,-0.3306518303208678,-0.3444236168497217,0.0029758529146193,2.2617521711645945e-06,0.0001165329888054,0.0028570581736426,downstairs,wiktor
1672842753330193700,0.0558210581790361,1.0644662189538066,-0.1847172691849683,1.081815507082974,0.0558210581790361,0.0536942050241782,-0.0081574198300026,1.0644662189538066,1.0797327174918123,1.114567674831193,-0.1847172691849683,-0.2603090435211047,-0.3306518303208678,0.0019807799048615,9.947318797336992e-05,0.000260664922934,0.0016206417939541,downstairs,wiktor
1672842753340193700,0.0699258933764689,1.0416335702710962,-0.1277849972479706,1.0517695236133588,0.0699258933764689,0.0558210581790361,0.0536942050241782,1.0416335702710962,1.0644662189538066,1.0797327174918123,-0.1277849972479706,-0.1847172691849683,-0.2603090435211047,0.0020472334742279,0.0001015401197774,0.0006880637092388,0.0012576296452116,downstairs,wiktor
1672842753350193700,0.0841765158034015,1.0045373788428966,-0.0776326364817679,1.0110429553448597,0.0841765158034015,0.0699258933764689,0.0558210581790361,1.0045373788428966,1.0416335702710962,1.0644662189538066,-0.0776326364817679,-0.1277849972479706,-0.1847172691849683,0.0014342020317343,2.3793434537037076e-08,0.000693008003929,0.0007411702343707,downstairs,wiktor
1672842753360193700,0.0843946599508684,0.9673081429138842,-0.0391314615809732,0.9717709469114588,0.0843946599508684,0.0841765158034015,0.0699258933764689,0.9673081429138842,1.0045373788428966,1.0416335702710962,-0.0391314615809732,-0.0776326364817679,-0.1277849972479706,0.000623684810897,2.971477494228812e-06,0.0003425174225223,0.0002781959108804,downstairs,wiktor
1672842753370193700,0.0819568422816286,0.9411349725853828,-0.0155435023271321,0.9448246192202332,0.0819568422816286,0.0843946599508684,0.0841765158034015,0.9411349725853828,0.9673081429138842,1.0045373788428966,-0.0155435023271321,-0.0391314615809732,-0.0776326364817679,0.0007950132299397,3.791159091977607e-05,0.00068330883613,7.379280288994247e-05,downstairs,wiktor
1672842753380193700,0.0732491915169532,0.9041671802214876,-0.0033950207026703,0.907135745086222,0.0732491915169532,0.0819568422816286,0.0843946599508684,0.9041671802214876,0.9411349725853828,0.9673081429138842,-0.0033950207026703,-0.0155435023271321,-0.0391314615809732,0.0014600509584199,1.205077716970462e-06,0.0014384294262327,2.041645447022813e-05,downstairs,wiktor
1672842753390193700,0.0716967239862329,0.850530822659983,0.0029950425943914,0.8535526174789506,0.0716967239862329,0.0732491915169532,0.0819568422816286,0.850530822659983,0.9041671802214876,0.9411349725853828,0.0029950425943914,-0.0033950207026703,-0.0155435023271321,0.0023536489703243,7.564310916206037e-06,0.0022950327387535,5.10519206546173e-05,downstairs,wiktor
1672842753400193700,0.0755862768952974,0.7827808006857642,0.0130996871358503,0.7865307806946883,0.0755862768952974,0.0716967239862329,0.0732491915169532,0.7827808006857642,0.850530822659983,0.9041671802214876,0.0130996871358503,0.0029950425943914,-0.0033950207026703,0.0022380202406617,0.0002031221504357,0.0019475310340033,8.736705622262381e-05,downstairs,wiktor
1672842753410193700,0.0957417798875684,0.7203703683206002,0.0263183902660839,0.7271812797622026,0.0957417798875684,0.0755862768952974,0.0716967239862329,0.7203703683206002,0.7827808006857642,0.850530822659983,0.0263183902660839,0.0130996871358503,0.0029950425943914,0.0004903231443914,3.1868419824789062e-06,0.0004649644786799,2.217182372895034e-05,downstairs,wiktor
1672842753420193700,0.0982663954949348,0.6898756317688611,0.0329774928676287,0.6976189409899123,0.0982663954949348,0.0957417798875684,0.0755862768952974,0.6898756317688611,0.7203703683206002,0.7827808006857642,0.0329774928676287,0.0263183902660839,0.0130996871358503,0.0006679256068649,0.0005285374428243,6.04699170643686e-05,7.891824697625907e-05,downstairs,wiktor
1672842753430193700,0.0657537074232188,0.6788783669212394,0.0204141933825205,0.6823607010995036,0.0657537074232188,0.0982663954949348,0.0957417798875684,0.6788783669212394,0.6898756317688611,0.7203703683206002,0.0204141933825205,0.0329774928676287,0.0263183902660839,0.0013633420064204,0.000552181317534,0.0002609472276526,0.0005502134612338,downstairs,wiktor
1672842753440193700,0.0325217554030903,0.6560333575033117,-0.0127584899950358,0.6569628678993356,0.0325217554030903,0.0657537074232188,0.0982663954949348,0.6560333575033117,0.6788783669212394,0.6898756317688611,-0.0127584899950358,0.0204141933825205,0.0329774928676287,0.0016620693979931,0.00063940467333,0.000351779235985,0.0006708854886781,downstairs,wiktor
1672842753450193700,-0.0032386884792221,0.6295086808423216,-0.0493886821506366,0.6314514314525559,-0.0032386884792221,0.0325217554030903,0.0657537074232188,0.6295086808423216,0.6560333575033117,0.6788783669212394,-0.0493886821506366,-0.0127584899950358,0.0204141933825205,0.0008180838643166,0.0005259685577242,0.0001414020147805,0.0001507132918119,downstairs,wiktor
1672842753460193700,-0.0356722685382968,0.6463254590581717,-0.0667503233064664,0.6507416656638352,-0.0356722685382968,-0.0032386884792221,0.0325217554030903,0.6463254590581717,0.6295086808423216,0.6560333575033117,-0.0667503233064664,-0.0493886821506366,-0.0127584899950358,0.0012543075733784,7.461007702773112e-05,0.0009135394098805,0.0002661580864701,downstairs,wiktor
1672842753470193700,-0.0234566983896929,0.6890698016050054,-0.0898223013954883,0.695295227950896,-0.0234566983896929,-0.0356722685382968,-0.0032386884792221,0.6890698016050054,0.6463254590581717,0.6295086808423216,-0.0898223013954883,-0.0667503233064664,-0.0493886821506366,0.0038751497712374,0.0021714610427947,0.0014916282184096,0.000212060510033,downstairs,wiktor
1672842753480193700,0.0424441520265916,0.7436889963703928,-0.1104165000947828,0.7530382678568465,0.0424441520265916,-0.0234566983896929,-0.0356722685382968,0.7436889963703928,0.6890698016050054,0.6463254590581717,-0.1104165000947828,-0.0898223013954883,-0.0667503233064664,0.0023182092909486,5.024270017539461e-06,0.0022100862176941,0.0001030988032368,downstairs,wiktor
1672842753490193700,0.0392742088039015,0.8101733737487542,-0.1247760824868213,0.8206658453776233,0.0392742088039015,0.0424441520265916,-0.0234566983896929,0.8101733737487542,0.7436889963703928,0.6890698016050054,-0.1247760824868213,-0.1104165000947828,-0.0898223013954883,0.003525079897516,0.0012332115397025,0.0020564837736169,0.0002353845841965,downstairs,wiktor
1672842753500193700,-0.0103888869454076,0.8743057957148227,-0.1464732981697875,0.8865511719405875,-0.0103888869454076,0.0392742088039015,0.0424441520265916,0.8743057957148227,0.8101733737487542,0.7436889963703928,-0.1464732981697875,-0.1247760824868213,-0.1104165000947828,0.0055858447013582,0.0045077329411338,0.0008507220229384,0.0002273897372859,downstairs,wiktor
1672842753510193700,-0.105338694118817,0.9155543598822816,-0.1677988573552311,0.9367456874241982,-0.105338694118817,-0.0103888869454076,0.0392742088039015,0.9155543598822816,0.8743057957148227,0.8101733737487542,-0.1677988573552311,-0.1464732981697875,-0.1247760824868213,0.0061687386942863,0.0051690827936854,0.0009132606510703,8.639524953052454e-05,downstairs,wiktor
1672842753520193700,-0.2070154642650546,0.958292180394572,-0.1809438373499306,0.996955353927736,-0.2070154642650546,-0.105338694118817,-0.0103888869454076,0.958292180394572,0.9155543598822816,0.8743057957148227,-0.1809438373499306,-0.1677988573552311,-0.1464732981697875,0.0019929901864071,0.0005407415490451,0.0014502599061078,1.9887312541842934e-06,downstairs,wiktor
1672842753530193700,-0.2399013745928874,1.0121486545849208,-0.1789494796818157,1.055471688292971,-0.2399013745928874,-0.2070154642650546,-0.105338694118817,1.0121486545849208,0.958292180394572,0.9155543598822816,-0.1789494796818157,-0.1809438373499306,-0.1677988573552311,0.0093748256449558,0.0067247918238741,0.0011703762035726,0.0014796576175089,downstairs,wiktor
1672842753540193700,-0.1239290345813645,1.0605299775013663,-0.1245498911262214,1.0749860065000247,-0.1239290345813645,-0.2399013745928874,-0.2070154642650546,1.0605299775013663,1.0121486545849208,0.958292180394572,-0.1245498911262214,-0.1789494796818157,-0.1809438373499306,0.0131475433963138,0.0093668872387258,0.0012402688437777,0.0025403873138102,downstairs,wiktor
1672842753550193700,0.0129423447404337,1.11033497411371,-0.0532703384647426,1.1116874506747036,0.0129423447404337,-0.1239290345813645,-0.2399013745928874,1.11033497411371,1.0605299775013663,1.0121486545849208,-0.0532703384647426,-0.1245498911262214,-0.1789494796818157,0.0020628981720887,0.0004444138018647,0.0013683176674298,0.0002501667027941,downstairs,wiktor
1672842753560193700,0.0427555566393472,1.1626478342425504,-0.030902204756532,1.1638440489821855,0.0427555566393472,0.0129423447404337,-0.1239290345813645,1.1626478342425504,1.11033497411371,1.0605299775013663,-0.030902204756532,-0.0532703384647426,-0.1245498911262214,0.0014370319052696,0.000212455213229,0.0012200543204617,4.522371578836117e-06,downstairs,wiktor
1672842753570193700,0.0221422011032387,1.2120452900568284,-0.0339096527041567,1.2127217021085892,0.0221422011032387,0.0427555566393472,0.0129423447404337,1.2120452900568284,1.1626478342425504,1.11033497411371,-0.0339096527041567,-0.030902204756532,-0.0532703384647426,0.0015753233340211,1.0705531466261382e-06,0.0015663407547858,7.9120260886324e-06,downstairs,wiktor
1672842753580193700,0.0236054530614648,1.2680156528354614,-0.0299317069808889,1.26858851497748,0.0236054530614648,0.0221422011032387,0.0427555566393472,1.2680156528354614,1.2120452900568284,1.1626478342425504,-0.0299317069808889,-0.0339096527041567,-0.030902204756532,0.0069570766467375,0.0026416147352868,0.0041019400366363,0.0002135218748144,downstairs,wiktor
1672842753590193700,0.0962912802258688,1.35859092580371,-0.009266670091766,1.3620305376526285,0.0962912802258688,0.0236054530614648,0.0221422011032387,1.35859092580371,1.2680156528354614,1.2120452900568284,-0.009266670091766,-0.0299317069808889,-0.0339096527041567,0.0081262595613177,0.0044055322162055,0.003706365226765,1.4362118347128066e-05,downstairs,wiktor
1672842753600193700,0.190158550519678,1.444688140935967,-0.0039071704234894,1.4571545439236993,0.190158550519678,0.0962912802258688,0.0236054530614648,1.444688140935967,1.35859092580371,1.2680156528354614,-0.0039071704234894,-0.009266670091766,-0.0299317069808889,0.0031372123138298,0.0028539622606298,0.0002642237374663,1.90263157336688e-05,downstairs,wiktor
1672842753610193700,0.2657093580683717,1.4676761263834284,-0.010075851925021,1.4915683684340408,0.2657093580683717,0.190158550519678,0.0962912802258688,1.4676761263834284,1.444688140935967,1.35859092580371,-0.010075851925021,-0.0039071704234894,-0.009266670091766,0.0023144312985484,0.0014335901462879,0.0008578081039966,2.3033048263851586e-05,downstairs,wiktor
1672842753620193700,0.3192554157437594,1.4262561287012303,-0.0032886509903423,1.4615544397540854,0.3192554157437594,0.2657093580683717,0.190158550519678,1.4262561287012303,1.4676761263834284,1.444688140935967,-0.0032886509903423,-0.010075851925021,-0.0039071704234894,0.0021561299165976,0.0009066542355102,0.0008044267245398,0.0004450489565476,downstairs,wiktor
1672842753630193700,0.3618383756105938,1.386145613258523,0.0265458577720838,1.432840309938695,0.3618383756105938,0.3192554157437594,0.2657093580683717,1.386145613258523,1.4262561287012303,1.4676761263834284,0.0265458577720838,-0.0032886509903423,-0.010075851925021,0.0006932138224352,3.163788724758707e-05,1.2804494689137669e-05,0.0006487714404985,downstairs,wiktor
1672842753640193700,0.3538837684867206,1.381085080739284,0.0625672803008668,1.4270754662607177,0.3538837684867206,0.3618383756105938,0.3192554157437594,1.381085080739284,1.386145613258523,1.4262561287012303,0.0625672803008668,0.0265458577720838,-0.0032886509903423,0.0023659717214785,0.0017820294078981,0.0003978702212706,0.0001860720923097,downstairs,wiktor
1672842753650193700,0.2941840296615278,1.4092939524384744,0.081858319272874,1.441996696293626,0.2941840296615278,0.3538837684867206,0.3618383756105938,1.4092939524384744,1.381085080739284,1.386145613258523,0.081858319272874,0.0625672803008668,0.0265458577720838,0.0022931837394246,0.0011641494392955,0.0010711733860903,5.7860914038700846e-05,downstairs,wiktor
1672842753660193700,0.2459315802046237,1.455579444465467,0.0711009112171478,1.4779205664947794,0.2459315802046237,0.2941840296615278,0.3538837684867206,1.455579444465467,1.4092939524384744,1.381085080739284,0.0711009112171478,0.081858319272874,0.0625672803008668,0.0020440579906631,0.0006429193299942,0.0009002180690695,0.0005009205915993,downstairs,wiktor
1672842753670193700,0.2100729876501394,1.4980109909626091,0.0394490363406302,1.513183338413835,0.2100729876501394,0.2459315802046237,0.2941840296615278,1.4980109909626091,1.455579444465467,1.4092939524384744,0.0394490363406302,0.0711009112171478,0.081858319272874,0.0030365321807346,0.0013173716911809,3.490680871826249e-07,0.0017188114214664,downstairs,wiktor
1672842753680193700,0.1587432362153043,1.4971754455273605,-0.0191822082558559,1.505689771117453,0.1587432362153043,0.2100729876501394,0.2459315802046237,1.4971754455273605,1.4980109909626091,1.455579444465467,-0.0191822082558559,0.0394490363406302,0.0711009112171478,0.0095270753861663,0.0015506979053847,0.0065815964490928,0.0013947810316887,downstairs,wiktor
1672842753690193700,0.1030530592469249,1.3824444867665022,-0.0719985131566872,1.3881485791902903,0.1030530592469249,0.1587432362153043,0.2100729876501394,1.3824444867665022,1.4971754455273605,1.4980109909626091,-0.0719985131566872,-0.0191822082558559,0.0394490363406302,0.0067326450580294,0.0008873342462872,0.0058319825624794,1.3328249262739484e-05,downstairs,wiktor
1672842753700193700,0.0609262448340776,1.2744446482251464,-0.0771615063317243,1.2782312258580917,0.0609262448340776,0.1030530592469249,0.1587432362153043,1.2744446482251464,1.3824444867665022,1.4971754455273605,-0.0771615063317243,-0.0719985131566872,-0.0191822082558559,0.0051024746166185,0.0003238387577306,0.0032828670518272,0.0014957688070605,downstairs,wiktor
1672842753710193700,0.0863757539739686,1.1934154306326348,-0.0224665557958553,1.1967480549706262,0.0863757539739686,0.0609262448340776,0.1030530592469249,1.1934154306326348,1.2744446482251464,1.3824444867665022,-0.0224665557958553,-0.0771615063317243,-0.0719985131566872,0.0137446141779864,0.0101317446212911,0.0022703627917517,0.0013425067649435,downstairs,wiktor
1672842753720193700,0.2287256371582633,1.1260305244332232,0.0293505603906619,1.1494005456950414,0.2287256371582633,0.0863757539739686,0.0609262448340776,1.1260305244332232,1.1934154306326348,1.2744446482251464,0.0293505603906619,-0.0224665557958553,-0.0771615063317243,0.0113348639284962,0.0111265605483563,0.0001815224165878,2.678096355196116e-05,downstairs,wiktor
1672842753730193700,0.3779004376331183,1.1069767890205602,0.036669161835195,1.170278163354024,0.3779004376331183,0.2287256371582633,0.0863757539739686,1.1069767890205602,1.1260305244332232,1.1934154306326348,0.036669161835195,0.0293505603906619,-0.0224665557958553,0.0068434935439411,0.0034376313396783,0.0011505187261701,0.0022553434780926,downstairs,wiktor
1672842753740193700,0.4608176413929941,1.1549459192226,-0.0304924861209511,1.2438580170814413,0.4608176413929941,0.3779004376331183,0.2287256371582633,1.1549459192226,1.1069767890205602,1.1260305244332232,-0.0304924861209511,0.036669161835195,0.0293505603906619,0.0094797452923679,2.9778078231302884e-05,0.0016578036285269,0.0077921635856097,downstairs,wiktor
1672842753750193700,0.4531003778583851,1.212527229185589,-0.1553296887939503,1.303706081198028,0.4531003778583851,0.4608176413929941,0.3779004376331183,1.212527229185589,1.1549459192226,1.1069767890205602,-0.1553296887939503,-0.0304924861209511,0.036669161835195,0.0173806105241048,0.0114597326743333,0.0003998293545436,0.0055210484952278,downstairs,wiktor
1672842753760193700,0.3017086166932985,1.240805466561482,-0.2604110714954337,1.303242195984016,0.3017086166932985,0.4531003778583851,0.4608176413929941,1.240805466561482,1.212527229185589,1.1549459192226,-0.2604110714954337,-0.1553296887939503,-0.0304924861209511,0.0255827862815771,0.0251204207897924,8.966533223857634e-07,0.0004614688384623,downstairs,wiktor
1672842753770193700,0.0775639277542452,1.2394663225644558,-0.2907909608455385,1.2754812074545014,0.0775639277542452,0.3017086166932985,0.4531003778583851,1.2394663225644558,1.240805466561482,1.212527229185589,-0.2907909608455385,-0.2604110714954337,-0.1553296887939503,0.0257866138534394,0.0247085741953357,0.0009091095017084,0.0001689301563952,downstairs,wiktor
1672842753780193700,-0.1447357537360158,1.1968257432600309,-0.2724099839185507,1.2359399247042564,-0.1447357537360158,0.0775639277542452,0.3017086166932985,1.1968257432600309,1.2394663225644558,1.240805466561482,-0.2724099839185507,-0.2907909608455385,-0.2604110714954337,0.0127349602391002,0.0127101340739402,1.9022432826890053e-05,5.803732333136632e-06,downstairs,wiktor
1672842753790193700,-0.3041731023964864,1.1906576912455145,-0.275816956866238,1.259468938735114,-0.3041731023964864,-0.1447357537360158,0.0775639277542452,1.1906576912455145,1.1968257432600309,1.2394663225644558,-0.275816956866238,-0.2724099839185507,-0.2907909608455385,0.0064135264061253,0.0020595371442862,0.0038825769670806,0.0004714122947584,downstairs,wiktor
1672842753800193700,-0.3683531171095766,1.2787778020838538,-0.2451115080091218,1.353157912937459,-0.3683531171095766,-0.3041731023964864,-0.1447357537360158,1.2787778020838538,1.1906576912455145,1.1968257432600309,-0.2451115080091218,-0.275816956866238,-0.2724099839185507,0.0102528697607167,0.0001833628830017,0.0075428239748566,0.0025266829028584,downstairs,wiktor
1672842753810193700,-0.3875032023836272,1.4016014478110232,-0.1740244782096083,1.4645579091929584,-0.3875032023836272,-0.3683531171095766,-0.3041731023964864,1.4016014478110232,1.2787778020838538,1.1906576912455145,-0.1740244782096083,-0.2451115080091218,-0.275816956866238,0.0091342832544243,0.0010307097639378,0.0033072233739547,0.0047963501165317,downstairs,wiktor
1672842753820193700,-0.3421003442370784,1.4829306968417966,-0.0760821470495658,1.523779705292893,-0.3421003442370784,-0.3875032023836272,-0.3683531171095766,1.4829306968417966,1.4016014478110232,1.2787778020838538,-0.0760821470495658,-0.1740244782096083,-0.2451115080091218,0.0091955336834951,0.0044057373210845,9.112644854583236e-05,0.0046986699138647,downstairs,wiktor
1672842753830193700,-0.2482308889165687,1.4964308041410614,0.0208577303370364,1.517022996104339,-0.2482308889165687,-0.3421003442370784,-0.3875032023836272,1.4964308041410614,1.4829306968417966,1.4016014478110232,0.0208577303370364,-0.0760821470495658,-0.1740244782096083,0.0373189381646223,0.0320128722069369,0.0001428611431658,0.0051632048145195,downstairs,wiktor
1672842753840193700,0.0048022006465829,1.479527482386693,0.1224766735958558,1.4845959611435235,0.0048022006465829,-0.2482308889165687,-0.3421003442370784,1.479527482386693,1.4964308041410614,1.4829306968417966,0.1224766735958558,0.0208577303370364,-0.0760821470495658,0.0158542606429632,0.0057987939991247,0.0067749517955629,0.0032805148482755,downstairs,wiktor
1672842753850193700,0.1124942987701199,1.3631234292307748,0.2034768569076925,1.3828099225384094,0.1124942987701199,0.0048022006465829,-0.2482308889165687,1.3631234292307748,1.479527482386693,1.4964308041410614,0.2034768569076925,0.1224766735958558,0.0208577303370364,0.0233624022118471,0.0020887167105651,0.020052802793711,0.0012208827075709,downstairs,wiktor
1672842753860193700,0.0478612312185151,1.162859589291004,0.2528910797098556,1.191002527309078,0.0478612312185151,0.1124942987701199,0.0048022006465829,1.162859589291004,1.3631234292307748,1.479527482386693,0.2528910797098556,0.2034768569076925,0.1224766735958558,0.0106872756745938,0.0001001013222891,0.0093246887808968,0.0012624855714078,downstairs,wiktor
1672842753870193700,0.0337119328409169,1.0262968653807298,0.3031401706749234,1.0706613439286037,0.0337119328409169,0.0478612312185151,0.1124942987701199,1.0262968653807298,1.162859589291004,1.3631234292307748,0.3031401706749234,0.2528910797098556,0.2034768569076925,0.0013405806420164,1.1794739537087872e-05,0.0012093840135526,0.0001194018889267,downstairs,wiktor
1672842753880193700,0.0385688329916484,0.9771158931749538,0.3185934479277751,1.028467213204161,0.0385688329916484,0.0337119328409169,0.0478612312185151,0.9771158931749538,1.0262968653807298,1.162859589291004,0.3185934479277751,0.3031401706749234,0.2528910797098556,0.026366284181305,0.0044547964584302,0.0018563354038068,0.020055152319068,downstairs,wiktor
1672842753890193700,-0.0558218069937888,1.038047582857857,0.1183178761819026,1.0462590397398186,-0.0558218069937888,0.0385688329916484,0.0337119328409169,1.038047582857857,0.9771158931749538,1.0262968653807298,0.1183178761819026,0.3185934479277751,0.3031401706749234,0.0540506047542437,0.0347184059510168,0.0002406487880659,0.019091550015161,downstairs,wiktor
1672842753900193700,0.2076868492246238,1.059986078160222,-0.0770870880086778,1.0828881439797913,0.2076868492246238,-0.0558218069937888,0.0385688329916484,1.059986078160222,1.038047582857857,0.9771158931749538,-0.0770870880086778,0.1183178761819026,0.3185934479277751,0.0427103528033324,0.0297533097374507,0.0058665778169176,0.0070904652489641,downstairs,wiktor
1672842753910193700,0.4516266358009457,0.951666386350121,-0.1961708001523972,1.0715029220240184,0.4516266358009457,0.2076868492246238,-0.0558218069937888,0.951666386350121,1.059986078160222,1.038047582857857,-0.1961708001523972,-0.0770870880086778,0.1183178761819026,0.035535113856144,0.0142635039702064,0.0167489087706226,0.0045227011153149,downstairs,wiktor
1672842753920193700,0.282727233965377,0.7686422962929776,-0.2912781196952685,0.8692460017103708,0.282727233965377,0.4516266358009457,0.2076868492246238,0.7686422962929776,0.951666386350121,1.059986078160222,-0.2912781196952685,-0.1961708001523972,-0.0770870880086778,0.0620063789089062,0.0511233512866851,0.0108032547004229,7.97729217981219e-05,downstairs,wiktor
1672842753930193700,-0.0370331490925783,0.6216507679627846,-0.3039092654705433,0.6929516383408573,-0.0370331490925783,0.282727233965377,0.4516266358009457,0.6216507679627846,0.7686422962929776,0.951666386350121,-0.3039092654705433,-0.2912781196952685,-0.1961708001523972,0.0250108219095384,0.0197748292837698,0.0029769113782458,0.0022590812475227,downstairs,wiktor
1672842753940193700,-0.2359041086807991,0.5444897495889215,-0.2366919872227186,0.6388606520324509,-0.2359041086807991,-0.0370331490925783,0.282727233965377,0.5444897495889215,0.6216507679627846,0.7686422962929776,-0.2366919872227186,-0.3039092654705433,-0.2912781196952685,0.0109051799025561,0.0057270230268736,0.0003572902351339,0.0048208666405485,downstairs,wiktor
1672842753950193700,-0.3429276857736403,0.5177581115869594,-0.1384996592072515,0.636282182199599,-0.3429276857736403,-0.2359041086807991,-0.0370331490925783,0.5177581115869594,0.5444897495889215,0.6216507679627846,-0.1384996592072515,-0.2366919872227186,-0.3039092654705433,0.0039176085016327,8.900024245863284e-07,0.0002711829813212,0.0036455355178869,downstairs,wiktor
1672842753960193700,-0.344261853997356,0.494469359738855,-0.0531118905528721,0.6048446451415027,-0.344261853997356,-0.3429276857736403,-0.2359041086807991,0.494469359738855,0.5177581115869594,0.5444897495889215,-0.0531118905528721,-0.1384996592072515,-0.2366919872227186,0.0086363067019132,0.0062887548990292,9.221975789114236e-05,0.0022553320449928,downstairs,wiktor
1672842753970193700,-0.2321123564592101,0.4808885086689741,0.01404958717049,0.534160364207771,-0.2321123564592101,-0.344261853997356,-0.3429276857736403,0.4808885086689741,0.494469359738855,0.5177581115869594,0.01404958717049,-0.0531118905528721,-0.1384996592072515,0.0168717754822189,0.0161867486767485,3.111251619573246e-06,0.0006819155538507,downstairs,wiktor
1672842753980193700,-0.0521859899825395,0.4783940140830616,0.0509796712172598,0.4839247225947257,-0.0521859899825395,-0.2321123564592101,-0.344261853997356,0.4783940140830616,0.4808885086689741,0.494469359738855,0.0509796712172598,0.01404958717049,-0.0531118905528721,0.0304451207534565,0.0291186135167524,0.0001383532944144,0.0011881539422897,downstairs,wiktor
1672842753990193700,0.1891379148290328,0.4617595141257793,0.0022322827274189,0.498998980758203,0.1891379148290328,-0.0521859899825395,-0.2321123564592101,0.4617595141257793,0.4783940140830616,0.4808885086689741,0.0022322827274189,0.0509796712172598,0.01404958717049,0.0333310371060327,0.0256754005430788,0.0001570242800867,0.0074986122828671,downstairs,wiktor
1672842754000193700,0.4157450662743427,0.444038098827514,-0.1202308732246235,0.6200558492734072,0.4157450662743427,0.1891379148290328,-0.0521859899825395,0.444038098827514,0.4617595141257793,0.4783940140830616,-0.1202308732246235,0.0022322827274189,0.0509796712172598,0.0040267052228122,0.0007595694156024,7.370307493881822e-05,0.003193432732271,downstairs,wiktor
1672842754010193700,0.3767689347166207,0.4561791922658183,-0.2001487402165672,0.6245909091830192,0.3767689347166207,0.4157450662743427,0.1891379148290328,0.4561791922658183,0.444038098827514,0.4617595141257793,-0.2001487402165672,-0.1202308732246235,0.0022322827274189,0.0127973238384972,0.0113476743059179,0.001405756947693,4.38925848861884e-05,downstairs,wiktor
1672842754020193700,0.2261191799480317,0.5092029029562837,-0.2095181142496805,0.5952439164898865,0.2261191799480317,0.3767689347166207,0.4157450662743427,0.5092029029562837,0.4561791922658183,0.444038098827514,-0.2095181142496805,-0.2001487402165672,-0.1202308732246235,0.0087222105865604,0.0080639151586716,0.0005314805018052,0.0001268149260835,downstairs,wiktor
1672842754030193700,0.0991237850813541,0.5418059856879898,-0.1935923536032593,0.583829812762108,0.0991237850813541,0.2261191799480317,0.3767689347166207,0.5418059856879898,0.5092029029562837,0.4561791922658183,-0.1935923536032593,-0.2095181142496805,-0.2001487402165672,0.0031535975352409,0.0031146765746851,1.1312752609315947e-05,2.760820794650857e-05,downstairs,wiktor
1672842754040193700,0.0201975337490482,0.5465626131927069,-0.1861615786845165,0.577749741573197,0.0201975337490482,0.0991237850813541,0.2261191799480317,0.5465626131927069,0.5418059856879898,0.5092029029562837,-0.1861615786845165,-0.1935923536032593,-0.2095181142496805,0.0012565141444728,4.864963238148794e-06,0.0008434568691811,0.0004081923120535,downstairs,wiktor
1672842754050193700,0.0170782507422824,0.505490557749104,-0.1575891334950161,0.5297609891428648,0.0170782507422824,0.0201975337490482,0.0991237850813541,0.505490557749104,0.5465626131927069,0.5418059856879898,-0.1575891334950161,-0.1861615786845165,-0.1935923536032593,0.0098353543032433,0.0040581842009557,0.0029037658074744,0.0028734042948131,downstairs,wiktor
1672842754060193700,0.107169140414388,0.4292833952579773,-0.0817814255120788,0.449952952718574,0.107169140414388,0.0170782507422824,0.0201975337490482,0.4292833952579773,0.505490557749104,0.5465626131927069,-0.0817814255120788,-0.1575891334950161,-0.1861615786845165,0.0115797572193773,0.0054289833088625,0.0030589663562223,0.0030918075542924,downstairs,wiktor
1672842754070193700,0.211370707666158,0.3510661803213368,-0.0031454597674848,0.4097986492679724,0.211370707666158,0.107169140414388,0.0170782507422824,0.3510661803213368,0.4292833952579773,0.505490557749104,-0.0031454597674848,-0.0817814255120788,-0.1575891334950161,0.0035042092747041,0.0027173402628398,0.0007697462477369,1.7122764127403276e-05,downstairs,wiktor
1672842754080193700,0.2850909933796549,0.3118298133198693,0.002706508128429,0.4225186767085594,0.2850909933796549,0.211370707666158,0.107169140414388,0.3118298133198693,0.3510661803213368,0.4292833952579773,0.002706508128429,-0.0031454597674848,-0.0817814255120788,0.0102600460496905,0.0014130354153117,0.0009010326919965,0.0079459779423822,downstairs,wiktor
1672842754090193700,0.3382517950160443,0.354280553996482,-0.1233567929736936,0.5051196750715468,0.3382517950160443,0.2850909933796549,0.211370707666158,0.354280553996482,0.3118298133198693,0.3510661803213368,-0.1233567929736936,0.002706508128429,-0.0031454597674848,0.0129647947252286,0.0006576618687273,0.0023412217013657,0.0099659111551355,downstairs,wiktor
1672842754100193700,0.3745191872224705,0.4227089355550975,-0.2645368989032161,0.6236403103370034,0.3745191872224705,0.3382517950160443,0.2850909933796549,0.4227089355550975,0.354280553996482,0.3118298133198693,-0.2645368989032161,-0.1233567929736936,0.002706508128429,0.0077687475364276,0.0001421626226646,9.879195191601706e-05,0.0075277929618469,downstairs,wiktor
1672842754110193700,0.3913811338873542,0.4367653897250521,-0.3872381047803135,0.7027777368546024,0.3913811338873542,0.3745191872224705,0.3382517950160443,0.4367653897250521,0.4227089355550975,0.354280553996482,-0.3872381047803135,-0.2645368989032161,-0.1233567929736936,0.0042462467486294,0.001200869550748,1.5507744054851266e-05,0.0030298694538265,downstairs,wiktor
1672842754120193700,0.3423735926156681,0.431196234662594,-0.4650824296065532,0.7207298634276873,0.3423735926156681,0.3913811338873542,0.3745191872224705,0.431196234662594,0.4367653897250521,0.4227089355550975,-0.4650824296065532,-0.3872381047803135,-0.2645368989032161,0.0092520856583215,0.0090691575003718,0.0001183824879754,6.454566997426864e-05,downstairs,wiktor
1672842754130193700,0.2076950308445249,0.4465834038613411,-0.4764442666036474,0.6852540416673055,0.2076950308445249,0.3423735926156681,0.3913811338873542,0.4465834038613411,0.431196234662594,0.4367653897250521,-0.4764442666036474,-0.4650824296065532,-0.3872381047803135,0.0191324387865663,0.0171890395501132,0.0004981421230711,0.0014452571133819,downstairs,wiktor
1672842754140193700,0.022281765137277,0.478147374558045,-0.4226807638646714,0.6385768685096621,0.022281765137277,0.2076950308445249,0.3423735926156681,0.478147374558045,0.4465834038613411,0.431196234662594,-0.4226807638646714,-0.4764442666036474,-0.4650824296065532,0.0113375873812447,0.0073866977208222,8.99052655303755e-05,0.0038609843948921,downstairs,wiktor
1672842754150193700,-0.099264092223821,0.4915567194734669,-0.3348060303527888,0.6029730063818184,-0.099264092223821,0.022281765137277,0.2076950308445249,0.4915567194734669,0.478147374558045,0.4465834038613411,-0.3348060303527888,-0.4226807638646714,-0.4764442666036474,0.0031976772929342,0.0003815323815407,0.0002447337846622,0.0025714111267313,downstairs,wiktor
1672842754160193700,-0.1268877191232962,0.469432805504089,-0.2630925570478188,0.552888185550851,-0.1268877191232962,-0.099264092223821,0.022281765137277,0.469432805504089,0.4915567194734669,0.478147374558045,-0.2630925570478188,-0.3348060303527888,-0.4226807638646714,0.0061141396824259,0.0048626772100123,1.4989246365332337e-06,0.001249963547777,downstairs,wiktor
1672842754170193700,-0.0282705075422299,0.4711642353389557,-0.2130932860975927,0.5178838738936642,-0.0282705075422299,-0.1268877191232962,-0.099264092223821,0.4711642353389557,0.469432805504089,0.4915567194734669,-0.2130932860975927,-0.2630925570478188,-0.3348060303527888,0.0483543313733775,0.0275504682722765,0.0188244486989518,0.0019794144021491,downstairs,wiktor
1672842754180193700,0.2064653792423713,0.665197473207893,-0.1501740616562643,0.7125081613442763,0.2064653792423713,-0.0282705075422299,-0.1268877191232962,0.665197473207893,0.4711642353389557,0.469432805504089,-0.1501740616562643,-0.2130932860975927,-0.2630925570478188,0.1446444846754055,0.0162414664062974,0.1273377485041273,0.0010652697649808,downstairs,wiktor
1672842754190193700,0.3866956009383865,1.1698513120006389,-0.1040162938380344,1.2364889685551248,0.3866956009383865,0.2064653792423713,-0.0282705075422299,1.1698513120006389,0.665197473207893,0.4711642353389557,-0.1040162938380344,-0.1501740616562643,-0.2130932860975927,0.4238034711653466,0.0523432304173583,0.3686019674710001,0.0028582732769881,downstairs,wiktor
1672842754200193700,0.7102484727147267,2.028457120822126,-0.1796241410099808,2.156700261056497,0.7102484727147267,0.3866956009383865,0.2064653792423713,2.028457120822126,1.1698513120006389,0.665197473207893,-0.1796241410099808,-0.1040162938380344,-0.1501740616562643,0.6225483332929627,0.0021516434121235,0.6045780009285061,0.0158186889523329,downstairs,wiktor
1672842754210193700,0.6446490304591163,3.1280734183809664,-0.357493131856238,3.21375435006751,0.6446490304591163,0.7102484727147267,0.3866956009383865,3.1280734183809664,2.028457120822126,1.1698513120006389,-0.357493131856238,-0.1796241410099808,-0.1040162938380344,0.4632210382338999,0.2691895192244244,0.1938715054004351,0.0001600136090402,downstairs,wiktor
1672842754220193700,-0.0890941388098377,3.750763558660119,-0.3396038272839408,3.767160176850578,-0.0890941388098377,0.6446490304591163,0.7102484727147267,3.750763558660119,3.1280734183809664,2.028457120822126,-0.3396038272839408,-0.357493131856238,-0.1796241410099808,0.2913576985857665,0.0027574187297913,0.2884922816037658,0.0001079982522093,downstairs,wiktor
1672842754230193700,-0.1633560904377246,2.9911685591982136,-0.3543006468180676,3.016505181522935,-0.1633560904377246,-0.0890941388098377,0.6446490304591163,2.9911685591982136,3.750763558660119,3.1280734183809664,-0.3543006468180676,-0.3396038272839408,-0.357493131856238,1.2486144445909166,0.0106187117478297,1.2331692305805415,0.0048265022625452,downstairs,wiktor
1672842754240193700,-0.0176254365049999,1.4207105173642132,-0.4525503517799174,1.491150847854572,-0.0176254365049999,-0.1633560904377246,-0.0890941388098377,1.4207105173642132,2.9911685591982136,3.750763558660119,-0.4525503517799174,-0.3543006468180676,-0.3396038272839408,0.3942768447377854,0.0196424739550649,0.3693437971031662,0.0052905736795542,downstairs,wiktor
1672842754250193700,0.1805788720004658,0.561241149552694,-0.3496856476336042,0.6854782338813709,0.1805788720004658,-0.0176254365049999,-0.1633560904377246,0.561241149552694,1.4207105173642132,2.9911685591982136,-0.3496856476336042,-0.4525503517799174,-0.3543006468180676,0.1100410735922808,0.001972177657225,0.0977727830750785,0.0102961128599773,downstairs,wiktor
1672842754260193700,0.2433829746885069,0.1190358056793334,-0.2061857322330901,0.3404663736383521,0.2433829746885069,0.1805788720004658,-0.0176254365049999,0.1190358056793334,0.561241149552694,1.4207105173642132,-0.2061857322330901,-0.3496856476336042,-0.4525503517799174,0.0194417574688097,0.0047301370479772,0.0121506666723141,0.0025609537485183,downstairs,wiktor
1672842754270193700,0.1461190343202775,-0.0368530436480905,-0.1346182291535733,0.2020667875660483,0.1461190343202775,0.2433829746885069,0.1805788720004658,-0.0368530436480905,0.1190358056793334,0.561241149552694,-0.1346182291535733,-0.2061857322330901,-0.3496856476336042,0.0064452202250377,0.006393540112468,4.181389592944716e-05,9.866216640255404e-06,downstairs,wiktor
1672842754280193700,0.0330390616242419,-0.0459978668754084,-0.1301761087949483,0.141961976074907,0.0330390616242419,0.1461190343202775,0.2433829746885069,-0.0459978668754084,-0.0368530436480905,0.1190358056793334,-0.1301761087949483,-0.1346182291535733,-0.2061857322330901,0.0342189336745834,0.0100790546643901,0.0241208666408698,1.901236932345643e-05,downstairs,wiktor
1672842754290193700,-0.1089401950606005,0.1736421415058963,-0.1363425290406754,0.2461886362767437,-0.1089401950606005,0.0330390616242419,0.1461190343202775,0.1736421415058963,-0.0459978668754084,-0.0368530436480905,-0.1363425290406754,-0.1301761087949483,-0.1346182291535733,0.0897570999237374,0.0060789615557265,0.0834327553249272,0.0002453830430836,downstairs,wiktor
1672842754300193700,-0.2192031675919682,0.5821338925240221,-0.1141892880550484,0.6324310958626569,-0.2192031675919682,-0.1089401950606005,0.0330390616242419,0.5821338925240221,0.1736421415058963,-0.0459978668754084,-0.1141892880550484,-0.1363425290406754,-0.1301761087949483,0.0867287021543573,0.001449049817237,0.0851152042282408,0.0001644481088795,downstairs,wiktor
1672842754310193700,-0.27303716832082,0.9947237717703284,-0.1323247841265422,1.0399685215927337,-0.27303716832082,-0.2192031675919682,-0.1089401950606005,0.9947237717703284,0.5821338925240221,0.1736421415058963,-0.1323247841265422,-0.1141892880550484,-0.1363425290406754,0.1070353316351821,2.62927015638442e-05,0.1061706323654957,0.0008384065681225,downstairs,wiktor
1672842754320193700,-0.2802887476748427,1.4555287898972924,-0.0913758752736187,1.485084304298927,-0.2802887476748427,-0.27303716832082,-0.2192031675919682,1.4555287898972924,0.9947237717703284,0.5821338925240221,-0.0913758752736187,-0.1323247841265422,-0.1141892880550484,0.0499030197487048,0.0012378561761488,0.0429640085478564,0.0057011550246995,downstairs,wiktor
1672842754330193700,-0.230532216924622,1.7486636003441465,0.0154057244961875,1.763861339945968,-0.230532216924622,-0.2802887476748427,-0.27303716832082,1.7486636003441465,1.4555287898972924,0.9947237717703284,0.0154057244961875,-0.0913758752736187,-0.1323247841265422,0.0156453515062687,0.0042014782139708,0.0069855310860853,0.0044583422062125,downstairs,wiktor
1672842754340193700,-0.1388645758076954,1.8668628481089724,0.1098339216219667,1.875239652525153,-0.1388645758076954,-0.230532216924622,-0.2802887476748427,1.8668628481089724,1.7486636003441465,1.4555287898972924,0.1098339216219667,0.0154057244961875,-0.0913758752736187,0.0255922709095917,0.0228171352890173,0.0001731668477306,0.0026019687728436,downstairs,wiktor
1672842754350193700,0.0747572175047723,1.848252805243324,0.1819722439318694,1.8586933505074128,0.0747572175047723,-0.1388645758076954,-0.230532216924622,1.848252805243324,1.8668628481089724,1.7486636003441465,0.1819722439318694,0.1098339216219667,0.0154057244961875,0.0652009060539767,0.0121669334713718,0.0530244997527702,9.472829834693464e-06,downstairs,wiktor
1672842754360193700,0.2307503806329804,1.5226011516231703,0.177619582714937,1.550196349257183,0.2307503806329804,0.0747572175047723,-0.1388645758076954,1.5226011516231703,1.848252805243324,1.8668628481089724,0.177619582714937,0.1819722439318694,0.1098339216219667,0.0925740778024423,0.0047495848525457,0.0644128332328281,0.0234116597170684,downstairs,wiktor
1672842754370193700,0.1332866966009707,1.1636782261006338,-0.0387673841618528,1.1719280129198506,0.1332866966009707,0.2307503806329804,0.0747572175047723,1.1636782261006338,1.5226011516231703,1.848252805243324,-0.0387673841618528,0.177619582714937,0.1819722439318694,0.0406585770635476,0.0146665809311295,0.0174839835524025,0.0085080125800155,downstairs,wiktor
1672842754380193700,-0.037982570526144,0.9766809878728858,-0.1692128714737221,0.991958377961753,-0.037982570526144,0.1332866966009707,0.2307503806329804,0.9766809878728858,1.1636782261006338,1.5226011516231703,-0.1692128714737221,-0.0387673841618528,0.177619582714937,0.0060580261024556,0.0004202701620334,0.0049842411541727,0.0006535147862495,downstairs,wiktor
1672842754390193700,-0.0669746439957462,0.876838700697834,-0.2053657354335667,0.903054148581353,-0.0669746439957462,-0.037982570526144,0.1332866966009707,0.876838700697834,0.9766809878728858,1.1636782261006338,-0.2053657354335667,-0.1692128714737221,-0.0387673841618528,0.003165918646583,0.0010512651060163,0.0019697591170857,0.0001448944234809,downstairs,wiktor
1672842754400193700,-0.0211212884802264,0.8140731190931715,-0.2223889210038981,0.8441670357473265,-0.0211212884802264,-0.0669746439957462,-0.037982570526144,0.8140731190931715,0.876838700697834,0.9766809878728858,-0.2223889210038981,-0.2053657354335667,-0.1692128714737221,0.0013896931437359,0.0010517263624393,0.0003346398828072,3.326898489351889e-06,downstairs,wiktor
1672842754410193700,0.0247421253141986,0.7882026771639251,-0.2249684164930788,0.8200526943269228,0.0247421253141986,-0.0211212884802264,-0.0669746439957462,0.7882026771639251,0.8140731190931715,0.876838700697834,-0.2249684164930788,-0.2223889210038981,-0.2053657354335667,0.0012321555888117,0.0008542774059333,0.0001289848620549,0.0002488933208234,downstairs,wiktor
1672842754420193700,0.0660767937157554,0.8042641130931911,-0.2026572838089909,0.8320317788150701,0.0660767937157554,0.0247421253141986,-0.0211212884802264,0.8042641130931911,0.7882026771639251,0.8140731190931715,-0.2026572838089909,-0.2249684164930788,-0.2223889210038981,0.0022236406330316,0.0002581050821858,0.0004145111772212,0.0015510243736246,downstairs,wiktor
1672842754430193700,0.0887970526133055,0.8330568613892883,-0.1469612449260576,0.8505681973662068,0.0887970526133055,0.0660767937157554,0.0247421253141986,0.8330568613892883,0.8042641130931911,0.7882026771639251,-0.1469612449260576,-0.2026572838089909,-0.2249684164930788,0.0023365798465019,7.458454205645524e-05,0.0001721400428145,0.0020898552616309,downstairs,wiktor
1672842754440193700,0.0765835730062111,0.8516116474465044,-0.0823105641619549,0.8590008560494025,0.0765835730062111,0.0887970526133055,0.0660767937157554,0.8516116474465044,0.8330568613892883,0.8042641130931911,-0.0823105641619549,-0.1469612449260576,-0.2026572838089909,0.0010575472651195,0.0001367418063372,2.605292884258582e-06,0.000918200165898,downstairs,wiktor
1672842754450193700,0.0600462330546172,0.8493289766930848,-0.0394573223733105,0.8523626816346686,0.0600462330546172,0.0765835730062111,0.0887970526133055,0.8493289766930848,0.8516116474465044,0.8330568613892883,-0.0394573223733105,-0.0823105641619549,-0.1469612449260576,0.0021686760104134,0.0010158338877107,0.0006176929758414,0.0005351491468612,downstairs,wiktor
1672842754460193700,0.1051202585617931,0.8141809191125738,-0.00674190867086,0.8209666808949192,0.1051202585617931,0.0600462330546172,0.0765835730062111,0.8141809191125738,0.8493289766930848,0.8516116474465044,-0.00674190867086,-0.0394573223733105,-0.0823105641619549,0.0013055762274017,0.0006384301952714,0.0004472567076267,0.0002198893245035,downstairs,wiktor
1672842754470193700,0.1408534418868604,0.7842725019820495,0.0142289913815252,0.7969476229039738,0.1408534418868604,0.1051202585617931,0.0600462330546172,0.7842725019820495,0.8141809191125738,0.8493289766930848,0.0142289913815252,-0.00674190867086,-0.0394573223733105,0.0005691146127257,2.261350417724932e-05,0.0003914643991849,0.0001550367093635,downstairs,wiktor
1672842754480193700,0.1341283390360113,0.756291637121044,0.0318378930714969,0.7687529532606818,0.1341283390360113,0.1408534418868604,0.1051202585617931,0.756291637121044,0.7842725019820495,0.8141809191125738,0.0318378930714969,0.0142289913815252,-0.00674190867086,0.000862102416952,0.0004419601863983,0.0003005468231123,0.0001195954074413,downstairs,wiktor
1672842754490193700,0.1043975406478626,0.7317744258965871,0.0473036880682856,0.7406958186694884,0.1043975406478626,0.1341283390360113,0.1408534418868604,0.7317744258965871,0.756291637121044,0.7842725019820495,0.0473036880682856,0.0318378930714969,0.0142289913815252,0.0010546866577162,0.0005457152517218,0.0004824884409915,2.648296500287811e-05,downstairs,wiktor
1672842754500193700,0.0713607353627919,0.7007103488624452,0.0545814576445883,0.7064463766437309,0.0713607353627919,0.1043975406478626,0.1341283390360113,0.7007103488624452,0.7317744258965871,0.756291637121044,0.0545814576445883,0.0473036880682856,0.0318378930714969,0.000197479651514,9.99374838996977e-05,8.241378694066682e-05,1.5128380673697344e-05,downstairs,wiktor
1672842754510193700,0.0572230209860125,0.6878718297157004,0.0490808430109864,0.6919906483456696,0.0572230209860125,0.0713607353627919,0.1043975406478626,0.6878718297157004,0.7007103488624452,0.7317744258965871,0.0490808430109864,0.0545814576445883,0.0473036880682856,0.0012804768450725,0.001183378694981,5.896690758986528e-05,3.8131242501553626e-05,downstairs,wiktor
1672842754520193700,0.1058723518134985,0.6770120960550745,0.0403480035527628,0.6864271953194311,0.1058723518134985,0.0572230209860125,0.0713607353627919,0.6770120960550745,0.6878718297157004,0.7007103488624452,0.0403480035527628,0.0490808430109864,0.0545814576445883,0.0003433777428542,5.393837201654956e-06,4.845995293083168e-05,0.0002895239527217,downstairs,wiktor
1672842754530193700,0.1025878922836352,0.6671673052568065,0.0162845893011758,0.675204914596699,0.1025878922836352,0.1058723518134985,0.0572230209860125,0.6671673052568065,0.6770120960550745,0.6878718297157004,0.0162845893011758,0.0403480035527628,0.0490808430109864,0.0017700054770596,0.0012197754904917,4.532018400620437e-05,0.0005049098025616,downstairs,wiktor
1672842754540193700,0.0531960814139822,0.6576467817411373,-0.0154930695981708,0.659976626720865,0.0531960814139822,0.1025878922836352,0.1058723518134985,0.6576467817411373,0.6671673052568065,0.6770120960550745,-0.0154930695981708,0.0162845893011758,0.0403480035527628,0.0031821766918915,0.0025110355756579,0.0001186911379605,0.000552449978273,downstairs,wiktor
1672842754550193700,-0.0176704914629099,0.6422395666806154,-0.0487331050455953,0.6443281949488401,-0.0176704914629099,0.0531960814139822,0.1025878922836352,0.6422395666806154,0.6576467817411373,0.6671673052568065,-0.0487331050455953,-0.0154930695981708,0.0162845893011758,0.0016271246570357,0.0009692339300852,0.0001767322268628,0.0004811585000876,downstairs,wiktor
1672842754560193700,-0.0616985263971486,0.6234389163268181,-0.0797543397111469,0.6315406125128439,-0.0616985263971486,-0.0176704914629099,0.0531960814139822,0.6234389163268181,0.6422395666806154,0.6576467817411373,-0.0797543397111469,-0.0487331050455953,-0.0154930695981708,5.357708496620614e-05,2.159622206679832e-06,5.477905114841702e-10,5.141691496901482e-05,downstairs,wiktor
1672842754570193700,-0.0596202472019104,0.6234720158890957,-0.0898950413603441,0.6327345785828429,-0.0596202472019104,-0.0616985263971486,-0.0176704914629099,0.6234720158890957,0.6234389163268181,0.6422395666806154,-0.0898950413603441,-0.0797543397111469,-0.0487331050455953,0.0021166105287129,1.588037352076563e-05,0.0020439535550885,5.677660010363853e-05,downstairs,wiktor
1672842754580193700,-0.0652559146017426,0.6874087589260784,-0.0792389069670813,0.6950308918430455,-0.0652559146017426,-0.0596202472019104,-0.0616985263971486,0.6874087589260784,0.6234720158890957,0.6234389163268181,-0.0792389069670813,-0.0898950413603441,-0.0797543397111469,0.0072818478931374,0.0027329436681273,0.0045111451357801,3.775908923000894e-05,downstairs,wiktor
1672842754590193700,-0.1391875542173681,0.7823944961267775,-0.0705487873787202,0.7978041452757028,-0.1391875542173681,-0.0652559146017426,-0.0596202472019104,0.7823944961267775,0.6874087589260784,0.6234720158890957,-0.0705487873787202,-0.0792389069670813,-0.0898950413603441,0.0040571154449304,0.0013736016535554,0.002573624504359,0.0001098892870158,downstairs,wiktor
1672842754600193700,-0.1916013244224481,0.8541388269740166,-0.0853737182059374,0.8795185472889653,-0.1916013244224481,-0.1391875542173681,-0.0652559146017426,0.8541388269740166,0.7823944961267775,0.6874087589260784,-0.0853737182059374,-0.0705487873787202,-0.0792389069670813,0.0036452097328362,0.0004376489111603,0.00316936378121,3.819704046582261e-05,downstairs,wiktor
1672842754610193700,-0.2211867570256856,0.9337549532451442,-0.0941140889607535,0.9641988155636232,-0.2211867570256856,-0.1916013244224481,-0.1391875542173681,0.9337549532451442,0.8541388269740166,0.7823944961267775,-0.0941140889607535,-0.0853737182059374,-0.0705487873787202,0.0055277946300299,7.1570900448401385e-06,0.0055189804545596,1.6570854255262825e-06,downstairs,wiktor
1672842754620193700,-0.2249701655536773,1.0388166537316643,-0.0959345753932908,1.0672183741931136,-0.2249701655536773,-0.2211867570256856,-0.1916013244224481,1.0388166537316643,0.9337549532451442,0.8541388269740166,-0.0959345753932908,-0.0941140889607535,-0.0853737182059374,0.0098076198264362,0.0018550913511828,0.0078073727317673,0.0001451557434861,downstairs,wiktor
1672842754630193700,-0.1640588964619431,1.1637756288536405,-0.0788960459094339,1.17792768109173,-0.1640588964619431,-0.2249701655536773,-0.2211867570256856,1.1637756288536405,1.0388166537316643,0.9337549532451442,-0.0788960459094339,-0.0959345753932908,-0.0941140889607535,0.0140729947323779,0.0039021598072678,0.0101232814495945,4.75534755155469e-05,downstairs,wiktor
1672842754640193700,-0.0757168361818266,1.306066046307484,-0.0691437666357926,1.310084889258415,-0.0757168361818266,-0.1640588964619431,-0.2249701655536773,1.306066046307484,1.1637756288536405,1.0388166537316643,-0.0691437666357926,-0.0788960459094339,-0.0959345753932908,0.0111679477577584,0.003187038665732,0.0076482538722024,0.0003326552198239,downstairs,wiktor
1672842754650193700,0.004120982747952,1.4297450976638268,-0.0949373790165349,1.4328995543048662,0.004120982747952,-0.0757168361818266,-0.1640588964619431,1.4297450976638268,1.306066046307484,1.1637756288536405,-0.0949373790165349,-0.0691437666357926,-0.0788960459094339,0.0034547808766727,0.0004626661331022,0.0022831865536927,0.0007089281898777,downstairs,wiktor
1672842754660193700,0.0345402573317505,1.4973200420395751,-0.1325918127495692,1.5035760461240917,0.0345402573317505,0.004120982747952,-0.0757168361818266,1.4973200420395751,1.4297450976638268,1.306066046307484,-0.1325918127495692,-0.0949373790165349,-0.0691437666357926,0.0005512858586035,9.788551263857832e-05,0.0002386663354937,0.0002147340104712,downstairs,wiktor
1672842754670193700,0.0485320772733148,1.519167986359064,-0.1533154229790283,1.527655835659968,0.0485320772733148,0.0345402573317505,0.004120982747952,1.519167986359064,1.4973200420395751,1.4297450976638268,-0.1533154229790283,-0.1325918127495692,-0.0949373790165349,0.0016583307856774,0.0016493587573514,4.827156098768501e-06,4.144872227199188e-06,downstairs,wiktor
1672842754680193700,0.1059665400522333,1.5160608474504318,-0.1561946146111359,1.5277650861360474,0.1059665400522333,0.0485320772733148,0.0345402573317505,1.5160608474504318,1.519167986359064,1.4973200420395751,-0.1561946146111359,-0.1533154229790283,-0.1325918127495692,0.0058045187278373,0.004933113166334,0.0006056464201871,0.0002657591413162,downstairs,wiktor
1672842754690193700,0.2052954197029576,1.4812572148760264,-0.1331399343350507,1.5013312053268053,0.2052954197029576,0.1059665400522333,0.0485320772733148,1.4812572148760264,1.5160608474504318,1.519167986359064,-0.1331399343350507,-0.1561946146111359,-0.1533154229790283,0.0053490145730904,0.0030818606861837,0.0012103332409446,0.001056820645962,downstairs,wiktor
1672842754700193700,0.2838047909421133,1.4320569457518717,-0.0871655796150103,1.462508151603777,0.2838047909421133,0.2052954197029576,0.1059665400522333,1.4320569457518717,1.4812572148760264,1.5160608474504318,-0.0871655796150103,-0.1331399343350507,-0.1561946146111359,0.0020447918353133,0.0006378977711764,0.0002029594611915,0.0012039346029453,downstairs,wiktor
1672842754710193700,0.3195230711688103,1.411909516079996,-0.0380955357400487,1.4481142028340577,0.3195230711688103,0.2838047909421133,0.2052954197029576,1.411909516079996,1.4320569457518717,1.4812572148760264,-0.0380955357400487,-0.0871655796150103,-0.1331399343350507,0.0011287885902653,3.179585717816638e-05,0.0003841231210364,0.0007128696120507,downstairs,wiktor
1672842754720193700,0.3274975124881965,1.4396267713927584,-0.0003365735707644,1.4764077942352043,0.3274975124881965,0.3195230711688103,0.2838047909421133,1.4396267713927584,1.411909516079996,1.4320569457518717,-0.0003365735707644,-0.0380955357400487,-0.0871655796150103,0.0011559630899196,0.0002689798911089,0.0007936853402844,9.32978585262811e-05,downstairs,wiktor
1672842754730193700,0.3043035524507655,1.4794685921414248,0.0133234307137357,1.5104984213739083,0.3043035524507655,0.3274975124881965,0.3195230711688103,1.4794685921414248,1.4396267713927584,1.411909516079996,0.0133234307137357,-0.0003365735707644,-0.0380955357400487,0.002952456844204,0.0027382397440334,2.4185843524295687e-05,0.0001900312566463,downstairs,wiktor
1672842754740193700,0.2303003127374467,1.4864235678458102,-0.0061717613420668,1.5041713159519088,0.2303003127374467,0.3043035524507655,0.3274975124881965,1.4864235678458102,1.4794685921414248,1.4396267713927584,-0.0061717613420668,0.0133234307137357,-0.0003365735707644,0.0050519686757316,0.0044962738540993,9.69513460313346e-05,0.0004587434756009,downstairs,wiktor
1672842754750193700,0.135471268092893,1.472498673158141,-0.0364618084070988,1.4791667486809927,0.135471268092893,0.2303003127374467,0.3043035524507655,1.472498673158141,1.4864235678458102,1.4794685921414248,-0.0364618084070988,-0.0061717613420668,0.0133234307137357,0.0049920699750064,0.004445860118165,2.9255590435631187e-05,0.0005169542664056,downstairs,wiktor
1672842754760193700,0.0411753496428869,1.4801479333100294,-0.0686162565101431,1.4823095171244198,0.0411753496428869,0.135471268092893,0.2303003127374467,1.4801479333100294,1.472498673158141,1.4864235678458102,-0.0686162565101431,-0.0364618084070988,-0.0061717613420668,0.0059420383419623,0.004177665355292,9.35814817107985e-06,0.0017550148384991,downstairs,wiktor
1672842754770193700,-0.0502321484663172,1.4758216998047549,-0.127861759942879,1.4822016016756383,-0.0502321484663172,0.0411753496428869,0.135471268092893,1.4758216998047549,1.4801479333100294,1.472498673158141,-0.127861759942879,-0.0686162565101431,-0.0364618084070988,0.0046650803319108,0.0005587805007759,0.0026457044794306,0.0014605953517042,downstairs,wiktor
1672842754780193700,-0.0836620901586366,1.4030796283545863,-0.1819098006419502,1.4172942405876596,-0.0836620901586366,-0.0502321484663172,0.0411753496428869,1.4030796283545863,1.4758216998047549,1.4801479333100294,-0.1819098006419502,-0.127861759942879,-0.0686162565101431,0.0050346596125513,0.000224755223865,0.0047968389756216,1.306541306470198e-05,downstairs,wiktor
1672842754790193700,-0.0624604287206717,1.305132306026494,-0.187021632615852,1.3199427004443425,-0.0624604287206717,-0.0836620901586366,-0.0502321484663172,1.305132306026494,1.4030796283545863,1.4758216998047549,-0.187021632615852,-0.1819098006419502,-0.127861759942879,0.0099165280371084,0.0063206079373483,0.0018817088233697,0.0017142112763904,downstairs,wiktor
1672842754800193700,0.0499727330897866,1.2437856056528032,-0.1284688995218212,1.251400881023312,0.0499727330897866,-0.0624604287206717,-0.0836620901586366,1.2437856056528032,1.305132306026494,1.4030796283545863,-0.1284688995218212,-0.187021632615852,-0.1819098006419502,0.0207986478953679,0.0200659106386196,4.746783306264065e-05,0.0006852694236856,downstairs,wiktor
1672842754810193700,0.2503020152160879,1.2340421121250544,-0.0914481101275985,1.2624871445544346,0.2503020152160879,0.0499727330897866,-0.0624604287206717,1.2340421121250544,1.2437856056528032,1.305132306026494,-0.0914481101275985,-0.1284688995218212,-0.187021632615852,0.01570753115292,0.0149619666206406,0.0005196424955292,0.0002259220367501,downstairs,wiktor
1672842754820193700,0.4232873707849373,1.2662800554691729,-0.1127047343539505,1.3399028824100765,0.4232873707849373,0.2503020152160879,0.0499727330897866,1.2662800554691729,1.2340421121250544,1.2437856056528032,-0.1127047343539505,-0.0914481101275985,-0.1284688995218212,0.0111471323098937,0.0017824263777134,0.0003623389842666,0.0090023669479136,downstairs,wiktor
1672842754830193700,0.4829937586795909,1.2931998988664395,-0.2468864540322558,1.4023558287881963,0.4829937586795909,0.4232873707849373,0.2503020152160879,1.2931998988664395,1.2662800554691729,1.2340421121250544,-0.2468864540322558,-0.1127047343539505,-0.0914481101275985,0.0107535569920349,0.0005651638484081,8.459023948938927e-05,0.0101038029041373,downstairs,wiktor
1672842754840193700,0.4493734122087952,1.2801929592195136,-0.3890399126897036,1.4114469632618163,0.4493734122087952,0.4829937586795909,0.4232873707849373,1.2801929592195136,1.2931998988664395,1.2662800554691729,-0.3890399126897036,-0.2468864540322558,-0.1127047343539505,0.0278360213351916,0.0220981770905676,0.0034136197345324,0.0023242245100915,downstairs,wiktor
1672842754850193700,0.239144122667268,1.1975658482385234,-0.4572194478904013,1.3039952054370272,0.239144122667268,0.4493734122087952,0.4829937586795909,1.1975658482385234,1.2801929592195136,1.2931998988664395,-0.4572194478904013,-0.3890399126897036,-0.2468864540322558,0.0581735860239813,0.0505078284549364,0.0073031159103085,0.0003626416587363,downstairs,wiktor
1672842754860193700,-0.0786854809096688,1.0767096037965536,-0.4841505324855788,1.1831723094798097,-0.0786854809096688,0.239144122667268,0.4493734122087952,1.0767096037965536,1.1975658482385234,1.2801929592195136,-0.4841505324855788,-0.4572194478904013,-0.3890399126897036,0.0324663307685524,0.0295047794677812,0.0013486616157522,0.0016128896850189,downstairs,wiktor
1672842754870193700,-0.3216043129000322,1.0247738431734097,-0.5409464774996191,1.2025863192501185,-0.3216043129000322,-0.0786854809096688,0.239144122667268,1.0247738431734097,1.0767096037965536,1.1975658482385234,-0.5409464774996191,-0.4841505324855788,-0.4572194478904013,0.0089823986143352,0.0025389424924905,0.0023177284561504,0.0041257276656943,downstairs,wiktor
1672842754880193700,-0.3928635928920518,1.0928580330584396,-0.6317839991048934,1.3220557872364482,-0.3928635928920518,-0.3216043129000322,-0.0786854809096688,1.0928580330584396,1.0247738431734097,1.0767096037965536,-0.6317839991048934,-0.5409464774996191,-0.4841505324855788,0.0177302078220423,0.0040179100369562,0.0080568275807994,0.0056554702042866,downstairs,wiktor
1672842754890193700,-0.3032208571355365,1.219797605933091,-0.7381369041360832,1.4576334164973412,-0.3032208571355365,-0.3928635928920518,-0.3216043129000322,1.219797605933091,1.0928580330584396,1.0247738431734097,-0.7381369041360832,-0.6317839991048934,-0.5409464774996191,0.016184341387204,0.0062356688610297,0.0082999502556399,0.0016487222705343,downstairs,wiktor
1672842754900193700,-0.1915457134281766,1.348638207108652,-0.7955602838787339,1.5774761295471829,-0.1915457134281766,-0.3032208571355365,-0.3928635928920518,1.348638207108652,1.219797605933091,1.0928580330584396,-0.7955602838787339,-0.7381369041360832,-0.6317839991048934,0.0077845537942005,0.0030441597665511,0.0037689927538972,0.0009714012737521,downstairs,wiktor
1672842754910193700,-0.2695733978299465,1.435459779933581,-0.7514830499874793,1.6425411322225794,-0.2695733978299465,-0.1915457134281766,-0.3032208571355365,1.435459779933581,1.348638207108652,1.219797605933091,-0.7514830499874793,-0.7955602838787339,-0.7381369041360832,0.0684334407966155,0.0285728666698587,7.080329090598967e-05,0.0397897708358508,downstairs,wiktor
1672842754920193700,-0.5086251356184793,1.4473596363113692,-0.4693845890350987,1.604328936917222,-0.5086251356184793,-0.2695733978299465,-0.1915457134281766,1.4473596363113692,1.435459779933581,1.348638207108652,-0.4693845890350987,-0.7514830499874793,-0.7955602838787339,0.0374956734314945,0.000425612755003,0.0014099616266253,0.0356600990498662,downstairs,wiktor
1672842754930193700,-0.5378009048458032,1.3942566867393291,-0.2023261720178991,1.508017706014659,-0.5378009048458032,-0.5086251356184793,-0.2695733978299465,1.3942566867393291,1.4473596363113692,1.435459779933581,-0.2023261720178991,-0.4693845890350987,-0.7514830499874793,0.0206072124924542,0.001742434989767,0.0005065387168022,0.0183582387858849,downstairs,wiktor
1672842754940193700,-0.4787681175193177,1.362427809385509,-0.0107107301251074,1.4441409785335364,-0.4787681175193177,-0.5378009048458032,-0.5086251356184793,1.362427809385509,1.3942566867393291,1.4473596363113692,-0.0107107301251074,-0.2023261720178991,-0.4693845890350987,0.0076460615263719,0.0011167557930097,0.0006151378235013,0.0059141679098609,downstairs,wiktor
1672842754950193700,-0.4315080753481617,1.327352523969668,0.0980474227634086,1.3991701966129315,-0.4315080753481617,-0.4787681175193177,-0.5378009048458032,1.327352523969668,1.362427809385509,1.3942566867393291,0.0980474227634086,-0.0107107301251074,-0.2023261720178991,0.0046492885000709,0.0027355963338573,0.0013075904717343,0.0006061016944791,downstairs,wiktor
1672842754960193700,-0.3575405644551027,1.2762136840975242,0.1328641341095182,1.3319945573617489,-0.3575405644551027,-0.4315080753481617,-0.4787681175193177,1.2762136840975242,1.327352523969668,1.362427809385509,0.1328641341095182,0.0980474227634086,-0.0107107301251074,0.0149229781882941,0.0146463769958938,0.0002471022984801,2.949889392015617e-05,downstairs,wiktor
1672842754970193700,-0.1863893038936107,1.2539829711768755,0.1251831323623298,1.2739250689250032,-0.1863893038936107,-0.3575405644551027,-0.4315080753481617,1.2539829711768755,1.2762136840975242,1.327352523969668,0.1251831323623298,0.1328641341095182,0.0980474227634086,0.0518335422792959,0.0458563274741975,0.0018417924812783,0.00413542232382,downstairs,wiktor
1672842754980193700,0.1164516691407444,1.314675515715367,0.0342389481192455,1.3202670216420025,0.1164516691407444,-0.1863893038936107,-0.3575405644551027,1.314675515715367,1.2539829711768755,1.2762136840975242,0.0342389481192455,0.1251831323623298,0.1328641341095182,0.0182659382261527,0.0056768370643299,0.0015807344016253,0.0110083667601974,downstairs,wiktor
1672842754990193700,0.2230052900489982,1.370902455906442,-0.1141414195861716,1.3936043795372122,0.2230052900489982,0.1164516691407444,-0.1863893038936107,1.370902455906442,1.314675515715367,1.2539829711768755,-0.1141414195861716,0.0342389481192455,0.1251831323623298,0.0190128715975935,0.0114743025905485,0.0012482717220747,0.0062902972849702,downstairs,wiktor
1672842755000193700,0.0715173196318821,1.3209370334209911,-0.2263046692267757,1.3420891090327118,0.0715173196318821,0.2230052900489982,0.1164516691407444,1.3209370334209911,1.370902455906442,1.314675515715367,-0.2263046692267757,-0.1141414195861716,0.0342389481192455,0.0105161714301042,0.0064892226905247,0.0005841452894265,0.0034428034501529,downstairs,wiktor
1672842755010193700,-0.0424056604074826,1.2867567674938074,-0.3092842263496355,1.3240838158494348,-0.0424056604074826,0.0715173196318821,0.2230052900489982,1.2867567674938074,1.3209370334209911,1.370902455906442,-0.3092842263496355,-0.2263046692267757,-0.1141414195861716,0.0109625456395924,0.0050431951334533,0.0012379121979533,0.0046814383081856,downstairs,wiktor
1672842755020193700,-0.1428366828403284,1.2369991108377032,-0.4060461848683185,1.3097490684952646,-0.1428366828403284,-0.0424056604074826,0.0715173196318821,1.2369991108377032,1.2867567674938074,1.3209370334209911,-0.4060461848683185,-0.3092842263496355,-0.2263046692267757,0.0054825938807426,0.0013520635407206,0.0015064155392483,0.0026241148007737,downstairs,wiktor
1672842755030193700,-0.1948379047629066,1.182109848877857,-0.4784908506591656,1.290077128745007,-0.1948379047629066,-0.1428366828403284,-0.0424056604074826,1.182109848877857,1.2369991108377032,1.2867567674938074,-0.4784908506591656,-0.4060461848683185,-0.3092842263496355,0.0045245918777922,0.0045235678678323,4.777790382562912e-08,9.76232056067406e-07,downstairs,wiktor
1672842755040193700,-0.0997214722411566,1.182418969902136,-0.479888156678667,1.279981107411676,-0.0997214722411566,-0.1948379047629066,-0.1428366828403284,1.182418969902136,1.182109848877857,1.2369991108377032,-0.479888156678667,-0.4784908506591656,-0.4060461848683185,0.0177567487225782,0.01035106972192,0.0007541865681012,0.0066514924325569,downstairs,wiktor
1672842755050193700,0.0441609083474339,1.2212567496559088,-0.3645495904264636,1.2752704177100196,0.0441609083474339,-0.0997214722411566,-0.1948379047629066,1.2212567496559088,1.182418969902136,1.182109848877857,-0.3645495904264636,-0.479888156678667,-0.4784908506591656,0.00599708478823,0.0016780197530557,0.0001999120327814,0.0041191530023929,downstairs,wiktor
1672842755060193700,0.1020922427538805,1.2412523508112334,-0.2737844759562784,1.275181619887765,0.1020922427538805,0.0441609083474339,-0.0997214722411566,1.2412523508112334,1.2212567496559088,1.182418969902136,-0.2737844759562784,-0.3645495904264636,-0.479888156678667,0.004043841209194,0.0036665514073614,0.0003620305548378,1.525924699478347e-05,downstairs,wiktor
1672842755070193700,0.0164587048454019,1.21434396717944,-0.2682601213342825,1.2437305384562096,0.0164587048454019,0.1020922427538805,0.0441609083474339,1.21434396717944,1.2412523508112334,1.2212567496559088,-0.2682601213342825,-0.2737844759562784,-0.3645495904264636,0.0273818121222565,0.0228688053490813,0.0037568343799799,0.0007561723931952,downstairs,wiktor
1672842755080193700,-0.1974048280398533,1.1276625461022576,-0.3071489987466031,1.1852982710888895,-0.1974048280398533,0.0164587048454019,0.1020922427538805,1.1276625461022576,1.21434396717944,1.2412523508112334,-0.3071489987466031,-0.2682601213342825,-0.2737844759562784,0.0108330724625958,0.0084922932832606,0.0022296444061842,0.0001111347731509,downstairs,wiktor
1672842755090193700,-0.327729754920789,1.0608846394836122,-0.322057705809991,1.1561159874443,-0.327729754920789,-0.1974048280398533,0.0164587048454019,1.0608846394836122,1.1276625461022576,1.21434396717944,-0.322057705809991,-0.3071489987466031,-0.2682601213342825,0.0042851660649328,0.0001183106224864,0.0032576653312596,0.0009091901111867,downstairs,wiktor
1672842755100193700,-0.343112252929011,0.9801670412629068,-0.2794152361069639,1.0754191373863555,-0.343112252929011,-0.327729754920789,-0.1974048280398533,0.9801670412629068,1.0608846394836122,1.1276625461022576,-0.2794152361069639,-0.322057705809991,-0.3071489987466031,0.0070208174020093,0.0019651756895837,0.002876875596163,0.0021787661162626,downstairs,wiktor
1672842755110193700,-0.2804197383904521,0.9043135562254606,-0.2134036293053928,0.9705459013631568,-0.2804197383904521,-0.343112252929011,-0.327729754920789,0.9043135562254606,0.9801670412629068,1.0608846394836122,-0.2134036293053928,-0.2794152361069639,-0.322057705809991,0.0213694628751608,0.0080510004942622,0.0021792110512264,0.0111392513296721,downstairs,wiktor
1672842755120193700,-0.1535260782315442,0.8382952095144672,-0.0641437798503423,0.8546481963273262,-0.1535260782315442,-0.2804197383904521,-0.343112252929011,0.8382952095144672,0.9043135562254606,0.9801670412629068,-0.0641437798503423,-0.2134036293053928,-0.2794152361069639,0.0461611375958368,0.0154072327734773,0.0069880345992515,0.0237658702231079,downstairs,wiktor
1672842755130193700,0.0220144172302002,0.7200747831977642,0.1538739727438349,0.7366610668762554,0.0220144172302002,-0.1535260782315442,-0.2804197383904521,0.7200747831977642,0.8382952095144672,0.9043135562254606,0.1538739727438349,-0.0641437798503423,-0.2134036293053928,0.0478730349221758,0.0049428154574569,0.0206463345460919,0.0222838849186269,downstairs,wiktor
1672842755140193700,0.1214409273515653,0.5168688061887602,0.3649847726505519,0.6442943006994377,0.1214409273515653,0.0220144172302002,-0.1535260782315442,0.5168688061887602,0.7200747831977642,0.8382952095144672,0.3649847726505519,0.1538739727438349,-0.0641437798503423,0.0593493705493606,0.0013867782987007,0.0431573149066981,0.0148052773439618,downstairs,wiktor
1672842755150193700,0.1741054941626715,0.2230752905806103,0.5370619491962043,0.6070509415524188,0.1741054941626715,0.1214409273515653,0.0220144172302002,0.2230752905806103,0.5168688061887602,0.7200747831977642,0.5370619491962043,0.3649847726505519,0.1538739727438349,0.0214104647472451,0.0012933402282995,0.0193926781263018,0.0007244463926437,downstairs,wiktor
1672842755160193700,0.2249649127259928,0.0261353092345065,0.5751262735076571,0.6181120422912024,0.2249649127259928,0.1741054941626715,0.1214409273515653,0.0261353092345065,0.2230752905806103,0.5168688061887602,0.5751262735076571,0.5370619491962043,0.3649847726505519,0.0312331589951176,8.23249935296708e-05,0.000526270653699,0.0306245633478889,downstairs,wiktor
1672842755170193700,0.2121333116154789,0.0585782022528262,0.327640664439619,0.3946901983461939,0.2121333116154789,0.2249649127259928,0.1741054941626715,0.0585782022528262,0.0261353092345065,0.2230752905806103,0.327640664439619,0.5751262735076571,0.5370619491962043,0.0834296036478361,0.0067563928723661,0.0234626034720143,0.0532106073034556,downstairs,wiktor
1672842755180193700,0.0958888031656929,0.2752004701387217,0.0014180186792252,0.2914309045281524,0.0958888031656929,0.2121333116154789,0.2249649127259928,0.2752004701387217,0.0585782022528262,0.0261353092345065,0.0014180186792252,0.327640664439619,0.5751262735076571,0.0261228071629772,0.0045407929385165,0.0011778769681412,0.0204041372563193,downstairs,wiktor
1672842755190193700,0.0005914481287709,0.3237365797508705,-0.2005925615205226,0.3808452423452936,0.0005914481287709,0.0958888031656929,0.2121333116154789,0.3237365797508705,0.2752004701387217,0.0585782022528262,-0.2005925615205226,0.0014180186792252,0.327640664439619,0.0016194305879775,9.488843883193743e-06,0.0007438386103342,0.00086610313376,downstairs,wiktor
1672842755200193700,0.0049477869317553,0.2851661607659991,-0.2422123436862202,0.37418049023902,0.0049477869317553,0.0005914481287709,0.0958888031656929,0.2851661607659991,0.3237365797508705,0.2752004701387217,-0.2422123436862202,-0.2005925615205226,0.0014180186792252,0.0160995767343992,0.0089311383546074,0.0015556924903242,0.0056127458894675,downstairs,wiktor
1672842755210193700,0.1385976156230595,0.229386370692457,-0.1362619223612667,0.3006571429409961,0.1385976156230595,0.0049477869317553,0.0005914481287709,0.229386370692457,0.2851661607659991,0.3237365797508705,-0.1362619223612667,-0.2422123436862202,-0.2005925615205226,0.018809165899827,0.0078616176075108,0.0010927066719186,0.0098548416203975,downstairs,wiktor
1672842755220193700,0.2639899408069466,0.1826379659727519,0.0041292569941156,0.3210363939263627,0.2639899408069466,0.1385976156230595,0.0049477869317553,0.1826379659727519,0.229386370692457,0.2851661607659991,0.0041292569941156,-0.1362619223612667,-0.2422123436862202,0.0089440618962874,0.0068599566487735,0.000450921588342,0.0016331836591718,downstairs,wiktor
1672842755230193700,0.3811219744166604,0.1526072620735074,0.0612813988467504,0.4150883588652423,0.3811219744166604,0.2639899408069466,0.1385976156230595,0.1526072620735074,0.1826379659727519,0.229386370692457,0.0612813988467504,0.0041292569941156,-0.1362619223612667,0.0032011917177988,0.0029794160481228,3.357058942196534e-05,0.000188205080254,downstairs,wiktor
1672842755240193700,0.4583154462665887,0.1444132899693365,0.0418801060932219,0.4823506918132176,0.4583154462665887,0.3811219744166604,0.2639899408069466,0.1444132899693365,0.1526072620735074,0.1826379659727519,0.0418801060932219,0.0612813988467504,0.0041292569941156,0.003626604481689,0.0002118261844442,9.806779382075937e-08,0.0034146802294509,downstairs,wiktor
1672842755250193700,0.4788982635880443,0.1439704179927547,-0.0407598386000193,0.5017294017369842,0.4788982635880443,0.4583154462665887,0.3811219744166604,0.1439704179927547,0.1444132899693365,0.1526072620735074,-0.0407598386000193,0.0418801060932219,0.0612813988467504,0.0008619245146347,5.510116190991943e-05,8.566099228616319e-05,0.0007211623604386,downstairs,wiktor
1672842755260193700,0.4684005341278306,0.1308814155642911,-0.0787377890565327,0.4926749889499778,0.4684005341278306,0.4788982635880443,0.4583154462665887,0.1308814155642911,0.1439704179927547,0.1444132899693365,-0.0787377890565327,-0.0407598386000193,0.0418801060932219,0.000529906359683,0.00016788392316,0.0001063239777962,0.0002556984587266,downstairs,wiktor
1672842755270193700,0.4500765649530013,0.1162989618752661,-0.1013518757604745,0.4757799549931927,0.4500765649530013,0.4684005341278306,0.4788982635880443,0.1162989618752661,0.1308814155642911,0.1439704179927547,-0.1013518757604745,-0.0787377890565327,-0.0407598386000193,0.0018000764263027,0.0003258329013176,1.622236124221873e-05,0.0014580211637429,downstairs,wiktor
1672842755280193700,0.4245488192116454,0.121994988778682,-0.1553522676802171,0.4682507920489819,0.4245488192116454,0.4500765649530013,0.4684005341278306,0.121994988778682,0.1162989618752661,0.1308814155642911,-0.1553522676802171,-0.1013518757604745,-0.0787377890565327,0.0037949684454462,2.3021573856161824e-05,0.0006891380672522,0.0030828088043378,downstairs,wiktor
1672842755290193700,0.4177633090825303,0.1591201303205605,-0.2338737144872876,0.5045218653506498,0.4177633090825303,0.4245488192116454,0.4500765649530013,0.1591201303205605,0.121994988778682,0.1162989618752661,-0.2338737144872876,-0.1553522676802171,-0.1013518757604745,0.0038234491447965,0.0001897558687939,0.0006129061796333,0.0030207870963692,downstairs,wiktor
1672842755300193700,0.4372443700800181,0.1941317335295936,-0.3116012784060066,0.5709335564092678,0.4372443700800181,0.4177633090825303,0.4245488192116454,0.1941317335295936,0.1591201303205605,0.121994988778682,-0.3116012784060066,-0.2338737144872876,-0.1553522676802171,0.003640118657343,0.0001485915463731,0.0007536083734574,0.0027379187375124,downstairs,wiktor
1672842755310193700,0.4544833692605504,0.2329546230010761,-0.3856001802561345,0.6399300651833438,0.4544833692605504,0.4372443700800181,0.4177633090825303,0.2329546230010761,0.1941317335295936,0.1591201303205605,-0.3856001802561345,-0.3116012784060066,-0.2338737144872876,0.0046652388325309,0.0003290296953904,0.0024447745449576,0.0018914345921827,downstairs,wiktor
1672842755320193700,0.4801360375580379,0.3028799337970631,-0.4471052140693566,0.7226132723018946,0.4801360375580379,0.4544833692605504,0.4372443700800181,0.3028799337970631,0.2329546230010761,0.1941317335295936,-0.4471052140693566,-0.3856001802561345,-0.3116012784060066,0.0111676979082931,0.001821547269958,0.0063621434008893,0.0029840072374458,downstairs,wiktor
1672842755330193700,0.5404940903755042,0.4156819142840147,-0.5243581394177965,0.86016090004566,0.5404940903755042,0.4801360375580379,0.4544833692605504,0.4156819142840147,0.3028799337970631,0.2329546230010761,-0.5243581394177965,-0.4471052140693566,-0.3856001802561345,0.013128546440647,0.0006135825917705,0.0068821182052097,0.0056328456436666,downstairs,wiktor
1672842755340193700,0.5755250079133185,0.5330029968328028,-0.6304981002588169,1.0064040360592517,0.5755250079133185,0.5404940903755042,0.4801360375580379,0.5330029968328028,0.4156819142840147,0.3028799337970631,-0.6304981002588169,-0.5243581394177965,-0.4471052140693566,0.0106258873773609,6.894326546249087e-07,0.0065707193889545,0.0040544785557517,downstairs,wiktor
1672842755350193700,0.5743507569566445,0.6476391114647507,-0.7205478482401605,1.1262790117546573,0.5743507569566445,0.5755250079133185,0.5404940903755042,0.6476391114647507,0.5330029968328028,0.4156819142840147,-0.7205478482401605,-0.6304981002588169,-0.5243581394177965,0.0091762885375108,2.781329458171005e-05,0.0087435163535949,0.0004049588893341,downstairs,wiktor
1672842755360193700,0.5668924334745595,0.7798776561753983,-0.74900690266346,1.2208961995066785,0.5668924334745595,0.5743507569566445,0.5755250079133185,0.7798776561753983,0.6476391114647507,0.5330029968328028,-0.74900690266346,-0.7205478482401605,-0.6304981002588169,0.0042388764220855,0.0001553894270005,0.0040821292924741,1.3577026108422498e-06,downstairs,wiktor
1672842755370193700,0.5845213544285246,0.8702339430897476,-0.7506547513281391,1.2893622009272636,0.5845213544285246,0.5668924334745595,0.5743507569566445,0.8702339430897476,0.7798776561753983,0.6476391114647507,-0.7506547513281391,-0.74900690266346,-0.7205478482401605,0.0020136120560664,0.0018687610633267,0.0001437238367813,1.1271559583263037e-06,downstairs,wiktor
1672842755380193700,0.6456566316966736,0.887188224954892,-0.7491533147105449,1.3286105981416465,0.6456566316966736,0.5845213544285246,0.5668924334745595,0.887188224954892,0.8702339430897476,0.7798776561753983,-0.7491533147105449,-0.7506547513281391,-0.74900690266346,0.0026397695818421,0.0023923926305985,0.0001076403860805,0.000139736565163,downstairs,wiktor
1672842755390193700,0.7148287739303588,0.8725157755288038,-0.7324358648354576,1.3448889361886631,0.7148287739303588,0.6456566316966736,0.5845213544285246,0.8725157755288038,0.887188224954892,0.8702339430897476,-0.7324358648354576,-0.7491533147105449,-0.7506547513281391,0.0026650240286725,0.0008216915933782,0.0005654704686905,0.0012778619666037,downstairs,wiktor
1672842755400193700,0.7553674367938086,0.8388863102136803,-0.6818816965285072,1.3188149430807063,0.7553674367938086,0.7148287739303588,0.6456566316966736,0.8388863102136803,0.8725157755288038,0.887188224954892,-0.6818816965285072,-0.7324358648354576,-0.7491533147105449,0.0067040611168087,7.527071687401881e-05,0.0043138938808114,0.0023148965191233,downstairs,wiktor
1672842755410193700,0.7676369695374805,0.7460004245171824,-0.6138391139919318,1.2339293368126487,0.7676369695374805,0.7553674367938086,0.7148287739303588,0.7460004245171824,0.8388863102136803,0.8725157755288038,-0.6138391139919318,-0.6818816965285072,-0.7324358648354576,0.0086693931796828,1.305351161937527e-05,0.0064477091494274,0.002208630518636,downstairs,wiktor
1672842755420193700,0.7625274663093036,0.6324424292070547,-0.5473766355753691,1.1318360059263075,0.7625274663093036,0.7676369695374805,0.7553674367938086,0.6324424292070547,0.7460004245171824,0.8388863102136803,-0.5473766355753691,-0.6138391139919318,-0.6818816965285072,0.006758517150392,0.0009197280052389,0.0056520173435537,0.0001867718015993,downstairs,wiktor
1672842755430193700,0.7196385865095473,0.5261219952016037,-0.5280493594300179,1.0361081869297373,0.7196385865095473,0.7625274663093036,0.7676369695374805,0.5261219952016037,0.6324424292070547,0.7460004245171824,-0.5280493594300179,-0.5473766355753691,-0.6138391139919318,0.0087567509005384,0.0032859362580757,0.0054417332262524,2.908141621019983e-05,downstairs,wiktor
1672842755440193700,0.6385714999938005,0.4217981414935237,-0.5356758155152779,0.9341497803348674,0.6385714999938005,0.7196385865095473,0.7625274663093036,0.4217981414935237,0.5261219952016037,0.6324424292070547,-0.5356758155152779,-0.5280493594300179,-0.5473766355753691,0.0081582725864197,0.0051833842433072,0.0028052760989978,0.0001696122441146,downstairs,wiktor
1672842755450193700,0.5367541709843702,0.3468945221016969,-0.5540938634093778,0.8458491940063627,0.5367541709843702,0.6385714999938005,0.7196385865095473,0.3468945221016969,0.4217981414935237,0.5261219952016037,-0.5540938634093778,-0.5356758155152779,-0.5280493594300179,0.0005385667909729,0.0003658369695386,9.915067183552855e-06,0.0001628147542507,downstairs,wiktor
1672842755460193700,0.5097046989178535,0.3424414181991245,-0.5721390707648387,0.8392902485390977,0.5097046989178535,0.5367541709843702,0.6385714999938005,0.3424414181991245,0.3468945221016969,0.4217981414935237,-0.5721390707648387,-0.5540938634093778,-0.5356758155152779,0.0256389345906802,0.0106142096603227,0.0150127083522444,1.201657811301555e-05,downstairs,wiktor
1672842755470193700,0.6554044563666755,0.5157198551279265,-0.577041433075606,1.0141492917142012,0.6554044563666755,0.5097046989178535,0.5367541709843702,0.5157198551279265,0.3424414181991245,0.3468945221016969,-0.577041433075606,-0.5721390707648387,-0.5540938634093778,0.3412455420880196,0.1470454089893584,0.1940905902412101,0.000109542857451,downstairs,wiktor
1672842755480193700,1.197705865159532,1.138761732117283,-0.5622398887338107,1.7456778953907004,1.197705865159532,0.6554044563666755,0.5097046989178535,1.138761732117283,0.5157198551279265,0.3424414181991245,-0.5622398887338107,-0.577041433075606,-0.5721390707648387,0.5781777025094282,0.0270523012435551,0.5356148016628923,0.0155105996029806,downstairs,wiktor
1672842755490193700,1.4303098257601854,2.173763955943776,-0.7383682487612673,2.704851863708112,1.4303098257601854,1.197705865159532,0.6554044563666755,2.173763955943776,1.138761732117283,0.5157198551279265,-0.7383682487612673,-0.5622398887338107,-0.577041433075606,0.5971757655262119,0.4211223473721455,0.0698391717550744,0.1062142463989918,downstairs,wiktor
1672842755500193700,0.5125709223980739,2.5474996158829213,-1.1992679046496002,2.8619445750283643,0.5125709223980739,1.4303098257601854,1.197705865159532,2.5474996158829213,2.173763955943776,1.138761732117283,-1.1992679046496002,-0.7383682487612673,-0.5622398887338107,0.3157123143648627,0.1928758440566377,0.0900444222910031,0.0327920480172218,downstairs,wiktor
1672842755510193700,-0.1085181920720442,2.12313085574381,-1.4553618249882987,2.576342149299138,-0.1085181920720442,0.5125709223980739,1.4303098257601854,2.12313085574381,2.5474996158829213,2.173763955943776,-1.4553618249882987,-1.1992679046496002,-0.7383682487612673,0.6231527506904939,0.0175331570617088,0.6039691648584654,0.0016504287703196,downstairs,wiktor
1672842755520193700,0.0787418253460306,1.024068378121664,-1.512814914902064,1.8285309089205188,0.0787418253460306,-0.1085181920720442,0.5125709223980739,1.024068378121664,2.12313085574381,2.5474996158829213,-1.512814914902064,-1.4553618249882987,-1.1992679046496002,0.6753366716272707,0.1591159231405931,0.4948369241210022,0.0213838243656753,downstairs,wiktor
1672842755530193700,0.6428622435912723,0.0292448519412641,-1.3060115089065372,1.4559509562470163,0.6428622435912723,0.0787418253460306,-0.1085181920720442,0.0292448519412641,1.024068378121664,2.12313085574381,-1.3060115089065372,-1.512814914902064,-1.4553618249882987,0.3027402532030224,0.0030963935272948,0.02767587876063,0.2719679809150975,downstairs,wiktor
1672842755540193700,0.721556506753143,-0.2060246903315511,-0.5684913655679331,0.9414204152180382,0.721556506753143,0.6428622435912723,0.0787418253460306,-0.2060246903315511,0.0292448519412641,1.024068378121664,-0.5684913655679331,-1.3060115089065372,-1.512814914902064,0.1066429611665764,0.0395583006916039,0.002554444749435,0.0645302157255374,downstairs,wiktor
1672842755550193700,0.4402797722314126,-0.1345481942026136,-0.2092415479603595,0.5056990407269686,0.4402797722314126,0.721556506753143,0.6428622435912723,-0.1345481942026136,-0.2060246903315511,0.0292448519412641,-0.2092415479603595,-0.5684913655679331,-1.3060115089065372,0.0327465482272224,0.0220667612600198,0.0071599286045387,0.0035198583626638,downstairs,wiktor
1672842755560193700,0.2301999718696461,-0.014882588412656,-0.1253385281974943,0.2625324077849447,0.2301999718696461,0.4402797722314126,0.721556506753143,-0.014882588412656,-0.1345481942026136,-0.2060246903315511,-0.1253385281974943,-0.2092415479603595,-0.5684913655679331,0.0722718283608035,0.0016777627937507,0.0705294532428674,6.461232418536171e-05,downstairs,wiktor
1672842755570193700,0.1722730732171072,0.3606955079744133,-0.1367062301803369,0.422454559211646,0.1722730732171072,0.2301999718696461,0.4402797722314126,0.3606955079744133,-0.014882588412656,-0.1345481942026136,-0.1367062301803369,-0.1253385281974943,-0.2092415479603595,0.1435840361548682,0.0002316498216702,0.1396733814641693,0.0036790048690286,downstairs,wiktor
1672842755580193700,0.1507486767484369,0.8892281587428769,-0.2224850721989678,0.9289518228595236,0.1507486767484369,0.1722730732171072,0.2301999718696461,0.8892281587428769,0.3606955079744133,-0.014882588412656,-0.2224850721989678,-0.1367062301803369,-0.1253385281974943,0.0603472682425906,0.0034356373967437,0.0513343013974789,0.0055773294483679,downstairs,wiktor
1672842755590193700,0.0678555238738624,1.209647575749646,-0.3281006908201543,1.2551899031436855,0.0678555238738624,0.1507486767484369,0.1722730732171072,1.209647575749646,0.8892281587428769,0.3606955079744133,-0.3281006908201543,-0.2224850721989678,-0.1367062301803369,0.0174967503639092,0.000242766479181,0.0063591603824755,0.0108948235022527,downstairs,wiktor
1672842755600193700,0.045820711454372,1.3224231084016846,-0.475713857592314,1.4061316046296377,0.045820711454372,0.0678555238738624,0.1507486767484369,1.3224231084016846,1.209647575749646,0.8892281587428769,-0.475713857592314,-0.3281006908201543,-0.2224850721989678,0.0110785160021181,8.557336050140832e-05,0.0001528931577437,0.010840049483873,downstairs,wiktor
1672842755610193700,0.0327384058088515,1.3049363615490703,-0.6229554922197051,1.4463762498722543,0.0327384058088515,0.045820711454372,0.0678555238738624,1.3049363615490703,1.3224231084016846,1.209647575749646,-0.6229554922197051,-0.475713857592314,-0.3281006908201543,0.0166514776771363,0.0023902536733645,0.0113804648308336,0.0028807591729381,downstairs,wiktor
1672842755620193700,-0.0364028072751628,1.1540691031340409,-0.6988601583863926,1.3496689150180408,-0.0364028072751628,0.0327384058088515,0.045820711454372,1.1540691031340409,1.3049363615490703,1.3224231084016846,-0.6988601583863926,-0.6229554922197051,-0.475713857592314,0.0138943565364573,0.0033181834709365,0.0101566629664171,0.0004195100991036,downstairs,wiktor
1672842755630193700,-0.1178667068986963,1.0115442774620398,-0.7278260037599914,1.2517368244206055,-0.1178667068986963,-0.0364028072751628,0.0327384058088515,1.0115442774620398,1.1540691031340409,1.3049363615490703,-0.7278260037599914,-0.6988601583863926,-0.6229554922197051,0.0033902128365287,8.759166156482172e-05,0.0032521361015918,5.048507337203361e-05,downstairs,wiktor
1672842755640193700,-0.1311023906033503,0.9308952092517762,-0.7378743940163492,1.195078386037843,-0.1311023906033503,-0.1178667068986963,-0.0364028072751628,0.9308952092517762,1.0115442774620398,1.1540691031340409,-0.7378743940163492,-0.7278260037599914,-0.6988601583863926,0.0004758445594147,3.560852797709164e-05,0.0004029224721725,3.73135592651062e-05,downstairs,wiktor
1672842755650193700,-0.122663370757765,0.9025078010512184,-0.7465130929073983,1.1776452909794752,-0.122663370757765,-0.1311023906033503,-0.1178667068986963,0.9025078010512184,0.9308952092517762,1.0115442774620398,-0.7465130929073983,-0.7378743940163492,-0.7278260037599914,0.0001427376621916,3.941392711828139e-07,8.291063312744995e-05,5.943288979305514e-05,downstairs,wiktor
1672842755660193700,-0.1235512212757947,0.889630640407082,-0.7574156513037615,1.1748983145233278,-0.1235512212757947,-0.122663370757765,-0.1311023906033503,0.889630640407082,0.9025078010512184,0.9308952092517762,-0.7574156513037615,-0.7465130929073983,-0.7378743940163492,0.000360305047717,0.0002484091337155,0.0001026550195304,9.240894471126178e-06,downstairs,wiktor
1672842755670193700,-0.1012618007487589,0.875301996400726,-0.753116606183941,1.1591342285102253,-0.1012618007487589,-0.1235512212757947,-0.122663370757765,0.875301996400726,0.889630640407082,0.9025078010512184,-0.753116606183941,-0.7574156513037615,-0.7465130929073983,0.0018384472579639,0.0009724889743274,0.0001016536351137,0.0007643046485227,downstairs,wiktor
1672842755680193700,-0.0571598966101071,0.8610434105582413,-0.7140191728021243,1.1200385653071396,-0.0571598966101071,-0.1012618007487589,-0.1235512212757947,0.8610434105582413,0.875301996400726,0.889630640407082,-0.7140191728021243,-0.753116606183941,-0.7574156513037615,0.0019583444109236,0.0001289446632932,7.061862038468669e-06,0.0018223378855918,downstairs,wiktor
1672842755690193700,-0.0411009636883166,0.8572852562137608,-0.6536480226459139,1.0788341101608323,-0.0411009636883166,-0.0571598966101071,-0.1012618007487589,0.8572852562137608,0.8610434105582413,0.875301996400726,-0.6536480226459139,-0.7140191728021243,-0.753116606183941,0.0029419302180464,1.116045665709826e-05,2.279680681620522e-05,0.0029079729545731,downstairs,wiktor
1672842755700193700,-0.0363764623057159,0.8640375605339474,-0.5773856734220254,1.0398357413054908,-0.0363764623057159,-0.0411009636883166,-0.0571598966101071,0.8640375605339474,0.8572852562137608,0.8610434105582413,-0.5773856734220254,-0.6536480226459139,-0.7140191728021243,0.0031097766371051,6.049610018459461e-05,6.070271590987816e-05,0.0029885778210107,downstairs,wiktor
1672842755710193700,-0.0253768168401025,0.8750559738416681,-0.5000736068216466,1.008186764656498,-0.0253768168401025,-0.0363764623057159,-0.0411009636883166,0.8750559738416681,0.8640375605339474,0.8572852562137608,-0.5000736068216466,-0.5773856734220254,-0.6536480226459139,0.002531117020829,6.413202339625564e-06,6.061834739231242e-06,0.0025186419837501,downstairs,wiktor
1672842755720193700,-0.0289582138690915,0.878537879853964,-0.4290997808891216,0.9781584771640424,-0.0289582138690915,-0.0253768168401025,-0.0363764623057159,0.878537879853964,0.8750559738416681,0.8640375605339474,-0.4290997808891216,-0.5000736068216466,-0.5773856734220254,0.002073311052857,0.0001612788663945,1.3063446950041685e-05,0.0018989687395124,downstairs,wiktor
1672842755730193700,-0.0469181062069953,0.8734264325148943,-0.3674723723842618,0.948741791095693,-0.0469181062069953,-0.0289582138690915,-0.0253768168401025,0.8734264325148943,0.878537879853964,0.8750559738416681,-0.3674723723842618,-0.4290997808891216,-0.5000736068216466,0.0012884649604814,7.490855715335979e-05,4.69625388069981e-05,0.001166593864521,downstairs,wiktor
1672842755740193700,-0.0591580863665674,0.8637349373973184,-0.3191692904014095,0.9227170515378176,-0.0591580863665674,-0.0469181062069953,-0.0289582138690915,0.8637349373973184,0.8734264325148943,0.878537879853964,-0.3191692904014095,-0.3674723723842618,-0.4290997808891216,0.0008011839605364,0.0001633256811044,4.006592706217671e-05,0.0005977923523698,downstairs,wiktor
1672842755750193700,-0.0772315852588387,0.8547832976523134,-0.2845920622774013,0.9042189146541124,-0.0772315852588387,-0.0591580863665674,-0.0469181062069953,0.8547832976523134,0.8637349373973184,0.8734264325148943,-0.2845920622774013,-0.3191692904014095,-0.3674723723842618,0.0011801716238264,0.0008807187010071,1.081194601331028e-05,0.000288640976806,downstairs,wiktor
1672842755760193700,-0.1192010670523314,0.8501331479744406,-0.2605653697540422,0.8971229434065363,-0.1192010670523314,-0.0772315852588387,-0.0591580863665674,0.8501331479744406,0.8547832976523134,0.8637349373973184,-0.2605653697540422,-0.2845920622774013,-0.3191692904014095,0.0013181611841137,0.0011742014421917,1.7483627159777458e-06,0.0001422113792059,downstairs,wiktor
1672842755770193700,-0.1676613898368891,0.8520031012979103,-0.2437005318238419,0.9018922194334076,-0.1676613898368891,-0.1192010670523314,-0.0772315852588387,0.8520031012979103,0.8501331479744406,0.8547832976523134,-0.2437005318238419,-0.2605653697540422,-0.2845920622774013,0.0009862171862745,0.0008390430627105,0.0001307406209733,1.64335025906442e-05,downstairs,wiktor
1672842755780193700,-0.2086258393684174,0.8681734829244121,-0.2379675565769663,0.924055461153979,-0.2086258393684174,-0.1676613898368891,-0.1192010670523314,0.8681734829244121,0.8520031012979103,0.8501331479744406,-0.2379675565769663,-0.2437005318238419,-0.2605653697540422,0.0014911724824204,0.0011141781974195,0.0003688965716813,8.097713319457696e-06,downstairs,wiktor
1672842755790193700,-0.2558313093357759,0.8953358308229781,-0.2419919107660152,0.9620997836337544,-0.2558313093357759,-0.2086258393684174,-0.1676613898368891,0.8953358308229781,0.8681734829244121,0.8520031012979103,-0.2419919107660152,-0.2379675565769663,-0.2437005318238419,0.0018925144713824,0.0013239590227492,0.0004914216775791,7.713377105412176e-05,downstairs,wiktor
1672842755800193700,-0.3072892343376497,0.9266861634393676,-0.2544123593129979,1.0089100889677929,-0.3072892343376497,-0.2558313093357759,-0.2086258393684174,0.9266861634393676,0.8953358308229781,0.8681734829244121,-0.2544123593129979,-0.2419919107660152,-0.2379675565769663,0.0010674071357373,0.0004863541650732,0.0004480859559689,0.000132967014695,downstairs,wiktor
1672842755810193700,-0.3384775066550865,0.9566222939832096,-0.2707198431590784,1.0502297221737815,-0.3384775066550865,-0.3072892343376497,-0.2558313093357759,0.9566222939832096,0.9266861634393676,0.8953358308229781,-0.2707198431590784,-0.2544123593129979,-0.2419919107660152,0.0004967782276783,2.22866617182347e-05,0.0001753860969052,0.0002991054690548,downstairs,wiktor
1672842755820193700,-0.3318011810611337,0.9753512072941986,-0.295178194250469,1.0716959306094156,-0.3318011810611337,-0.3384775066550865,-0.3072892343376497,0.9753512072941986,0.9566222939832096,0.9266861634393676,-0.295178194250469,-0.2707198431590784,-0.2544123593129979,0.003312163200443,0.002961450845177,9.835701330707549e-06,0.0003408766539352,downstairs,wiktor
1672842755830193700,-0.2548407906622138,0.9797864527960186,-0.3212886003727504,1.0621448518904697,-0.2548407906622138,-0.3318011810611337,-0.3384775066550865,0.9797864527960186,0.9753512072941986,0.9566222939832096,-0.3212886003727504,-0.295178194250469,-0.2707198431590784,0.0131053849956084,0.0127946238900937,9.752187142188963e-06,0.0003010089183725,downstairs,wiktor
1672842755840193700,-0.0948743948780129,0.9753700771004536,-0.3458246521485561,1.0392028811257614,-0.0948743948780129,-0.2548407906622138,-0.3318011810611337,0.9753700771004536,0.9797864527960186,0.9753512072941986,-0.3458246521485561,-0.3212886003727504,-0.295178194250469,0.0580859890660943,0.0569761423638604,0.0003494157577417,0.0007604309444921,downstairs,wiktor
1672842755850193700,0.2426937978293581,0.94893465549452,-0.3848228814543118,1.0523620622172485,0.2426937978293581,-0.0948743948780129,-0.2548407906622138,0.94893465549452,0.9753700771004536,0.9797864527960186,-0.3848228814543118,-0.3458246521485561,-0.3212886003727504,0.0190298169123324,0.0186608811516834,0.0002247712578389,0.0001441645028099,downstairs,wiktor
1672842755860193700,0.4358822092399989,0.9277322378097872,-0.4018031348570132,1.1009660142731112,0.4358822092399989,0.2426937978293581,-0.0948743948780129,0.9277322378097872,0.94893465549452,0.9753700771004536,-0.4018031348570132,-0.3848228814543118,-0.3458246521485561,0.0105746930280128,0.0091882555411951,1.609901616929034e-06,0.0013848275852007,downstairs,wiktor
1672842755870193700,0.30032221852596,0.925937856792874,-0.3491756214215334,1.0341556769547076,0.30032221852596,0.4358822092399989,0.2426937978293581,0.925937856792874,0.9277322378097872,0.94893465549452,-0.3491756214215334,-0.4018031348570132,-0.3848228814543118,0.0559949186129272,0.053355484109851,9.504338009213405e-06,0.002629930165067,downstairs,wiktor
1672842755880193700,-0.0263442294292931,0.9302977508303968,-0.276650726867084,0.9709189195295376,-0.0263442294292931,0.30032221852596,0.4358822092399989,0.9302977508303968,0.925937856792874,0.9277322378097872,-0.276650726867084,-0.3491756214215334,-0.4018031348570132,0.0054562114685612,0.0047550258793303,4.806333348210505e-06,0.0006963792558826,downstairs,wiktor
1672842755890193700,-0.1238637236787035,0.9333981809128888,-0.2393310469144732,0.9715213513825736,-0.1238637236787035,-0.0263442294292931,0.30032221852596,0.9333981809128888,0.9302977508303968,0.925937856792874,-0.2393310469144732,-0.276650726867084,-0.3491756214215334,0.0004557792751631,8.794524328924202e-05,0.0001574480558335,0.0002103859760403,downstairs,wiktor
1672842755900193700,-0.1106013526019132,0.9156528685271608,-0.2188183203263098,0.9479104874141956,-0.1106013526019132,-0.1238637236787035,-0.0263442294292931,0.9156528685271608,0.9333981809128888,0.9302977508303968,-0.2188183203263098,-0.2393310469144732,-0.276650726867084,0.0067672576017328,0.0047188533197382,0.0019612149930802,8.718928891432298e-05,downstairs,wiktor
1672842755910193700,-0.013453492926692,0.8530235623984762,-0.205613072209419,0.877557365613389,-0.013453492926692,-0.1106013526019132,-0.1238637236787035,0.8530235623984762,0.9156528685271608,0.9333981809128888,-0.205613072209419,-0.2188183203263098,-0.2393310469144732,0.002766815678422,0.0021337022307258,0.0005730289247133,6.00845229828375e-05,downstairs,wiktor
1672842755920193700,0.0518718808682711,0.8191700862191127,-0.1946509079173791,0.8435753067356231,0.0518718808682711,-0.013453492926692,-0.1106013526019132,0.8191700862191127,0.8530235623984762,0.9156528685271608,-0.1946509079173791,-0.205613072209419,-0.2188183203263098,0.0004122100982921,0.0004079480018163,4.059530536227981e-07,3.856143422184098e-06,downstairs,wiktor
1672842755930193700,0.0804357742239155,0.82007114454533,-0.1918738074790859,0.8460509168409486,0.0804357742239155,0.0518718808682711,-0.013453492926692,0.82007114454533,0.8191700862191127,0.8530235623984762,-0.1918738074790859,-0.1946509079173791,-0.205613072209419,0.0003482207104107,7.71156954444646e-06,0.0002931979327896,4.73112080766666e-05,downstairs,wiktor
1672842755940193700,0.076508543763541,0.8442867565669011,-0.2016012128964279,0.8713878204475813,0.076508543763541,0.0804357742239155,0.0518718808682711,0.8442867565669011,0.82007114454533,0.8191700862191127,-0.2016012128964279,-0.1918738074790859,-0.1946509079173791,0.0044304664970422,0.0034413240489296,0.0002205250945006,0.000768617353612,downstairs,wiktor
1672842755950193700,-0.006453182941363,0.8652879515091241,-0.240808797713962,0.8981947225704318,-0.006453182941363,0.076508543763541,0.0804357742239155,0.8652879515091241,0.8442867565669011,0.82007114454533,-0.240808797713962,-0.2016012128964279,-0.1918738074790859,0.0085572642010329,0.0071136281270746,7.249238320744003e-05,0.0013711436907508,downstairs,wiktor
1672842755960193700,-0.1257312456945338,0.8773289135311089,-0.2931756515577977,0.9335236104823028,-0.1257312456945338,-0.006453182941363,0.076508543763541,0.8773289135311089,0.8652879515091241,0.8442867565669011,-0.2931756515577977,-0.240808797713962,-0.2016012128964279,0.0022009192256272,0.0013322392147829,5.645534663925004e-07,0.0008681154573779,downstairs,wiktor
1672842755970193700,-0.1773498317810001,0.8783915079658698,-0.3348437558434005,0.9566320844120892,-0.1773498317810001,-0.1257312456945338,-0.006453182941363,0.8783915079658698,0.8773289135311089,0.8652879515091241,-0.3348437558434005,-0.2931756515577977,-0.240808797713962,0.0009852026138104,3.8229569273690805e-05,0.000312694139805,0.0006342789047317,downstairs,wiktor
1672842755980193700,-0.1686057401445074,0.8533837435793803,-0.3704605750369138,0.945480167466201,-0.1686057401445074,-0.1773498317810001,-0.1257312456945338,0.8533837435793803,0.8783915079658698,0.8773289135311089,-0.3704605750369138,-0.3348437558434005,-0.2931756515577977,0.0014555715605892,0.0010779007322389,0.0001553068521585,0.0002223639761916,downstairs,wiktor
1672842755990193700,-0.1221751310113295,0.8357595073032421,-0.3915491490139132,0.9309841313249724,-0.1221751310113295,-0.1686057401445074,-0.1773498317810001,0.8357595073032421,0.8533837435793803,0.8783915079658698,-0.3915491490139132,-0.3704605750369138,-0.3348437558434005,0.0002486263501072,0.0002220423106821,2.623791577848884e-05,3.46123646615652e-07,downstairs,wiktor
1672842756000193700,-0.1011018156251779,0.8430035277033361,-0.3923811630121315,0.9353285529319256,-0.1011018156251779,-0.1221751310113295,-0.1686057401445074,0.8430035277033361,0.8357595073032421,0.8533837435793803,-0.3923811630121315,-0.3915491490139132,-0.3704605750369138,0.0011632719137764,6.75128133213784e-05,0.0008972283354987,0.0001985307649562,downstairs,wiktor
1672842756010193700,-0.112721868406588,0.8853645554410758,-0.3724547601778873,0.9671086619545984,-0.112721868406588,-0.1011018156251779,-0.1221751310113295,0.8853645554410758,0.8430035277033361,0.8357595073032421,-0.3724547601778873,-0.3923811630121315,-0.3915491490139132,0.0037134238766625,0.001852888599618,0.0011775035879562,0.0006830316890882,downstairs,wiktor
1672842756020193700,-0.1735969634721081,0.9338929716104968,-0.3354944655608741,1.0073969051829557,-0.1735969634721081,-0.112721868406588,-0.1011018156251779,0.9338929716104968,0.8853645554410758,0.8430035277033361,-0.3354944655608741,-0.3724547601778873,-0.3923811630121315,0.0014431531737036,0.0001555881781711,0.0001341712023302,0.0011533937932022,downstairs,wiktor
1672842756030193700,-0.1912371549773679,0.9502741316628394,-0.2874654369801856,1.011053387418098,-0.1912371549773679,-0.1735969634721081,-0.112721868406588,0.9502741316628394,0.9338929716104968,0.8853645554410758,-0.2874654369801856,-0.3354944655608741,-0.3724547601778873,0.0009136850281592,7.478537343832937e-05,0.0001707208623668,0.000668178792354,downstairs,wiktor
1672842756040193700,-0.1790072430039864,0.9317959898532906,-0.250909212001284,0.9814493325799692,-0.1790072430039864,-0.1912371549773679,-0.1735969634721081,0.9317959898532906,0.9502741316628394,0.9338929716104968,-0.250909212001284,-0.2874654369801856,-0.3354944655608741,0.0015610717836206,1.6475133068769854e-05,0.0008155756608247,0.0007290209897271,downstairs,wiktor
1672842756050193700,-0.1732670107667386,0.8914084754255678,-0.2127248961182635,0.9326748675230304,-0.1732670107667386,-0.1790072430039864,-0.1912371549773679,0.8914084754255678,0.9317959898532906,0.9502741316628394,-0.2127248961182635,-0.250909212001284,-0.2874654369801856,0.0011628139882084,1.8797677436011567e-05,0.0003979443391517,0.0007460719716206,downstairs,wiktor
1672842756060193700,-0.1793985158733191,0.8631969763816748,-0.1740966170569169,0.8986670571477948,-0.1793985158733191,-0.1732670107667386,-0.1790072430039864,0.8631969763816748,0.8914084754255678,0.9317959898532906,-0.1740966170569169,-0.2127248961182635,-0.250909212001284,0.001044146724968,5.5637425660879815e-06,0.0006209719132753,0.0004176110691266,downstairs,wiktor
1672842756070193700,-0.1827343044056119,0.8279557529842011,-0.1451964070532991,0.860223547415104,-0.1827343044056119,-0.1793985158733191,-0.1732670107667386,0.8279557529842011,0.8631969763816748,0.8914084754255678,-0.1451964070532991,-0.1740966170569169,-0.2127248961182635,0.0011942622637133,2.8606387792155016e-06,0.0007861355993166,0.0004052660256175,downstairs,wiktor
1672842756080193700,-0.1803423851848958,0.7883038778881452,-0.1167265624587983,0.817050469782077,-0.1803423851848958,-0.1827343044056119,-0.1793985158733191,0.7883038778881452,0.8279557529842011,0.8631969763816748,-0.1167265624587983,-0.1451964070532991,-0.1740966170569169,0.0007289656642931,0.0002219293431951,6.81300730930051e-05,0.000438906248005,downstairs,wiktor
1672842756090193700,-0.1592744311696082,0.7766308257514497,-0.08709866182426,0.7975650198092678,-0.1592744311696082,-0.1803423851848958,-0.1827343044056119,0.7766308257514497,0.7883038778881452,0.8279557529842011,-0.08709866182426,-0.1167265624587983,-0.1451964070532991,0.0002930662332116,4.75965089001445e-07,6.456778023341563e-05,0.0002280224878892,downstairs,wiktor
1672842756100193700,-0.160250100262079,0.7879946085928644,-0.0657434522542636,0.806807163651722,-0.160250100262079,-0.1592744311696082,-0.1803423851848958,0.7879946085928644,0.7766308257514497,0.7883038778881452,-0.0657434522542636,-0.08709866182426,-0.1167265624587983,0.0015878101104624,5.206449251284625e-06,0.0012328771229879,0.0003497265382231,downstairs,wiktor
1672842756110193700,-0.1570231979545139,0.8376509701790296,-0.039296277046949,0.8531468982112532,-0.1570231979545139,-0.160250100262079,-0.1592744311696082,0.8376509701790296,0.7879946085928644,0.7766308257514497,-0.039296277046949,-0.0657434522542636,-0.08709866182426,0.0053553190886187,0.0017019225394189,0.0025246876169174,0.0011287089322823,downstairs,wiktor
1672842756120193700,-0.0986807170436215,0.9087099262214244,0.0082160146738744,0.9140892280443474,-0.0986807170436215,-0.1570231979545139,-0.160250100262079,0.9087099262214244,0.8376509701790296,0.7879946085928644,0.0082160146738744,-0.039296277046949,-0.0657434522542636,0.0028655812145762,9.335412839966364e-07,0.0024585302453918,0.0004061174279003,downstairs,wiktor
1672842756130193700,-0.09731430474567,0.97883168098258,0.0367157489849304,0.9843422066673972,-0.09731430474567,-0.0986807170436215,-0.1570231979545139,0.97883168098258,0.9087099262214244,0.8376509701790296,0.0367157489849304,0.0082160146738744,-0.039296277046949,0.0100778811370951,0.0098883789331107,0.0001543279352602,3.517426872416085e-05,downstairs,wiktor
1672842756140193700,-0.237944165963768,0.9964002856659478,0.0283283454863308,1.024808982469108,-0.237944165963768,-0.09731430474567,-0.0986807170436215,0.9964002856659478,0.97883168098258,0.9087099262214244,0.0283283454863308,0.0367157489849304,0.0082160146738744,0.0167847930418763,0.0148260472255828,0.0008022153728249,0.0011565304434685,downstairs,wiktor
1672842756150193700,-0.4101420011742191,0.9563449396351134,-0.0197659461389445,1.040770290371343,-0.4101420011742191,-0.237944165963768,-0.09731430474567,0.9563449396351134,0.9964002856659478,0.97883168098258,-0.0197659461389445,0.0283283454863308,0.0367157489849304,0.0022626843277132,3.6931703344172274e-08,0.0021708780843485,9.176931166139546e-05,downstairs,wiktor
1672842756160193700,-0.4098702229435082,0.8904529358053843,-0.0333135888609383,0.9808209957698624,-0.4098702229435082,-0.4101420011742191,-0.237944165963768,0.8904529358053843,0.9563449396351134,0.9964002856659478,-0.0333135888609383,-0.0197659461389445,0.0283283454863308,0.0082617585616552,0.0079096010433619,0.0002745939354626,7.756358283073032e-05,downstairs,wiktor
1672842756170193700,-0.2840958134369483,0.8670181780527374,-0.0208585832141527,0.912614942229192,-0.2840958134369483,-0.4098702229435082,-0.4101420011742191,0.8670181780527374,0.8904529358053843,0.9563449396351134,-0.0208585832141527,-0.0333135888609383,-0.0197659461389445,6.868744203956867e-05,4.864063456793841e-05,8.582828535972119e-06,1.146397893565814e-05,downstairs,wiktor
1672842756180193700,-0.2742326866945873,0.871161323846931,-0.0256468979355673,0.9136648083362884,-0.2742326866945873,-0.2840958134369483,-0.4098702229435082,0.871161323846931,0.8670181780527374,0.8904529358053843,-0.0256468979355673,-0.0208585832141527,-0.0333135888609383,0.0096574851265424,0.0088509886628428,8.001859162954912e-05,0.00072647787207,downstairs,wiktor
1672842756190193700,-0.4072814646885456,0.8838119041995907,-0.0637645545285439,0.9752269437920474,-0.4072814646885456,-0.2742326866945873,-0.2840958134369483,0.8838119041995907,0.871161323846931,0.8670181780527374,-0.0637645545285439,-0.0256468979355673,-0.0208585832141527,0.0129022967229382,0.012488451603925,5.209845566211967e-05,0.0003617466633511,downstairs,wiktor
1672842756200193700,-0.5653222923497865,0.8940195930332219,-0.0906623857924631,1.0616402380997465,-0.5653222923497865,-0.4072814646885456,-0.2742326866945873,0.8940195930332219,0.8838119041995907,0.871161323846931,-0.0906623857924631,-0.0637645545285439,-0.0256468979355673,0.0031979274012398,0.0028410518596504,0.0003219829982631,3.489254332626609e-05,downstairs,wiktor
1672842756210193700,-0.6407020225118198,0.9193960781429896,-0.0823086389293763,1.123638261273553,-0.6407020225118198,-0.5653222923497865,-0.4072814646885456,0.9193960781429896,0.8940195930332219,0.8838119041995907,-0.0823086389293763,-0.0906623857924631,-0.0637645545285439,0.0026959429087733,0.0005503758023042,0.0003851137311072,0.0017604533753618,downstairs,wiktor
1672842756220193700,-0.6738795993463098,0.9471490502759808,-0.0229714098845039,1.162640410241239,-0.6738795993463098,-0.6407020225118198,-0.5653222923497865,0.9471490502759808,0.9193960781429896,0.8940195930332219,-0.0229714098845039,-0.0823086389293763,-0.0906623857924631,0.0033100019834109,5.549467674466783e-05,0.0007178439362983,0.0025366633703678,downstairs,wiktor
1672842756230193700,-0.6844147478260103,0.9850395223315878,0.0482558794134593,1.2004395184660284,-0.6844147478260103,-0.6738795993463098,-0.6407020225118198,0.9850395223315878,0.9471490502759808,0.9193960781429896,0.0482558794134593,-0.0229714098845039,-0.0823086389293763,0.0075001565298909,0.0018759774265281,0.0029477441899333,0.0026764349134294,downstairs,wiktor
1672842756240193700,-0.6231615450276566,1.0618216060482124,0.1214191887075236,1.2371491638676615,-0.6231615450276566,-0.6844147478260103,-0.6738795993463098,1.0618216060482124,0.9850395223315878,0.9471490502759808,0.1214191887075236,0.0482558794134593,-0.0229714098845039,0.0392633343611305,0.026276681893672,0.0129459031170479,4.074935041050342e-05,downstairs,wiktor
1672842756250193700,-0.3939163405252635,1.2227309166368043,0.112391525620046,1.2895242661010675,-0.3939163405252635,-0.6231615450276566,-0.6844147478260103,1.2227309166368043,1.0618216060482124,0.9850395223315878,0.112391525620046,0.1214191887075236,0.0482558794134593,0.0601126174942745,0.023642036618511,0.0199696550294698,0.0165009258462935,downstairs,wiktor
1672842756260193700,-0.1764673275658523,1.4225791341893752,-0.0692725921704168,1.4351553235643992,-0.1764673275658523,-0.3939163405252635,-0.6231615450276566,1.4225791341893752,1.2227309166368043,1.0618216060482124,-0.0692725921704168,0.112391525620046,0.1214191887075236,0.0261539542645606,0.0009286807004802,0.0029670706429356,0.0222582029211447,downstairs,wiktor
1672842756270193700,-0.1333702116419237,1.4996125119283228,-0.2802617052599064,1.5313954168406592,-0.1333702116419237,-0.1764673275658523,-0.3939163405252635,1.4996125119283228,1.4225791341893752,1.2227309166368043,-0.2802617052599064,-0.0692725921704168,0.112391525620046,0.0090129715549562,0.0003376323456405,0.001007179198826,0.0076681600104896,downstairs,wiktor
1672842756280193700,-0.1593560672422503,1.5444941161515695,-0.4041016019853933,1.60441719503404,-0.1593560672422503,-0.1333702116419237,-0.1764673275658523,1.5444941161515695,1.4996125119283228,1.4225791341893752,-0.4041016019853933,-0.2802617052599064,-0.0692725921704168,0.0051272891507874,4.712763667625546e-05,0.0017705274537919,0.0033096340603191,downstairs,wiktor
1672842756290193700,-0.1496475517351035,1.6040008796964302,-0.4854604866916033,1.6825234310243886,-0.1496475517351035,-0.1593560672422503,-0.1333702116419237,1.6040008796964302,1.5444941161515695,1.4996125119283228,-0.4854604866916033,-0.4041016019853933,-0.2802617052599064,0.0032269913337697,0.0022873477885703,0.0001202470306352,0.0008193965145641,downstairs,wiktor
1672842756300193700,-0.0820110558387254,1.6195087506421924,-0.5259424954007607,1.7047433575628903,-0.0820110558387254,-0.1496475517351035,-0.1593560672422503,1.6195087506421924,1.6040008796964302,1.5444941161515695,-0.5259424954007607,-0.4854604866916033,-0.4041016019853933,0.0008882336520209,0.0001102809314582,8.156499040327535e-05,0.0006963877301594,downstairs,wiktor
1672842756310193700,-0.0671597305471366,1.6067365158805482,-0.4886225883762407,1.680733380028678,-0.0671597305471366,-0.0820110558387254,-0.1496475517351035,1.6067365158805482,1.6195087506421924,1.6040008796964302,-0.4886225883762407,-0.5259424954007607,-0.4854604866916033,0.0220676067646064,0.0057456207731352,9.37310804265403e-05,0.0162282549110446,downstairs,wiktor
1672842756320193700,-0.1743569392154155,1.6204281980581727,-0.3084656850333785,1.6587160595345234,-0.1743569392154155,-0.0671597305471366,-0.0820110558387254,1.6204281980581727,1.6067365158805482,1.6195087506421924,-0.3084656850333785,-0.4886225883762407,-0.5259424954007607,0.0526912020200695,0.0339175022575843,0.0054518519725848,0.0133218477899003,downstairs,wiktor
1672842756330193700,-0.4348084788829106,1.7248490003207948,-0.1452367183032031,1.7847286044549182,-0.4348084788829106,-0.1743569392154155,-0.0671597305471366,1.7248490003207948,1.6204281980581727,1.6067365158805482,-0.1452367183032031,-0.3084656850333785,-0.4886225883762407,0.0338504459626785,0.0279215886309243,0.0009178424282611,0.0050110149034931,downstairs,wiktor
1672842756340193700,-0.6711200893929502,1.7676938933247714,-0.0451266298655924,1.891343513909495,-0.6711200893929502,-0.4348084788829106,-0.1743569392154155,1.7676938933247714,1.7248490003207948,1.6204281980581727,-0.0451266298655924,-0.1452367183032031,-0.3084656850333785,0.0046350358456217,0.0016903730585273,0.0024938240230318,0.0004508387640626,downstairs,wiktor
1672842756350193700,-0.7292642732556092,1.6970706107186535,-0.0150986840796201,1.847187864910592,-0.7292642732556092,-0.6711200893929502,-0.4348084788829106,1.6970706107186535,1.7676938933247714,1.7248490003207948,-0.0150986840796201,-0.0451266298655924,-0.1452367183032031,0.0325121703082344,0.0044936150014462,0.0280184331439823,1.221628058248804e-07,downstairs,wiktor
1672842756360193700,-0.634463271135945,1.460349537960091,-0.0146043910373367,1.592286941376568,-0.634463271135945,-0.7292642732556092,-0.6711200893929502,1.460349537960091,1.6970706107186535,1.7676938933247714,-0.0146043910373367,-0.0150986840796201,-0.0451266298655924,0.0532673300230835,0.0324851768099783,0.02062024573894,0.0001619074741651,downstairs,wiktor
1672842756370193700,-0.3795704434221061,1.257271987556606,0.0033904679043225,1.3133232913059916,-0.3795704434221061,-0.634463271135945,-0.7292642732556092,1.257271987556606,1.460349537960091,1.6970706107186535,0.0033904679043225,-0.0146043910373367,-0.0150986840796201,0.0029076497535119,0.0023333466347065,0.0005400295895443,3.4273529261166416e-05,downstairs,wiktor
1672842756380193700,-0.3112572436038205,1.2244077337374693,0.0116697830041561,1.2634047466933698,-0.3112572436038205,-0.3795704434221061,-0.634463271135945,1.2244077337374693,1.257271987556606,1.460349537960091,0.0116697830041561,0.0033904679043225,-0.0146043910373367,0.0078930632466756,7.608641677254183e-05,0.0036016341297597,0.0042153427001433,downstairs,wiktor
1672842756390193700,-0.3235930789442052,1.309279803698791,-0.0801489808749482,1.3510551225799146,-0.3235930789442052,-0.3112572436038205,-0.3795704434221061,1.309279803698791,1.2244077337374693,1.257271987556606,-0.0801489808749482,0.0116697830041561,0.0033904679043225,0.0159237610874836,9.799029607163469e-05,0.0022020718003722,0.0136236989910397,downstairs,wiktor
1672842756400193700,-0.3375923857893054,1.3756435257217792,-0.2452168395939596,1.4375308787026495,-0.3375923857893054,-0.3235930789442052,-0.3112572436038205,1.3756435257217792,1.309279803698791,1.2244077337374693,-0.2452168395939596,-0.0801489808749482,0.0116697830041561,0.0058552175111934,0.0011584064302125,0.000750185420994,0.0039466256599868,downstairs,wiktor
1672842756410193700,-0.2894591035365326,1.336908905006093,-0.334060811364551,1.4080868647190434,-0.2894591035365326,-0.3375923857893054,-0.3235930789442052,1.336908905006093,1.3756435257217792,1.309279803698791,-0.334060811364551,-0.2452168395939596,-0.0801489808749482,0.0181165296057644,0.008166128585342,0.0098835204611152,6.688055930714232e-05,downstairs,wiktor
1672842756420193700,-0.1616613837967654,1.1963135959725748,-0.3456263255603957,1.2556903200392595,-0.1616613837967654,-0.2894591035365326,-0.3375923857893054,1.1963135959725748,1.336908905006093,1.3756435257217792,-0.3456263255603957,-0.334060811364551,-0.2452168395939596,0.0064297170154953,4.109149422922614e-05,0.0063828870790159,5.738442250146575e-06,downstairs,wiktor
1672842756430193700,-0.1525959004418388,1.0833278705112053,-0.3422385704777055,1.146303634723637,-0.1525959004418388,-0.1616613837967654,-0.2894591035365326,1.0833278705112053,1.1963135959725748,1.336908905006093,-0.3422385704777055,-0.3456263255603957,-0.334060811364551,0.0090754296203749,0.0055899146706767,0.0029491466845741,0.0005363682651239,downstairs,wiktor
1672842756440193700,-0.2583306125346684,1.0065275230565984,-0.309485913635123,1.0842572991599158,-0.2583306125346684,-0.1525959004418388,-0.1616613837967654,1.0065275230565984,1.0833278705112053,1.1963135959725748,-0.309485913635123,-0.3422385704777055,-0.3456263255603957,0.0098031884981722,0.0067087935623092,0.0009299917461214,0.0021644031897415,downstairs,wiktor
1672842756450193700,-0.3741649214617669,0.9633999971335544,-0.2436922484424684,1.061849732721334,-0.3741649214617669,-0.2583306125346684,-0.1525959004418388,0.9633999971335544,1.0065275230565984,1.0833278705112053,-0.2436922484424684,-0.309485913635123,-0.3422385704777055,0.0030792307823471,0.0006090119331588,8.106712395257887e-06,0.0024621121367929,downstairs,wiktor
1672842756460193700,-0.4090651201190495,0.9593734074114052,-0.1735194312438838,1.057279811764787,-0.4090651201190495,-0.3741649214617669,-0.2583306125346684,0.9593734074114052,0.9633999971335544,1.0065275230565984,-0.1735194312438838,-0.2436922484424684,-0.309485913635123,0.0039565154271946,1.822453913745817e-05,0.0005529829771247,0.0033853079109324,downstairs,wiktor
1672842756470193700,-0.4151024273230036,0.9926294738391938,-0.0912356793735117,1.0797903716437145,-0.4151024273230036,-0.4090651201190495,-0.3741649214617669,0.9926294738391938,0.9593734074114052,0.9633999971335544,-0.0912356793735117,-0.1735194312438838,-0.2436922484424684,0.0050081527712553,6.590095073252254e-06,0.0024089258122277,0.0025926368639543,downstairs,wiktor
1672842756480193700,-0.4114719741630655,1.0620402195811576,-0.0192268345840787,1.1391261057046176,-0.4114719741630655,-0.4151024273230036,-0.4090651201190495,1.0620402195811576,0.9926294738391938,0.9593734074114052,-0.0192268345840787,-0.0912356793735117,-0.1735194312438838,0.0050978084885786,0.0002964770108446,0.0036568931023551,0.0011444383753788,downstairs,wiktor
1672842756490193700,-0.3871213269090549,1.1475608966406283,0.0286153722082262,1.2114362437920891,-0.3871213269090549,-0.4114719741630655,-0.4151024273230036,1.1475608966406283,1.0620402195811576,0.9926294738391938,0.0286153722082262,-0.0192268345840787,-0.0912356793735117,0.0028758210636074,0.000314786043542,0.002342590463711,0.0002184445563544,downstairs,wiktor
1672842756500193700,-0.3620300517903202,1.2160092781220204,0.0495172647710735,1.269722915595583,-0.3620300517903202,-0.3871213269090549,-0.4114719741630655,1.2160092781220204,1.1475608966406283,1.0620402195811576,0.0495172647710735,0.0286153722082262,-0.0192268345840787,0.0017515234298384,0.0003125607325622,0.0013991047306231,3.985796665302579e-05,downstairs,wiktor
1672842756510193700,-0.3370276226058475,1.2689073826367032,0.0584456427484024,1.3142029741503225,-0.3370276226058475,-0.3620300517903202,-0.3871213269090549,1.2689073826367032,1.2160092781220204,1.1475608966406283,0.0584456427484024,0.0495172647710735,0.0286153722082262,0.0016684448496351,0.0004666732670459,0.0010891549309637,0.0001126166516253,downstairs,wiktor
1672842756520193700,-0.3064769019254449,1.3155797498567994,0.0734534175085307,1.3528021193769546,-0.3064769019254449,-0.3370276226058475,-0.3620300517903202,1.3155797498567994,1.2689073826367032,1.2160092781220204,0.0734534175085307,0.0584456427484024,0.0495172647710735,0.0007239204915212,2.5388417256519617e-05,0.0001647513578438,0.0005337807164209,downstairs,wiktor
1672842756530193700,-0.2993511153363701,1.333731959520849,0.1061269761277234,1.3710269746297723,-0.2993511153363701,-0.3064769019254449,-0.3370276226058475,1.333731959520849,1.3155797498567994,1.2689073826367032,0.1061269761277234,0.0734534175085307,0.0584456427484024,0.001707781942365,8.93901450987996e-05,4.279220475421393e-06,0.0016141125767907,downstairs,wiktor
1672842756540193700,-0.3127219900346686,1.330806478201332,0.1629444483839018,1.3767322974104332,-0.3127219900346686,-0.2993511153363701,-0.3064769019254449,1.330806478201332,1.333731959520849,1.3155797498567994,0.1629444483839018,0.1061269761277234,0.0734534175085307,0.002825156441715,0.0005631563627015,0.0002943563367247,0.0019676437422886,downstairs,wiktor
1672842756550193700,-0.346282572946817,1.306543076266534,0.2256763181518064,1.3703635397372629,-0.346282572946817,-0.3127219900346686,-0.2993511153363701,1.306543076266534,1.330806478201332,1.333731959520849,0.2256763181518064,0.1629444483839018,0.1061269761277234,0.0012818702682895,0.0005931613001269,0.00050977582898,0.0001789331391825,downstairs,wiktor
1672842756560193700,-0.3807256070793361,1.2746126572595742,0.2445936720461843,1.3525588631690963,-0.3807256070793361,-0.346282572946817,-0.3127219900346686,1.2746126572595742,1.306543076266534,1.330806478201332,0.2445936720461843,0.2256763181518064,0.1629444483839018,0.0013743547540121,5.807989959880397e-06,0.0012194943658392,0.000149052398213,downstairs,wiktor
1672842756570193700,-0.3841338294781476,1.2252265384438734,0.2273279604643804,1.3040003339975024,-0.3841338294781476,-0.3807256070793361,-0.346282572946817,1.2252265384438734,1.2746126572595742,1.306543076266534,0.2273279604643804,0.2445936720461843,0.2256763181518064,0.0071420805714382,1.3371301314890124e-05,0.0038769669100208,0.0032517423601025,downstairs,wiktor
1672842756580193700,-0.3789625044419717,1.1371701143736126,0.1466837745598462,1.2075945422684513,-0.3789625044419717,-0.3841338294781476,-0.3807256070793361,1.1371701143736126,1.2252265384438734,1.2746126572595742,0.1466837745598462,0.2273279604643804,0.2445936720461843,0.0050587642577323,6.3185723464295645e-06,0.0018793984272644,0.0031730472581214,downstairs,wiktor
1672842756590193700,-0.3825173806272782,1.0758610868611085,0.0670213962609099,1.1438043942303604,-0.3825173806272782,-0.3789625044419717,-0.3841338294781476,1.0758610868611085,1.1371701143736126,1.2252265384438734,0.0670213962609099,0.1466837745598462,0.2273279604643804,0.0023834520072603,0.000341873049157,0.000101752375477,0.0019398265826262,downstairs,wiktor
1672842756600193700,-0.4086659197511784,1.061595577723541,0.0047345343616897,1.1375479859873503,-0.4086659197511784,-0.3825173806272782,-0.3789625044419717,1.061595577723541,1.0758610868611085,1.1371701143736126,0.0047345343616897,0.0670213962609099,0.1466837745598462,0.0026931150535679,0.0003510257594215,1.3044641102639593e-05,0.0023290446530437,downstairs,wiktor
1672842756610193700,-0.435162174559041,1.056487810872433,-0.0635156620196207,1.1443630770043087,-0.435162174559041,-0.4086659197511784,-0.3825173806272782,1.056487810872433,1.061595577723541,1.0758610868611085,-0.0635156620196207,0.0047345343616897,0.0670213962609099,0.005194856807381,0.0017458930769716,1.9242891712880933e-05,0.0034297208386965,downstairs,wiktor
1672842756620193700,-0.3760708371740799,1.0626915019854528,-0.1463374084235278,1.136730900463705,-0.3760708371740799,-0.435162174559041,-0.4086659197511784,1.0626915019854528,1.056487810872433,1.061595577723541,-0.1463374084235278,-0.0635156620196207,0.0047345343616897,0.0151253640406178,0.0085218783590085,0.0008158733229658,0.0057876123586434,downstairs,wiktor
1672842756630193700,-0.2455190975532803,1.1030863858933408,-0.2539256267250079,1.15825620046443,-0.2455190975532803,-0.3760708371740799,-0.435162174559041,1.1030863858933408,1.0626915019854528,1.056487810872433,-0.2539256267250079,-0.1463374084235278,-0.0635156620196207,0.0059110698412345,0.0006023181204684,1.5047812067603446e-06,0.0053072469395593,downstairs,wiktor
1672842756640193700,-0.280226967567687,1.1013515768509616,-0.3569522925893301,1.1911831884177428,-0.280226967567687,-0.2455190975532803,-0.3760708371740799,1.1013515768509616,1.1030863858933408,1.0626915019854528,-0.3569522925893301,-0.2539256267250079,-0.1463374084235278,0.0128585852970453,0.007107386775468,0.0020078865925358,0.0037433119290413,downstairs,wiktor
1672842756650193700,-0.3994526927738527,1.037981448359126,-0.4434775713122715,1.197347191569355,-0.3994526927738527,-0.280226967567687,-0.2455190975532803,1.037981448359126,1.1013515768509616,1.1030863858933408,-0.4434775713122715,-0.3569522925893301,-0.2539256267250079,0.0057629269727956,0.0017861059804958,4.6375038889339525e-05,0.0039304459534104,downstairs,wiktor
1672842756660193700,-0.4592206771885184,1.0283507641789298,-0.5321392423252915,1.2456167539686538,-0.4592206771885184,-0.3994526927738527,-0.280226967567687,1.0283507641789298,1.037981448359126,1.1013515768509616,-0.5321392423252915,-0.4434775713122715,-0.3569522925893301,0.0046167364484056,2.687473197244372e-05,0.0004031559294288,0.0041867057870043,downstairs,wiktor
1672842756670193700,-0.4665520797790796,1.0567463951607834,-0.6236455895041009,1.3127519217808872,-0.4665520797790796,-0.4592206771885184,-0.3994526927738527,1.0567463951607834,1.0283507641789298,1.037981448359126,-0.6236455895041009,-0.5321392423252915,-0.4434775713122715,0.0024114219173226,7.33179434386151e-06,0.0010048992865815,0.0013991908363972,downstairs,wiktor
1672842756680193700,-0.4703813863334994,1.101577172235948,-0.67654532176046,1.3756614726728145,-0.4703813863334994,-0.4665520797790796,-0.4592206771885184,1.101577172235948,1.0567463951607834,1.0283507641789298,-0.67654532176046,-0.6236455895041009,-0.5321392423252915,0.0008206176331896,8.644986233099714e-06,0.0007135709198538,9.840172710268196e-05,downstairs,wiktor
1672842756690193700,-0.4745395075999128,1.1393547031201618,-0.6625166563141189,1.4008016289570913,-0.4745395075999128,-0.4703813863334994,-0.4665520797790796,1.1393547031201618,1.101577172235948,1.0567463951607834,-0.6625166563141189,-0.67654532176046,-0.6236455895041009,0.0057944160213209,0.0013774568117673,5.113615432887009e-05,0.0043658230552247,downstairs,wiktor
1672842756700193700,-0.4220522365379234,1.1292417258801133,-0.5690733788114035,1.3331014501181777,-0.4220522365379234,-0.4745395075999128,-0.4703813863334994,1.1292417258801133,1.1393547031201618,1.101577172235948,-0.5690733788114035,-0.6625166563141189,-0.67654532176046,0.0186970280416092,0.0109322069850188,0.0031756513050915,0.0045891697514988,downstairs,wiktor
1672842756710193700,-0.274186033604198,1.0495466657434709,-0.4732697280302473,1.1835161258160631,-0.274186033604198,-0.4220522365379234,-0.4745395075999128,1.0495466657434709,1.1292417258801133,1.1393547031201618,-0.4732697280302473,-0.5690733788114035,-0.6625166563141189,0.0129995259685485,0.0024753064809347,0.0056351206050412,0.0048890988825725,downstairs,wiktor
1672842756720193700,-0.2038254412113708,0.9433852734669824,-0.3743849578927533,1.0352220444792226,-0.2038254412113708,-0.274186033604198,-0.4220522365379234,0.9433852734669824,1.0495466657434709,1.1292417258801133,-0.3743849578927533,-0.4732697280302473,-0.5690733788114035,0.0126102020309307,0.0014054730031953,0.0026305891196498,0.0085741399080855,downstairs,wiktor
1672842756730193700,-0.2568437965837381,0.8708512935727306,-0.2434335172127394,0.9400056322508988,-0.2568437965837381,-0.2038254412113708,-0.274186033604198,0.8708512935727306,0.9433852734669824,1.0495466657434709,-0.2434335172127394,-0.3743849578927533,-0.4732697280302473,0.0197223584344221,0.0108503841662034,0.0013900801070206,0.0074818941611979,downstairs,wiktor
1672842756740193700,-0.4041556030773352,0.8181240689725172,-0.1211069529578895,0.9205083583464612,-0.4041556030773352,-0.2568437965837381,-0.2038254412113708,0.8181240689725172,0.8708512935727306,0.9433852734669824,-0.1211069529578895,-0.2434335172127394,-0.3743849578927533,0.0085601098633625,0.0018554602682748,0.0017889173934544,0.0049157322016331,downstairs,wiktor
1672842756750193700,-0.4650729284991702,0.75830906427546,-0.0219532117109435,0.8898356080139429,-0.4650729284991702,-0.4041556030773352,-0.2568437965837381,0.75830906427546,0.8181240689725172,0.8708512935727306,-0.0219532117109435,-0.1211069529578895,-0.2434335172127394,0.0088737643640651,0.0005674766739136,0.0030027338313492,0.0053035538588022,downstairs,wiktor
1672842756760193700,-0.4987619971688046,0.6808141117772585,0.081037602042539,0.847843427502789,-0.4987619971688046,-0.4650729284991702,-0.4041556030773352,0.6808141117772585,0.75830906427546,0.8181240689725172,0.081037602042539,-0.0219532117109435,-0.1211069529578895,0.0099134400373186,0.0003138275152659,0.0032886447373475,0.0063109677847051,downstairs,wiktor
1672842756770193700,-0.5238150415054084,0.5997136217991139,0.1933849899490247,0.8194122162967231,-0.5238150415054084,-0.4987619971688046,-0.4650729284991702,0.5997136217991139,0.6808141117772585,0.75830906427546,0.1933849899490247,0.081037602042539,-0.0219532117109435,0.0085186674515208,0.0003928596085384,0.0034982828704434,0.0046275249725389,downstairs,wiktor
1672842756780193700,-0.4957843580125498,0.5160681452873088,0.2895881600895036,0.7720037323058893,-0.4957843580125498,-0.5238150415054084,-0.4987619971688046,0.5160681452873088,0.5997136217991139,0.6808141117772585,0.2895881600895036,0.1933849899490247,0.081037602042539,0.0173580313792959,0.0110049920305389,0.0039979404532408,0.0023550988955162,downstairs,wiktor
1672842756790193700,-0.3474267358252223,0.4266484555848633,0.3582190408286611,0.6565478829691891,-0.3474267358252223,-0.4957843580125498,-0.5238150415054084,0.4266484555848633,0.5160681452873088,0.5997136217991139,0.3582190408286611,0.2895881600895036,0.1933849899490247,0.0409308442938383,0.0357215834086961,0.0040941228901523,0.0011151379949898,downstairs,wiktor
1672842756800193700,-0.0801381898353272,0.3361595292993523,0.4054448387571216,0.5327390316877799,-0.0801381898353272,-0.3474267358252223,-0.4957843580125498,0.3361595292993523,0.4266484555848633,0.5160681452873088,0.4054448387571216,0.3582190408286611,0.2895881600895036,0.0658762814224864,0.0625290794201007,0.0033070466710338,4.015533135186462e-05,downstairs,wiktor
1672842756810193700,0.2734974402137409,0.2548324529836029,0.4144064604130346,0.5580977901131388,0.2734974402137409,-0.0801381898353272,-0.3474267358252223,0.2548324529836029,0.3361595292993523,0.4266484555848633,0.4144064604130346,0.4054448387571216,0.3582190408286611,0.0598851574115885,0.0566812322474093,0.0014857877325791,0.0017181374316,downstairs,wiktor
1672842756820193700,0.610190868267837,0.2003202941091074,0.3557867123480678,0.734197044827111,0.610190868267837,0.2734974402137409,-0.0801381898353272,0.2003202941091074,0.2548324529836029,0.3361595292993523,0.3557867123480678,0.4144064604130346,0.4054448387571216,0.020745437441023,0.0044030362084333,0.0004047784198998,0.0159376228126897,downstairs,wiktor
1672842756830193700,0.7040315439733472,0.1718675817638898,0.1772503137471674,0.7460673925955562,0.7040315439733472,0.610190868267837,0.2734974402137409,0.1718675817638898,0.2003202941091074,0.2548324529836029,0.1772503137471674,0.3557867123480678,0.4144064604130346,0.0177267065399987,0.0019241744824263,0.0003725832793379,0.0154299487782345,downstairs,wiktor
1672842756840193700,0.6419964815904282,0.1445698426876232,0.0015804598835377,0.6580747827129199,0.6419964815904282,0.7040315439733472,0.610190868267837,0.1445698426876232,0.1718675817638898,0.2003202941091074,0.0015804598835377,0.1772503137471674,0.3557867123480678,0.0188443976920702,0.0125638769754763,0.0001436705797268,0.006136850136867,downstairs,wiktor
1672842756850193700,0.4834791199200023,0.1276187023291195,-0.1092062734094615,0.5118247773748068,0.4834791199200023,0.6419964815904282,0.7040315439733472,0.1276187023291195,0.1445698426876232,0.1718675817638898,-0.1092062734094615,0.0015804598835377,0.1772503137471674,0.0049095997164404,0.0030147053461056,2.1756303160112475e-05,0.0018731380671746,downstairs,wiktor
1672842756860193700,0.4058298398704664,0.1342151109216966,-0.1704131041912406,0.4601653844098949,0.4058298398704664,0.4834791199200023,0.6419964815904282,0.1342151109216966,0.1276187023291195,0.1445698426876232,-0.1704131041912406,-0.1092062734094615,0.0015804598835377,0.0024383197546098,0.0007608741964191,0.0007514939094399,0.0009259516487508,downstairs,wiktor
1672842756870193700,0.3668202462704528,0.1729834977707769,-0.2134468502227172,0.4583011471128205,0.3668202462704528,0.4058298398704664,0.4834791199200023,0.1729834977707769,0.1342151109216966,0.1276187023291195,-0.2134468502227172,-0.1704131041912406,-0.1092062734094615,0.0048531038213407,0.0012174101407285,0.0029955927657165,0.0006401009148955,downstairs,wiktor
1672842756880193700,0.3174763481526795,0.2503862466330311,-0.2492267584086119,0.4749720847020413,0.3174763481526795,0.3668202462704528,0.4058298398704664,0.2503862466330311,0.1729834977707769,0.1342151109216966,-0.2492267584086119,-0.2134468502227172,-0.1704131041912406,0.0089074525597784,0.0017784220923549,0.0062518261002376,0.0008772043671857,downstairs,wiktor
1672842756890193700,0.2578370642476058,0.3622059774522179,-0.2911124210435945,0.531431616944084,0.2578370642476058,0.3174763481526795,0.3668202462704528,0.3622059774522179,0.2503862466330311,0.1729834977707769,-0.2911124210435945,-0.2492267584086119,-0.2134468502227172,0.0087729138350149,0.0013473972518663,0.0059575498395435,0.001467966743605,downstairs,wiktor
1672842756900193700,0.2059256540978837,0.4713622859235433,-0.3452966760187268,0.6195301236229689,0.2059256540978837,0.2578370642476058,0.3174763481526795,0.4713622859235433,0.3622059774522179,0.2503862466330311,-0.3452966760187268,-0.2911124210435945,-0.2492267584086119,0.0071812099857024,0.0024009659654524,0.0037436933214469,0.0010365506988031,downstairs,wiktor
1672842756910193700,0.136629680687412,0.5578919724068183,-0.3908279992765265,0.6947356673866737,0.136629680687412,0.2059256540978837,0.2578370642476058,0.5578919724068183,0.4713622859235433,0.3622059774522179,-0.3908279992765265,-0.3452966760187268,-0.2911124210435945,0.0107564181621022,0.0057450907670656,0.0045538664898293,0.0004574609052072,downstairs,wiktor
1672842756920193700,0.0294374163483686,0.6533264157680003,-0.4210756737394405,0.7778217598117534,0.0294374163483686,0.136629680687412,0.2059256540978837,0.6533264157680003,0.5578919724068183,0.4713622859235433,-0.4210756737394405,-0.3908279992765265,-0.3452966760187268,0.0194936248091357,0.0005889268475674,0.0187156433214577,0.0001890546401105,downstairs,wiktor
1672842756930193700,-0.0048824568322657,0.8467980846058835,-0.4405207060156053,0.954541422309896,-0.0048824568322657,0.0294374163483686,0.136629680687412,0.8467980846058835,0.6533264157680003,0.5578919724068183,-0.4405207060156053,-0.4210756737394405,-0.3908279992765265,0.0592730623411882,0.0005128537641044,0.0585939345137505,0.0001662740633332,downstairs,wiktor
1672842756940193700,0.0271442121829314,1.1891252220453523,-0.4587566081503074,1.2748385103537685,0.0271442121829314,-0.0048824568322657,0.0294374163483686,1.1891252220453523,0.8467980846058835,0.6533264157680003,-0.4587566081503074,-0.4405207060156053,-0.4210756737394405,0.0202912546795177,0.0018603906876904,0.0183725875387946,5.827645303265205e-05,downstairs,wiktor
1672842756950193700,-0.033853995785672,1.3808155323836404,-0.4479606410298821,1.4520559091903025,-0.033853995785672,0.0271442121829314,-0.0048824568322657,1.3808155323836404,1.1891252220453523,0.8467980846058835,-0.4479606410298821,-0.4587566081503074,-0.4405207060156053,0.0157051815799125,0.002833700833173,0.0059168529144882,0.0069546278322512,downstairs,wiktor
1672842756960193700,0.0414281512768697,1.4895983703176474,-0.3300231335757115,1.5262813846949528,0.0414281512768697,-0.033853995785672,0.0271442121829314,1.4895983703176474,1.3808155323836404,1.1891252220453523,-0.3300231335757115,-0.4479606410298821,-0.4587566081503074,0.2261206913745356,0.1616495458844921,0.045023940712598,0.0194472047774454,downstairs,wiktor
1672842756970193700,0.610022111646644,1.789678162081765,-0.1328064771927102,1.8954451880533325,0.610022111646644,0.0414281512768697,-0.033853995785672,1.789678162081765,1.4895983703176474,1.3808155323836404,-0.1328064771927102,-0.3300231335757115,-0.4479606410298821,0.0551916574783898,0.0005750854594932,0.051732682388217,0.0028838896306795,downstairs,wiktor
1672842756980193700,0.5761079417616758,2.111338487233056,-0.0568605802570682,2.189265560369416,0.5761079417616758,0.610022111646644,0.0414281512768697,2.111338487233056,1.789678162081765,1.4895983703176474,-0.0568605802570682,-0.1328064771927102,-0.3300231335757115,0.0022962708768125,0.0011903895092098,9.7124225428917e-05,0.0010087571421737,downstairs,wiktor
1672842756990193700,0.5273147145839234,2.0974011829435657,-0.0119438318846907,2.1627055244646423,0.5273147145839234,0.5761079417616758,0.610022111646644,2.0974011829435657,2.111338487233056,1.789678162081765,-0.0119438318846907,-0.0568605802570682,-0.1328064771927102,0.0768899742511293,0.0067630549192019,0.070083812487346,4.310684458140482e-05,downstairs,wiktor
1672842757000193700,0.4110129096176897,1.7230115129809824,-0.0026586991897417,1.7713574891643964,0.4110129096176897,0.5273147145839234,0.5761079417616758,1.7230115129809824,2.0974011829435657,2.111338487233056,-0.0026586991897417,-0.0119438318846907,-0.0568605802570682,1.63557880119862,1.5705781037811517,0.0565805949311615,0.0084201024863068,downstairs,wiktor
1672842757010193700,-1.3613178178601992,1.386617116680564,-0.132428514526798,1.9476731093679325,-1.3613178178601992,0.4110129096176897,0.5273147145839234,1.386617116680564,1.7230115129809824,2.0974011829435657,-0.132428514526798,-0.0026586991897417,-0.0119438318846907,0.085417538125266,0.015055564196573,0.0151646264319364,0.0551973474967564,downstairs,wiktor
1672842757020193700,-1.5348434021212705,1.2124641584401912,-0.464685485850972,2.0104094620991595,-1.5348434021212705,-1.3613178178601992,0.4110129096176897,1.2124641584401912,1.386617116680564,1.7230115129809824,-0.464685485850972,-0.132428514526798,-0.0026586991897417,4.459127513449023,4.426832203799775,0.0315744269294341,0.000720882719814,downstairs,wiktor
1672842757030193700,1.44066737883711,0.9611698014425294,-0.5026560723572144,1.803339405305624,1.44066737883711,-1.5348434021212705,-1.3613178178601992,0.9611698014425294,1.2124641584401912,1.386617116680564,-0.5026560723572144,-0.464685485850972,-0.132428514526798,0.0252533332907637,0.0026058243077604,0.0120260526293606,0.0106214563536426,downstairs,wiktor
1672842757040193700,1.512859127780607,0.8060823897718159,-0.3569065862267812,1.750969408899366,1.512859127780607,1.44066737883711,-1.5348434021212705,0.8060823897718159,0.9611698014425294,1.2124641584401912,-0.3569065862267812,-0.5026560723572144,-0.464685485850972,0.6945989154206645,0.6732169231965108,0.0185210153161846,0.002860976907969,downstairs,wiktor
1672842757050193700,0.3524997668957896,0.6136193267379719,-0.2812629889039539,0.761507473853759,0.3524997668957896,1.512859127780607,1.44066737883711,0.6136193267379719,0.8060823897718159,0.9611698014425294,-0.2812629889039539,-0.3569065862267812,-0.5026560723572144,0.0297436352210199,0.022331560099313,0.0022029230884797,0.0052091520332272,downstairs,wiktor
1672842757060193700,0.14116325751176,0.5472427783420248,-0.1791928950152223,0.5928843203718298,0.14116325751176,0.3524997668957896,1.512859127780607,0.5472427783420248,0.6136193267379719,0.8060823897718159,-0.1791928950152223,-0.2812629889039539,-0.3569065862267812,0.018954251703465,0.0015610983288301,0.0087325225895,0.0086606307851348,downstairs,wiktor
1672842757070193700,0.0852866375561808,0.6793981610511682,-0.0475826310907485,0.6863816566363548,0.0852866375561808,0.14116325751176,0.3524997668957896,0.6793981610511682,0.5472427783420248,0.6136193267379719,-0.0475826310907485,-0.1791928950152223,-0.2812629889039539,0.0170984101289219,0.0009794953642161,0.0154274530165947,0.000691461748111,downstairs,wiktor
1672842757080193700,0.0410261503420483,0.8550538072262616,-0.0103949517302127,0.8561005859625881,0.0410261503420483,0.0852866375561808,0.14116325751176,0.8550538072262616,0.6793981610511682,0.5472427783420248,-0.0103949517302127,-0.0475826310907485,-0.1791928950152223,0.0072010607301444,0.0005298639667409,0.0063730879869402,0.0002981087764631,downstairs,wiktor
1672842757090193700,0.0084726876463231,0.9679527707905056,0.0140226147522681,0.9680914144033402,0.0084726876463231,0.0410261503420483,0.0852866375561808,0.9679527707905056,0.8550538072262616,0.6793981610511682,0.0140226147522681,-0.0103949517302127,-0.0475826310907485,0.0093166301151741,0.001369050518778,0.0063053897263959,0.0016421898700001,downstairs,wiktor
1672842757100193700,-0.043854179616644,1.0802504976276588,0.0713321230384178,1.083490931421127,-0.043854179616644,0.0084726876463231,0.0410261503420483,1.0802504976276588,0.9679527707905056,0.8550538072262616,0.0713321230384178,0.0140226147522681,-0.0103949517302127,0.0140692621849362,0.0052090359370061,0.0066089575185104,0.0022512687294196,downstairs,wiktor
1672842757110193700,-0.1459231360824191,1.1952196893140443,0.1384330727994999,1.212026147825533,-0.1459231360824191,-0.043854179616644,0.0084726876463231,1.1952196893140443,1.0802504976276588,0.9679527707905056,0.1384330727994999,0.0713321230384178,0.0140226147522681,0.0155810854164836,0.0077002660747134,0.0068365636479502,0.0010442556938198,downstairs,wiktor
1672842757120193700,-0.2700220166149483,1.3121518375706318,0.1841333067993355,1.3522423632506295,-0.2700220166149483,-0.1459231360824191,-0.043854179616644,1.3121518375706318,1.1952196893140443,1.0802504976276588,0.1841333067993355,0.1384330727994999,0.0713321230384178,0.014600474838979,0.0072120472394953,0.0073795897462234,8.837853260250651e-06,downstairs,wiktor
1672842757130193700,-0.3901223683171421,1.433639201079957,0.1883375554266768,1.4976607946790388,-0.3901223683171421,-0.2700220166149483,-0.1459231360824191,1.433639201079957,1.3121518375706318,1.1952196893140443,0.1883375554266768,0.1841333067993355,0.1384330727994999,0.0048871436417571,0.0011015500254966,0.003191886144298,0.0005937074719625,downstairs,wiktor
1672842757140193700,-0.4370595609365693,1.5135377135103898,0.1538786676917967,1.5828758998717898,-0.4370595609365693,-0.3901223683171421,-0.2700220166149483,1.5135377135103898,1.433639201079957,1.3121518375706318,0.1538786676917967,0.1883375554266768,0.1841333067993355,0.0042325859999582,0.0005718316192497,0.0001010198395245,0.0035597345411839,downstairs,wiktor
1672842757150193700,-0.4032414705336574,1.4993236472713056,0.0695017213002144,1.5541575119944468,-0.4032414705336574,-0.4370595609365693,-0.3901223683171421,1.4993236472713056,1.5135377135103898,1.433639201079957,0.0695017213002144,0.1538786676917967,0.1883375554266768,0.026933225517352,0.0106132114486391,0.0088345355001361,0.0074854785685767,downstairs,wiktor
1672842757160193700,-0.2575485644013465,1.3663985894369293,-0.0528541414001626,1.391463232896785,-0.2575485644013465,-0.4032414705336574,-0.4370595609365693,1.3663985894369293,1.4993236472713056,1.5135377135103898,-0.0528541414001626,0.0695017213002144,0.1538786676917967,0.0448955570666767,0.019683916395023,0.0189149395970321,0.0062967010746215,downstairs,wiktor
1672842757170193700,-0.0591352765649566,1.1718995426678915,-0.1650744699919251,1.184945188471915,-0.0591352765649566,-0.2575485644013465,-0.4032414705336574,1.1718995426678915,1.3663985894369293,1.4993236472713056,-0.1650744699919251,-0.0528541414001626,0.0695017213002144,0.0218274328594806,0.0077646786542233,0.0123044709668067,0.0017582832384505,downstairs,wiktor
1672842757180193700,0.0654815654285987,1.0150271680010512,-0.2243751148189508,1.0415911766817303,0.0654815654285987,-0.0591352765649566,-0.2575485644013465,1.0150271680010512,1.1718995426678915,1.3663985894369293,-0.2243751148189508,-0.1650744699919251,-0.0528541414001626,0.0297904362140434,0.0220256371949513,0.0076630149378445,0.0001017840812476,downstairs,wiktor
1672842757190193700,0.2753655200080344,0.8912288244108034,-0.2386428463308358,0.962842352192113,0.2753655200080344,0.0654815654285987,-0.0591352765649566,0.8912288244108034,1.0150271680010512,1.1718995426678915,-0.2386428463308358,-0.2243751148189508,-0.1650744699919251,0.141336582302534,0.1344635888662467,0.0062679342763923,0.0006050591598949,downstairs,wiktor
1672842757200193700,0.793947411065265,0.7792651313992532,-0.2038560913831565,1.1310013008595303,0.793947411065265,0.2753655200080344,0.0654815654285987,0.7792651313992532,0.8912288244108034,1.0150271680010512,-0.2038560913831565,-0.2386428463308358,-0.2243751148189508,0.0162052953812783,0.0086771953835923,0.0006590414630328,0.006869058534653,downstairs,wiktor
1672842757210193700,0.6622113462721159,0.7429597195979012,-0.0866463773262313,0.999009813155146,0.6622113462721159,0.793947411065265,0.2753655200080344,0.7429597195979012,0.7792651313992532,0.8912288244108034,-0.0866463773262313,-0.2038560913831565,-0.2386428463308358,0.1604367327546143,0.1592737045450575,1.6547354796579102e-05,0.0011464808547602,downstairs,wiktor
1672842757220193700,0.0978113027833551,0.7372069194455269,-0.0387614975673716,0.7446768068929003,0.0978113027833551,0.6622113462721159,0.793947411065265,0.7372069194455269,0.7429597195979012,0.7792651313992532,-0.0387614975673716,-0.0866463773262313,-0.2038560913831565,0.0322609309971361,0.0318968696477048,0.0003439303655247,2.0130983906629424e-05,downstairs,wiktor
1672842757230193700,-0.1547629225354798,0.763434018618891,-0.0324162656714312,0.7796370163456793,-0.1547629225354798,0.0978113027833551,0.6622113462721159,0.763434018618891,0.7372069194455269,0.7429597195979012,-0.0324162656714312,-0.0387614975673716,-0.0866463773262313,0.0007012953416963,0.0002147022909038,0.0004697767339291,1.68163168633318e-05,downstairs,wiktor
1672842757240193700,-0.1754850021079464,0.7940861550510928,-0.0266169007297618,0.8136806910656736,-0.1754850021079464,-0.1547629225354798,0.0978113027833551,0.7940861550510928,0.763434018618891,0.7372069194455269,-0.0266169007297618,-0.0324162656714312,-0.0387614975673716,0.0068089714367066,0.0064694623806578,0.0003185433631964,2.0965692852446348e-05,downstairs,wiktor
1672842757250193700,-0.061735607554324,0.7688455780689232,-0.0330923455565589,0.772029734848777,-0.061735607554324,-0.1754850021079464,-0.1547629225354798,0.7688455780689232,0.7940861550510928,0.763434018618891,-0.0330923455565589,-0.0266169007297618,-0.0324162656714312,0.0196049303515774,0.0181356984741648,0.0012650788542096,0.000204153023203,downstairs,wiktor
1672842757260193700,0.1287149029420504,0.7185449050275089,-0.0532989297905675,0.7319255991541715,0.1287149029420504,-0.061735607554324,-0.1754850021079464,0.7185449050275089,0.7688455780689232,0.7940861550510928,-0.0532989297905675,-0.0330923455565589,-0.0266169007297618,0.0007663889496712,0.0003592720844572,2.679647561245608e-06,0.0004044372176527,downstairs,wiktor
1672842757270193700,0.1555205771345515,0.716229889882312,-0.0817396477017873,0.7374640839251123,0.1555205771345515,0.1287149029420504,-0.061735607554324,0.716229889882312,0.7185449050275089,0.7688455780689232,-0.0817396477017873,-0.0532989297905675,-0.0330923455565589,0.0032959385319917,0.0020889267110358,5.112895332901494e-05,0.0011558828676268,downstairs,wiktor
1672842757280193700,0.0908842605464935,0.7263421550419105,-0.1298204727285457,0.7434286987636896,0.0908842605464935,0.1555205771345515,0.1287149029420504,0.7263421550419105,0.716229889882312,0.7185449050275089,-0.1298204727285457,-0.0817396477017873,-0.0532989297905675,0.0041400123778212,0.0025672992543908,2.323176432967869e-05,0.0015494813591007,downstairs,wiktor
1672842757290193700,0.0192281476964252,0.7331585711573891,-0.1854888005119581,0.7565033425178932,0.0192281476964252,0.0908842605464935,0.1555205771345515,0.7331585711573891,0.7263421550419105,0.716229889882312,-0.1854888005119581,-0.1298204727285457,-0.0817396477017873,0.0025473290696848,0.0006403516630603,0.0006830949323733,0.0012238824742511,downstairs,wiktor
1672842757300193700,0.055015063267911,0.7701205768489997,-0.2349636926139355,0.8070441728427165,0.055015063267911,0.0192281476964252,0.0908842605464935,0.7701205768489997,0.7331585711573891,0.7263421550419105,-0.2349636926139355,-0.1854888005119581,-0.1298204727285457,0.002701156245394,0.0013774716705906,0.0012265667056295,9.711786917384534e-05,downstairs,wiktor
1672842757310193700,0.1075026174229794,0.8196496936517361,-0.2489005408353839,0.8633272336051511,0.1075026174229794,0.055015063267911,0.0192281476964252,0.8196496936517361,0.7701205768489997,0.7331585711573891,-0.2489005408353839,-0.2349636926139355,-0.1854888005119581,0.002026658851384,0.0016549958365021,0.0003659008395912,5.762175290587058e-06,downstairs,wiktor
1672842757320193700,0.0499700903360839,0.8467015268462255,-0.2522952942257164,0.8849030460905685,0.0499700903360839,0.1075026174229794,0.055015063267911,0.8467015268462255,0.8196496936517361,0.7701205768489997,-0.2522952942257164,-0.2489005408353839,-0.2349636926139355,0.0042374452049211,0.0041912797632271,8.64130980660271e-06,3.7524131887404245e-05,downstairs,wiktor
1672842757330193700,-0.0415862285417212,0.8425442898295032,-0.2609583343257511,0.8830116346813878,-0.0415862285417212,0.0499700903360839,0.1075026174229794,0.8425442898295032,0.8467015268462255,0.8196496936517361,-0.2609583343257511,-0.2522952942257164,-0.2489005408353839,3.942226097265286e-05,3.1453398786508995e-05,7.76104752245152e-07,7.192757433898715e-06,downstairs,wiktor
1672842757340193700,-0.0495176091008053,0.8412984128273516,-0.2571655101975061,0.8811181037023498,-0.0495176091008053,-0.0415862285417212,0.0499700903360839,0.8412984128273516,0.8425442898295032,0.8467015268462255,-0.2571655101975061,-0.2609583343257511,-0.2522952942257164,0.0018357630070256,8.991148253574705e-05,0.0006645949711147,0.0010812565533751,downstairs,wiktor
1672842757350193700,-0.0361078005611022,0.8777564701292627,-0.2106626811787209,0.9034040952732896,-0.0361078005611022,-0.0495176091008053,-0.0415862285417212,0.8777564701292627,0.8412984128273516,0.8425442898295032,-0.2106626811787209,-0.2571655101975061,-0.2609583343257511,0.0047274498412853,0.0002382616501803,0.0025834983779272,0.0019056898131777,downstairs,wiktor
1672842757360193700,-0.0142783869097773,0.9496382950633484,-0.1489263091897918,0.9613510333652646,-0.0142783869097773,-0.0361078005611022,-0.0495176091008053,0.9496382950633484,0.8777564701292627,0.8412984128273516,-0.1489263091897918,-0.2106626811787209,-0.2571655101975061,0.0021540517048068,5.117099368292779e-05,0.0012267712500793,0.0008761094610446,downstairs,wiktor
1672842757370193700,-0.0041619652417241,0.999171541475821,-0.107066795073056,1.004900189002399,-0.0041619652417241,-0.0142783869097773,-0.0361078005611022,0.999171541475821,0.9496382950633484,0.8777564701292627,-0.107066795073056,-0.1489263091897918,-0.2106626811787209,0.0017964338992729,4.103307988708407e-05,0.0008324536925656,0.0009229471268202,downstairs,wiktor
1672842757380193700,0.0048970722222764,1.0399748181228183,-0.0641029235803657,1.0419600704717478,0.0048970722222764,-0.0041619652417241,-0.0142783869097773,1.0399748181228183,0.999171541475821,0.9496382950633484,-0.0641029235803657,-0.107066795073056,-0.1489263091897918,0.0041438518545519,0.0010130330618364,0.0013518389831917,0.0017789798095237,downstairs,wiktor
1672842757390193700,0.0499089164821244,1.0919717215535367,-0.0044542889015436,1.093120753305248,0.0499089164821244,0.0048970722222764,-0.0041619652417241,1.0919717215535367,1.0399748181228183,0.999171541475821,-0.0044542889015436,-0.0641029235803657,-0.107066795073056,0.0049185988973647,0.0009113438525642,0.0021421534173681,0.0018651016274322,downstairs,wiktor
1672842757400193700,0.0926018632664412,1.1574263381572292,0.0566211010265163,1.1625045300651191,0.0926018632664412,0.0499089164821244,0.0048970722222764,1.1574263381572292,1.0919717215535367,1.0399748181228183,0.0566211010265163,-0.0044542889015436,-0.0641029235803657,0.003166981801223,0.0001264025627943,0.0023682987046235,0.0006722805338051,downstairs,wiktor
1672842757410193700,0.0767020165505525,1.2262492806200955,0.0932893579745952,1.2321823736263782,0.0767020165505525,0.0926018632664412,0.0499089164821244,1.2262492806200955,1.1574263381572292,1.0919717215535367,0.0932893579745952,0.0566211010265163,-0.0044542889015436,0.0032474641989063,0.0016092959954745,0.0014961302396406,0.0001420379637911,downstairs,wiktor
1672842757420193700,0.0199693805202292,1.280950838909428,0.1101439101069493,1.285832613054583,0.0199693805202292,0.0767020165505525,0.0926018632664412,1.280950838909428,1.2262492806200955,1.1574263381572292,0.1101439101069493,0.0932893579745952,0.0566211010265163,0.0009272420065614,0.000372594724637,0.0005487516090709,5.895672853545775e-06,downstairs,wiktor
1672842757430193700,-0.0073287778292651,1.314079425026886,0.1067100572115719,1.3184253799792989,-0.0073287778292651,0.0199693805202292,0.0767020165505525,1.314079425026886,1.280950838909428,1.2262492806200955,0.1067100572115719,0.1101439101069493,0.0932893579745952,0.0005502680999047,0.0002562464219035,6.261629801460417e-06,0.0002877600481996,downstairs,wiktor
1672842757440193700,0.0153095269616676,1.3176182468086264,0.0827200572866169,1.3203010390878018,0.0153095269616676,-0.0073287778292651,0.0199693805202292,1.3176182468086264,1.314079425026886,1.280950838909428,0.0827200572866169,0.1067100572115719,0.1101439101069493,0.0032545315594164,0.002695509644927,8.833209976581085e-08,0.0005589335823895,downstairs,wiktor
1672842757450193700,0.0887330878250181,1.317197932403054,0.0492855367310722,1.3211029551600864,0.0887330878250181,0.0153095269616676,-0.0073287778292651,1.317197932403054,1.3176182468086264,1.314079425026886,0.0492855367310722,0.0827200572866169,0.1067100572115719,0.0040470440869012,0.0032176573978934,6.13458167085247e-05,0.0007680408722992,downstairs,wiktor
1672842757460193700,0.1689535016595714,1.328274557945928,0.0100926579825228,1.3390147305965807,0.1689535016595714,0.0887330878250181,0.0153095269616676,1.328274557945928,1.317197932403054,1.3176182468086264,0.0100926579825228,0.0492855367310722,0.0827200572866169,0.0035936453823646,0.0025017083197097,0.0005672637983166,0.0005246732643382,downstairs,wiktor
1672842757470193700,0.2396883349414807,1.3619573071899145,-0.0223009606587548,1.3830674377489067,0.2396883349414807,0.1689535016595714,0.0887330878250181,1.3619573071899145,1.328274557945928,1.317197932403054,-0.0223009606587548,0.0100926579825228,0.0492855367310722,0.0041990760903901,0.0032481202731594,0.0008437547541525,0.0001072010630781,downstairs,wiktor
1672842757480193700,0.3202875939102756,1.4030366147340432,-0.0369434374354561,1.4396043562961127,0.3202875939102756,0.2396883349414807,0.1689535016595714,1.4030366147340432,1.3619573071899145,1.328274557945928,-0.0369434374354561,-0.0223009606587548,0.0100926579825228,0.0011133555582759,0.0003233668226326,0.0007872949202809,2.693815362360342e-06,downstairs,wiktor
1672842757490193700,0.3457185523126886,1.4427177165403422,-0.0346223103978469,1.48396577838232,0.3457185523126886,0.3202875939102756,0.2396883349414807,1.4427177165403422,1.4030366147340432,1.3619573071899145,-0.0346223103978469,-0.0369434374354561,-0.0223009606587548,0.00209067195857,0.001058649324245,0.0008020583269647,0.0002299643073601,downstairs,wiktor
1672842757500193700,0.299704438733374,1.4827691416576785,-0.0131763640508009,1.5128121808798125,0.299704438733374,0.3457185523126886,0.3202875939102756,1.4827691416576785,1.4427177165403422,1.4030366147340432,-0.0131763640508009,-0.0346223103978469,-0.0369434374354561,0.0101624722934096,0.0089311705794714,0.0007211703136777,0.0005101314002604,downstairs,wiktor
1672842757510193700,0.1660543689281436,1.5207473015308928,0.018765188831313,1.5299014807710627,0.1660543689281436,0.299704438733374,0.3457185523126886,1.5207473015308928,1.4827691416576785,1.4427177165403422,0.018765188831313,-0.0131763640508009,-0.0346223103978469,0.0101400545759851,0.00971337656437,2.2720590099701e-05,0.0004039574215153,downstairs,wiktor
1672842757520193700,0.0266744811080561,1.5274883088888032,0.0471890316930842,1.5284498246414535,0.0266744811080561,0.1660543689281436,0.299704438733374,1.5274883088888032,1.5207473015308928,1.4827691416576785,0.0471890316930842,0.018765188831313,-0.0131763640508009,0.0047212923726779,0.0039580366558254,0.0003404804130354,0.0004227753038169,downstairs,wiktor
1672842757530193700,-0.0622978365623911,1.50139308277231,0.0762673845975042,1.504619195474469,-0.0622978365623911,0.0266744811080561,0.1660543689281436,1.50139308277231,1.5274883088888032,1.5207473015308928,0.0762673845975042,0.0471890316930842,0.018765188831313,0.0061291883080973,0.0009658199950791,0.0051498698341716,1.3498478846562572e-05,downstairs,wiktor
1672842757540193700,-0.1062482630695181,1.3999054496915089,0.0814632442658483,1.4062930781482188,-0.1062482630695181,-0.0622978365623911,0.0266744811080561,1.3999054496915089,1.50139308277231,1.5274883088888032,0.0814632442658483,0.0762673845975042,0.0471890316930842,0.0097674278514676,9.531534692362925e-05,0.0096682206764186,3.891828125334848e-06,downstairs,wiktor
1672842757550193700,-0.09244135560089,1.2608499163501945,0.0786733237919513,1.266679678396277,-0.09244135560089,-0.1062482630695181,-0.0622978365623911,1.2608499163501945,1.3999054496915089,1.50139308277231,0.0786733237919513,0.0814632442658483,0.0762673845975042,0.0122541948375376,0.0056738594700587,0.0064442929613101,0.0001360424061688,downstairs,wiktor
1672842757560193700,0.0140843170800063,1.1473220082279172,0.0951683173456832,1.151348412592018,0.0140843170800063,-0.09244135560089,-0.1062482630695181,1.1473220082279172,1.2608499163501945,1.3999054496915089,0.0951683173456832,0.0786733237919513,0.0814632442658483,0.0210663854124499,0.0198079188543895,0.0002634182755517,0.0009950482825086,downstairs,wiktor
1672842757570193700,0.2131215942639023,1.1243690879103725,0.1397788157178973,1.1528940875524898,0.2131215942639023,0.0140843170800063,-0.09244135560089,1.1243690879103725,1.1473220082279172,1.2608499163501945,0.1397788157178973,0.0951683173456832,0.0786733237919513,0.0212666286081512,0.0207201360507643,0.000546432089499,6.046788782112689e-08,downstairs,wiktor
1672842757580193700,0.4166904329930378,1.1574275842312596,0.1394310575035554,1.2380268775288743,0.4166904329930378,0.2131215942639023,0.0140843170800063,1.1574275842312596,1.1243690879103725,1.1473220082279172,0.1394310575035554,0.1397788157178973,0.0951683173456832,0.0185774822666928,0.013090039392495,0.0027736996353395,0.0027137432388582,downstairs,wiktor
1672842757590193700,0.5784930250148907,1.2319084493623724,0.065759580813343,1.3625626334484704,0.5784930250148907,0.4166904329930378,0.2131215942639023,1.2319084493623724,1.1574275842312596,1.1243690879103725,0.065759580813343,0.1394310575035554,0.1397788157178973,0.0113704405543376,3.234763804690182e-05,0.0006671941244954,0.0106708987917953,downstairs,wiktor
1672842757600193700,0.5865363623877605,1.2684377287008812,-0.0803287403611806,1.3997899422852451,0.5865363623877605,0.5784930250148907,0.4166904329930378,1.2684377287008812,1.2319084493623724,1.1574275842312596,-0.0803287403611806,0.065759580813343,0.1394310575035554,0.0158225041624072,0.0097794479253615,2.799956405989185e-05,0.0060150566729857,downstairs,wiktor
1672842757610193700,0.4466832399674042,1.2609544721825074,-0.1900106137312666,1.3511610307862554,0.4466832399674042,0.5865363623877605,0.5784930250148907,1.2609544721825074,1.2684377287008812,1.2319084493623724,-0.1900106137312666,-0.0803287403611806,0.065759580813343,0.033439727221887,0.0321937898049101,0.0011494855166145,9.645190036232317e-05,downstairs,wiktor
1672842757620193700,0.1929361619353206,1.2130068858696474,-0.2038995950014911,1.2450643005850277,0.1929361619353206,0.4466832399674042,0.5865363623877605,1.2130068858696474,1.2609544721825074,1.2684377287008812,-0.2038995950014911,-0.1900106137312666,-0.0803287403611806,0.0284637239675116,0.0283020193682717,1.432392615891856e-07,0.0001615613599783,downstairs,wiktor
1672842757630193700,-0.044979871018626,1.212471648984541,-0.1859239804095884,1.2274682948571378,-0.044979871018626,0.1929361619353206,0.4466832399674042,1.212471648984541,1.2130068858696474,1.2609544721825074,-0.1859239804095884,-0.2038995950014911,-0.1900106137312666,0.0200637492649076,0.0179226566217541,0.0021410830472495,9.595903849548164e-09,downstairs,wiktor
1672842757640193700,-0.2343084564026307,1.2779099106859275,-0.1857854459095565,1.312429207417647,-0.2343084564026307,-0.044979871018626,0.1929361619353206,1.2779099106859275,1.212471648984541,1.2130068858696474,-0.1857854459095565,-0.1859239804095884,-0.2038995950014911,0.016294606498597,0.0104764261067178,0.0056536132638684,0.0001645671280108,downstairs,wiktor
1672842757650193700,-0.3790594571364276,1.38424535410785,-0.2039275035663278,1.4496232955925223,-0.3790594571364276,-0.2343084564026307,-0.044979871018626,1.38424535410785,1.2779099106859275,1.212471648984541,-0.2039275035663278,-0.1857854459095565,-0.1859239804095884,0.0012429122239293,6.854481870615676e-05,0.0011010704420271,7.329696319604888e-05,downstairs,wiktor
1672842757660193700,-0.3907679855414969,1.4311723280573203,-0.2160351014450194,1.499208129706323,-0.3907679855414969,-0.3790594571364276,-0.2343084564026307,1.4311723280573203,1.38424535410785,1.2779099106859275,-0.2160351014450194,-0.2039275035663278,-0.1857854459095565,0.001351340048104,0.0011987845792658,1.2097513120003804e-05,0.0001404579557182,downstairs,wiktor
1672842757670193700,-0.341803006642986,1.4262534840630463,-0.2327956477200191,1.4849990268513804,-0.341803006642986,-0.3907679855414969,-0.3790594571364276,1.4262534840630463,1.4311723280573203,1.38424535410785,-0.2327956477200191,-0.2160351014450194,-0.2039275035663278,0.0004506723087408,1.0211126694653976e-05,0.0002507253186151,0.0001897358634309,downstairs,wiktor
1672842757680193700,-0.3372839079065887,1.4038603905467324,-0.2133156136630177,1.459482093658978,-0.3372839079065887,-0.341803006642986,-0.3907679855414969,1.4038603905467324,1.4262534840630463,1.4311723280573203,-0.2133156136630177,-0.2327956477200191,-0.2160351014450194,0.0045630364347291,0.000198304655046,0.000798754874844,0.0035659769048389,downstairs,wiktor
1672842757690193700,-0.3173688555568691,1.3638915307970705,-0.12886471781414,1.4062464982195584,-0.3173688555568691,-0.3372839079065887,-0.341803006642986,1.3638915307970705,1.4038603905467324,1.4262534840630463,-0.12886471781414,-0.2133156136630177,-0.2327956477200191,0.0111885356130909,0.0030019820447429,0.0027538908817868,0.0054326626865611,downstairs,wiktor
1672842757700193700,-0.2398836047701167,1.289677099831296,-0.0246278463476465,1.3120280852491275,-0.2398836047701167,-0.3173688555568691,-0.3372839079065887,1.289677099831296,1.3638915307970705,1.4038603905467324,-0.0246278463476465,-0.12886471781414,-0.2133156136630177,0.0147285260012474,0.0050425935148787,0.0048681778785672,0.0048177546078014,downstairs,wiktor
1672842757710193700,-0.1394585728818592,1.1910041260383954,0.0735327833141628,1.2013936041167586,-0.1394585728818592,-0.2398836047701167,-0.3173688555568691,1.1910041260383954,1.289677099831296,1.3638915307970705,0.0735327833141628,-0.0246278463476465,-0.12886471781414,0.0086457730248609,0.0015313575161481,0.005207904201998,0.0019065113067148,downstairs,wiktor
1672842757720193700,-0.0841167710292251,1.0889462581202574,0.1352824603451373,1.100536654691486,-0.0841167710292251,-0.1394585728818592,-0.2398836047701167,1.0889462581202574,1.1910041260383954,1.289677099831296,0.1352824603451373,0.0735327833141628,-0.0246278463476465,0.0017992663726798,9.001033305495684e-05,0.0016860059286363,2.3250110988592783e-05,downstairs,wiktor
1672842757730193700,-0.0706995930058882,1.0308772314599746,0.1421015674697677,1.0430240429976412,-0.0706995930058882,-0.0841167710292251,-0.1394585728818592,1.0308772314599746,1.0889462581202574,1.1910041260383954,0.1421015674697677,0.1352824603451373,0.0735327833141628,0.0059129959578514,0.0058768425570831,2.822105767441556e-06,3.333129500087353e-05,downstairs,wiktor
1672842757740193700,0.0377148207690625,1.0285014765199854,0.1339368513080296,1.0378712709424718,0.0377148207690625,-0.0706995930058882,-0.0841167710292251,1.0285014765199854,1.0308772314599746,1.0889462581202574,0.1339368513080296,0.1421015674697677,0.1352824603451373,0.0186227361381398,0.0164613682974641,6.072061154758676e-05,0.0021006472291281,downstairs,wiktor
1672842757750193700,0.219161056869259,1.039521513865438,0.0691194581310725,1.0646192024050083,0.219161056869259,0.0377148207690625,-0.0706995930058882,1.039521513865438,1.0285014765199854,1.0308772314599746,0.0691194581310725,0.1339368513080296,0.1421015674697677,0.027525308457157,0.0238383966968722,0.0010719272413171,0.0026149845189675,downstairs,wiktor
1672842757760193700,0.4375112192088929,0.99321973762916,-0.0031990667289879,1.0853164276733889,0.4375112192088929,0.219161056869259,0.0377148207690625,0.99321973762916,1.039521513865438,1.0285014765199854,-0.0031990667289879,0.0691194581310725,0.1339368513080296,0.0102123963948971,2.3766119810301937e-05,0.0090258956879828,0.0011627345871039,downstairs,wiktor
1672842757770193700,0.4306168563216782,0.8588627825581041,-0.0514221853984383,0.9621436469482952,0.4306168563216782,0.4375112192088929,0.219161056869259,0.8588627825581041,0.99321973762916,1.039521513865438,-0.0514221853984383,-0.0031990667289879,0.0691194581310725,0.0494427533109766,0.0389328185122226,0.0104829142110523,2.70205877015971e-05,downstairs,wiktor
1672842757780193700,0.1515727074411734,0.7140669662438724,-0.0440709150726242,0.7313057934114249,0.1515727074411734,0.4306168563216782,0.4375112192088929,0.7140669662438724,0.8588627825581041,0.99321973762916,-0.0440709150726242,-0.0514221853984383,-0.0031990667289879,0.0578501326257156,0.0514758097209083,0.0044990794231843,0.0018752434816229,downstairs,wiktor
1672842757790193700,-0.1692880403012339,0.6192083406668134,0.0171703044061379,0.6421621517138643,-0.1692880403012339,0.1515727074411734,0.4306168563216782,0.6192083406668134,0.7140669662438724,0.8588627825581041,0.0171703044061379,-0.0440709150726242,-0.0514221853984383,0.0131820275781128,0.0080942006340515,0.0026306584073854,0.0024571685366758,downstairs,wiktor
1672842757800193700,-0.2965216886341456,0.5466734055336587,0.0872726372728249,0.6280075137805019,-0.2965216886341456,-0.1692880403012339,0.1515727074411734,0.5466734055336587,0.6192083406668134,0.7140669662438724,0.0872726372728249,0.0171703044061379,-0.0440709150726242,0.0039636708498547,0.0008390019369857,0.0024341898741203,0.0006904790387486,downstairs,wiktor
1672842757810193700,-0.2555582430518759,0.4768996300285255,0.1244338815670793,0.5551820094302014,-0.2555582430518759,-0.2965216886341456,-0.1692880403012339,0.4768996300285255,0.5466734055336587,0.6192083406668134,0.1244338815670793,0.0872726372728249,0.0171703044061379,0.0098307380717846,0.0088654018244609,0.0009617547568913,3.5814904323617906e-06,downstairs,wiktor
1672842757820193700,-0.1224011792177632,0.4330417970476014,0.121757506992263,0.4661889500761316,-0.1224011792177632,-0.2555582430518759,-0.2965216886341456,0.4330417970476014,0.4768996300285255,0.5466734055336587,0.121757506992263,0.1244338815670793,0.0872726372728249,0.0121459388409649,0.0100814885077277,0.0001295673334846,0.0019348829997525,downstairs,wiktor
1672842757830193700,0.0195952186782942,0.4169441367527234,0.0595500637116948,0.4216308763072159,0.0195952186782942,-0.1224011792177632,-0.2555582430518759,0.4169441367527234,0.4330417970476014,0.4768996300285255,0.0595500637116948,0.121757506992263,0.1244338815670793,0.0242794719071089,0.015042027195045,0.0001261903431759,0.0091112543688879,downstairs,wiktor
1672842757840193700,0.1930427738357254,0.4010576429182759,-0.0754407090758398,0.4514466148496629,0.1930427738357254,0.0195952186782942,-0.1224011792177632,0.4010576429182759,0.4169441367527234,0.4330417970476014,-0.0754407090758398,0.0595500637116948,0.121757506992263,0.008771642633166,0.0020630193743729,0.0002265876759523,0.0064820355828407,downstairs,wiktor
1672842757850193700,0.2572770228680436,0.3797697272874597,-0.189300584210505,0.4962370637530754,0.2572770228680436,0.1930427738357254,0.0195952186782942,0.3797697272874597,0.4010576429182759,0.4169441367527234,-0.189300584210505,-0.0754407090758398,0.0595500637116948,0.0025460624587548,0.0014975821091891,0.0001910657794682,0.0008574145700975,downstairs,wiktor
1672842757860193700,0.2025489293659106,0.3993179128538094,-0.2307110797423747,0.5036948149714187,0.2025489293659106,0.2572770228680436,0.1930427738357254,0.3993179128538094,0.3797697272874597,0.4010576429182759,-0.2307110797423747,-0.189300584210505,-0.0754407090758398,0.007468077260779,0.0052415734701957,0.0018177153358122,0.0004087884547709,downstairs,wiktor
1672842757870193700,0.1001616892410224,0.4596124455381627,-0.2593043815723829,0.5371356685119894,0.1001616892410224,0.2025489293659106,0.2572770228680436,0.4596124455381627,0.3993179128538094,0.3797697272874597,-0.2593043815723829,-0.2307110797423747,-0.189300584210505,0.0041845942537289,0.0028655512800001,0.0005943512372561,0.0007246917364726,downstairs,wiktor
1672842757880193700,0.0244576433782,0.4940900103377862,-0.2973751508441663,0.5771958896031741,0.0244576433782,0.1001616892410224,0.2025489293659106,0.4940900103377862,0.4596124455381627,0.3993179128538094,-0.2973751508441663,-0.2593043815723829,-0.2307110797423747,0.0010713475871583,0.0006971980105235,0.0003569083428803,1.724123375440711e-05,downstairs,wiktor
1672842757890193700,-0.0128839690809195,0.4673726623077006,-0.303247328251978,0.5572810280494295,-0.0128839690809195,0.0244576433782,0.1001616892410224,0.4673726623077006,0.4940900103377862,0.4596124455381627,-0.303247328251978,-0.2973751508441663,-0.2593043815723829,0.0050300826038497,1.5945450793090154e-05,0.0044473915026591,0.0005667456503975,downstairs,wiktor
1672842757900193700,-0.007236766093052,0.373060505056802,-0.2695799657061067,0.46032582930662,-0.007236766093052,-0.0128839690809195,0.0244576433782,0.373060505056802,0.4673726623077006,0.4940900103377862,-0.2695799657061067,-0.303247328251978,-0.2973751508441663,0.0136701522767074,0.001657764770678,0.0055975578171304,0.0064148296888989,downstairs,wiktor
1672842757910193700,0.0503438690315809,0.2672535315897341,-0.1563118793896251,0.3136755631772591,0.0503438690315809,-0.007236766093052,-0.0128839690809195,0.2672535315897341,0.373060505056802,0.4673726623077006,-0.1563118793896251,-0.2695799657061067,-0.303247328251978,0.0159252801660888,0.0057832066715156,0.0020987362324421,0.008043337262131,downstairs,wiktor
1672842757920193700,0.1578911300056812,0.2024656278971128,-0.0294786245852873,0.2584394101558108,0.1578911300056812,0.0503438690315809,-0.007236766093052,0.2024656278971128,0.2672535315897341,0.373060505056802,-0.0294786245852873,-0.1563118793896251,-0.2695799657061067,0.0034833298119293,0.0029650614657446,0.000468834131777,4.943421440764414e-05,downstairs,wiktor
1672842757930193700,0.2348984214233735,0.1718442585032716,-0.0195353641132245,0.2917007850842508,0.2348984214233735,0.1578911300056812,0.0503438690315809,0.1718442585032716,0.2024656278971128,0.2672535315897341,-0.0195353641132245,-0.0294786245852873,-0.1563118793896251,0.0018543870911609,0.0004130976721305,0.000115044264247,0.0013262451547832,downstairs,wiktor
1672842757940193700,0.2636420353969358,0.1870129278085906,-0.0710376971629666,0.3309491084955475,0.2636420353969358,0.2348984214233735,0.1578911300056812,0.1870129278085906,0.1718442585032716,0.2024656278971128,-0.0710376971629666,-0.0195353641132245,-0.0294786245852873,0.0044743904845607,4.227901468464413e-05,0.002736228331913,0.0016958831379631,downstairs,wiktor
1672842757950193700,0.2544464914016472,0.2609889824737731,-0.1292765697132334,0.386743710273515,0.2544464914016472,0.2636420353969358,0.2348984214233735,0.2609889824737731,0.1870129278085906,0.1718442585032716,-0.1292765697132334,-0.0710376971629666,-0.0195353641132245,0.0079278811735742,0.0017803701109991,0.0055261937590612,0.0006213173035138,downstairs,wiktor
1672842757960193700,0.1947745530889175,0.3661193183341827,-0.1645275924931158,0.4461499865292557,0.1947745530889175,0.2544464914016472,0.2636420353969358,0.3661193183341827,0.2609889824737731,0.1870129278085906,-0.1645275924931158,-0.1292765697132334,-0.0710376971629666,0.0093785831663251,0.0067141555636805,0.0025667084278128,9.771917483175052e-05,downstairs,wiktor
1672842757970193700,0.0788939631380503,0.4377671854038013,-0.1785075191618613,0.4793008454335508,0.0788939631380503,0.1947745530889175,0.2544464914016472,0.4377671854038013,0.3661193183341827,0.2609889824737731,-0.1785075191618613,-0.1645275924931158,-0.1292765697132334,0.0006465867534661,0.000555486701905,1.0613693638069523e-05,8.048635792307337e-05,downstairs,wiktor
1672842757980193700,0.0455626954782373,0.4423745042853352,-0.1911950215104777,0.4840730291095866,0.0455626954782373,0.0788939631380503,0.1947745530889175,0.4423745042853352,0.4377671854038013,0.3661193183341827,-0.1911950215104777,-0.1785075191618613,-0.1645275924931158,0.0053578351380842,0.005183691385326,0.0001715727991872,2.5709535709510947e-06,downstairs,wiktor
1672842757990193700,0.147383041041647,0.4608986938323691,-0.1889274441376187,0.5194640949203716,0.147383041041647,0.0455626954782373,0.0788939631380503,0.4608986938323691,0.4423745042853352,0.4377671854038013,-0.1889274441376187,-0.1911950215104777,-0.1785075191618613,0.0468388437904251,0.0267125633688731,0.0191776382600717,0.0009486421614802,downstairs,wiktor
1672842758000193700,0.3785218018277736,0.6567437257329602,-0.1453696167932651,0.7718311999622552,0.3785218018277736,0.147383041041647,0.0455626954782373,0.6567437257329602,0.4608986938323691,0.4423745042853352,-0.1453696167932651,-0.1889274441376187,-0.1911950215104777,0.0977540548775386,0.0014363196496414,0.0944506062778121,0.0018671289500851,downstairs,wiktor
1672842758010193700,0.3249247935224317,1.0913713969132754,-0.0842610421071357,1.1418264187970997,0.3249247935224317,0.3785218018277736,0.147383041041647,1.0913713969132754,0.6567437257329602,0.4608986938323691,-0.0842610421071357,-0.1453696167932651,-0.1889274441376187,0.2134559277324367,0.0024474320431654,0.2110009928515989,7.502837672346874e-06,downstairs,wiktor
1672842758020193700,0.3948880988069231,1.7409881960365725,-0.0881347580679018,1.7873847501021465,0.3948880988069231,0.3249247935224317,0.3785218018277736,1.7409881960365725,1.0913713969132754,0.6567437257329602,-0.0881347580679018,-0.0842610421071357,-0.1453696167932651,0.5687228976789984,6.864337588101142e-05,0.5623122446184605,0.0063420096846569,downstairs,wiktor
1672842758030193700,0.4066050417427755,2.8014713355710588,-0.2007581098618963,2.837934657928589,0.4066050417427755,0.3948880988069231,0.3249247935224317,2.8014713355710588,1.7409881960365725,1.0913713969132754,-0.2007581098618963,-0.0881347580679018,-0.0842610421071357,0.4876518153456903,0.0327570119461393,0.4524709623763689,0.002423841023182,downstairs,wiktor
1672842758040193700,0.1506479674270249,3.752755690931084,-0.2703834073216852,3.7654982768367335,0.1506479674270249,0.4066050417427755,0.3948880988069231,3.752755690931084,2.8014713355710588,1.7409881960365725,-0.2703834073216852,-0.2007581098618963,-0.0881347580679018,0.1525083145984857,0.0481204375417443,0.1039329089358171,0.0004549681209242,downstairs,wiktor
1672842758050193700,-0.1595791672396393,3.296832651513646,-0.300548556780099,3.314347670007779,-0.1595791672396393,0.1506479674270249,0.4066050417427755,3.296832651513646,3.752755690931084,2.8014713355710588,-0.300548556780099,-0.2703834073216852,-0.2007581098618963,0.9794375078048996,0.004064507300559,0.9717084204279272,0.0036645800764132,downstairs,wiktor
1672842758060193700,-0.0694181191028852,1.9027677890141084,-0.3861590710457341,1.9427977152344824,-0.0694181191028852,-0.1595791672396393,0.1506479674270249,1.9027677890141084,3.296832651513646,3.752755690931084,-0.3861590710457341,-0.300548556780099,-0.2703834073216852,0.5557939681649486,0.0152839224116194,0.5405097788657875,2.668875416537252e-07,downstairs,wiktor
1672842758070193700,0.1054185041293163,0.8630468852463832,-0.3854284719194634,0.9510615616838476,0.1054185041293163,-0.0694181191028852,-0.1595791672396393,0.8630468852463832,1.9027677890141084,3.296832651513646,-0.3854284719194634,-0.3861590710457341,-0.300548556780099,0.157703156041629,0.000724425237247,0.1551202506337927,0.0018584801705893,downstairs,wiktor
1672842758080193700,0.1434822726565398,0.3060545143223413,-0.3244615928687965,0.4685422644231004,0.1434822726565398,0.1054185041293163,-0.0694181191028852,0.3060545143223413,0.8630468852463832,1.9027677890141084,-0.3244615928687965,-0.3854284719194634,-0.3861590710457341,0.0328673790302569,1.1504713641837402e-05,0.0299325656978236,0.0029233086187914,downstairs,wiktor
1672842758090193700,0.1482790869414246,0.0613809943091463,-0.2479984171723677,0.2953938540433124,0.1482790869414246,0.1434822726565398,0.1054185041293163,0.0613809943091463,0.3060545143223413,0.8630468852463832,-0.2479984171723677,-0.3244615928687965,-0.3854284719194634,0.0034145142256719,0.0001872423235317,0.0025522111676751,0.0006750607344651,downstairs,wiktor
1672842758100193700,0.1289274811407836,-0.0100642458076748,-0.2112544180850292,0.2476933862609753,0.1289274811407836,0.1482790869414246,0.1434822726565398,-0.0100642458076748,0.0613809943091463,0.3060545143223413,-0.2112544180850292,-0.2479984171723677,-0.3244615928687965,0.0019929253067055,0.0011877902883554,0.0007555042902092,4.963072814086035e-05,downstairs,wiktor
1672842758110193700,0.0801875531893497,0.028807448012101,-0.2212174224653214,0.2370591925019259,0.0801875531893497,0.1289274811407836,0.1482790869414246,0.028807448012101,-0.0100642458076748,0.0613809943091463,-0.2212174224653214,-0.2112544180850292,-0.2479984171723677,0.036813987430956,0.003198390749467,0.0324779050917859,0.0011376915897029,downstairs,wiktor
1672842758120193700,0.0002076713506388,0.2836717455972513,-0.2689183991786542,0.3908795310506698,0.0002076713506388,0.0801875531893497,0.1289274811407836,0.2836717455972513,0.028807448012101,-0.0100642458076748,-0.2689183991786542,-0.2212174224653214,-0.2112544180850292,0.0954210820428456,0.0122894647913275,0.0822373266768766,0.0008942905746414,downstairs,wiktor
1672842758130193700,-0.1565690156364737,0.6892264932624133,-0.311210019498559,0.7722685361378328,-0.1565690156364737,0.0002076713506388,0.0801875531893497,0.6892264932624133,0.2836717455972513,0.028807448012101,-0.311210019498559,-0.2689183991786542,-0.2212174224653214,0.0816118815210183,0.0111329867754769,0.0694981074095486,0.0009807873359926,downstairs,wiktor
1672842758140193700,-0.305786888396254,1.0620484545510387,-0.3554996872776853,1.1609619152167934,-0.305786888396254,-0.1565690156364737,0.0002076713506388,1.0620484545510387,0.6892264932624133,0.2836717455972513,-0.3554996872776853,-0.311210019498559,-0.2689183991786542,0.0632468924419642,0.0012223041675183,0.0619265136283551,9.807464609077913e-05,downstairs,wiktor
1672842758150193700,-0.3552298690409992,1.413976042638006,-0.3414943564289849,1.4973760063811523,-0.3552298690409992,-0.305786888396254,-0.1565690156364737,1.413976042638006,1.0620484545510387,0.6892264932624133,-0.3414943564289849,-0.3554996872776853,-0.311210019498559,0.0464743609440981,1.6053961161786969e-06,0.0416394883494795,0.0048332671985023,downstairs,wiktor
1672842758160193700,-0.3570217374045676,1.7025570134225665,-0.2431758210604961,1.7565020309929025,-0.3570217374045676,-0.3552298690409992,-0.305786888396254,1.7025570134225665,1.413976042638006,1.0620484545510387,-0.2431758210604961,-0.3414943564289849,-0.3554996872776853,0.0115723578927923,0.0003020782115489,0.0031273391813172,0.0081429404999261,downstairs,wiktor
1672842758170193700,-0.3324421437729,1.7816435379550966,-0.1155596739636169,1.816074203753815,-0.3324421437729,-0.3570217374045676,-0.3552298690409992,1.7816435379550966,1.7025570134225665,1.413976042638006,-0.1155596739636169,-0.2431758210604961,-0.3414943564289849,0.0086616861385915,0.0027765727687775,0.0029602858395424,0.0029248275302716,downstairs,wiktor
1672842758180193700,-0.2579227131688286,1.7046982867755414,-0.0390766362327365,1.7245426519524245,-0.2579227131688286,-0.3324421437729,-0.3570217374045676,1.7046982867755414,1.7816435379550966,1.7025570134225665,-0.0390766362327365,-0.1155596739636169,-0.2431758210604961,0.0425507955601159,0.0078288167941105,0.0341365822678882,0.000585396498117,downstairs,wiktor
1672842758190193700,-0.1327922469017316,1.443406946437258,-0.0732934887506723,1.451354308690261,-0.1327922469017316,-0.2579227131688286,-0.3324421437729,1.443406946437258,1.7046982867755414,1.7816435379550966,-0.0732934887506723,-0.0390766362327365,-0.1155596739636169,0.0569183235157137,0.0072961993724084,0.043579765720996,0.0060423584223092,downstairs,wiktor
1672842758200193700,-0.0119932454786365,1.148179015099466,-0.1832239979126812,1.1627682151069476,-0.0119932454786365,-0.1327922469017316,-0.2579227131688286,1.148179015099466,1.443406946437258,1.7046982867755414,-0.1832239979126812,-0.0732934887506723,-0.0390766362327365,0.0328761044967988,0.0085713177200327,0.0203542559646969,0.0039505308120691,downstairs,wiktor
1672842758210193700,0.1189366420187007,0.9464155101502462,-0.2721119139875808,0.9919138754960634,0.1189366420187007,-0.0119932454786365,-0.1327922469017316,0.9464155101502462,1.148179015099466,1.443406946437258,-0.2721119139875808,-0.1832239979126812,-0.0732934887506723,0.0139562434443621,0.0059403538702675,0.0063128246434835,0.001703064930611,downstairs,wiktor
1672842758220193700,0.2279353013707087,0.83405159562709,-0.3304739723921814,0.9256401094419574,0.2279353013707087,0.1189366420187007,-0.0119932454786365,0.83405159562709,0.9464155101502462,1.148179015099466,-0.3304739723921814,-0.2721119139875808,-0.1832239979126812,0.0010040091457403,0.00094327308554,2.1090358193738308e-05,3.964570200651731e-05,downstairs,wiktor
1672842758230193700,0.1845009121027554,0.827556927322436,-0.3215694003074019,0.906806447782636,0.1845009121027554,0.2279353013707087,0.1189366420187007,0.827556927322436,0.83405159562709,0.9464155101502462,-0.3215694003074019,-0.3304739723921814,-0.2721119139875808,0.0121187282775448,0.0096927117715087,0.0005372087419674,0.0018888077640686,downstairs,wiktor
1672842758240193700,0.0452693655947265,0.8603352354534977,-0.2601070904896169,0.8999342927942839,0.0452693655947265,0.1845009121027554,0.2279353013707087,0.8603352354534977,0.827556927322436,0.83405159562709,-0.2601070904896169,-0.3215694003074019,-0.3304739723921814,0.0074596756478651,0.0031774566525791,0.0008059329367451,0.0034762860585407,downstairs,wiktor
1672842758250193700,-0.0344483445151253,0.9004832848891839,-0.1767250053808745,0.9183074443406838,-0.0344483445151253,0.0452693655947265,0.1845009121027554,0.9004832848891839,0.8603352354534977,0.827556927322436,-0.1767250053808745,-0.2601070904896169,-0.3215694003074019,0.0017948338568643,2.7916320554822773e-05,0.0002140267948253,0.0015528907414841,downstairs,wiktor
1672842758260193700,-0.026976220244903,0.9211727408909902,-0.1209954666875721,0.9294766473549856,-0.026976220244903,-0.0344483445151253,0.0452693655947265,0.9211727408909902,0.9004832848891839,0.8603352354534977,-0.1209954666875721,-0.1767250053808745,-0.2601070904896169,0.0012529461880807,0.0009484952823029,3.5303108967226946e-08,0.0003044156026687,downstairs,wiktor
1672842758270193700,0.0165782349187878,0.9214384591965968,-0.0963209615185206,0.9266074679104812,0.0165782349187878,-0.026976220244903,-0.0344483445151253,0.9214384591965968,0.9211727408909902,0.9004832848891839,-0.0963209615185206,-0.1209954666875721,-0.1767250053808745,0.0010724411695359,0.0008972718073685,3.543769261255212e-05,0.0001397316695548,downstairs,wiktor
1672842758280193700,0.0589402888673044,0.9130197071973332,-0.0796038044901955,0.9183766705833608,0.0589402888673044,0.0165782349187878,-0.026976220244903,0.9130197071973332,0.9214384591965968,0.9211727408909902,-0.0796038044901955,-0.0963209615185206,-0.1209954666875721,0.0003603374159101,0.0001574754950446,0.0001561324011298,4.672951973556656e-05,downstairs,wiktor
1672842758290193700,0.0766871474650781,0.8953486913165246,-0.0699363829378305,0.901344160288938,0.0766871474650781,0.0589402888673044,0.0165782349187878,0.8953486913165246,0.9130197071973332,0.9214384591965968,-0.0699363829378305,-0.0796038044901955,-0.0963209615185206,0.0007398857160825,2.303432914302209e-07,0.0007388564652742,7.989075168879364e-07,downstairs,wiktor
1672842758300193700,0.0773658864302632,0.8569076594553929,-0.0686723358525619,0.8631292527355954,0.0773658864302632,0.0766871474650781,0.0589402888673044,0.8569076594553929,0.8953486913165246,0.9130197071973332,-0.0686723358525619,-0.0699363829378305,-0.0796038044901955,0.0015318490062138,1.6153872955533674e-07,0.0015262598964122,5.427571072133054e-06,downstairs,wiktor
1672842758310193700,0.0779342854618516,0.8016580459470215,-0.0653776215790222,0.8080863870189722,0.0779342854618516,0.0773658864302632,0.0766871474650781,0.8016580459470215,0.8569076594553929,0.8953486913165246,-0.0653776215790222,-0.0686723358525619,-0.0699363829378305,0.0015741264912745,2.1621766598861808e-05,0.0015037138219997,4.8790902675991184e-05,downstairs,wiktor
1672842758320193700,0.084510267000582,0.746818027310998,-0.0554992712434661,0.7536307585640039,0.084510267000582,0.0779342854618516,0.0773658864302632,0.746818027310998,0.8016580459470215,0.8569076594553929,-0.0554992712434661,-0.0653776215790222,-0.0686723358525619,0.0004796608027481,2.1007086433299272e-08,0.0003571381371713,0.0001225016584903,downstairs,wiktor
1672842758330193700,0.0847152405912385,0.7200920797255002,-0.0398466894442636,0.7261522112694384,0.0847152405912385,0.084510267000582,0.0779342854618516,0.7200920797255002,0.746818027310998,0.8016580459470215,-0.0398466894442636,-0.0554992712434661,-0.0653776215790222,0.0001409750156458,8.489213083572615e-06,3.937909374562368e-06,0.0001285478931877,downstairs,wiktor
1672842758340193700,0.080594752007691,0.7172856908092726,-0.0238124826857267,0.7221920178336054,0.080594752007691,0.0847152405912385,0.084510267000582,0.7172856908092726,0.7200920797255002,0.746818027310998,-0.0238124826857267,-0.0398466894442636,-0.0554992712434661,0.0003295645032475,0.0003053653619909,2.263968994366515e-05,1.5594513128849244e-06,downstairs,wiktor
1672842758350193700,0.0558817852901567,0.7105566953502661,-0.0220464411726898,0.7130916047764739,0.0558817852901567,0.080594752007691,0.0847152405912385,0.7105566953502661,0.7172856908092726,0.7200920797255002,-0.0220464411726898,-0.0238124826857267,-0.0398466894442636,0.00281181351248,0.0024865410670906,0.0002700623608744,5.521008451485504e-05,downstairs,wiktor
1672842758360193700,-0.0146382979073363,0.6873161118431994,-0.0325545413354076,0.6882423377898487,-0.0146382979073363,0.0558817852901567,0.080594752007691,0.6873161118431994,0.7105566953502661,0.7172856908092726,-0.0325545413354076,-0.0220464411726898,-0.0238124826857267,0.0059089235248509,0.004266034963652,0.0010518019691786,0.0005910865920203,downstairs,wiktor
1672842758370193700,-0.1070075023388134,0.6414510495587404,-0.0669372867761171,0.6537512178938935,-0.1070075023388134,-0.0146382979073363,0.0558817852901567,0.6414510495587404,0.6873161118431994,0.7105566953502661,-0.0669372867761171,-0.0325545413354076,-0.0220464411726898,0.0008018569173665,0.0004362772007525,5.424241500246123e-07,0.0003650372924639,downstairs,wiktor
1672842758380193700,-0.136546534169681,0.6404094890467925,-0.0939571791690929,0.6615113159820766,-0.136546534169681,-0.1070075023388134,-0.0146382979073363,0.6404094890467925,0.6414510495587404,0.6873161118431994,-0.0939571791690929,-0.0669372867761171,-0.0325545413354076,0.0005304712634163,7.513448904715711e-06,0.0005228847570091,7.305750245167076e-08,downstairs,wiktor
1672842758390193700,-0.1326700798865208,0.6727478488385069,-0.0943394290937539,0.6921639589690219,-0.1326700798865208,-0.136546534169681,-0.1070075023388134,0.6727478488385069,0.6404094890467925,0.6414510495587404,-0.0943394290937539,-0.0939571791690929,-0.0669372867761171,0.0008090872127632,4.082736913042082e-05,0.0007558323641872,1.242747944563324e-05,downstairs,wiktor
1672842758400193700,-0.1417063810247544,0.7116279816620253,-0.089353954302797,0.7310808517920895,-0.1417063810247544,-0.1326700798865208,-0.136546534169681,0.7116279816620253,0.6727478488385069,0.6404094890467925,-0.089353954302797,-0.0943394290937539,-0.0939571791690929,0.0018411393361248,0.0003880453390783,0.0010914739431597,0.0003616200538868,downstairs,wiktor
1672842758410193700,-0.1138479769398708,0.7583500095109899,-0.0624608305018379,0.7693877137864882,-0.1138479769398708,-0.1417063810247544,-0.1326700798865208,0.7583500095109899,0.7116279816620253,0.6727478488385069,-0.0624608305018379,-0.089353954302797,-0.0943394290937539,0.0071182295193284,0.0017130862048492,0.004938784336091,0.0004663589783882,downstairs,wiktor
1672842758420193700,-0.0553144616712787,0.8577359676347713,-0.0319203989925022,0.8601102206788276,-0.0553144616712787,-0.1138479769398708,-0.1417063810247544,0.8577359676347713,0.7583500095109899,0.7116279816620253,-0.0319203989925022,-0.0624608305018379,-0.089353954302797,0.0094492369357892,0.0005259351029189,0.0086483962242968,0.0002749056085735,downstairs,wiktor
1672842758430193700,-0.0228819131152695,0.989253238168316,-0.0084723454027686,0.9895541075711514,-0.0228819131152695,-0.0553144616712787,-0.1138479769398708,0.989253238168316,0.8577359676347713,0.7583500095109899,-0.0084723454027686,-0.0319203989925022,-0.0624608305018379,0.0094745789037666,0.0004892385805712,0.0084185407985853,0.00056679952461,downstairs,wiktor
1672842758440193700,0.0083987064620737,1.119011018656311,0.0251966172961339,1.1193261667930572,0.0083987064620737,-0.0228819131152695,-0.0553144616712787,1.119011018656311,0.989253238168316,0.8577359676347713,0.0251966172961339,-0.0084723454027686,-0.0319203989925022,0.0060505618357876,0.0002949018868732,0.005086717696542,0.0006689422523722,downstairs,wiktor
1672842758450193700,0.0326845824756454,1.2198744678987603,0.0617737208548434,1.2218747857088887,0.0326845824756454,0.0083987064620737,-0.0228819131152695,1.2198744678987603,1.119011018656311,0.989253238168316,0.0617737208548434,0.0251966172961339,-0.0084723454027686,0.003002734819985,2.000219074404517e-05,0.0025439424209053,0.0004387902083356,downstairs,wiktor
1672842758460193700,0.026359680777746,1.2912038786758773,0.0913977046630914,1.2947029889113626,0.026359680777746,0.0326845824756454,0.0083987064620737,1.2912038786758773,1.2198744678987603,1.119011018656311,0.0913977046630914,0.0617737208548434,0.0251966172961339,0.002052081377812,0.0005203009931194,0.0001416659248096,0.0013901144598829,downstairs,wiktor
1672842758470193700,-0.0058986822656415,1.30803634283355,0.1441255807796755,1.3159658246553814,-0.0058986822656415,0.026359680777746,0.0326845824756454,1.30803634283355,1.2912038786758773,1.2198744678987603,0.1441255807796755,0.0913977046630914,0.0617737208548434,0.0006839294757237,1.7177575871498794e-05,0.0002493746080266,0.0004173772918256,downstairs,wiktor
1672842758480193700,-0.0117600090559678,1.3303690367161345,0.1730177005297263,1.3416240890661606,-0.0117600090559678,-0.0058986822656415,0.026359680777746,1.3303690367161345,1.30803634283355,1.2912038786758773,0.1730177005297263,0.1441255807796755,0.0913977046630914,0.0032733302973779,0.0007958956018471,0.001947539996192,0.0005298946993388,downstairs,wiktor
1672842758490193700,0.0281372490414778,1.3927796126819432,0.140463293782287,1.4001273839141404,0.0281372490414778,-0.0117600090559678,-0.0058986822656415,1.3927796126819432,1.3303690367161345,1.30803634283355,0.140463293782287,0.1730177005297263,0.1441255807796755,0.0072099629685953,0.0050754698451298,0.0008389256381045,0.0012955674853609,downstairs,wiktor
1672842758500193700,0.1288891209360468,1.4337411956128938,0.0895601016356054,1.442306220363116,0.1288891209360468,0.0281372490414778,-0.0117600090559678,1.4337411956128938,1.3927796126819432,1.3303690367161345,0.0895601016356054,0.140463293782287,0.1730177005297263,0.0041012924321799,0.0038550923219653,6.875241537076715e-09,0.000246193234973,downstairs,wiktor
1672842758510193700,0.2166967780277306,1.4338584580667064,0.0673703186275176,1.4517046294646183,0.2166967780277306,0.1288891209360468,0.0281372490414778,1.4338584580667064,1.4337411956128938,1.3927796126819432,0.0673703186275176,0.0895601016356054,0.140463293782287,0.0003636141434505,0.0002396895137393,9.312438523783208e-05,3.0800244473373325e-05,downstairs,wiktor
1672842758520193700,0.2385915040474514,1.4202111590491109,0.0752189165243872,1.442076117094499,0.2385915040474514,0.2166967780277306,0.1288891209360468,1.4202111590491109,1.4338584580667064,1.4337411956128938,0.0752189165243872,0.0673703186275176,0.0895601016356054,0.0004132664704817,4.1981414442209416e-05,0.000331799251684,3.948580435547666e-05,downstairs,wiktor
1672842758530193700,0.2477546273623708,1.394450753319228,0.0841055136633912,1.4187843374666256,0.2477546273623708,0.2385915040474514,0.2166967780277306,1.394450753319228,1.4202111590491109,1.4338584580667064,0.0841055136633912,0.0752189165243872,0.0673703186275176,9.712864749881404e-05,9.56923384996526e-06,1.4069568142753038e-05,7.348984550609573e-05,downstairs,wiktor
1672842758540193700,0.2433798739178976,1.399755386792476,0.0962290317589025,1.424011563308424,0.2433798739178976,0.2477546273623708,0.2385915040474514,1.399755386792476,1.394450753319228,1.4202111590491109,0.0962290317589025,0.0841055136633912,0.0752189165243872,0.0032894033380693,0.0006356766706973,0.0025932065313165,6.052013605554373e-05,downstairs,wiktor
1672842758550193700,0.2077238317736181,1.4717721422222585,0.1072308621571175,1.4902217575606551,0.2077238317736181,0.2433798739178976,0.2477546273623708,1.4717721422222585,1.399755386792476,1.394450753319228,0.1072308621571175,0.0962290317589025,0.0841055136633912,0.0071492574501515,0.0013843014437558,0.0057413656799893,2.359032640635549e-05,downstairs,wiktor
1672842758560193700,0.155106316747615,1.578929649472001,0.1003620447325013,1.5897010245639516,0.155106316747615,0.2077238317736181,0.2433798739178976,1.578929649472001,1.4717721422222585,1.399755386792476,0.1003620447325013,0.1072308621571175,0.0962290317589025,0.0021611263663471,0.0011620112092945,0.0004201896693362,0.0005789254877163,downstairs,wiktor
1672842758570193700,0.1068982010554514,1.6079189464395445,0.0663348353930214,1.6128331823517166,0.1068982010554514,0.155106316747615,0.2077238317736181,1.6079189464395445,1.578929649472001,1.4717721422222585,0.0663348353930214,0.1003620447325013,0.1072308621571175,0.0024856930540931,9.18708818301159e-06,0.0013020092602177,0.0011744967056923,downstairs,wiktor
1672842758580193700,0.1111847120336274,1.5568893616828998,0.0178684200996999,1.560956695475005,0.1111847120336274,0.1068982010554514,0.155106316747615,1.5568893616828998,1.6079189464395445,1.578929649472001,0.0178684200996999,0.0663348353930214,0.1003620447325013,0.0100822078897806,0.0013787447490193,0.0083257344749065,0.0003777286658547,downstairs,wiktor
1672842758590193700,0.1636965154499904,1.427848790737894,-0.0096171639710356,1.437233873878911,0.1636965154499904,0.1111847120336274,0.1068982010554514,1.427848790737894,1.5568893616828998,1.6079189464395445,-0.0096171639710356,0.0178684200996999,0.0663348353930214,0.0181194585159769,0.0062808659799578,0.0114638116454119,0.0003747808906072,downstairs,wiktor
1672842758600193700,0.275775648030126,1.2764300888189308,0.0177609619913908,1.3060020794239184,0.275775648030126,0.1636965154499904,0.1111847120336274,1.2764300888189308,1.427848790737894,1.5568893616828998,0.0177609619913908,-0.0096171639710356,0.0178684200996999,0.0156451641220638,0.0055314268929485,0.0089217347671227,0.0011920024619925,downstairs,wiktor
1672842758610193700,0.3809557496934023,1.1428506385496418,0.0665872348778717,1.2065109718135458,0.3809557496934023,0.275775648030126,0.1636965154499904,1.1428506385496418,1.2764300888189308,1.427848790737894,0.0665872348778717,0.0177609619913908,-0.0096171639710356,0.0055853701382919,0.0023244456333469,0.003241905519587,1.901898535802325e-05,downstairs,wiktor
1672842758620193700,0.4491385280666388,1.062328523331684,0.0604197418121239,1.1549536155528444,0.4491385280666388,0.3809557496934023,0.275775648030126,1.062328523331684,1.1428506385496418,1.2764300888189308,0.0604197418121239,0.0665872348778717,0.0177609619913908,0.002810055633509,0.000459585855066,0.0009195550613725,0.0014309147170704,downstairs,wiktor
1672842758630193700,0.4794563728141141,1.019443676092303,0.0069236724785647,1.1265841111063326,0.4794563728141141,0.4491385280666388,0.3809557496934023,1.019443676092303,1.062328523331684,1.1428506385496418,0.0069236724785647,0.0604197418121239,0.0665872348778717,0.0018821822135885,0.0001342879921684,3.65801238685492e-05,0.0017113140975515,downstairs,wiktor
1672842758640193700,0.4630680847907426,1.0279970524862831,-0.0515795598689137,1.1286586915753245,0.4630680847907426,0.4794563728141141,0.4491385280666388,1.0279970524862831,1.019443676092303,1.062328523331684,-0.0515795598689137,0.0069236724785647,0.0604197418121239,0.0038374756193867,0.002140445207386,0.0009675105470327,0.0007295198649678,downstairs,wiktor
1672842758650193700,0.3976395710159962,1.0719859271486971,-0.089776938443047,1.1468787883289342,0.3976395710159962,0.4630680847907426,0.4794563728141141,1.0719859271486971,1.0279970524862831,1.019443676092303,-0.089776938443047,-0.0515795598689137,0.0069236724785647,0.0072287186116123,0.0059737202125239,0.0012544930384611,5.053606271594175e-07,downstairs,wiktor
1672842758660193700,0.2883352233209115,1.122075707313141,-0.0907822847785548,1.1620811147159311,0.2883352233209115,0.3976395710159962,0.4630680847907426,1.122075707313141,1.0719859271486971,1.0279970524862831,-0.0907822847785548,-0.089776938443047,-0.0515795598689137,0.0135786702615341,0.0124441849760127,0.001095985614612,3.849967090928234e-05,downstairs,wiktor
1672842758670193700,0.1305747404615288,1.1688941996983535,-0.0820073578946107,1.1790201947735692,0.1305747404615288,0.2883352233209115,0.3976395710159962,1.1688941996983535,1.122075707313141,1.0719859271486971,-0.0820073578946107,-0.0907822847785548,-0.089776938443047,0.0099465935881614,0.0091577551039803,7.966404249008705e-05,0.000709174441691,downstairs,wiktor
1672842758680193700,-0.0047600673595215,1.181516722622879,-0.0443463849467156,1.1823582477137036,-0.0047600673595215,0.1305747404615288,0.2883352233209115,1.181516722622879,1.1688941996983535,1.122075707313141,-0.0443463849467156,-0.0820073578946107,-0.0907822847785548,0.0099984981111041,0.0092834837479597,4.393828331311352e-05,0.0006710760798313,downstairs,wiktor
1672842758690193700,-0.1410207274779852,1.19089097281296,-0.0077109900442085,1.1992362628245028,-0.1410207274779852,-0.0047600673595215,0.1305747404615288,1.19089097281296,1.181516722622879,1.1688941996983535,-0.0077109900442085,-0.0443463849467156,-0.0820073578946107,0.013466690933994,0.0130084168948307,0.0001603319410468,0.0002979420981163,downstairs,wiktor
1672842758700193700,-0.3023180733633454,1.2087980630873112,0.0166997493184735,1.2461411863962526,-0.3023180733633454,-0.1410207274779852,-0.0047600673595215,1.2087980630873112,1.19089097281296,1.181516722622879,0.0166997493184735,-0.0077109900442085,-0.0443463849467156,0.0022869297272585,0.0008560772437742,0.0012179399224494,0.0002129125610348,downstairs,wiktor
1672842758710193700,-0.3436962619117649,1.258152696556713,0.0373352798924533,1.304787052139044,-0.3436962619117649,-0.3023180733633454,-0.1410207274779852,1.258152696556713,1.2087980630873112,1.19089097281296,0.0373352798924533,0.0166997493184735,-0.0077109900442085,0.005964017232719,0.0010391894200601,0.0046696274771021,0.0002552003355566,downstairs,wiktor
1672842758720193700,-0.2981070215131758,1.3547925173047068,0.0599273287396331,1.3884962534879774,-0.2981070215131758,-0.3436962619117649,-0.3023180733633454,1.3547925173047068,1.258152696556713,1.2087980630873112,0.0599273287396331,0.0373352798924533,0.0166997493184735,0.0062954131626639,0.002716852436104,0.0035779231416859,6.375848738850831e-07,downstairs,wiktor
1672842758730193700,-0.2243933533626342,1.4393847526657138,0.0610565628817712,1.4580496380819143,-0.2243933533626342,-0.2981070215131758,-0.3436962619117649,1.4393847526657138,1.3547925173047068,1.258152696556713,0.0610565628817712,0.0599273287396331,0.0373352798924533,0.0010654150678971,0.0003623364937604,0.0006934778163528,9.600757783837171e-06,downstairs,wiktor
1672842758740193700,-0.1974736024811557,1.402142899426304,0.0566746094854336,1.4171141610501303,-0.1974736024811557,-0.2243933533626342,-0.2981070215131758,1.402142899426304,1.4393847526657138,1.3547925173047068,0.0566746094854336,0.0610565628817712,0.0599273287396331,0.0053181531730453,7.653470070905169e-05,0.0050830310443061,0.00015858742803,downstairs,wiktor
1672842758750193700,-0.2098457244260002,1.3013160077326078,0.0388652059002448,1.318699770330864,-0.2098457244260002,-0.1974736024811557,-0.2243933533626342,1.3013160077326078,1.402142899426304,1.4393847526657138,0.0388652059002448,0.0566746094854336,0.0610565628817712,0.0030578630213253,7.217137786390355e-05,0.0028998508588951,8.584078456628846e-05,downstairs,wiktor
1672842758760193700,-0.1978314514256141,1.225160235017794,0.0519679372617807,1.24211736609117,-0.1978314514256141,-0.2098457244260002,-0.1974736024811557,1.225160235017794,1.3013160077326078,1.402142899426304,0.0519679372617807,0.0388652059002448,0.0566746094854336,0.0026628732896048,0.0013375519150291,0.0008873163996766,0.000438004974899,downstairs,wiktor
1672842758770193700,-0.1461100455083502,1.183033844247242,0.0815654025214624,1.194809665562406,-0.1461100455083502,-0.1978314514256141,-0.2098457244260002,1.183033844247242,1.225160235017794,1.3013160077326078,0.0815654025214624,0.0519679372617807,0.0388652059002448,0.0112520437219448,0.0089906896230258,0.0022565422934906,4.811805428419183e-06,downstairs,wiktor
1672842758780193700,-0.012015380267515,1.1158543489605013,0.0846675970441895,1.1191264001203234,-0.012015380267515,-0.1461100455083502,-0.1978314514256141,1.1158543489605013,1.183033844247242,1.225160235017794,0.0846675970441895,0.0815654025214624,0.0519679372617807,0.0021052305491277,0.0013317204123965,0.000341616657356,0.0004318934793751,downstairs,wiktor
1672842758790193700,0.0395931541506714,1.0897156168812272,0.055277344259459,1.091834844799712,0.0395931541506714,-0.012015380267515,-0.1461100455083502,1.0897156168812272,1.1158543489605013,1.183033844247242,0.055277344259459,0.0846675970441895,0.0815654025214624,0.0103193055029742,0.0013103495377962,0.0007920717943818,0.0082168841707961,downstairs,wiktor
1672842758800193700,0.0907859180494146,1.0499143155361237,-0.07291691591467,1.0563517546301844,0.0907859180494146,0.0395931541506714,-0.012015380267515,1.0499143155361237,1.0897156168812272,1.1158543489605013,-0.07291691591467,0.055277344259459,0.0846675970441895,0.0141017488871263,0.0003560343484534,2.622322363023208e-06,0.0137430922163098,downstairs,wiktor
1672842758810193700,0.0641013026894928,1.047624196603394,-0.2387064946963888,1.076385723114922,0.0641013026894928,0.0907859180494146,0.0395931541506714,1.047624196603394,1.0499143155361237,1.0897156168812272,-0.2387064946963888,-0.07291691591467,0.055277344259459,0.0088692239818723,0.0082144245231657,0.0005214157180726,0.0001333837406339,downstairs,wiktor
1672842758820193700,0.1922763745495523,1.0799170973115255,-0.2223734765653762,1.1192145032814054,0.1922763745495523,0.0641013026894928,0.0907859180494146,1.0799170973115255,1.047624196603394,1.0499143155361237,-0.2223734765653762,-0.2387064946963888,-0.07291691591467,0.0288260235789659,0.0278018628039571,0.0009780953395759,4.6065435432770665e-05,downstairs,wiktor
1672842758830193700,0.4280807969167216,1.0356882528867395,-0.2127749938276961,1.1406912482590628,0.4280807969167216,0.1922763745495523,0.0641013026894928,1.0356882528867395,1.0799170973115255,1.047624196603394,-0.2127749938276961,-0.2223734765653762,-0.2387064946963888,0.009919938969321,0.0001280494980111,0.0097333282279445,5.856124336529941e-05,downstairs,wiktor
1672842758840193700,0.4120777035900435,0.8961652925687725,-0.2019526795312714,1.0068292557185543,0.4120777035900435,0.4280807969167216,0.1922763745495523,0.8961652925687725,1.0356882528867395,1.0799170973115255,-0.2019526795312714,-0.2127749938276961,-0.2223734765653762,0.0337863461580518,0.024586131193935,0.0074175164455324,0.0017826985185842,downstairs,wiktor
1672842758850193700,0.1903295076833571,0.7743661427726225,-0.1422417338247387,0.8100005897584314,0.1903295076833571,0.4120777035900435,0.4280807969167216,0.7743661427726225,0.8961652925687725,1.0356882528867395,-0.1422417338247387,-0.2019526795312714,-0.2127749938276961,0.0322725054178369,0.0266003434786707,0.0017884030330619,0.0038837589061043,downstairs,wiktor
1672842758860193700,-0.0403232333741501,0.7145597378804716,-0.0541082111888619,0.7177390059538445,-0.0403232333741501,0.1903295076833571,0.4120777035900435,0.7145597378804716,0.7743661427726225,0.8961652925687725,-0.0541082111888619,-0.1422417338247387,-0.2019526795312714,0.0315658195860869,0.0266521796411554,0.001404429869566,0.0035092100753653,downstairs,wiktor
1672842758870193700,-0.2712006018672768,0.6615610611127253,0.0296678005969158,0.7156067232957126,-0.2712006018672768,-0.0403232333741501,0.1903295076833571,0.6615610611127253,0.7145597378804716,0.7743661427726225,0.0296678005969158,-0.0541082111888619,-0.1422417338247387,0.004442589200386,0.0014293933503344,0.001360249020901,0.0016529468291505,downstairs,wiktor
1672842758880193700,-0.3246682247868426,0.6094026673318371,0.0871647018899512,0.6959732411472166,-0.3246682247868426,-0.2712006018672768,-0.0403232333741501,0.6094026673318371,0.6615610611127253,0.7145597378804716,0.0871647018899512,0.0296678005969158,-0.0541082111888619,0.0096148738665865,0.0089696038510023,0.0004885190984783,0.0001567509171058,downstairs,wiktor
1672842758890193700,-0.1907308972713039,0.578145057107179,0.1048706848960351,0.6177603441318837,-0.1907308972713039,-0.3246682247868426,-0.2712006018672768,0.578145057107179,0.6094026673318371,0.6615610611127253,0.1048706848960351,0.0871647018899512,0.0296678005969158,0.0217304712496881,0.0208779917505862,5.214058834411441e-05,0.0008003389107577,downstairs,wiktor
1672842758900193700,0.0136119115113212,0.5679332415639845,0.064862213024249,0.5717871611769281,0.0136119115113212,-0.1907308972713039,-0.3246682247868426,0.5679332415639845,0.578145057107179,0.6094026673318371,0.064862213024249,0.1048706848960351,0.0871647018899512,0.0207886083940857,0.0121726718175917,0.0001057077050703,0.0085102288714236,downstairs,wiktor
1672842758910193700,0.1696418561860002,0.5533931105418526,-0.0656002633543914,0.5825166853555219,0.1696418561860002,0.0136119115113212,-0.1907308972713039,0.5533931105418526,0.5679332415639845,0.578145057107179,-0.0656002633543914,0.064862213024249,0.1048706848960351,0.0094383526710283,0.0006303708342486,9.304770167693702e-05,0.0087149341351028,downstairs,wiktor
1672842758920193700,0.2051487804191301,0.5397514316366051,-0.19762248977936,0.6103050700492455,0.2051487804191301,0.1696418561860002,0.0136119115113212,0.5397514316366051,0.5533931105418526,0.5679332415639845,-0.19762248977936,-0.0656002633543914,0.064862213024249,0.0021346025724699,0.0003617278710467,0.0002151718329861,0.0015577028684369,downstairs,wiktor
1672842758930193700,0.1782516478192867,0.5190067054158934,-0.2534383095518401,0.6044605751953103,0.1782516478192867,0.2051487804191301,0.1696418561860002,0.5190067054158934,0.5397514316366051,0.5533931105418526,-0.2534383095518401,-0.19762248977936,-0.0656002633543914,0.002545548369259,0.0003698699856105,0.0020982858396758,7.739254397265054e-05,downstairs,wiktor
1672842758940193700,0.1510534866457617,0.4542257538996354,-0.2409970440235548,0.535927016077399,0.1510534866457617,0.1782516478192867,0.2051487804191301,0.4542257538996354,0.5190067054158934,0.5397514316366051,-0.2409970440235548,-0.2534383095518401,-0.19762248977936,0.00786689185034,1.978819075013281e-05,0.0071279184443047,0.0007191852152852,downstairs,wiktor
1672842758950193700,0.157344462841891,0.334827944503443,-0.2030711896420065,0.4220248102541173,0.157344462841891,0.1510534866457617,0.1782516478192867,0.334827944503443,0.4542257538996354,0.5190067054158934,-0.2030711896420065,-0.2409970440235548,-0.2534383095518401,0.0086532759281532,0.0002675923244686,0.0074576838707325,0.000927999732952,downstairs,wiktor
1672842758960193700,0.1804785210448372,0.2126994558471715,-0.1599898773836259,0.3215747439421235,0.1804785210448372,0.157344462841891,0.1510534866457617,0.2126994558471715,0.334827944503443,0.4542257538996354,-0.1599898773836259,-0.2030711896420065,-0.2409970440235548,0.0056798988905586,0.0010162504136273,0.003606263248312,0.0010573852286192,downstairs,wiktor
1672842758970193700,0.2255617865349809,0.127772861092501,-0.1140032439208638,0.2831973926452993,0.2255617865349809,0.1804785210448372,0.157344462841891,0.127772861092501,0.2126994558471715,0.334827944503443,-0.1140032439208638,-0.1599898773836259,-0.2030711896420065,0.0003300603996351,0.0003144220837627,1.4570333666879468e-05,1.0679822054725164e-06,downstairs,wiktor
1672842758980193700,0.2506385520266783,0.1331710707340173,-0.1125417500238717,0.3053192809845297,0.2506385520266783,0.2255617865349809,0.1804785210448372,0.1331710707340173,0.127772861092501,0.2126994558471715,-0.1125417500238717,-0.1140032439208638,-0.1599898773836259,0.0135435589347193,0.0035588626551989,0.0086413072076306,0.0013433890718896,downstairs,wiktor
1672842758990193700,0.1662719394930585,0.264634428424521,-0.1643758907400001,0.353124867471727,0.1662719394930585,0.2506385520266783,0.2255617865349809,0.264634428424521,0.1331710707340173,0.127772861092501,-0.1643758907400001,-0.1125417500238717,-0.1140032439208638,0.0264924056149291,0.0046739934649638,0.0149955523695207,0.0068228597804445,downstairs,wiktor
1672842759000193700,0.0695869513618717,0.437813828871114,-0.2811907851708437,0.5249681420958991,0.0695869513618717,0.1662719394930585,0.2506385520266783,0.437813828871114,0.264634428424521,0.1331710707340173,-0.2811907851708437,-0.1643758907400001,-0.1125417500238717,0.0030846497836219,0.0005209545756731,7.505489515050658e-05,0.0024886403127982,downstairs,wiktor
1672842759010193700,0.1018655689181776,0.450065758935435,-0.3517406301430093,0.5802217269204545,0.1018655689181776,0.0695869513618717,0.1662719394930585,0.450065758935435,0.437813828871114,0.264634428424521,-0.3517406301430093,-0.2811907851708437,-0.1643758907400001,0.0011022586464833,0.0009369050626745,3.269442195653157e-06,0.0001620841416132,downstairs,wiktor
1672842759020193700,0.1451530974379375,0.4526228831778813,-0.3697453040702542,0.6022030271877502,0.1451530974379375,0.1018655689181776,0.0695869513618717,0.4526228831778813,0.450065758935435,0.437813828871114,-0.3697453040702542,-0.3517406301430093,-0.2811907851708437,0.0012487856883711,0.0002780423613325,1.0545325137274177e-05,0.0009601980019013,downstairs,wiktor
1672842759030193700,0.1215716487406004,0.4572153389778371,-0.4135676271921825,0.6283818220123005,0.1215716487406004,0.1451530974379375,0.1018655689181776,0.4572153389778371,0.4526228831778813,0.450065758935435,-0.4135676271921825,-0.3697453040702542,-0.3517406301430093,0.0031445732644175,0.0011935901047773,4.647888388696956e-05,0.0019045042757532,downstairs,wiktor
1672842759040193700,0.0727128705164711,0.4475738781044042,-0.4752847929688645,0.6568905329867508,0.0727128705164711,0.1215716487406004,0.1451530974379375,0.4475738781044042,0.4572153389778371,0.4526228831778813,-0.4752847929688645,-0.4135676271921825,-0.3697453040702542,0.005113017756905,0.0036751316620749,0.0013976158133578,4.027028147229484e-05,downstairs,wiktor
1672842759050193700,-0.0130208062048147,0.3947039279747169,-0.4842592323911677,0.6248741763819152,-0.0130208062048147,0.0727128705164711,0.1215716487406004,0.3947039279747169,0.4475738781044042,0.4572153389778371,-0.4842592323911677,-0.4752847929688645,-0.4135676271921825,0.0052559165494237,0.0001343176184787,0.0036323345525906,0.0014892643783543,downstairs,wiktor
1672842759060193700,-0.0294109019018363,0.3094708997216904,-0.4296833333448975,0.5303442333801833,-0.0294109019018363,-0.0130208062048147,0.0727128705164711,0.3094708997216904,0.3947039279747169,0.4475738781044042,-0.4296833333448975,-0.4842592323911677,-0.4752847929688645,0.015698733808433,0.006771434283141,4.074784853281913e-05,0.0088865516767591,downstairs,wiktor
1672842759070193700,0.0869629292041389,0.300443402999695,-0.2963675302549475,0.430885718551008,0.0869629292041389,-0.0294109019018363,-0.0130208062048147,0.300443402999695,0.3094708997216904,0.3947039279747169,-0.2963675302549475,-0.4296833333448975,-0.4842592323911677,0.0694635960133325,0.0342880586286322,0.019964467857808,0.0152110695268922,downstairs,wiktor
1672842759080193700,0.3488333499416945,0.500265663310242,-0.1219480959771567,0.6219499803289932,0.3488333499416945,0.0869629292041389,-0.0294109019018363,0.500265663310242,0.300443402999695,0.3094708997216904,-0.1219480959771567,-0.2963675302549475,-0.4296833333448975,0.1852831374566209,0.0281757071125125,0.1479138063658896,0.0091936239782187,downstairs,wiktor
1672842759090193700,0.1114488217495119,1.0441660335360576,0.0136514908822339,1.0501856543788273,0.1114488217495119,0.3488333499416945,0.0869629292041389,1.0441660335360576,0.500265663310242,0.300443402999695,0.0136514908822339,-0.1219480959771567,-0.2963675302549475,0.1972635033314478,0.0238380826088655,0.1732816920189377,0.0001437287036446,downstairs,wiktor
1672842759100193700,-0.1068999021252361,1.632862376346063,0.030606059803011,1.6366440847226262,-0.1068999021252361,0.1114488217495119,0.3488333499416945,1.632862376346063,1.0441660335360576,0.500265663310242,0.030606059803011,0.0136514908822339,-0.1219480959771567,0.3498440420027117,0.0481946216064403,0.3006410715019031,0.0010083488943683,downstairs,wiktor
1672842759110193700,0.2035662686774466,2.4082862236733207,-0.0143015986611818,2.416916692110473,0.2035662686774466,-0.1068999021252361,0.1114488217495119,2.4082862236733207,1.632862376346063,1.0441660335360576,-0.0143015986611818,0.030606059803011,0.0136514908822339,0.319079760228969,0.0111528385400901,0.2907991459105396,0.0171277757783391,downstairs,wiktor
1672842759120193700,0.3529171209688895,3.1709121423392674,-0.1993841520169164,3.19671524361853,0.3529171209688895,0.2035662686774466,-0.1068999021252361,3.1709121423392674,2.4082862236733207,1.632862376346063,-0.1993841520169164,-0.0143015986611818,0.030606059803011,0.0436820091902848,0.0032422696711841,0.0258287173696362,0.0146110221494644,downstairs,wiktor
1672842759130193700,0.2723904834979986,2.9436294224961777,-0.370328717004894,2.979311012822251,0.2723904834979986,0.3529171209688895,0.2035662686774466,2.9436294224961777,3.1709121423392674,2.4082862236733207,-0.370328717004894,-0.1993841520169164,-0.0143015986611818,0.637447979956002,0.0206620963636081,0.6159743099319747,0.0008115736604191,downstairs,wiktor
1672842759140193700,0.0691069555691073,1.8336976138412724,-0.3300404144737829,1.8644434519451727,0.0691069555691073,0.2723904834979986,0.3529171209688895,1.8336976138412724,2.9436294224961777,3.1709121423392674,-0.3300404144737829,-0.370328717004894,-0.1993841520169164,0.3976707286578752,0.0004949977811101,0.394926492087435,0.00224923878933,downstairs,wiktor
1672842759150193700,0.0376427606450296,0.9449608788207884,-0.2629697235673959,0.9815911141834204,0.0376427606450296,0.0691069555691073,0.2723904834979986,0.9449608788207884,1.8336976138412724,2.9436294224961777,-0.2629697235673959,-0.3300404144737829,-0.370328717004894,0.1089265911751936,6.25352937538234e-05,0.1072025858363663,0.0016614700450734,downstairs,wiktor
1672842759160193700,0.0264592644337526,0.4819218181868795,-0.2053247750450242,0.5245064296709935,0.0264592644337526,0.0376427606450296,0.0691069555691073,0.4819218181868795,0.9449608788207884,1.8336976138412724,-0.2053247750450242,-0.2629697235673959,-0.3300404144737829,0.0348184793540708,0.0002175783235256,0.0339186998709067,0.0006822011596383,downstairs,wiktor
1672842759170193700,0.0055988558315378,0.2214656803405742,-0.1683869581187792,0.2782670703116545,0.0055988558315378,0.0264592644337526,0.0376427606450296,0.2214656803405742,0.4819218181868795,0.9449608788207884,-0.1683869581187792,-0.2053247750450242,-0.2629697235673959,0.0007797410760367,9.583218612986186e-05,0.0006244564585333,5.945243137353002e-05,downstairs,wiktor
1672842759180193700,-0.0082454344088364,0.1861257182994702,-0.1574826074848781,0.2439498757149107,-0.0082454344088364,0.0055988558315378,0.0264592644337526,0.1861257182994702,0.2214656803405742,0.4819218181868795,-0.1574826074848781,-0.1683869581187792,-0.2053247750450242,0.031528118768968,0.0020926569579264,0.0286859315226304,0.000749530288411,downstairs,wiktor
1672842759190193700,-0.0729394365717338,0.4256499614258413,-0.1187649038233466,0.4478874339043137,-0.0729394365717338,-0.0082454344088364,0.0055988558315378,0.4256499614258413,0.1861257182994702,0.2214656803405742,-0.1187649038233466,-0.1574826074848781,-0.1683869581187792,0.0959379948749059,0.0050781743734196,0.0899597221847729,0.0009000983167132,downstairs,wiktor
1672842759200193700,-0.1737181483457952,0.8498190837927881,-0.0763361796682823,0.8707454751932128,-0.1737181483457952,-0.0729394365717338,-0.0082454344088364,0.8498190837927881,0.4256499614258413,0.1861257182994702,-0.0763361796682823,-0.1187649038233466,-0.1574826074848781,0.0807773528919555,0.0029257140910145,0.0771664376677447,0.0006852011331962,downstairs,wiktor
1672842759210193700,-0.2502127767979232,1.242671314708548,-0.0393172349724569,1.2682209093995722,-0.2502127767979232,-0.1737181483457952,-0.0729394365717338,1.242671314708548,0.8498190837927881,0.4256499614258413,-0.0393172349724569,-0.0763361796682823,-0.1187649038233466,0.0365302424564781,4.136294186152963e-06,0.035550656086691,0.0009754500756009,downstairs,wiktor
1672842759220193700,-0.2530889875642451,1.50931960773399,0.0048517603885637,1.5303997038340826,-0.2530889875642451,-0.2502127767979232,-0.1737181483457952,1.50931960773399,1.242671314708548,0.8498190837927881,0.0048517603885637,-0.0393172349724569,-0.0763361796682823,0.0070456514327096,0.0004480279255014,0.0063709946497229,0.0002266288574853,downstairs,wiktor
1672842759230193700,-0.223154795559067,1.622200028088655,0.0261416104343157,1.6376856773227093,-0.223154795559067,-0.2530889875642451,-0.2502127767979232,1.622200028088655,1.50931960773399,1.242671314708548,0.0261416104343157,0.0048517603885637,-0.0393172349724569,0.0008154627287232,0.0003367172525655,0.0004565904223768,2.2155053780764304e-05,downstairs,wiktor
1672842759240193700,-0.1972041788972014,1.5919811458334527,0.0194850266587196,1.6042671607708,-0.1972041788972014,-0.223154795559067,-0.2530889875642451,1.5919811458334527,1.622200028088655,1.50931960773399,0.0194850266587196,0.0261416104343157,0.0048517603885637,0.0114913280744039,4.0824404150646363e-08,0.0108898597726682,0.0006014274773315,downstairs,wiktor
1672842759250193700,-0.1969184363412156,1.4444016094968166,-0.0151971727332333,1.4578421842391402,-0.1969184363412156,-0.1972041788972014,-0.223154795559067,1.4444016094968166,1.5919811458334527,1.622200028088655,-0.0151971727332333,0.0194850266587196,0.0261416104343157,0.0219524785531341,4.746762964181811e-09,0.019905205188655,0.0020472686177161,downstairs,wiktor
1672842759260193700,-0.1968210016147144,1.2448761465170002,-0.0791857438645861,1.262824417278595,-0.1968210016147144,-0.1969184363412156,-0.1972041788972014,1.2448761465170002,1.4444016094968166,1.5919811458334527,-0.0791857438645861,-0.0151971727332333,0.0194850266587196,0.0193815008207442,0.0001568712665918,0.0168689115729263,0.0023557179812259,downstairs,wiktor
1672842759270193700,-0.1791082228043813,1.0611975599973609,-0.147825644523401,1.0863113909000746,-0.1791082228043813,-0.1968210016147144,-0.1969184363412156,1.0611975599973609,1.2448761465170002,1.4444016094968166,-0.147825644523401,-0.0791857438645861,-0.0151971727332333,0.0099234085998368,0.0022683216009488,0.0067564976903057,0.0008985893085822,downstairs,wiktor
1672842759280193700,-0.1117536149301041,0.9449521498487812,-0.1902187880393576,0.9703641704416652,-0.1117536149301041,-0.1791082228043813,-0.1968210016147144,0.9449521498487812,1.0611975599973609,1.2448761465170002,-0.1902187880393576,-0.147825644523401,-0.0791857438645861,0.0182259820499703,0.0168384308389747,0.0013653356274967,2.221558349884748e-05,downstairs,wiktor
1672842759290193700,0.0717589505196477,0.892696324766848,-0.1968844588231344,0.916962139544484,0.0717589505196477,-0.1117536149301041,-0.1791082228043813,0.892696324766848,0.9449521498487812,1.0611975599973609,-0.1968844588231344,-0.1902187880393576,-0.147825644523401,0.0359367497445,0.0356409806839592,1.1341589560742622e-06,0.0002946349015847,downstairs,wiktor
1672842759300193700,0.3387457692353262,0.8942024183602706,-0.1726095787375513,0.9716690423431964,0.3387457692353262,0.0717589505196477,-0.1117536149301041,0.8942024183602706,0.892696324766848,0.9449521498487812,-0.1726095787375513,-0.1968844588231344,-0.1902187880393576,0.0023041042589065,0.0002146865850425,0.0001779192594767,0.0019114984143872,downstairs,wiktor
1672842759310193700,0.3180244476055375,0.9130661008998356,-0.1107791911536582,0.9731912880209598,0.3180244476055375,0.3387457692353262,0.0717589505196477,0.9130661008998356,0.8942024183602706,0.892696324766848,-0.1107791911536582,-0.1726095787375513,-0.1968844588231344,0.0227343211254151,0.0205405149807337,0.0001670249666864,0.0020267811779949,downstairs,wiktor
1672842759320193700,0.1153398898280207,0.9313431338475794,-0.0471115984868246,0.939639731951855,0.1153398898280207,0.3180244476055375,0.3387457692353262,0.9313431338475794,0.9130661008998356,0.8942024183602706,-0.0471115984868246,-0.1107791911536582,-0.1726095787375513,0.0086782767092591,0.0081251188194994,1.4097342795224986e-06,0.0005517481554801,downstairs,wiktor
1672842759330193700,-0.0121365301052318,0.929664006526902,-0.0138926835292232,0.9298470127124624,-0.0121365301052318,0.1153398898280207,0.3180244476055375,0.929664006526902,0.9313431338475794,0.9130661008998356,-0.0138926835292232,-0.0471115984868246,-0.1107791911536582,0.001031307135646,0.0003254778349079,0.0007058003332607,2.8967477306279004e-08,downstairs,wiktor
1672842759340193700,-0.0376503630163391,0.8920927320406465,-0.0136519867186657,0.8929912480737835,-0.0376503630163391,-0.0121365301052318,0.1153398898280207,0.8920927320406465,0.929664006526902,0.9313431338475794,-0.0136519867186657,-0.0138926835292232,-0.0471115984868246,0.0027195301494015,0.0001435069248925,0.0024944861476622,8.153707684664456e-05,downstairs,wiktor
1672842759350193700,-0.0207088799116883,0.8214600746127644,-0.0264220358060142,0.8221457509870981,-0.0207088799116883,-0.0376503630163391,-0.0121365301052318,0.8214600746127644,0.8920927320406465,0.929664006526902,-0.0264220358060142,-0.0136519867186657,-0.0138926835292232,0.0036267517993943,0.0007444120177792,0.0028701356405098,1.2204141105223496e-05,downstairs,wiktor
1672842759360193700,0.0178764027172959,0.7456954966028548,-0.0313625096912247,0.746568782123939,0.0178764027172959,-0.0207088799116883,-0.0376503630163391,0.7456954966028548,0.8214600746127644,0.8920927320406465,-0.0313625096912247,-0.0264220358060142,-0.0136519867186657,0.002801265580779,0.0018468497442179,0.0008627424273988,9.167340916224238e-05,downstairs,wiktor
1672842759370193700,0.0786522160679695,0.7041565407325189,-0.0178219477263547,0.7087596396307785,0.0786522160679695,0.0178764027172959,-0.0207088799116883,0.7041565407325189,0.7456954966028548,0.8214600746127644,-0.0178219477263547,-0.0313625096912247,-0.0264220358060142,0.0021220392355238,0.0014087742138506,0.0002291676168071,0.0004840974048661,downstairs,wiktor
1672842759380193700,0.1317328003498066,0.682747775387123,0.0132938811993262,0.6954673125039085,0.1317328003498066,0.0786522160679695,0.0178764027172959,0.682747775387123,0.7041565407325189,0.7456954966028548,0.0132938811993262,-0.0178219477263547,-0.0313625096912247,0.0006081232111762,0.0005307982162717,5.602097716428526e-05,2.130401774018579e-05,downstairs,wiktor
1672842759390193700,0.0991506513638423,0.6721627881727438,0.0198213642885706,0.6797253503822638,0.0991506513638423,0.1317328003498066,0.0786522160679695,0.6721627881727438,0.682747775387123,0.7041565407325189,0.0198213642885706,0.0132938811993262,-0.0178219477263547,0.005961774041749,0.00554875866955,5.992352350431799e-06,0.0004070230198485,downstairs,wiktor
1672842759400193700,-0.0061941033185819,0.6687008949478069,-0.0087101277806697,0.6687863037965676,-0.0061941033185819,0.0991506513638423,0.1317328003498066,0.6687008949478069,0.6721627881727438,0.682747775387123,-0.0087101277806697,0.0198213642885706,0.0132938811993262,0.0018350647827181,0.0011201071143608,1.944926993124207e-06,0.0007130127413642,downstairs,wiktor
1672842759410193700,-0.0535250047332145,0.6667286236717781,-0.0464728803647762,0.6704861761172657,-0.0535250047332145,-0.0061941033185819,0.0991506513638423,0.6667286236717781,0.6687008949478069,0.6721627881727438,-0.0464728803647762,-0.0087101277806697,0.0198213642885706,0.0010203192332923,0.0007876848201128,0.0001397231979132,9.291121526625794e-05,downstairs,wiktor
1672842759420193700,-0.0138340783113519,0.6834452739291277,-0.0601045504947536,0.6862225449290932,-0.0138340783113519,-0.0535250047332145,-0.0061941033185819,0.6834452739291277,0.6667286236717781,0.6687008949478069,-0.0601045504947536,-0.0464728803647762,-0.0087101277806697,0.0022380313085944,0.0015622229382073,0.0006750598045772,7.485658098783891e-07,downstairs,wiktor
1672842759430193700,0.0420626646743956,0.7201892477092524,-0.0588809771950462,0.7238154390111979,0.0420626646743956,-0.0138340783113519,-0.0535250047332145,0.7201892477092524,0.6834452739291277,0.6667286236717781,-0.0588809771950462,-0.0601045504947536,-0.0464728803647762,0.0006783130374864,5.29333676540236e-07,0.0003744980144373,0.0003032856893724,downstairs,wiktor
1672842759440193700,0.0430915802943958,0.747557039525085,-0.0835096470483898,0.7534402914537586,0.0430915802943958,0.0420626646743956,-0.0138340783113519,0.747557039525085,0.7201892477092524,0.6834452739291277,-0.0835096470483898,-0.0588809771950462,-0.0601045504947536,0.0005446847764273,0.0001225810880489,0.0001077598042505,0.0003143438841278,downstairs,wiktor
1672842759450193700,0.0274339247834969,0.7622376256339933,-0.1085832939362228,0.7704214105820363,0.0274339247834969,0.0430915802943958,0.0420626646743956,0.7622376256339933,0.747557039525085,0.7201892477092524,-0.1085832939362228,-0.0835096470483898,-0.0588809771950462,0.0021403127132805,0.0013736657727777,0.0006720303203579,9.46166201448511e-05,downstairs,wiktor
1672842759460193700,-0.0249810687351081,0.7988990582398791,-0.1223395012729018,0.808597991973401,-0.0249810687351081,0.0274339247834969,0.0430915802943958,0.7988990582398791,0.7622376256339933,0.747557039525085,-0.1223395012729018,-0.1085832939362228,-0.0835096470483898,0.0038371021268216,0.0020255963429103,0.001806294420534,5.211363377207308e-06,downstairs,wiktor
1672842759470193700,-0.0886300489769056,0.8590038736964474,-0.1191110764628103,0.8717398632294385,-0.0886300489769056,-0.0249810687351081,0.0274339247834969,0.8590038736964474,0.7988990582398791,0.7622376256339933,-0.1191110764628103,-0.1223395012729018,-0.1085832939362228,0.0053245502499285,0.0012926178629679,0.003888842926254,0.0001430894607065,downstairs,wiktor
1672842759480193700,-0.1394752623793079,0.9471950628964356,-0.1021942528421313,0.9628476002489288,-0.1394752623793079,-0.0886300489769056,-0.0249810687351081,0.9471950628964356,0.8590038736964474,0.7988990582398791,-0.1021942528421313,-0.1191110764628103,-0.1223395012729018,0.0049371745452688,0.0003783612519256,0.0042465814549763,0.0003122318383668,downstairs,wiktor
1672842759490193700,-0.1669838520169355,1.0393534206831965,-0.0772049816095864,1.055509236864184,-0.1669838520169355,-0.1394752623793079,-0.0886300489769056,1.0393534206831965,0.9471950628964356,0.8590038736964474,-0.0772049816095864,-0.1021942528421313,-0.1191110764628103,0.0037685922546205,0.0002295369419466,0.002729785899871,0.0008092694128029,downstairs,wiktor
1672842759500193700,-0.1455578424982863,1.1132423359529584,-0.0369739136942824,1.1233266018236316,-0.1455578424982863,-0.1669838520169355,-0.1394752623793079,1.1132423359529584,1.0393534206831965,0.9471950628964356,-0.0369739136942824,-0.0772049816095864,-0.1021942528421313,0.0047206396176996,0.0017775137858089,0.0013396796921789,0.0016034461397117,downstairs,wiktor
1672842759510193700,-0.0859337905425708,1.1650048647199909,0.0196555157521068,1.1683352645870704,-0.0859337905425708,-0.1455578424982863,-0.1669838520169355,1.1650048647199909,1.1132423359529584,1.0393534206831965,0.0196555157521068,-0.0369739136942824,-0.0772049816095864,0.0027346385281404,0.0008658806891128,0.000708921877378,0.0011598359616496,downstairs,wiktor
1672842759520193700,-0.0443193534056154,1.2026591308097203,0.0678184882859861,1.2053848088306407,-0.0443193534056154,-0.0859337905425708,-0.1455578424982863,1.2026591308097203,1.1650048647199909,1.1132423359529584,0.0678184882859861,0.0196555157521068,-0.0369739136942824,0.0018243933282775,0.0001139948432556,0.0008246838035956,0.0008857146814262,downstairs,wiktor
1672842759530193700,-0.0292200260526742,1.243271537869526,0.1099068401526542,1.2484620299838185,-0.0292200260526742,-0.0443193534056154,-0.0859337905425708,1.243271537869526,1.2026591308097203,1.1650048647199909,0.1099068401526542,0.0678184882859861,0.0196555157521068,0.0021850390871498,3.1474958198059016e-06,0.0017693406141553,0.0004125509771747,downstairs,wiktor
1672842759540193700,-0.0267110438607064,1.3027583534534068,0.1386314281279331,1.310386004283299,-0.0267110438607064,-0.0292200260526742,-0.0443193534056154,1.3027583534534068,1.243271537869526,1.2026591308097203,0.1386314281279331,0.1099068401526542,0.0678184882859861,0.0034441067158362,0.0002299123764144,0.0029085689464351,0.0003056253929866,downstairs,wiktor
1672842759550193700,-0.0052675191311093,1.3790285172979293,0.1139079416024992,1.3837349520189337,-0.0052675191311093,-0.0267110438607064,-0.0292200260526742,1.3790285172979293,1.3027583534534068,1.243271537869526,0.1139079416024992,0.1386314281279331,0.1099068401526542,0.0053232667884843,0.0021238239610477,0.0009975432166346,0.002201899610802,downstairs,wiktor
1672842759560193700,0.0599064628102716,1.4236949077192431,0.0475468142642444,1.4257477596331063,0.0599064628102716,-0.0052675191311093,-0.0267110438607064,1.4236949077192431,1.3790285172979293,1.3027583534534068,0.0475468142642444,0.1139079416024992,0.1386314281279331,0.0059075030248495,0.0046856562907267,0.0002622127914967,0.000959633942626,downstairs,wiktor
1672842759570193700,0.1567120028451968,1.4007945674817377,0.0037373645387342,1.409538236450433,0.1567120028451968,0.0599064628102716,-0.0052675191311093,1.4007945674817377,1.4236949077192431,1.3790285172979293,0.0037373645387342,0.0475468142642444,0.1139079416024992,0.0065792170164229,0.0058368420816687,0.0007416520108537,7.229239004241247e-07,downstairs,wiktor
1672842759580193700,0.2647568276325849,1.3622808813207434,0.0049397986537061,1.387778721194712,0.2647568276325849,0.1567120028451968,0.0599064628102716,1.3622808813207434,1.4007945674817377,1.4236949077192431,0.0049397986537061,0.0037373645387342,0.0475468142642444,0.0024969422922594,0.0016876521779975,0.0001699130905964,0.0006393770236654,downstairs,wiktor
1672842759590193700,0.3228541972459772,1.380715256308601,0.0406994693363469,1.4185435835697575,0.3228541972459772,0.2647568276325849,0.1567120028451968,1.380715256308601,1.3622808813207434,1.4007945674817377,0.0406994693363469,0.0049397986537061,0.0037373645387342,0.0043072182614099,1.1326629401160912e-06,0.0020165699044647,0.002289515694005,downstairs,wiktor
1672842759600193700,0.3213490972890866,1.444222262291638,0.1083680099442999,1.4835049075775164,0.3213490972890866,0.3228541972459772,0.2647568276325849,1.444222262291638,1.380715256308601,1.3622808813207434,0.1083680099442999,0.0406994693363469,0.0049397986537061,0.0068127839230832,1.4758597073103562e-06,0.0048390826556917,0.0019722254076842,downstairs,wiktor
1672842759610193700,0.3230671541608521,1.5425999290223722,0.1711728729356995,1.5853350054630349,0.3230671541608521,0.3213490972890866,0.3228541972459772,1.5425999290223722,1.444222262291638,1.380715256308601,0.1711728729356995,0.1083680099442999,0.0406994693363469,0.0078296931287287,2.455791058611704e-06,0.0074462472297008,0.0003809901079692,downstairs,wiktor
1672842759620193700,0.3252833631124682,1.664634737414903,0.1987768620665938,1.7077266514929088,0.3252833631124682,0.3230671541608521,0.3213490972890866,1.664634737414903,1.5425999290223722,1.444222262291638,0.1987768620665938,0.1711728729356995,0.1083680099442999,0.0034192171492996,0.0002240210671535,0.0031951914457736,4.636372488665623e-09,downstairs,wiktor
1672842759630193700,0.3041163573179058,1.7445746078898248,0.1986805669733786,1.7819936276471675,0.3041163573179058,0.3252833631124682,0.3230671541608521,1.7445746078898248,1.664634737414903,1.5425999290223722,0.1986805669733786,0.1987768620665938,0.1711728729356995,0.0065948551273506,0.000667246497005,0.0045753183512205,0.001352290279125,downstairs,wiktor
1672842759640193700,0.2675856442943394,1.6489156475022004,0.1466749849821148,1.6769133671211287,0.2675856442943394,0.3041163573179058,0.3252833631124682,1.6489156475022004,1.7445746078898248,1.664634737414903,0.1466749849821148,0.1986805669733786,0.1987768620665938,0.018842449078839,0.0003106186318159,0.0169816439844573,0.0015501864625657,downstairs,wiktor
1672842759650193700,0.2426610126294218,1.4646243347147694,0.0909939924879839,1.4873764538804293,0.2426610126294218,0.2675856442943394,0.3041163573179058,1.4646243347147694,1.6489156475022004,1.7445746078898248,0.0909939924879839,0.1466749849821148,0.1986805669733786,0.0089526874139056,1.426675027237262e-05,0.0088749965045524,6.342415908076345e-05,downstairs,wiktor
1672842759660193700,0.2373193368114088,1.3313952350063911,0.1022566883536072,1.3562411915789083,0.2373193368114088,0.2426610126294218,0.2675856442943394,1.3313952350063911,1.4646243347147694,1.6489156475022004,0.1022566883536072,0.0909939924879839,0.1466749849821148,0.0036709841610918,0.0004385345743437,0.0032263350441722,6.1145425757743055e-06,downstairs,wiktor
1672842759670193700,0.2669346900709524,1.2510667214614208,0.0987596774654988,1.283033726838306,0.2669346900709524,0.2373193368114088,0.2426610126294218,1.2510667214614208,1.3313952350063911,1.4646243347147694,0.0987596774654988,0.1022566883536072,0.0909939924879839,0.0018030517275696,0.0009599326553727,3.094384524226851e-05,0.0008121752269546,downstairs,wiktor
1672842759680193700,0.3107509577206001,1.243199848481352,0.0584564461569637,1.282781811956199,0.3107509577206001,0.2669346900709524,0.2373193368114088,1.243199848481352,1.2510667214614208,1.3313952350063911,0.0584564461569637,0.0987596774654988,0.1022566883536072,0.0058349214605723,0.001473591337484,0.000864072429804,0.0034972576932842,downstairs,wiktor
1672842759690193700,0.3650389184022111,1.2847708102167763,-0.0251767732392096,1.3358605154147147,0.3650389184022111,0.3107509577206001,0.2669346900709524,1.2847708102167763,1.243199848481352,1.2510667214614208,-0.0251767732392096,0.0584564461569637,0.0987596774654988,0.008970041205683,0.0006858065803963,0.0011017741293851,0.0071824604959015,downstairs,wiktor
1672842759700193700,0.4020742145505175,1.3317127771415898,-0.1450305215819421,1.3986266288752376,0.4020742145505175,0.3650389184022111,0.3107509577206001,1.3317127771415898,1.2847708102167763,1.243199848481352,-0.1450305215819421,-0.0251767732392096,0.0584564461569637,0.0055257283779416,0.0017632443241961,5.381244238745573e-05,0.0037086716113581,downstairs,wiktor
1672842759710193700,0.3426899687576119,1.342087018548792,-0.2311545206920403,1.4043028136697036,0.3426899687576119,0.4020742145505175,0.3650389184022111,1.342087018548792,1.3317127771415898,1.2847708102167763,-0.2311545206920403,-0.1450305215819421,-0.0251767732392096,0.016896565348058,0.0160357112529659,0.0005962434536521,0.0002646106414399,downstairs,wiktor
1672842759720193700,0.1636050098528173,1.3075546148197683,-0.2541593306864713,1.342036748885964,0.1636050098528173,0.3426899687576119,0.4020742145505175,1.3075546148197683,1.342087018548792,1.3317127771415898,-0.2541593306864713,-0.2311545206920403,-0.1450305215819421,0.0255003430662238,0.0229481112947206,0.0007836636474797,0.0017685681240234,downstairs,wiktor
1672842759730193700,-0.050629027100794,1.2679651301684176,-0.1946855024252358,1.283822929598452,-0.050629027100794,0.1636050098528173,0.3426899687576119,1.2679651301684176,1.3075546148197683,1.342087018548792,-0.1946855024252358,-0.2541593306864713,-0.2311545206920403,0.0224812596868282,0.0175741939644828,0.0002151254630856,0.0046919402592596,downstairs,wiktor
1672842759740193700,-0.238108060405763,1.288707621006582,-0.0978150708244662,1.3141653506888065,-0.238108060405763,-0.050629027100794,0.1636050098528173,1.288707621006582,1.2679651301684176,1.3075546148197683,-0.0978150708244662,-0.1946855024252358,-0.2541593306864713,0.0114070758238844,0.0074331692096535,0.001464061926608,0.0025098446876228,downstairs,wiktor
1672842759750193700,-0.3600356553927353,1.3428197624650022,-0.0269653045916432,1.3905098760067696,-0.3600356553927353,-0.238108060405763,-0.050629027100794,1.3428197624650022,1.288707621006582,1.2679651301684176,-0.0269653045916432,-0.0978150708244662,-0.1946855024252358,0.0050725987291929,0.0006661893060527,0.0023790230337797,0.0020273863893604,downstairs,wiktor
1672842759760193700,-0.3965374171598814,1.4117983538362353,0.036711793165092,1.4668893178627795,-0.3965374171598814,-0.3600356553927353,-0.238108060405763,1.4117983538362353,1.3428197624650022,1.288707621006582,0.036711793165092,-0.0269653045916432,-0.0978150708244662,0.0037374289496238,0.001769723035859,0.0007016361724105,0.0012660697413542,downstairs,wiktor
1672842759770193700,-0.3370441732432977,1.4492586307281792,0.0870321616326264,1.4904777591818748,-0.3370441732432977,-0.3965374171598814,-0.3600356553927353,1.4492586307281792,1.4117983538362353,1.3428197624650022,0.0870321616326264,0.036711793165092,-0.0269653045916432,0.0016646648772994,0.0004185094859333,0.0005031909061417,0.0007429644852244,downstairs,wiktor
1672842759780193700,-0.3081128930803563,1.4175351092924449,0.1255799108593816,1.4560596330406734,-0.3081128930803563,-0.3370441732432977,-0.3965374171598814,1.4175351092924449,1.4492586307281792,1.4117983538362353,0.1255799108593816,0.0870321616326264,0.036711793165092,0.0056613626399453,1.6369226091949974e-05,0.0034666138239684,0.0021783795898849,downstairs,wiktor
1672842759790193700,-0.3023911405355585,1.334269103936496,0.1915856619707046,1.3814555763638037,-0.3023911405355585,-0.3081128930803563,-0.3370441732432977,1.334269103936496,1.4175351092924449,1.4492586307281792,0.1915856619707046,0.1255799108593816,0.0870321616326264,0.0158211069606658,0.0069494862165798,0.0071080168429621,0.0017636039011238,downstairs,wiktor
1672842759800193700,-0.1844972372446774,1.2150380941868328,0.2509759625445166,1.254330791558286,-0.1844972372446774,-0.3023911405355585,-0.3081128930803563,1.2150380941868328,1.334269103936496,1.4175351092924449,0.2509759625445166,0.1915856619707046,0.1255799108593816,0.0145900248414315,0.0046673758727598,0.0099004480922674,2.220087640434357e-05,downstairs,wiktor
1672842759810193700,-0.0878807182351436,1.0743224369750826,0.2443124985198004,1.1052512457168244,-0.0878807182351436,-0.1844972372446774,-0.3023911405355585,1.0743224369750826,1.2150380941868328,1.334269103936496,0.2443124985198004,0.2509759625445166,0.1915856619707046,0.0061673984770246,0.000881775776872,0.0051626763913369,0.0001229463088156,downstairs,wiktor
1672842759820193700,-0.0458860572203885,0.9727086938953504,0.2599934620626248,1.007900954331397,-0.0458860572203885,-0.0878807182351436,-0.1844972372446774,0.9727086938953504,1.0743224369750826,1.2150380941868328,0.2599934620626248,0.2443124985198004,0.2509759625445166,0.0022614050822563,0.0003251546726616,0.0018625650151927,7.368539440189799e-05,downstairs,wiktor
1672842759830193700,-0.0713872208276308,0.9116748505755536,0.2721330991578512,0.9540983136588744,-0.0713872208276308,-0.0458860572203885,-0.0878807182351436,0.9116748505755536,0.9727086938953504,1.0743224369750826,0.2721330991578512,0.2599934620626248,0.2443124985198004,0.0076986064571615,0.004533978874386,0.0001798006267338,0.0029848269560416,downstairs,wiktor
1672842759840193700,-0.1666130458372998,0.930638005731478,0.1948695636958801,0.965308837424618,-0.1666130458372998,-0.0713872208276308,-0.0458860572203885,0.930638005731478,0.9116748505755536,0.9727086938953504,0.1948695636958801,0.2721330991578512,0.2599934620626248,0.0254890621181215,0.0114267351374064,0.001525104699911,0.012537222280804,downstairs,wiktor
1672842759850193700,-0.015439403045929,0.9858667066017874,0.0365204413061173,0.9866637122066784,-0.015439403045929,-0.1666130458372998,-0.0713872208276308,0.9858667066017874,0.930638005731478,0.9116748505755536,0.0365204413061173,0.1948695636958801,0.2721330991578512,0.0500523085354717,0.0307389033594791,0.0027315673768803,0.0165818377991121,downstairs,wiktor
1672842759860193700,0.2325077822959464,1.0597797281457666,-0.1455885249701875,1.094709532076838,0.2325077822959464,-0.015439403045929,-0.1666130458372998,1.0597797281457666,0.9858667066017874,0.930638005731478,-0.1455885249701875,0.0365204413061173,0.1948695636958801,0.041575592459655,0.0404899879371872,0.0010685617597314,1.7042762736348487e-05,downstairs,wiktor
1672842759870193700,0.5170775907338312,1.0135506948499795,-0.1397502439326991,1.1463788102321275,0.5170775907338312,0.2325077822959464,-0.015439403045929,1.0135506948499795,1.0597797281457666,0.9858667066017874,-0.1397502439326991,-0.1455885249701875,0.0365204413061173,0.023876912091168,0.0075748007888993,0.0148457043700514,0.0014564069322172,downstairs,wiktor
1672842759880193700,0.3939938729731192,0.8412387430297333,-0.085779753250896,0.9328836801994066,0.3939938729731192,0.5170775907338312,0.2325077822959464,0.8412387430297333,1.0135506948499795,1.0597797281457666,-0.085779753250896,-0.1397502439326991,-0.1455885249701875,0.050683676815967,0.0409319946216426,0.0087756528936018,0.0009760293007225,downstairs,wiktor
1672842759890193700,0.1078750353491603,0.708757401750277,-0.0415976459964315,0.7181256449534653,0.1078750353491603,0.3939938729731192,0.5170775907338312,0.708757401750277,0.8412387430297333,1.0135506948499795,-0.0415976459964315,-0.085779753250896,-0.1397502439326991,0.0227654862152331,0.016171967077721,0.0048192413415742,0.0017742777959378,downstairs,wiktor
1672842759900193700,-0.0719691587618592,0.6105816273293514,0.0179721080057106,0.6150711179296403,-0.0719691587618592,0.1078750353491603,0.3939938729731192,0.6105816273293514,0.708757401750277,0.8412387430297333,0.0179721080057106,-0.0415976459964315,-0.085779753250896,0.0128489279964953,0.0073611873612966,0.0021615086179123,0.0033262320172864,downstairs,wiktor
1672842759910193700,-0.1933049520076829,0.5448319715445135,0.0995347467232806,0.5866138827994457,-0.1933049520076829,-0.0719691587618592,0.1078750353491603,0.5448319715445135,0.6105816273293514,0.708757401750277,0.0995347467232806,0.0179721080057106,-0.0415976459964315,0.0169344593598306,0.0124718130028397,0.0004801103969925,0.0039825359599983,downstairs,wiktor
1672842759920193700,-0.3512404641817327,0.5138445419320854,0.1887819983336056,0.6504188802970154,-0.3512404641817327,-0.1933049520076829,-0.0719691587618592,0.5138445419320854,0.5448319715445135,0.6105816273293514,0.1887819983336056,0.0995347467232806,0.0179721080057106,0.000470520515571,6.481106945867163e-05,0.0001682398652011,0.0002374695809112,downstairs,wiktor
1672842759930193700,-0.3398552922938189,0.4955011581002446,0.2105750972831027,0.636682722377943,-0.3398552922938189,-0.3512404641817327,-0.1933049520076829,0.4955011581002446,0.5138445419320854,0.5448319715445135,0.2105750972831027,0.1887819983336056,0.0995347467232806,0.0316924383498671,0.0273785482778578,0.0008607287354434,0.0034531613365658,downstairs,wiktor
1672842759940193700,-0.1058529492377808,0.4540107077425199,0.1274708093484137,0.4833005036653073,-0.1058529492377808,-0.3398552922938189,-0.3512404641817327,0.4540107077425199,0.4955011581002446,0.5138445419320854,0.1274708093484137,0.2105750972831027,0.1887819983336056,0.0595800768311384,0.0474078992037904,0.0009476984945338,0.0112244791328141,downstairs,wiktor
1672842759950193700,0.202068791481482,0.4104745504813694,-0.0223589549363516,0.4580623057505548,0.202068791481482,-0.1058529492377808,-0.3398552922938189,0.4104745504813694,0.4540107077425199,0.4955011581002446,-0.0223589549363516,0.1274708093484137,0.2105750972831027,0.0177366928817894,0.0107745678585269,0.0002339760196213,0.006728149003641,downstairs,wiktor
1672842759960193700,0.3488650302516016,0.3888423513503818,-0.138360239443387,0.540415339711019,0.3488650302516016,0.202068791481482,-0.1058529492377808,0.3888423513503818,0.4104745504813694,0.4540107077425199,-0.138360239443387,-0.0223589549363516,0.1274708093484137,0.0019496545569721,0.0008828817217982,0.0007053459661777,0.0003614268689961,downstairs,wiktor
1672842759970193700,0.3908860183836816,0.351283172281137,-0.1652461788540209,0.5509065675063258,0.3908860183836816,0.3488650302516016,0.202068791481482,0.351283172281137,0.3888423513503818,0.4104745504813694,-0.1652461788540209,-0.138360239443387,-0.0223589549363516,0.0062890720449393,0.0004196448728604,0.005813801776309,5.562539576978972e-05,downstairs,wiktor
1672842759980193700,0.3619155205329212,0.2434518060066707,-0.1757937279313933,0.4702712628159855,0.3619155205329212,0.3908860183836816,0.3488650302516016,0.2434518060066707,0.351283172281137,0.3888423513503818,-0.1757937279313933,-0.1652461788540209,-0.138360239443387,0.0155360523896147,0.0047310972751191,0.009861011992385,0.0009439431221105,downstairs,wiktor
1672842759990193700,0.2646417082798887,0.1030166822492211,-0.2192435408679413,0.3587692863042311,0.2646417082798887,0.3619155205329212,0.3908860183836816,0.1030166822492211,0.2434518060066707,0.351283172281137,-0.2192435408679413,-0.1757937279313933,-0.1652461788540209,0.0365265313280647,0.0238816460647191,0.0126437013912833,1.1838720622423104e-06,downstairs,wiktor
1672842760000193700,0.0460935622583811,0.2620368155109145,-0.2207822884510376,0.3457350547145104,0.0460935622583811,0.2646417082798887,0.3619155205329212,0.2620368155109145,0.1030166822492211,0.2434518060066707,-0.2207822884510376,-0.2192435408679413,-0.1757937279313933,0.0454378008554409,0.0003930023058651,0.0436328492776587,0.001411949271917,downstairs,wiktor
1672842760010193700,0.018057788473264,0.5574444974613295,-0.2739226548765162,0.6213727322059267,0.018057788473264,0.0460935622583811,0.2646417082798887,0.5574444974613295,0.2620368155109145,0.1030166822492211,-0.2739226548765162,-0.2207822884510376,-0.2192435408679413,0.001541244926645,0.0004070658404211,0.0011341606148852,1.8471338600859152e-08,downstairs,wiktor
1672842760020193700,0.0465907813208841,0.5098176013859963,-0.2741148596558577,0.5807096037359909,0.0465907813208841,0.018057788473264,0.0460935622583811,0.5098176013859963,0.5574444974613295,0.2620368155109145,-0.2741148596558577,-0.2739226548765162,-0.2207822884510376,0.0118466317540235,0.0037365073614214,0.0074026077710528,0.0007075166215492,downstairs,wiktor
1672842760030193700,0.1330373817331788,0.3881409169221861,-0.2364979320421013,0.4735858825892145,0.1330373817331788,0.0465907813208841,0.018057788473264,0.3881409169221861,0.5098176013859963,0.5574444974613295,-0.2364979320421013,-0.2741148596558577,-0.2739226548765162,0.0090025535193636,0.0054050400867793,0.0029815261406649,0.0006159872919193,downstairs,wiktor
1672842760040193700,0.2370089171337808,0.3109201147939388,-0.2013984365494492,0.4397793478881949,0.2370089171337808,0.1330373817331788,0.0465907813208841,0.3109201147939388,0.3881409169221861,0.5098176013859963,-0.2013984365494492,-0.2364979320421013,-0.2741148596558577,0.0007230294555111,0.0004266567326171,0.0002577055220895,3.866720080447586e-05,downstairs,wiktor
1672842760050193700,0.2662204467964725,0.2882174487791487,-0.2101924345940789,0.4451106420137141,0.2662204467964725,0.2370089171337808,0.1330373817331788,0.2882174487791487,0.3109201147939388,0.3881409169221861,-0.2101924345940789,-0.2013984365494492,-0.2364979320421013,0.0021868150966844,2.735384831483471e-05,0.0001023665104522,0.0020570947379173,downstairs,wiktor
1672842760060193700,0.273616911940693,0.3025259434904923,-0.2743343824584425,0.4915765600429179,0.273616911940693,0.2662204467964725,0.2370089171337808,0.3025259434904923,0.2882174487791487,0.3109201147939388,-0.2743343824584425,-0.2101924345940789,-0.2013984365494492,0.0036328159272907,0.0005386844169448,0.001175875396235,0.0019182561141107,downstairs,wiktor
1672842760070193700,0.3064402090616361,0.3510207967480308,-0.336273967767206,0.5746315192166729,0.3064402090616361,0.273616911940693,0.2662204467964725,0.3510207967480308,0.3025259434904923,0.2882174487791487,-0.336273967767206,-0.2743343824584425,-0.2101924345940789,0.0024559436368326,0.0011293861275035,0.0013011234582031,2.543405112589592e-05,downstairs,wiktor
1672842760080193700,0.2589136664248401,0.4020330199539079,-0.3434061555277596,0.5887228749158373,0.2589136664248401,0.3064402090616361,0.273616911940693,0.4020330199539079,0.3510207967480308,0.3025259434904923,-0.3434061555277596,-0.336273967767206,-0.2743343824584425,0.0098224494400099,0.0077167244203409,0.0009401464191087,0.0011655786005603,downstairs,wiktor
1672842760090193700,0.1346822338456341,0.4453953635047063,-0.29512409673652,0.551012310588145,0.1346822338456341,0.2589136664248401,0.3064402090616361,0.4453953635047063,0.4020330199539079,0.3510207967480308,-0.29512409673652,-0.3434061555277596,-0.336273967767206,0.0093794815538891,0.0010580730570372,0.0046097878185359,0.0037116206783158,downstairs,wiktor
1672842760100193700,0.0886806456765874,0.5414139848084512,-0.2089658623266175,0.5870775855725452,0.0886806456765874,0.1346822338456341,0.2589136664248401,0.5414139848084512,0.4453953635047063,0.4020330199539079,-0.2089658623266175,-0.29512409673652,-0.3434061555277596,0.0328114563069531,0.0197891838793226,0.0057734894169157,0.0072487830107146,downstairs,wiktor
1672842760110193700,0.2876237726215647,0.648870854453121,-0.0885600235087704,0.7152647748209461,0.2876237726215647,0.0886806456765874,0.1346822338456341,0.648870854453121,0.5414139848084512,0.4453953635047063,-0.0885600235087704,-0.2089658623266175,-0.29512409673652,0.046426715561087,0.0019031865064013,0.0322537442022698,0.0122697848524157,downstairs,wiktor
1672842760120193700,0.3493195829558389,0.9028540987912856,0.0680910847057314,0.9704669445978408,0.3493195829558389,0.2876237726215647,0.0886806456765874,0.9028540987912856,0.648870854453121,0.5414139848084512,0.0680910847057314,-0.0885600235087704,-0.2089658623266175,0.2601772208971416,0.1308681133040747,0.1282474365756188,0.001061671017448,downstairs,wiktor
1672842760130193700,-0.1622820458611044,1.409307327778166,0.1141708203266765,1.4232067954981689,-0.1622820458611044,0.3493195829558389,0.2876237726215647,1.409307327778166,0.9028540987912856,0.648870854453121,0.1141708203266765,0.0680910847057314,-0.0885600235087704,0.1231720962764198,0.0021244076441093,0.1188692567526918,0.0021784318796185,downstairs,wiktor
1672842760140193700,-0.2274649829552455,1.8968916933041573,0.0481642770204466,1.911088227209316,-0.2274649829552455,-0.1622820458611044,0.3493195829558389,1.8968916933041573,1.409307327778166,0.9028540987912856,0.0481642770204466,0.1141708203266765,0.0680910847057314,0.3295326107454497,0.1171457765052359,0.2123049459871153,8.188825309851761e-05,downstairs,wiktor
1672842760150193700,0.2565717439679,2.5485126659364314,0.0609617965534278,2.5621206468236752,0.2565717439679,-0.2274649829552455,-0.1622820458611044,2.5485126659364314,1.8968916933041573,1.409307327778166,0.0609617965534278,0.0481642770204466,0.1141708203266765,0.0878432957065488,0.0036223608462721,0.0800295171285902,0.0041914177316863,downstairs,wiktor
1672842760160193700,0.3416876748653787,2.948586451952437,0.1525196223433224,2.972233969086572,0.3416876748653787,0.2565717439679,-0.2274649829552455,2.948586451952437,2.5485126659364314,1.8968916933041573,0.1525196223433224,0.0609617965534278,0.0481642770204466,0.1699440690408368,0.0482255189966516,0.1182261769356552,0.0034923731085299,downstairs,wiktor
1672842760170193700,0.0311220006621543,2.46232278492465,0.0689448281942494,2.463484415501554,0.0311220006621543,0.3416876748653787,0.2565717439679,2.46232278492465,2.948586451952437,2.5485126659364314,0.0689448281942494,0.1525196223433224,0.0609617965534278,0.4005510501281993,0.0173331375287297,0.3608978811044167,0.0223200314950529,downstairs,wiktor
1672842760180193700,0.217310816270019,1.6127371434447382,-0.142337123212173,1.63352531090233,0.217310816270019,0.0311220006621543,0.3416876748653787,1.6127371434447382,2.46232278492465,2.948586451952437,-0.142337123212173,0.0689448281942494,0.1525196223433224,0.3027702329373338,0.0046105756209269,0.2942338868391685,0.0039257704772382,downstairs,wiktor
1672842760190193700,0.3133376419066809,0.8456206114378095,-0.230946044628002,0.930908573305356,0.3133376419066809,0.217310816270019,0.0311220006621543,0.8456206114378095,1.6127371434447382,2.46232278492465,-0.230946044628002,-0.142337123212173,0.0689448281942494,0.1085046829704169,0.0023866846964952,0.1056354830740772,0.0004825151998444,downstairs,wiktor
1672842760200193700,0.2442480667669363,0.3859783960700797,-0.1998811061975324,0.4985869001156833,0.2442480667669363,0.3133376419066809,0.217310816270019,0.3859783960700797,0.8456206114378095,1.6127371434447382,-0.1998811061975324,-0.230946044628002,-0.142337123212173,0.0188284988760817,0.0001940161867083,0.0178776852837614,0.0007567974056119,downstairs,wiktor
1672842760210193700,0.2245495294248701,0.196887490504733,-0.1609761603522554,0.3392646449070946,0.2245495294248701,0.2442480667669363,0.3133376419066809,0.196887490504733,0.3859783960700797,0.8456206114378095,-0.1609761603522554,-0.1998811061975324,-0.230946044628002,0.0054416740736764,0.0041478054835473,0.0011634084745664,0.0001304601155626,downstairs,wiktor
1672842760220193700,0.1334692847661365,0.2451245815150015,-0.1448231349042094,0.3144421263799931,0.1334692847661365,0.2245495294248701,0.2442480667669363,0.2451245815150015,0.196887490504733,0.3859783960700797,-0.1448231349042094,-0.1609761603522554,-0.1998811061975324,0.0457117880353867,0.0126690559930978,0.0319471701002169,0.0010955619420719,downstairs,wiktor
1672842760230193700,-0.0257102113575656,0.4978978795518666,-0.0980136926500663,0.5081043174164115,-0.0257102113575656,0.1334692847661365,0.2245495294248701,0.4978978795518666,0.2451245815150015,0.196887490504733,-0.0980136926500663,-0.1448231349042094,-0.1609761603522554,0.0582099383063242,0.0040148992589094,0.0524313106991268,0.0017637283482879,downstairs,wiktor
1672842760240193700,-0.1153193544056883,0.8217228653053653,-0.0386212967009552,0.8306735974045808,-0.1153193544056883,-0.0257102113575656,0.1334692847661365,0.8217228653053653,0.4978978795518666,0.2451245815150015,-0.0386212967009552,-0.0980136926500663,-0.1448231349042094,0.0536012865684385,0.0012447604097193,0.0500857152700498,0.0022708108886693,downstairs,wiktor
1672842760250193700,-0.1652144525560943,1.1382215707373144,0.0287702589817761,1.1505094033631398,-0.1652144525560943,-0.1153193544056883,-0.0257102113575656,1.1382215707373144,0.8217228653053653,0.4978978795518666,0.0287702589817761,-0.0386212967009552,-0.0980136926500663,0.0293429671706952,0.0001469773459897,0.026651020194457,0.0025449696302483,downstairs,wiktor
1672842760260193700,-0.1480693456162249,1.36909391726005,0.1001140692283332,1.3807119584645964,-0.1480693456162249,-0.1652144525560943,-0.1153193544056883,1.36909391726005,1.1382215707373144,0.8217228653053653,0.1001140692283332,0.0287702589817761,-0.0386212967009552,0.0079949904551829,0.0011680469654271,0.0047038802789196,0.0021230632108361,downstairs,wiktor
1672842760270193700,-0.0997361900100128,1.4660875281725183,0.1652763775182672,1.478741434066916,-0.0997361900100128,-0.1480693456162249,-0.1652144525560943,1.4660875281725183,1.36909391726005,1.1382215707373144,0.1652763775182672,0.1001140692283332,0.0287702589817761,0.0020717560579821,0.0005684850980864,0.0001470002563922,0.0013562707035034,downstairs,wiktor
1672842760280193700,-0.0660172013512051,1.44894108501994,0.2173584416767361,1.4666401163547742,-0.0660172013512051,-0.0997361900100128,-0.1480693456162249,1.44894108501994,1.4660875281725183,1.36909391726005,0.2173584416767361,0.1652763775182672,0.1001140692283332,0.0022785196558762,0.0001603068514357,0.0018139013289527,0.0003043114754877,downstairs,wiktor
1672842760290193700,-0.0481115122309404,1.38870984181589,0.1926881568997912,1.4028394306458958,-0.0481115122309404,-0.0660172013512051,-0.0997361900100128,1.38870984181589,1.44894108501994,1.4660875281725183,0.1926881568997912,0.2173584416767361,0.1652763775182672,0.0086610933835491,3.319327024462221e-05,0.0042540814450393,0.0043738186682651,downstairs,wiktor
1672842760300193700,-0.0562593058273225,1.2964701383792532,0.0991593520505343,1.3014732061400165,-0.0562593058273225,-0.0481115122309404,-0.0660172013512051,1.2964701383792532,1.38870984181589,1.44894108501994,0.0991593520505343,0.1926881568997912,0.2173584416767361,0.0126522030341786,9.66121826432904e-05,0.0077660881067973,0.004789502744738,downstairs,wiktor
1672842760310193700,-0.0701598225546453,1.1718419866092993,0.0012869581415462,1.1739410967091095,-0.0701598225546453,-0.0562593058273225,-0.0481115122309404,1.1718419866092993,1.2964701383792532,1.38870984181589,0.0012869581415462,0.0991593520505343,0.1926881568997912,0.0086566142634837,0.0003030135546806,0.0043665942554377,0.0039870064533653,downstairs,wiktor
1672842760320193700,-0.0455422046893563,1.0783904563335704,-0.0880103705235971,1.0829339287505009,-0.0455422046893563,-0.0701598225546453,-0.0562593058273225,1.0783904563335704,1.1718419866092993,1.2964701383792532,-0.0880103705235971,0.0012869581415462,0.0991593520505343,0.0086916017215762,0.0043165441455165,0.0028195337732615,0.001555523802798,downstairs,wiktor
1672842760330193700,0.0473722091065299,1.003296731252688,-0.1437871363459014,1.0146542256929283,0.0473722091065299,-0.0455422046893563,-0.0701598225546453,1.003296731252688,1.0783904563335704,1.1718419866092993,-0.1437871363459014,-0.0880103705235971,0.0012869581415462,0.0131975634650177,0.0103183761563707,0.0025995907513564,0.0002795965572905,downstairs,wiktor
1672842760340193700,0.1910271857441023,0.9311913812243244,-0.1674344007665723,0.965216583322022,0.1910271857441023,0.0473722091065299,-0.0455422046893563,0.9311913812243244,1.003296731252688,1.0783904563335704,-0.1674344007665723,-0.1437871363459014,-0.0880103705235971,0.0014844694275819,0.0009275805506848,4.004124587818537e-05,0.0005168476310189,downstairs,wiktor
1672842760350193700,0.2340987668779501,0.9222424990731072,-0.1352832691840304,0.9610593231801594,0.2340987668779501,0.1910271857441023,0.0473722091065299,0.9222424990731072,0.9311913812243244,1.003296731252688,-0.1352832691840304,-0.1674344007665723,-0.1437871363459014,0.0043736415192849,0.0016514459406492,0.0007573742413251,0.0019648213373106,downstairs,wiktor
1672842760360193700,0.1766279753286908,0.9611622688906462,-0.0725964071264888,0.9799492778380942,0.1766279753286908,0.2340987668779501,0.1910271857441023,0.9611622688906462,0.9222424990731072,0.9311913812243244,-0.0725964071264888,-0.1352832691840304,-0.1674344007665723,0.0019916605934103,0.0010446234858669,6.447100967174822e-05,0.0008825660978717,downstairs,wiktor
1672842760370193700,0.1309196941125494,0.9725175328392957,-0.0305829307677846,0.9817665881668112,0.1309196941125494,0.1766279753286908,0.2340987668779501,0.9725175328392957,0.9611622688906462,0.9222424990731072,-0.0305829307677846,-0.0725964071264888,-0.1352832691840304,0.0005338715754873,0.0001772595254013,0.0001866823704343,0.0001699296796516,downstairs,wiktor
1672842760380193700,0.1120910178233698,0.9531948844476108,-0.0121476559040013,0.9598398041119856,0.1120910178233698,0.1309196941125494,0.1766279753286908,0.9531948844476108,0.9725175328392957,0.9611622688906462,-0.0121476559040013,-0.0305829307677846,-0.0725964071264888,0.0006865673479287,0.0001497760245446,0.0003920867626119,0.0001447045607722,downstairs,wiktor
1672842760390193700,0.0947834458073633,0.92519178595434,-0.0291596846350054,0.9304912840024412,0.0947834458073633,0.1120910178233698,0.1309196941125494,0.92519178595434,0.9531948844476108,0.9725175328392957,-0.0291596846350054,-0.0121476559040013,-0.0305829307677846,0.0011714549205932,0.0003493529616459,0.0003305277983439,0.0004915741606033,downstairs,wiktor
1672842760400193700,0.0683503997609485,0.8994807844824427,-0.0605148807148679,0.904101492968885,0.0683503997609485,0.0947834458073633,0.1120910178233698,0.8994807844824427,0.92519178595434,0.9531948844476108,-0.0605148807148679,-0.0291596846350054,-0.0121476559040013,0.0006052130225441,0.0002150331436312,0.000364793722719,2.5386156193899388e-05,downstairs,wiktor
1672842760410193700,0.0476123601413866,0.8724699080538993,-0.0676403499897858,0.8763822763181336,0.0476123601413866,0.0683503997609485,0.0947834458073633,0.8724699080538993,0.8994807844824427,0.92519178595434,-0.0676403499897858,-0.0605148807148679,-0.0291596846350054,0.0010390473962915,0.0001528390820537,0.0008755595936404,1.0648720597351644e-05,downstairs,wiktor
1672842760420193700,0.0301287059436082,0.8306235320186813,-0.0630254349098842,0.833555874738224,0.0301287059436082,0.0476123601413866,0.0683503997609485,0.8306235320186813,0.8724699080538993,0.8994807844824427,-0.0630254349098842,-0.0676403499897858,-0.0605148807148679,0.0107664428553806,0.0002256878937098,0.0065406047025793,0.0040001502590915,downstairs,wiktor
1672842760430193700,0.0513743122521983,0.7162504171482771,-0.1524698339418138,0.7340987878253932,0.0513743122521983,0.0301287059436082,0.0476123601413866,0.7162504171482771,0.8306235320186813,0.8724699080538993,-0.1524698339418138,-0.0630254349098842,-0.0676403499897858,0.0528715158686919,7.810709792102843e-05,0.0188864051370482,0.0339070036337227,downstairs,wiktor
1672842760440193700,0.0638728800038272,0.5218981332046702,-0.4128810611718346,0.6685268707515676,0.0638728800038272,0.0513743122521983,0.0301287059436082,0.5218981332046702,0.7162504171482771,0.8306235320186813,-0.4128810611718346,-0.1524698339418138,-0.0630254349098842,0.083933792447079,4.815912767551172e-07,0.0238150864537689,0.0601182244020333,downstairs,wiktor
1672842760450193700,0.0628914613604796,0.7401415131902676,-0.0661297831582319,0.7457465679975942,0.0628914613604796,0.0638728800038272,0.0513743122521983,0.7401415131902676,0.5218981332046702,0.7162504171482771,-0.0661297831582319,-0.4128810611718346,-0.1524698339418138,0.0488378013629259,1.0790863162104543e-06,0.0147401573414299,0.0340965649351797,downstairs,wiktor
1672842760460193700,0.061422389329427,0.9118398378264152,0.1950083601114932,0.934479994580736,0.061422389329427,0.0628914613604796,0.0638728800038272,0.9118398378264152,0.7401415131902676,0.5218981332046702,0.1950083601114932,-0.0661297831582319,-0.4128810611718346,0.0114400560894173,0.000566461345253,0.0094947804994029,0.0013788142447613,downstairs,wiktor
1672842760470193700,0.0950813062832755,0.7740372217452756,0.1424952332809316,0.7927666535365032,0.0950813062832755,0.061422389329427,0.0628914613604796,0.7740372217452756,0.9118398378264152,0.7401415131902676,0.1424952332809316,0.1950083601114932,-0.0661297831582319,0.015890545972802,0.0006899766331194,0.0113906395908611,0.0038099297488214,downstairs,wiktor
1672842760480193700,0.1322290285046841,0.6231025365939749,0.0552034266915216,0.6393658619347959,0.1322290285046841,0.0950813062832755,0.061422389329427,0.6231025365939749,0.7740372217452756,0.9118398378264152,0.0552034266915216,0.1424952332809316,0.1950083601114932,0.0021536793978874,0.0004412099533391,0.0004347337450177,0.0012777356995305,downstairs,wiktor
1672842760490193700,0.1025234750394107,0.5936158024574947,0.0046517561052677,0.6024221299855068,0.1025234750394107,0.1322290285046841,0.0950813062832755,0.5936158024574947,0.6231025365939749,0.7740372217452756,0.0046517561052677,0.0552034266915216,0.1424952332809316,0.0037456677322235,0.0034253628349602,0.0003054957311916,1.4809166071661734e-05,downstairs,wiktor
1672842760500193700,0.0197543644369611,0.618334043948007,-0.0007905165949304,0.6186500220123579,0.0197543644369611,0.1025234750394107,0.1322290285046841,0.618334043948007,0.5936158024574947,0.6231025365939749,-0.0007905165949304,0.0046517561052677,0.0552034266915216,0.0062812891894179,0.0045061849481648,0.001746438348394,2.8665892859056723e-05,downstairs,wiktor
1672842760510193700,-0.0751791380599428,0.67743460821594,-0.0083622921936994,0.681644686870552,-0.0751791380599428,0.0197543644369611,0.1025234750394107,0.67743460821594,0.618334043948007,0.5936158024574947,-0.0083622921936994,-0.0007905165949304,0.0046517561052677,0.0048626169924099,0.0029987557853739,0.001787079628874,7.678157816196307e-05,downstairs,wiktor
1672842760520193700,-0.1526227405765346,0.7372188808781382,-0.0207543524067522,0.7531375189220959,-0.1526227405765346,-0.0751791380599428,0.0197543644369611,0.7372188808781382,0.67743460821594,0.618334043948007,-0.0207543524067522,-0.0083622921936994,-0.0007905165949304,0.0036383203100276,0.0019981768841355,0.0016400962097403,4.721615176303813e-08,downstairs,wiktor
1672842760530193700,-0.2158394612149157,0.7944918450015424,-0.0210616508016815,0.8235578655601511,-0.2158394612149157,-0.1526227405765346,-0.0751791380599428,0.7944918450015424,0.7372188808781382,0.67743460821594,-0.0210616508016815,-0.0207543524067522,-0.0083622921936994,0.0013749507235637,0.0006652813178634,0.0004757318535903,0.0002339375521098,downstairs,wiktor
1672842760540193700,-0.2523163393122389,0.8253376503432865,0.0005687700037425,0.8630446660847996,-0.2523163393122389,-0.2158394612149157,-0.1526227405765346,0.8253376503432865,0.7944918450015424,0.7372188808781382,0.0005687700037425,-0.0210616508016815,-0.0207543524067522,0.0027080055994153,6.350709083699047e-06,0.0018260287656054,0.0008756261247261,downstairs,wiktor
1672842760550193700,-0.2487524344078681,0.8857699060616602,0.0424167358975872,0.921013181009115,-0.2487524344078681,-0.2523163393122389,-0.2158394612149157,0.8857699060616602,0.8253376503432865,0.7944918450015424,0.0424167358975872,0.0005687700037425,-0.0210616508016815,0.0131684614002935,0.0020886940349888,0.0089061741642714,0.0021735932010332,downstairs,wiktor
1672842760560193700,-0.1841197176927422,1.019232815997503,0.1083499324078923,1.0413814438054143,-0.1841197176927422,-0.2487524344078681,-0.2523163393122389,1.019232815997503,0.8857699060616602,0.8253376503432865,0.1083499324078923,0.0424167358975872,0.0005687700037425,0.019996539328386,0.0025407776983597,0.0157310658774494,0.0017246957525767,downstairs,wiktor
1672842760570193700,-0.112834688431897,1.1966084957140273,0.1670814529497067,1.2134742563599343,-0.112834688431897,-0.1841197176927422,-0.2487524344078681,1.1966084957140273,1.019232815997503,0.8857699060616602,0.1670814529497067,0.1083499324078923,0.0424167358975872,0.0168450072276938,0.0035914016920202,0.0129561693327892,0.0002974362028844,downstairs,wiktor
1672842760580193700,-0.0280832672990309,1.3575815949125531,0.1914714592180293,1.371305136154088,-0.0280832672990309,-0.112834688431897,-0.1841197176927422,1.3575815949125531,1.1966084957140273,1.019232815997503,0.1914714592180293,0.1670814529497067,0.1083499324078923,0.0133412476124085,0.0038015845857751,0.0095392231666554,4.398599780171612e-07,downstairs,wiktor
1672842760590193700,0.0591128861227238,1.4957063440826817,0.1924093930941818,1.5091895757610476,0.0591128861227238,-0.0280832672990309,-0.112834688431897,1.4957063440826817,1.3575815949125531,1.1966084957140273,0.1924093930941818,0.1914714592180293,0.1670814529497067,0.0067285027945989,0.0029637253017209,0.0037610408727633,3.736620114711968e-06,downstairs,wiktor
1672842760600193700,0.1361028244487273,1.5824362797769198,0.1896756703157304,1.5995641338461115,0.1361028244487273,0.0591128861227238,-0.0280832672990309,1.5824362797769198,1.4957063440826817,1.3575815949125531,0.1896756703157304,0.1924093930941818,0.1914714592180293,0.0008486789362549,0.0002332479036942,0.0004129189929604,0.0002025120396002,downstairs,wiktor
1672842760610193700,0.1577013384575321,1.5536988827841356,0.1695504602745766,1.5708587743954865,0.1577013384575321,0.1361028244487273,0.0591128861227238,1.5536988827841356,1.5824362797769198,1.4957063440826817,0.1695504602745766,0.1896756703157304,0.1924093930941818,0.0079617625980512,0.001193023504117,0.0041072195380376,0.0026615195558965,downstairs,wiktor
1672842760620193700,0.1088541583113437,1.4630653400084324,0.0965912996996825,1.4702854471473676,0.1088541583113437,0.1577013384575321,0.1361028244487273,1.4630653400084324,1.5536988827841356,1.5824362797769198,0.0965912996996825,0.1695504602745766,0.1896756703157304,0.003632317593091,0.0010093328657724,0.0008549499145653,0.0017680348127532,downstairs,wiktor
1672842760630193700,0.0639245941965559,1.4217144049630095,0.03712643927349,1.4236349867559617,0.0639245941965559,0.1088541583113437,0.1577013384575321,1.4217144049630095,1.4630653400084324,1.5536988827841356,0.03712643927349,0.0965912996996825,0.1695504602745766,0.001492609663842,0.0006634024481632,0.0005363341956804,0.0002928730199984,downstairs,wiktor
1672842760640193700,0.0274992610295619,1.3889627883409124,0.012924248463631,1.389295099304422,0.0274992610295619,0.0639245941965559,0.1088541583113437,1.3889627883409124,1.4217144049630095,1.4630653400084324,0.012924248463631,0.03712643927349,0.0965912996996825,0.0006707937305396,5.175396313136667e-05,0.0006190218173233,1.7950084975809923e-08,downstairs,wiktor
1672842760650193700,0.0173253765077711,1.3537769441042504,0.0131137218653306,1.3539513110745676,0.0173253765077711,0.0274992610295619,0.0639245941965559,1.3537769441042504,1.3889627883409124,1.4217144049630095,0.0131137218653306,0.012924248463631,0.03712643927349,0.0022822750124627,0.0007201353712614,0.0002561127186283,0.0013060269225729,downstairs,wiktor
1672842760660193700,0.0552762756080934,1.3311445461478528,0.0642219780001857,1.333838720326611,0.0552762756080934,0.0173253765077711,0.0274992610295619,1.3311445461478528,1.3537769441042504,1.3889627883409124,0.0642219780001857,0.0131137218653306,0.012924248463631,0.0043344002152641,0.0008728842597827,0.0001184970679371,0.0033430188875442,downstairs,wiktor
1672842760670193700,0.0970586704600586,1.3465391600070669,0.145990173376435,1.357903246062286,0.0970586704600586,0.0552762756080934,0.0173253765077711,1.3465391600070669,1.3311445461478528,1.3537769441042504,0.145990173376435,0.0642219780001857,0.0131137218653306,0.0041893593540445,0.0002762353000502,0.0007477811570828,0.0031653428969114,downstairs,wiktor
1672842760680193700,0.1205633636105853,1.3852116607558629,0.2255557802290379,1.4086242507261628,0.1205633636105853,0.0970586704600586,0.0552762756080934,1.3852116607558629,1.3465391600070669,1.3311445461478528,0.2255557802290379,0.145990173376435,0.0642219780001857,0.0039316296608173,0.0001335242781574,0.0012493909149818,0.002548714467678,downstairs,wiktor
1672842760690193700,0.136904983980516,1.4351994775712005,0.2969520611920969,1.471978614554433,0.136904983980516,0.1205633636105853,0.0970586704600586,1.4351994775712005,1.3852116607558629,1.3465391600070669,0.2969520611920969,0.2255557802290379,0.145990173376435,0.001801898530187,0.0003471962840987,0.0006331580767457,0.0008215441693425,downstairs,wiktor
1672842760700193700,0.1105536544467414,1.470784813785594,0.3374870872644336,1.513052415828376,0.1105536544467414,0.136904983980516,0.1205633636105853,1.470784813785594,1.4351994775712005,1.3852116607558629,0.3374870872644336,0.2969520611920969,0.2255557802290379,0.0028710667910876,0.0021639927610371,0.000153886295512,0.0005531877345384,downstairs,wiktor
1672842760710193700,0.0447662276687145,1.4532413651216598,0.3042248644121202,1.4854182066229449,0.0447662276687145,0.1105536544467414,0.136904983980516,1.4532413651216598,1.470784813785594,1.4351994775712005,0.3042248644121202,0.3374870872644336,0.2969520611920969,0.0054680843072527,0.0013702532441943,0.0022569261506167,0.0018409049124416,downstairs,wiktor
1672842760720193700,-0.007583619402587,1.3860561561747975,0.2435469456534542,1.4073110154086144,-0.007583619402587,0.0447662276687145,0.1105536544467414,1.3860561561747975,1.4532413651216598,1.470784813785594,0.2435469456534542,0.3042248644121202,0.3374870872644336,0.0072428897587779,0.0002377307447285,0.0053170367841838,0.0016881222298655,downstairs,wiktor
1672842760730193700,-0.0293886988442464,1.2829345116554842,0.1854414858434575,1.296600632997024,-0.0293886988442464,-0.007583619402587,0.0447662276687145,1.2829345116554842,1.3860561561747975,1.4532413651216598,0.1854414858434575,0.2435469456534542,0.3042248644121202,0.0043197203595401,7.471606596274405e-05,0.0038076870743882,0.0004373172191891,downstairs,wiktor
1672842760740193700,-0.0171644552306117,1.195668400542541,0.1558672666926781,1.205907188553733,-0.0171644552306117,-0.0293886988442464,-0.007583619402587,1.195668400542541,1.2829345116554842,1.3860561561747975,0.1558672666926781,0.1854414858434575,0.2435469456534542,0.0029451168761158,0.0009880201928064,0.0016639550934093,0.0002931415899,downstairs,wiktor
1672842760750193700,0.0272882205675102,1.1379803585683277,0.180080551884906,1.1524638600130646,0.0272882205675102,-0.0171644552306117,-0.0293886988442464,1.1379803585683277,1.195668400542541,1.2829345116554842,0.180080551884906,0.1558672666926781,0.1854414858434575,0.0057518623181889,0.0036277346309013,0.0005636633762023,0.0015604643110852,downstairs,wiktor
1672842760760193700,0.1124672629535499,1.1044046716445326,0.235945823943408,1.13491365126289,0.1124672629535499,0.0272882205675102,-0.0171644552306117,1.1044046716445326,1.1379803585683277,1.195668400542541,0.235945823943408,0.180080551884906,0.1558672666926781,0.0082078264871436,0.0073825095365424,0.0002465629700447,0.0005787539805564,downstairs,wiktor
1672842760770193700,0.2339786577817093,1.1266111108027903,0.2699679926149224,1.18189734085417,0.2339786577817093,0.1124672629535499,0.0272882205675102,1.1266111108027903,1.1044046716445326,1.1379803585683277,0.2699679926149224,0.235945823943408,0.180080551884906,0.009877236969939,0.0089496650751709,0.0009254541421163,2.1177526517375283e-06,downstairs,wiktor
1672842760780193700,0.3677670360151787,1.1696332944320849,0.2679099582849183,1.2550180803365618,0.3677670360151787,0.2339786577817093,0.1124672629535499,1.1696332944320849,1.1266111108027903,1.1044046716445326,0.2679099582849183,0.2699679926149224,0.235945823943408,0.0061620334629741,0.0043836089756969,0.0001526188383275,0.0016258056489496,downstairs,wiktor
1672842760790193700,0.4614004592752195,1.1871043469663505,0.2108870567636935,1.290961062587188,0.4614004592752195,0.3677670360151787,0.2339786577817093,1.1871043469663505,1.1696332944320849,1.1266111108027903,0.2108870567636935,0.2679099582849183,0.2699679926149224,0.0050872535046258,0.0019408725555319,7.088404157814578e-06,0.0031392925449361,downstairs,wiktor
1672842760800193700,0.5237041117449087,1.1833391367045418,0.1316495335195112,1.3007263773719202,0.5237041117449087,0.4614004592752195,0.3677670360151787,1.1833391367045418,1.1871043469663505,1.1696332944320849,0.1316495335195112,0.2108870567636935,0.2679099582849183,0.0033592634324022,3.713332418900301e-05,0.0008081812675103,0.0025139488407028,downstairs,wiktor
1672842760810193700,0.5323219216974434,1.1431351252750743,0.0607418634026206,1.2624635111269322,0.5323219216974434,0.5237041117449087,0.4614004592752195,1.1431351252750743,1.1833391367045418,1.1871043469663505,0.0607418634026206,0.1316495335195112,0.2108870567636935,0.0102059041704923,0.0039820367914016,0.003880773452453,0.0023430939266376,downstairs,wiktor
1672842760820193700,0.4430802633600761,1.0550354833637356,-0.0077138730500336,1.14432490787067,0.4430802633600761,0.5323219216974434,0.5237041117449087,1.0550354833637356,1.1431351252750743,1.1833391367045418,-0.0077138730500336,0.0607418634026206,0.1316495335195112,0.0185178871765389,0.016179269472143,0.0008377366861225,0.0015008810182733,downstairs,wiktor
1672842760830193700,0.2631954698274208,1.0141029367504948,-0.0625022115587599,1.0495633130561448,0.2631954698274208,0.4430802633600761,0.5323219216974434,1.0141029367504948,1.0550354833637356,1.1431351252750743,-0.0625022115587599,-0.0077138730500336,0.0607418634026206,0.0220623739426,0.0181711177920208,0.0036239780386293,0.0002672781119497,downstairs,wiktor
1672842760840193700,0.0725590735541965,1.0992378654064747,-0.0856226835240864,1.104952464060012,0.0725590735541965,0.2631954698274208,0.4430802633600761,1.0992378654064747,1.0141029367504948,1.0550354833637356,-0.0856226835240864,-0.0625022115587599,-0.0077138730500336,0.0234047877304451,0.012187155728875,0.0111743439298384,4.328807173166337e-05,downstairs,wiktor
1672842760850193700,-0.083563671290205,1.248732640765605,-0.0949273137404532,1.255120428551347,-0.083563671290205,0.0725590735541965,0.2631954698274208,1.248732640765605,1.0992378654064747,1.0141029367504948,-0.0949273137404532,-0.0856226835240864,-0.0625022115587599,0.0183486565494519,0.0070660463351377,0.0110719718160549,0.0002106383982592,downstairs,wiktor
1672842760860193700,-0.2024421498734856,1.3975410532701067,-0.0744022852016567,1.4140861075846645,-0.2024421498734856,-0.083563671290205,0.0725590735541965,1.3975410532701067,1.248732640765605,1.0992378654064747,-0.0744022852016567,-0.0949273137404532,-0.0856226835240864,0.0062735276411046,0.0018135996622682,0.0037379568834981,0.0007219710953382,downstairs,wiktor
1672842760870193700,-0.2626683843941369,1.484004419888556,-0.036403045858263,1.5075108557342976,-0.2626683843941369,-0.2024421498734856,-0.083563671290205,1.484004419888556,1.3975410532701067,1.248732640765605,-0.036403045858263,-0.0744022852016567,-0.0949273137404532,0.0033851578824787,0.0004661800079473,0.0011454391221088,0.0017735387524226,downstairs,wiktor
1672842760880193700,-0.2932029552261401,1.4361413000130443,0.0231543004967026,1.4659488149959363,-0.2932029552261401,-0.2626683843941369,-0.2024421498734856,1.4361413000130443,1.484004419888556,1.3975410532701067,0.0231543004967026,-0.036403045858263,-0.0744022852016567,0.007574689259952,0.0009118670305125,0.0020766756787213,0.0045861465507182,downstairs,wiktor
1672842760890193700,-0.3359081546873885,1.3716948000503415,0.1189263898622191,1.4172241880084793,-0.3359081546873885,-0.2932029552261401,-0.2626683843941369,1.3716948000503415,1.4361413000130443,1.484004419888556,0.1189263898622191,0.0231543004967026,-0.036403045858263,0.0167473593270056,0.0002087455172783,0.0106040239928693,0.005934589816858,downstairs,wiktor
1672842760900193700,-0.3563407520395772,1.226064967990634,0.2278721545055316,1.2969733058536703,-0.3563407520395772,-0.3359081546873885,-0.2932029552261401,1.226064967990634,1.3716948000503415,1.4361413000130443,0.2278721545055316,0.1189263898622191,0.0231543004967026,0.0202322471649315,0.0077664012777673,0.0113521522169994,0.0011136936701647,downstairs,wiktor
1672842760910193700,-0.2317100874520258,1.0753854921686137,0.2750673591383064,1.1339336724240436,-0.2317100874520258,-0.3563407520395772,-0.3359081546873885,1.0753854921686137,1.226064967990634,1.3716948000503415,0.2750673591383064,0.2278721545055316,0.1189263898622191,0.0218260775211289,0.0188855508270342,0.0029352828085839,5.243885510802984e-06,downstairs,wiktor
1672842760920193700,-0.0373621992358981,0.9987658757693656,0.2718288763111779,1.0357703155283458,-0.0373621992358981,-0.2317100874520258,-0.3563407520395772,0.9987658757693656,1.0753854921686137,1.226064967990634,0.2718288763111779,0.2750673591383064,0.2278721545055316,0.0524725309885638,0.0522217778416574,1.1570571473491379e-07,0.0002506374411917,downstairs,wiktor
1672842760930193700,0.2858150828915973,0.9992469281879958,0.2494397074480099,1.0688334073901438,0.2858150828915973,-0.0373621992358981,-0.2317100874520258,0.9992469281879958,0.9987658757693656,1.0753854921686137,0.2494397074480099,0.2718288763111779,0.2750673591383064,0.0345640539681051,0.0336859323195365,0.0007441542477868,0.0001339674007817,downstairs,wiktor
1672842760940193700,0.5453759902699487,1.037825529712333,0.2658084215564414,1.2021526183708702,0.5453759902699487,0.2858150828915973,-0.0373621992358981,1.037825529712333,0.9992469281879958,0.9987658757693656,0.2658084215564414,0.2494397074480099,0.2718288763111779,0.0005707664449982,3.7822303459718255e-05,0.0003364693977978,0.0001964747437406,downstairs,wiktor
1672842760950193700,0.5366785994589389,1.0118844658252122,0.2459854680055356,1.1715130992718288,0.5366785994589389,0.5453759902699487,0.2858150828915973,1.0118844658252122,1.037825529712333,0.9992469281879958,0.2459854680055356,0.2658084215564414,0.2494397074480099,0.0182166151605973,0.0060958969809436,0.0056229486526288,0.0064977695270247,downstairs,wiktor
1672842760960193700,0.4262621425248052,0.9058377906993148,0.1319874897162274,1.009783251322007,0.4262621425248052,0.5366785994589389,0.5453759902699487,0.9058377906993148,1.0118844658252122,1.037825529712333,0.1319874897162274,0.2459854680055356,0.2658084215564414,0.0205151371041206,0.0108302134961794,0.0054302786395483,0.0042546449683928,downstairs,wiktor
1672842760970193700,0.279087324731954,0.8016237931793239,0.039741677145761,0.8497469279259586,0.279087324731954,0.4262621425248052,0.5366785994589389,0.8016237931793239,0.9058377906993148,1.0118844658252122,0.039741677145761,0.1319874897162274,0.2459854680055356,0.0075886220421359,0.0066880601942429,0.0003726082426359,0.000527953605257,downstairs,wiktor
1672842760980193700,0.1634321459093612,0.8289224467225278,0.0072469512581033,0.8449112422613028,0.1634321459093612,0.279087324731954,0.4262621425248052,0.8289224467225278,0.8016237931793239,0.9058377906993148,0.0072469512581033,0.039741677145761,0.1319874897162274,0.0135854972809966,0.0046075134403937,0.0084534006182688,0.000524583222334,downstairs,wiktor
1672842760990193700,0.2594270774463312,0.9589486026933084,0.0396377901584468,0.9942112378807828,0.2594270774463312,0.1634321459093612,0.279087324731954,0.9589486026933084,0.8289224467225278,0.8016237931793239,0.0396377901584468,0.0072469512581033,0.039741677145761,0.0201118302256961,0.019315558874005,0.0005311960380587,0.0002650753136322,downstairs,wiktor
1672842761000193700,0.4559750811197599,0.9263542461861224,0.0166127901092705,1.0326284175948508,0.4559750811197599,0.2594270774463312,0.1634321459093612,0.9263542461861224,0.9589486026933084,0.8289224467225278,0.0166127901092705,0.0396377901584468,0.0072469512581033,0.0654640344993331,0.0511086831897531,0.0139158068216532,0.0004395444879267,downstairs,wiktor
1672842761010193700,0.1362605735047532,0.7595261501012407,-0.0130366445540345,0.7717621853140285,0.1362605735047532,0.4559750811197599,0.2594270774463312,0.7595261501012407,0.9263542461861224,0.9589486026933084,-0.0130366445540345,0.0166127901092705,0.0396377901584468,0.0500284688072711,0.0430205355849728,0.0070060866381112,1.846584187074769e-06,downstairs,wiktor
1672842761020193700,-0.1570670098725105,0.6411531241357675,-0.0149584063431618,0.6602810977906859,-0.1570670098725105,0.1362605735047532,0.4559750811197599,0.6411531241357675,0.7595261501012407,0.9263542461861224,-0.0149584063431618,-0.0130366445540345,0.0166127901092705,0.002475242211967,0.0001223522247727,0.0022711229924625,8.176699473180279e-05,downstairs,wiktor
1672842761030193700,-0.1727100418530889,0.5737569374118506,-0.0021703654664831,0.5991915322093431,-0.1727100418530889,-0.1570670098725105,0.1362605735047532,0.5737569374118506,0.6411531241357675,0.7595261501012407,-0.0021703654664831,-0.0149584063431618,-0.0130366445540345,0.004017778953747,0.0012066270718796,0.0028045848674861,6.567014381244087e-06,downstairs,wiktor
1672842761040193700,-0.1235851587106404,0.4988625468677497,-0.0057944555264137,0.5139753961385307,-0.1235851587106404,-0.1727100418530889,-0.1570670098725105,0.4988625468677497,0.5737569374118506,0.6411531241357675,-0.0057944555264137,-0.0021703654664831,-0.0149584063431618,0.0207326919947472,0.0102104048306048,0.0060317937865613,0.004490493377581,downstairs,wiktor
1672842761050193700,0.0193162396772331,0.3890281826044526,-0.1005625237517507,0.4022795858095624,0.0193162396772331,-0.1235851587106404,-0.1727100418530889,0.3890281826044526,0.4988625468677497,0.5737569374118506,-0.1005625237517507,-0.0057944555264137,-0.0021703654664831,0.0378272796628273,0.0201053456479475,0.0055115696203348,0.0122103643945448,downstairs,wiktor
1672842761060193700,0.2198422761310941,0.2840370437370715,-0.256833854420846,0.4415555427871602,0.2198422761310941,0.0193162396772331,-0.1235851587106404,0.2840370437370715,0.3890281826044526,0.4988625468677497,-0.256833854420846,-0.1005625237517507,-0.0057944555264137,0.0184971738597212,0.0047600638122424,0.0010539498647986,0.0126831601826801,downstairs,wiktor
1672842761070193700,0.3174134174818275,0.2381251745788964,-0.4161019314650556,0.5749745157262822,0.3174134174818275,0.2198422761310941,0.0193162396772331,0.2381251745788964,0.2840370437370715,0.3890281826044526,-0.4161019314650556,-0.256833854420846,-0.1005625237517507,0.0037758028748596,0.0001269666626889,0.0007647957223487,0.0028840404898219,downstairs,wiktor
1672842761080193700,0.3014781319375396,0.2772351662012108,-0.4920498147775208,0.6402042030772322,0.3014781319375396,0.3174134174818275,0.2198422761310941,0.2772351662012108,0.2381251745788964,0.2840370437370715,-0.4920498147775208,-0.4161019314650556,-0.256833854420846,0.0205641232566738,0.0018250246903872,0.0176750733234288,0.0010640252428576,downstairs,wiktor
1672842761090193700,0.241062493392751,0.4652515129555762,-0.4459190171937448,0.6880507727800458,0.241062493392751,0.3014781319375396,0.3174134174818275,0.4652515129555762,0.2772351662012108,0.2381251745788964,-0.4459190171937448,-0.4920498147775208,-0.4161019314650556,0.0134696620600319,0.0002707727221947,0.007987270151743,0.0052116191860941,downstairs,wiktor
1672842761100193700,0.2177913644044651,0.5916419410088353,-0.3438247550034121,0.7181147031798033,0.2177913644044651,0.241062493392751,0.3014781319375396,0.5916419410088353,0.4652515129555762,0.2772351662012108,-0.3438247550034121,-0.4459190171937448,-0.4920498147775208,0.004243727045234,0.0004787914493378,0.0003280731152838,0.0034368624806123,downstairs,wiktor
1672842761110193700,0.1868465280230001,0.5660265895459392,-0.2609168243741611,0.6506729703535823,0.1868465280230001,0.2177913644044651,0.241062493392751,0.5660265895459392,0.5916419410088353,0.4652515129555762,-0.2609168243741611,-0.3438247550034121,-0.4459190171937448,0.0079072584039509,1.2259540391591974e-05,0.0046339001535487,0.0032610987100105,downstairs,wiktor
1672842761120193700,0.1917982025663424,0.4697571743243976,-0.180156701664861,0.5384373598587713,0.1917982025663424,0.1868465280230001,0.2177913644044651,0.4697571743243976,0.5660265895459392,0.5916419410088353,-0.180156701664861,-0.2609168243741611,-0.3438247550034121,0.0042186985937704,0.0003725570566229,0.0010529525217411,0.0027931890154063,downstairs,wiktor
1672842761130193700,0.219094981007138,0.42386703329735,-0.1054146249556029,0.4886492768574874,0.219094981007138,0.1917982025663424,0.1868465280230001,0.42386703329735,0.4697571743243976,0.5660265895459392,-0.1054146249556029,-0.180156701664861,-0.2609168243741611,0.0013305981511211,2.1775893604397944e-05,0.0002615294878725,0.0010472927696441,downstairs,wiktor
1672842761140193700,0.225694358796657,0.4009965506669998,-0.0596479827443992,0.463997908491991,0.225694358796657,0.219094981007138,0.1917982025663424,0.4009965506669998,0.42386703329735,0.4697571743243976,-0.0596479827443992,-0.1054146249556029,-0.180156701664861,0.0017858800516072,0.0012202666464962,0.0003141041214006,0.0002515092837104,downstairs,wiktor
1672842761150193700,0.2750961127431762,0.4260606333911143,-0.037219907316025,0.5085182947275912,0.2750961127431762,0.225694358796657,0.219094981007138,0.4260606333911143,0.4009965506669998,0.42386703329735,-0.037219907316025,-0.0596479827443992,-0.1054146249556029,0.0035086498289843,0.0004295540473022,1.964825308859681e-06,0.0030771309563732,downstairs,wiktor
1672842761160193700,0.3044066585348273,0.4240782987529365,-0.1156690112799744,0.534682277061818,0.3044066585348273,0.2750961127431762,0.225694358796657,0.4240782987529365,0.4260606333911143,0.4009965506669998,-0.1156690112799744,-0.037219907316025,-0.0596479827443992,0.0099135949249872,0.0009617359062247,0.0024751253399065,0.0064767336788559,downstairs,wiktor
1672842761170193700,0.348264061700649,0.4944363166315919,-0.2294823117229009,0.6468518062664246,0.348264061700649,0.3044066585348273,0.2750961127431762,0.4944363166315919,0.4240782987529365,0.4260606333911143,-0.2294823117229009,-0.1156690112799744,-0.037219907316025,0.0062796820929155,0.0033578524451546,0.0003208159657663,0.0026010136819945,downstairs,wiktor
1672842761180193700,0.4302134661543078,0.5197667712570543,-0.3016073931023293,0.7390589574164362,0.4302134661543078,0.348264061700649,0.3044066585348273,0.5197667712570543,0.4944363166315919,0.4240782987529365,-0.3016073931023293,-0.2294823117229009,-0.1156690112799744,0.0062488937831207,0.0033941977697951,6.43683145186039e-06,0.0028482591818737,downstairs,wiktor
1672842761190193700,0.51260518624553,0.5161787825581143,-0.3770826762336133,0.8193875500912224,0.51260518624553,0.4302134661543078,0.348264061700649,0.5161787825581143,0.5197667712570543,0.4944363166315919,-0.3770826762336133,-0.3016073931023293,-0.2294823117229009,0.0054315544358297,0.0010804220159547,0.0004858598568696,0.0038652725630053,downstairs,wiktor
1672842761200193700,0.5590900658507254,0.4850063634389756,-0.4650061948507088,0.8740958960885262,0.5590900658507254,0.51260518624553,0.4302134661543078,0.4850063634389756,0.5161787825581143,0.5197667712570543,-0.4650061948507088,-0.3770826762336133,-0.3016073931023293,0.0057250849959219,0.0023734433513656,0.0014532447043371,0.0018983969402191,downstairs,wiktor
1672842761210193700,0.4901924120246964,0.4310944963902978,-0.5266243243292829,0.8387277535648072,0.4901924120246964,0.5590900658507254,0.51260518624553,0.4310944963902978,0.4850063634389756,0.5161787825581143,-0.5266243243292829,-0.4650061948507088,-0.3770826762336133,0.0257018613133274,0.0201613134633289,0.000411969648198,0.0051285782018003,downstairs,wiktor
1672842761220193700,0.2893874645591075,0.402390153576079,-0.4253467038813241,0.6531330330351053,0.2893874645591075,0.4901924120246964,0.5590900658507254,0.402390153576079,0.4310944963902978,0.4850063634389756,-0.4253467038813241,-0.5266243243292829,-0.4650061948507088,0.0326566228559816,0.0159311720451503,0.0018112471008375,0.0149142037099937,downstairs,wiktor
1672842761230193700,0.1108872010010366,0.3422029938019626,-0.2526376785815805,0.4395732668759104,0.1108872010010366,0.2893874645591075,0.4901924120246964,0.3422029938019626,0.402390153576079,0.4310944963902978,-0.2526376785815805,-0.4253467038813241,-0.5266243243292829,0.0041205307993421,2.3431678858334624e-05,0.0006473642775856,0.0034497348428981,downstairs,wiktor
1672842761240193700,0.1040415193171815,0.3062206570911351,-0.1695746321301269,0.3651729513986789,0.1040415193171815,0.1108872010010366,0.2893874645591075,0.3062206570911351,0.3422029938019626,0.402390153576079,-0.1695746321301269,-0.2526376785815805,-0.4253467038813241,0.00755879189867,0.0037750685609688,0.0027562618808674,0.0010274614568337,downstairs,wiktor
1672842761250193700,0.1909330443465982,0.3804670291353966,-0.1242433745514157,0.4434489866968896,0.1909330443465982,0.1040415193171815,0.1108872010010366,0.3804670291353966,0.3062206570911351,0.3422029938019626,-0.1242433745514157,-0.1695746321301269,-0.2526376785815805,0.0877459197554953,0.0025639322631851,0.0847500437282943,0.0004319437640158,downstairs,wiktor
1672842761260193700,0.119323935105034,0.7921709123531636,-0.0948514108873181,0.8067030097964857,0.119323935105034,0.1909330443465982,0.1040415193171815,0.7921709123531636,0.3804670291353966,0.3062206570911351,-0.0948514108873181,-0.1242433745514157,-0.1695746321301269,0.2641373038059585,0.0694185970874132,0.1943398154376698,0.0003788912808754,downstairs,wiktor
1672842761270193700,0.49193256916338,1.4156126745694428,-0.122379261543534,1.503640110086611,0.49193256916338,0.119323935105034,0.1909330443465982,1.4156126745694428,0.7921709123531636,0.3804670291353966,-0.122379261543534,-0.0948514108873181,-0.1242433745514157,0.6162984045941933,0.1378845323799812,0.4606911652510118,0.0177227069632002,downstairs,wiktor
1672842761280193700,1.0170697557727102,2.3754992983443675,-0.3106487862319458,2.602677558386656,1.0170697557727102,0.49193256916338,0.119323935105034,2.3754992983443675,1.4156126745694428,0.7921709123531636,-0.3106487862319458,-0.122379261543534,-0.0948514108873181,0.9994284196498924,0.680636203899834,0.3081768117686135,0.0106154039814447,downstairs,wiktor
1672842761290193700,-0.1496660359983608,3.160581219889646,-0.4563567405889046,3.1968633133951028,-0.1496660359983608,1.0170697557727102,0.49193256916338,3.160581219889646,2.3754992983443675,1.4156126745694428,-0.4563567405889046,-0.3106487862319458,-0.122379261543534,0.4049842995575471,0.3750804139141938,0.0071443594269056,0.0227595262164476,downstairs,wiktor
1672842761300193700,0.716452216798789,3.2801166491723963,-0.2430047955945002,3.3662323659866047,0.716452216798789,-0.1496660359983608,1.0170697557727102,3.2801166491723963,3.160581219889646,2.3754992983443675,-0.2430047955945002,-0.4563567405889046,-0.3106487862319458,0.8391671085648835,0.03819985873081,0.7759022551188346,0.0250649947152388,downstairs,wiktor
1672842761310193700,0.99285720492603,2.0344021914262926,-0.0191075213134638,2.263829234554668,0.99285720492603,0.716452216798789,-0.1496660359983608,2.0344021914262926,3.2801166491723963,3.160581219889646,-0.0191075213134638,-0.2430047955945002,-0.4563567405889046,1.5300801639239865,0.6326082376302976,0.8974715113387355,4.149549531738555e-07,downstairs,wiktor
1672842761320193700,-0.1319612138690194,0.6946473546455214,-0.020018515224721,0.7073538366571629,-0.1319612138690194,0.99285720492603,0.716452216798789,0.6946473546455214,2.0344021914262926,3.2801166491723963,-0.020018515224721,-0.0191075213134638,-0.2430047955945002,0.1795865646471837,0.0079352834790865,0.1711580638380868,0.0004932173300102,downstairs,wiktor
1672842761330193700,-0.0059827754036488,0.1095694729270499,0.0113890421464034,0.1103221341347899,-0.0059827754036488,-0.1319612138690194,0.99285720492603,0.1095694729270499,0.6946473546455214,2.0344021914262926,0.0113890421464034,-0.020018515224721,-0.0191075213134638,0.0548259974151559,0.0192429611937271,0.035346593236732,0.0002364429846967,downstairs,wiktor
1672842761340193700,0.1901955169414889,-0.1563124303184774,0.0331349835928788,0.2484065974856735,0.1901955169414889,-0.0059827754036488,-0.1319612138690194,-0.1563124303184774,0.1095694729270499,0.6946473546455214,0.0331349835928788,0.0113890421464034,-0.020018515224721,0.0299268418562206,1.3970731730209306e-07,0.0293058725899735,0.0006208295589297,downstairs,wiktor
1672842761350193700,0.189666920086973,0.0857861966498454,0.0683721673319289,0.2191062878526982,0.189666920086973,0.1901955169414889,-0.0059827754036488,0.0857861966498454,-0.1563124303184774,0.1095694729270499,0.0683721673319289,0.0331349835928788,0.0113890421464034,0.1851135438713161,0.0078269851687488,0.1750690800272291,0.0022174786753381,downstairs,wiktor
1672842761360193700,0.3147827477727527,0.677510929996744,0.1349676427839165,0.7591610521879164,0.3147827477727527,0.189666920086973,0.1901955169414889,0.677510929996744,0.0857861966498454,-0.1563124303184774,0.1349676427839165,0.0683721673319289,0.0331349835928788,0.0720398844856398,0.0127238457984225,0.0544037178301276,0.0049123208570896,downstairs,wiktor
1672842761370193700,0.1552594215886329,1.0073706511817582,0.0358483121052877,1.019895199682396,0.1552594215886329,0.3147827477727527,0.189666920086973,1.0073706511817582,0.677510929996744,0.0857861966498454,0.0358483121052877,0.1349676427839165,0.0683721673319289,0.053081931938827,0.0223564823540971,0.0289791473036766,0.0017463022810531,downstairs,wiktor
1672842761380193700,-0.0561949817899545,1.2481159410782654,-0.0232499498159091,1.2495966703374732,-0.0561949817899545,0.1552594215886329,0.3147827477727527,1.2481159410782654,1.0073706511817582,0.677510929996744,-0.0232499498159091,0.0358483121052877,0.1349676427839165,0.0045000294406859,0.0005801510995489,0.0038736620436067,4.621629753024909e-05,downstairs,wiktor
1672842761390193700,-0.0902581906684187,1.3361348259110868,-0.0328641369921866,1.339583093912217,-0.0902581906684187,-0.0561949817899545,0.1552594215886329,1.3361348259110868,1.2481159410782654,1.0073706511817582,-0.0328641369921866,-0.0232499498159091,0.0358483121052877,0.0059482114035487,0.0017583131927646,0.0020278476146045,0.0021620505961796,downstairs,wiktor
1672842761400193700,-0.0309570407172646,1.272450485377412,-0.0986220353189982,1.2766420336012925,-0.0309570407172646,-0.0902581906684187,-0.0561949817899545,1.272450485377412,1.3361348259110868,1.2481159410782654,-0.0986220353189982,-0.0328641369921866,-0.0232499498159091,0.0146166285776441,0.0008871843673261,0.0055506527176443,0.0081787914926735,downstairs,wiktor
1672842761410193700,0.0111662157410426,1.1670877527093158,-0.2265188022263254,1.188919372649006,0.0111662157410426,-0.0309570407172646,-0.0902581906684187,1.1670877527093158,1.272450485377412,1.3361348259110868,-0.2265188022263254,-0.0986220353189982,-0.0328641369921866,0.0021535744722573,0.0001934264410057,3.781520030689051e-05,0.0019223328309447,downstairs,wiktor
1672842761420193700,0.0308347917446975,1.158391178635936,-0.2885241702349858,1.1941805156396077,0.0308347917446975,0.0111662157410426,-0.0309570407172646,1.158391178635936,1.1670877527093158,1.272450485377412,-0.2885241702349858,-0.2265188022263254,-0.0986220353189982,0.0013778421770741,0.0002573364709804,0.0005270393337847,0.0005934663723089,downstairs,wiktor
1672842761430193700,0.0535211960865256,1.1908577563362357,-0.2540722799440617,1.2188352791467267,0.0535211960865256,0.0308347917446975,0.0111662157410426,1.1908577563362357,1.158391178635936,1.1670877527093158,-0.2540722799440617,-0.2885241702349858,-0.2265188022263254,0.0029821059549274,0.0001678909861146,0.0002371416558402,0.0025770733129724,downstairs,wiktor
1672842761440193700,0.0351968414668033,1.1690797097828691,-0.1822798943732723,1.183728070702038,0.0351968414668033,0.0535211960865256,0.0308347917446975,1.1690797097828691,1.1908577563362357,1.158391178635936,-0.1822798943732723,-0.2540722799440617,-0.2885241702349858,0.0043784167524352,0.0028243970513515,0.0012800050076607,0.0002740146934229,downstairs,wiktor
1672842761450193700,-0.0399616184875027,1.1184831682476866,-0.1588698668883249,1.1304163671898233,-0.0399616184875027,0.0351968414668033,0.0535211960865256,1.1184831682476866,1.1690797097828691,1.1908577563362357,-0.1588698668883249,-0.1822798943732723,-0.2540722799440617,0.0011624658446155,0.0007716762445905,0.0001839842194176,0.0002068053806073,downstairs,wiktor
1672842761460193700,-0.0792471436740275,1.099300664791797,-0.1385324442095598,1.1108255036192018,-0.0792471436740275,-0.0399616184875027,0.0351968414668033,1.099300664791797,1.1184831682476866,1.1690797097828691,-0.1385324442095598,-0.1588698668883249,-0.1822798943732723,0.0003450341004453,2.4813595052541103e-06,0.0002611180909998,8.143464994021941e-05,downstairs,wiktor
1672842761470193700,-0.0770194275766515,1.0764481773560768,-0.1257704185129692,1.0865039663666132,-0.0770194275766515,-0.0792471436740275,-0.0399616184875027,1.0764481773560768,1.099300664791797,1.1184831682476866,-0.1257704185129692,-0.1385324442095598,-0.1588698668883249,0.0005947602061868,0.0005588853615518,9.908592677618842e-08,3.577575870815056e-05,downstairs,wiktor
1672842761480193700,-0.0435863492992366,1.0760030123826654,-0.1173116055101714,1.083256324832299,-0.0435863492992366,-0.0770194275766515,-0.0792471436740275,1.0760030123826654,1.0764481773560768,1.099300664791797,-0.1173116055101714,-0.1257704185129692,-0.1385324442095598,0.0011995374819198,0.0008964256436099,8.535432901145889e-05,0.0002177575092984,downstairs,wiktor
1672842761490193700,-0.0012442746308895,1.0629374600398471,-0.0964426089220032,1.067304440631164,-0.0012442746308895,-0.0435863492992366,-0.0770194275766515,1.0629374600398471,1.0760030123826654,1.0764481773560768,-0.0964426089220032,-0.1173116055101714,-0.1257704185129692,0.0018874920488937,0.0004195454436169,0.0012561452697849,0.0002118013354918,downstairs,wiktor
1672842761500193700,0.0277227909304321,1.0128147053313328,-0.0758609989027735,1.0160300544899712,0.0277227909304321,-0.0012442746308895,-0.0435863492992366,1.0128147053313328,1.0629374600398471,1.0760030123826654,-0.0758609989027735,-0.0964426089220032,-0.1173116055101714,0.0005480863856649,0.0003266088098798,0.0001000554614797,0.0001214221143053,downstairs,wiktor
1672842761510193700,0.0532809133137317,0.99866864853237,-0.0602775388052615,1.0019038411791004,0.0532809133137317,0.0277227909304321,-0.0012442746308895,0.99866864853237,1.0128147053313328,1.0629374600398471,-0.0602775388052615,-0.0758609989027735,-0.0964426089220032,0.0002548329720834,0.000103389569538,0.000148306746368,3.1366561772983616e-06,downstairs,wiktor
1672842761520193700,0.0389010962399237,1.0158911191082245,-0.0577728806739795,1.0182758795694802,0.0389010962399237,0.0532809133137317,0.0277227909304321,1.0158911191082245,0.99866864853237,1.0128147053313328,-0.0577728806739795,-0.0602775388052615,-0.0758609989027735,0.0012931623792665,0.0011492659493648,0.0001386927330512,5.203696850360124e-06,downstairs,wiktor
1672842761530193700,-0.0090419105361407,1.0325460122661696,-0.0609989299142609,1.034385756400192,-0.0090419105361407,0.0389010962399237,0.0532809133137317,1.0325460122661696,1.0158911191082245,0.99866864853237,-0.0609989299142609,-0.0577728806739795,-0.0602775388052615,0.0003183606418071,0.0002284684682108,5.176212144518827e-05,3.813005215111654e-05,downstairs,wiktor
1672842761540193700,-0.0304179938168002,1.0427206986441555,-0.0522662267644778,1.0444728183102665,-0.0304179938168002,-0.0090419105361407,0.0389010962399237,1.0427206986441555,1.0325460122661696,1.0158911191082245,-0.0522662267644778,-0.0609989299142609,-0.0577728806739795,0.0016135834357728,0.000690183482979,3.27324689071109e-05,0.0008906674838866,downstairs,wiktor
1672842761550193700,0.0067352962926664,1.034629658055071,-0.0100603626248432,1.0347004902093386,0.0067352962926664,-0.0304179938168002,-0.0090419105361407,1.034629658055071,1.0427206986441555,1.0325460122661696,-0.0100603626248432,-0.0522662267644778,-0.0609989299142609,0.0017158161690847,0.0004976134732287,0.000614046559132,0.000604156136724,downstairs,wiktor
1672842761560193700,0.0382825140219278,0.9995854985093768,0.0247004238082632,1.0006232211209105,0.0382825140219278,0.0067352962926664,-0.0304179938168002,0.9995854985093768,1.034629658055071,1.0427206986441555,0.0247004238082632,-0.0100603626248432,-0.0522662267644778,0.0097532243229959,7.4437035654003185e-06,0.009744890308793,8.903106374979544e-07,downstairs,wiktor
1672842761570193700,0.0421409343114765,0.8599796941257977,0.023366024589515,0.8613285689900588,0.0421409343114765,0.0382825140219278,0.0067352962926664,0.8599796941257977,0.9995854985093768,1.034629658055071,0.023366024589515,0.0247004238082632,-0.0100603626248432,0.0063264758367885,4.156535756801832e-06,0.006302339583907,1.997971712469676e-05,downstairs,wiktor
1672842761580193700,0.0450241740714693,0.7477091317872481,0.0170446770868543,0.7492573943751596,0.0450241740714693,0.0421409343114765,0.0382825140219278,0.7477091317872481,0.8599796941257977,0.9995854985093768,0.0170446770868543,0.023366024589515,0.0247004238082632,0.0015429888415302,0.0001988437555268,0.00087755356293,0.0004665915230733,downstairs,wiktor
1672842761590193700,0.0649662780490742,0.705815133101754,0.0475927219694099,0.7103947399745115,0.0649662780490742,0.0450241740714693,0.0421409343114765,0.705815133101754,0.7477091317872481,0.8599796941257977,0.0475927219694099,0.0170446770868543,0.023366024589515,0.001601699915618,0.0002295830591946,0.0002639580837049,0.0011081587727183,downstairs,wiktor
1672842761600193700,0.0863944398551961,0.6828387067606113,0.094670503835559,0.6947626954470684,0.0863944398551961,0.0649662780490742,0.0450241740714693,0.6828387067606113,0.705815133101754,0.7477091317872481,0.094670503835559,0.0475927219694099,0.0170446770868543,0.0013998091915297,0.0009478296112947,5.49111988858456e-05,0.0003970683813491,downstairs,wiktor
1672842761610193700,0.1299336086872897,0.6723590885532675,0.1228509361015533,0.6957311543460666,0.1299336086872897,0.0863944398551961,0.0649662780490742,0.6723590885532675,0.6828387067606113,0.705815133101754,0.1228509361015533,0.094670503835559,0.0475927219694099,0.0011913511459062,0.0007266442314974,0.0003661930247277,9.85138896810222e-05,downstairs,wiktor
1672842761620193700,0.1680556293970441,0.6994217205290292,0.1368875945130858,0.7322374281962122,0.1680556293970441,0.1299336086872897,0.0863944398551961,0.6994217205290292,0.6723590885532675,0.6828387067606113,0.1368875945130858,0.1228509361015533,0.094670503835559,0.002208326437752,1.3953475972322364e-05,0.0020464900594686,0.000147882902311,downstairs,wiktor
1672842761630193700,0.1733383324877586,0.7633981233580203,0.1196897514907175,0.7919270855754926,0.1733383324877586,0.1680556293970441,0.1299336086872897,0.7633981233580203,0.6994217205290292,0.6723590885532675,0.1196897514907175,0.1368875945130858,0.1228509361015533,0.0014813171898283,0.000256086119206,0.0005666136605364,0.0006586174100858,downstairs,wiktor
1672842761640193700,0.1507071098426562,0.7970615652657166,0.0833960217268625,0.8154597894567382,0.1507071098426562,0.1733383324877586,0.1680556293970441,0.7970615652657166,0.7633981233580203,0.6994217205290292,0.0833960217268625,0.1196897514907175,0.1368875945130858,0.0016986372064011,0.0005446200066285,0.0011393446915362,1.4672508236295154e-05,downstairs,wiktor
1672842761650193700,0.117703473478504,0.8447971849126066,0.0779789176598734,0.8565145082860973,0.117703473478504,0.1507071098426562,0.1733383324877586,0.8447971849126066,0.7970615652657166,0.7633981233580203,0.0779789176598734,0.0833960217268625,0.1196897514907175,0.0008021777024945,0.0005941937380883,0.0001808508434211,2.713312098501776e-05,downstairs,wiktor
1672842761660193700,0.0832304771454805,0.8638156413915732,0.0706123552342887,0.8706841444234142,0.0832304771454805,0.117703473478504,0.1507071098426562,0.8638156413915732,0.8447971849126066,0.7970615652657166,0.0706123552342887,0.0779789176598734,0.0833960217268625,0.0019169030340704,0.0008189803984832,0.0007692940939028,0.0003286285416843,downstairs,wiktor
1672842761670193700,0.0427587487790461,0.8245907999284678,0.0449753296000885,0.8269226555104514,0.0427587487790461,0.0832304771454805,0.117703473478504,0.8245907999284678,0.8638156413915732,0.8447971849126066,0.0449753296000885,0.0706123552342887,0.0779789176598734,0.0017076227375707,9.085145186615842e-05,0.0013403338776946,0.0002764374080099,downstairs,wiktor
1672842761680193700,0.0292790268333858,0.7728156344976431,0.0214620394002919,0.7736678133873249,0.0292790268333858,0.0427587487790461,0.0832304771454805,0.7728156344976431,0.8245907999284678,0.8638156413915732,0.0214620394002919,0.0449753296000885,0.0706123552342887,0.001376129415845,0.0001356286364316,0.0004097106322014,0.0008307901472119,downstairs,wiktor
1672842761690193700,0.0128091369471958,0.7441900993165677,-0.0193004469618499,0.7445505255945106,0.0128091369471958,0.0292790268333858,0.0427587487790461,0.7441900993165677,0.7728156344976431,0.8245907999284678,-0.0193004469618499,0.0214620394002919,0.0449753296000885,0.001017000598492,0.0005911395883454,5.186958740370288e-06,0.0004206740514063,downstairs,wiktor
1672842761700193700,-0.021575149822938,0.7409692426788483,-0.0483064481135534,0.7428555839564618,-0.021575149822938,0.0128091369471958,0.0292790268333858,0.7409692426788483,0.7441900993165677,0.7728156344976431,-0.0483064481135534,-0.0193004469618499,0.0214620394002919,0.0038990405345304,0.0028677164226205,0.0008022397793302,0.0002290843325795,downstairs,wiktor
1672842761710193700,-0.0973077903766725,0.7810251980245966,-0.0697113229125118,0.7901448187260126,-0.0973077903766725,-0.021575149822938,0.0128091369471958,0.7810251980245966,0.7409692426788483,0.7441900993165677,-0.0697113229125118,-0.0483064481135534,-0.0193004469618499,0.0067913902723659,0.0043347116939157,0.0024565927580747,8.582037543196579e-08,downstairs,wiktor
1672842761720193700,-0.1904175287923267,0.8511193170086424,-0.0692970274251312,0.8749085695468949,-0.1904175287923267,-0.0973077903766725,-0.021575149822938,0.8511193170086424,0.7810251980245966,0.7409692426788483,-0.0692970274251312,-0.0697113229125118,-0.0483064481135534,0.0052472170420177,0.0038022400124207,0.0010394533180028,0.0004055237115941,downstairs,wiktor
1672842761730193700,-0.2776211985823157,0.8967143456412222,-0.0408181330788204,0.9395936715246048,-0.2776211985823157,-0.1904175287923267,-0.0973077903766725,0.8967143456412222,0.8511193170086424,0.7810251980245966,-0.0408181330788204,-0.0692970274251312,-0.0697113229125118,0.0026993209435749,0.0009144947241315,0.0002888412039615,0.0014959850154818,downstairs,wiktor
1672842761740193700,-0.3203878847792029,0.9207493702495528,0.0138807703010804,0.974997679644619,-0.3203878847792029,-0.2776211985823157,-0.1904175287923267,0.9207493702495528,0.8967143456412222,0.8511193170086424,0.0138807703010804,-0.0408181330788204,-0.0692970274251312,0.0043638708985607,0.0009998756605941,0.0007849843855482,0.0025790108524183,downstairs,wiktor
1672842761750193700,-0.2756693056292756,0.9603722016866992,0.0857001388922667,1.0028224397393783,-0.2756693056292756,-0.3203878847792029,-0.2776211985823157,0.9603722016866992,0.9207493702495528,0.8967143456412222,0.0857001388922667,0.0138807703010804,-0.0408181330788204,0.0130812506841972,0.0066696799815144,0.0058630952198444,0.0005484754828384,downstairs,wiktor
1672842761760193700,-0.1601731586674449,1.0686597376254627,0.1188203889770231,1.087109635876658,-0.1601731586674449,-0.2756693056292756,-0.3203878847792029,1.0686597376254627,0.9603722016866992,0.9207493702495528,0.1188203889770231,0.0857001388922667,0.0138807703010804,0.0111582951026398,0.0038442206387417,0.0064131843946237,0.0009008900692743,downstairs,wiktor
1672842761770193700,-0.0724894014630261,1.1819132973454447,0.0763730081561914,1.1865945356950178,-0.0724894014630261,-0.1601731586674449,-0.2756693056292756,1.1819132973454447,1.0686597376254627,0.9603722016866992,0.0763730081561914,0.1188203889770231,0.0857001388922667,0.005252744845514,0.0014868857448943,0.001265805211661,0.0025000538889586,downstairs,wiktor
1672842761780193700,-0.0179571037873495,1.2322284086274655,0.0056615679366813,1.2323722497510676,-0.0179571037873495,-0.0724894014630261,-0.1601731586674449,1.2322284086274655,1.1819132973454447,1.0686597376254627,0.0056615679366813,0.0763730081561914,0.1188203889770231,0.0050163998906539,0.0039244077222891,0.0005372169730251,0.0005547751953396,downstairs,wiktor
1672842761790193700,0.0706364368608163,1.2650069678705178,-0.0276483463634084,1.2672791981366949,0.0706364368608163,-0.0179571037873495,-0.0724894014630261,1.2650069678705178,1.2322284086274655,1.1819132973454447,-0.0276483463634084,0.0056615679366813,0.0763730081561914,0.0075929046906036,0.0056504765236688,0.0002012910405189,0.0017411371264157,downstairs,wiktor
1672842761800193700,0.1769423776512431,1.2850714160572474,0.0313624514013357,1.297574950719285,0.1769423776512431,0.0706364368608163,-0.0179571037873495,1.2850714160572474,1.2650069678705178,1.2322284086274655,0.0313624514013357,-0.0276483463634084,0.0056615679366813,0.0083750796397945,0.0003721112279046,4.8739784497109935e-05,0.0079542286273927,downstairs,wiktor
1672842761810193700,0.204222818553276,1.2751982418465784,0.1574911842689322,1.3010153683753622,0.204222818553276,0.1769423776512431,0.0706364368608163,1.2751982418465784,1.2850714160572474,1.2650069678705178,0.1574911842689322,0.0313624514013357,-0.0276483463634084,0.0120900235245038,0.0059763961424971,5.730244298873137e-05,0.0060563249390179,downstairs,wiktor
1672842761820193700,0.0948939921395878,1.2644928746890511,0.2675486686942805,1.2959665852187896,0.0948939921395878,0.204222818553276,0.1769423776512431,1.2644928746890511,1.2751982418465784,1.2850714160572474,0.2675486686942805,0.1574911842689322,0.0313624514013357,0.0101986164558115,0.0082876768949784,0.0002882687082392,0.0016226708525939,downstairs,wiktor
1672842761830193700,-0.0338513137552556,1.2885040682553537,0.3245165693505962,1.329172543026914,-0.0338513137552556,0.0948939921395878,0.204222818553276,1.2885040682553537,1.2644928746890511,1.2751982418465784,0.3245165693505962,0.2675486686942805,0.1574911842689322,0.0009731542108443,0.0003007443168803,0.0005594503971275,0.0001129594968364,downstairs,wiktor
1672842761840193700,-0.0583765789681059,1.32195404275841,0.3395471712571385,1.3661122200046554,-0.0583765789681059,-0.0338513137552556,0.0948939921395878,1.32195404275841,1.2885040682553537,1.2644928746890511,0.3395471712571385,0.3245165693505962,0.2675486686942805,0.0064126103359382,0.0058369518251363,3.4441545220427675e-05,0.0005412169655814,downstairs,wiktor
1672842761850193700,0.0496692615361577,1.3302536265094698,0.3066468075636635,1.3660431951340812,0.0496692615361577,-0.0583765789681059,-0.0338513137552556,1.3302536265094698,1.32195404275841,1.2885040682553537,0.3066468075636635,0.3395471712571385,0.3245165693505962,0.0047294476680058,0.0038187016522399,8.754859197577214e-05,0.0008231974237901,downstairs,wiktor
1672842761860193700,0.1370614997754877,1.3434860557630703,0.2660710161655852,1.376420874003989,0.1370614997754877,0.0496692615361577,-0.0583765789681059,1.3434860557630703,1.3302536265094698,1.32195404275841,0.2660710161655852,0.3066468075636635,0.3395471712571385,0.0014417447460461,0.0008599031446102,0.0001063180878326,0.0004755235136032,downstairs,wiktor
1672842761870193700,0.1785320470255608,1.358068105538917,0.2352319658039654,1.3898045721730798,0.1785320470255608,0.1370614997754877,0.0496692615361577,1.358068105538917,1.3434860557630703,1.3302536265094698,0.2352319658039654,0.2660710161655852,0.3066468075636635,0.0003343219604636,0.000236581247391,3.3275204210391255e-05,6.446550886221322e-05,downstairs,wiktor
1672842761880193700,0.2002843456347237,1.3662259489071598,0.223877186293802,1.3988595916375697,0.2002843456347237,0.1785320470255608,0.1370614997754877,1.3662259489071598,1.358068105538917,1.3434860557630703,0.223877186293802,0.2352319658039654,0.2660710161655852,0.001618662176861,0.0001260718943046,0.000927774087635,0.0005648161949212,downstairs,wiktor
1672842761890193700,0.2161633817707552,1.4093020231859306,0.1902671819819528,1.438422886606675,0.2161633817707552,0.2002843456347237,0.1785320470255608,1.4093020231859306,1.3662259489071598,1.358068105538917,0.1902671819819528,0.223877186293802,0.2352319658039654,0.0108391489053102,0.0014728148454976,0.0076491478749483,0.0017171861848642,downstairs,wiktor
1672842761900193700,0.1618897261817384,1.532988302739876,0.1316636635745356,1.5471253149264776,0.1618897261817384,0.2161633817707552,0.2002843456347237,1.532988302739876,1.4093020231859306,1.3662259489071598,0.1316636635745356,0.1902671819819528,0.223877186293802,0.0279766932508434,0.0232789232128803,0.0001959974958642,0.0045017725420989,downstairs,wiktor
1672842761910193700,-0.053882946846522,1.5527871661347392,0.0367766513747734,1.5541569667700752,-0.053882946846522,0.1618897261817384,0.2161633817707552,1.5527871661347392,1.532988302739876,1.4093020231859306,0.0367766513747734,0.1316636635745356,0.1902671819819528,0.0538191101049641,0.0408178942900478,0.0060412037475302,0.006960012067386,downstairs,wiktor
1672842761920193700,-0.3396027196661429,1.4428671611535693,-0.0812065005358792,1.4845168061255771,-0.3396027196661429,-0.053882946846522,0.1618897261817384,1.4428671611535693,1.5527871661347392,1.532988302739876,-0.0812065005358792,0.0367766513747734,0.1316636635745356,0.0179507346024256,0.0129797206846993,0.0025963262846241,0.0023746876331021,downstairs,wiktor
1672842761930193700,-0.5007220585718086,1.3708070989190122,-0.150122211851981,1.467096234361768,-0.5007220585718086,-0.3396027196661429,-0.053882946846522,1.3708070989190122,1.4428671611535693,1.5527871661347392,-0.150122211851981,-0.0812065005358792,0.0367766513747734,0.0090654155973718,1.4497424080809418e-06,0.0086831129382846,0.000380852916679,downstairs,wiktor
1672842761940193700,-0.4990192712051178,1.2390261220044008,-0.1225231931491695,1.3413492822165374,-0.4990192712051178,-0.5007220585718086,-0.3396027196661429,1.2390261220044008,1.3708070989190122,1.4428671611535693,-0.1225231931491695,-0.150122211851981,-0.0812065005358792,0.0138402210872459,9.231122590805396e-05,0.0129371297823348,0.000810780079003,downstairs,wiktor
1672842761950193700,-0.4854316867319265,1.0781713441310976,-0.0822545929995987,1.1852692469892192,-0.4854316867319265,-0.4990192712051178,-0.5007220585718086,1.0781713441310976,1.2390261220044008,1.3708070989190122,-0.0822545929995987,-0.1225231931491695,-0.150122211851981,0.0049129574330701,0.0043319461030809,0.0005807130155557,2.9831443346063845e-07,downstairs,wiktor
1672842761960193700,-0.3923516555428367,1.11225104529046,-0.0830270105466037,1.18234330625129,-0.3923516555428367,-0.4854316867319265,-0.4990192712051178,1.11225104529046,1.0781713441310976,1.2390261220044008,-0.0830270105466037,-0.0822545929995987,-0.1225231931491695,0.0391171276108515,0.0302024764121516,0.0045434686998688,0.004371182498831,downstairs,wiktor
1672842761970193700,-0.146577464822364,1.207576474215473,0.0104736044121336,1.2164849323611888,-0.146577464822364,-0.3923516555428367,-0.4854316867319265,1.207576474215473,1.11225104529046,1.0781713441310976,0.0104736044121336,-0.0830270105466037,-0.0822545929995987,0.0188240024111743,0.0102930508511588,0.0014871786555906,0.0070437729044248,downstairs,wiktor
1672842761980193700,-0.0030988890616682,1.1530388054792566,0.1291645720922807,1.1602549619537206,-0.0030988890616682,-0.146577464822364,-0.3923516555428367,1.1530388054792566,1.207576474215473,1.11225104529046,0.1291645720922807,0.0104736044121336,-0.0830270105466037,0.0075694634608898,0.0068697589478636,0.0004291372629371,0.000270567250089,downstairs,wiktor
1672842761990193700,0.1141168005695723,1.1237424827428744,0.1524268699189807,1.1397603969109704,0.1141168005695723,-0.0030988890616682,-0.146577464822364,1.1237424827428744,1.1530388054792566,1.207576474215473,0.1524268699189807,0.1291645720922807,0.0104736044121336,0.0094619423988363,0.008136277208903,0.0013078891757213,1.7776014211975195e-05,downstairs,wiktor
1672842762000193700,0.2416807234388774,1.072597802164707,0.1464643177452927,1.1092012502982012,0.2416807234388774,0.1141168005695723,-0.0030988890616682,1.072597802164707,1.1237424827428744,1.1530388054792566,0.1464643177452927,0.1524268699189807,0.1291645720922807,0.010720922382122,0.0098146864625537,0.0009060024002301,2.335193381578204e-07,downstairs,wiktor
1672842762010193700,0.3817855874697434,1.0300301524708335,0.1471477200252975,1.1083207122973695,0.3817855874697434,0.2416807234388774,0.1141168005695723,1.0300301524708335,1.072597802164707,1.1237424827428744,0.1471477200252975,0.1464643177452927,0.1524268699189807,0.005624902887005,0.005425872089142,1.0671421472543925e-05,0.0001883593763904,downstairs,wiktor
1672842762020193700,0.4859572927369806,1.0346499839553238,0.1665569640286284,1.155160725582999,0.4859572927369806,0.3817855874697434,0.2416807234388774,1.0346499839553238,1.0300301524708335,1.072597802164707,0.1665569640286284,0.1471477200252975,0.1464643177452927,0.0019790491443981,4.959916213717465e-05,0.0017484137045165,0.0001810362777444,downstairs,wiktor
1672842762030193700,0.4959171282915642,1.0937839624197652,0.1855851682394565,1.2152115080306396,0.4959171282915642,0.4859572927369806,0.3817855874697434,1.0937839624197652,1.0346499839553238,1.0300301524708335,0.1855851682394565,0.1665569640286284,0.1471477200252975,0.0078162414379967,0.0070015175580379,0.0008042756258508,1.0448254107920048e-05,downstairs,wiktor
1672842762040193700,0.3775827076183047,1.1338907106262908,0.1901564381085235,1.210138965446153,0.3775827076183047,0.4959171282915642,0.4859572927369806,1.1338907106262908,1.0937839624197652,1.0346499839553238,0.1901564381085235,0.1855851682394565,0.1665569640286284,0.0158808905077218,0.0157185292712647,0.0001622751858697,8.60505873809061e-08,downstairs,wiktor
1672842762050193700,0.2002777202588697,1.1519059922432806,0.1897415873223825,1.1844831996097218,0.2002777202588697,0.3775827076183047,0.4959171282915642,1.1519059922432806,1.1338907106262908,1.0937839624197652,0.1897415873223825,0.1901564381085235,0.1855851682394565,0.0154218366669771,0.0153867871042405,3.375626314907437e-05,1.2932995875694626e-06,downstairs,wiktor
1672842762060193700,0.0248537361276196,1.1436893915898385,0.1913498780843839,1.1598525373846214,0.0248537361276196,0.2002777202588697,0.3775827076183047,1.1436893915898385,1.1519059922432806,1.1338907106262908,0.1913498780843839,0.1897415873223825,0.1901564381085235,0.0119664720586754,0.0088719667829212,0.0030803535117987,1.4151763955454804e-05,downstairs,wiktor
1672842762070193700,-0.1083526209498207,1.0651992200802958,0.1860297720787755,1.0867367413619764,-0.1083526209498207,0.0248537361276196,0.2002777202588697,1.0651992200802958,1.1436893915898385,1.1519059922432806,0.1860297720787755,0.1913498780843839,0.1897415873223825,0.0074990423246788,0.002753703950638,0.0047283170224295,1.702135161121942e-05,downstairs,wiktor
1672842762080193700,-0.1825645330750057,0.96795399374574,0.1918643845956818,1.003532104529547,-0.1825645330750057,-0.1083526209498207,0.0248537361276196,0.96795399374574,1.0651992200802958,1.1436893915898385,0.1918643845956818,0.1860297720787755,0.1913498780843839,0.0037873728752511,0.0021786798040971,0.0013802735966681,0.0002284194744858,downstairs,wiktor
1672842762090193700,-0.2485748323334877,0.9154130840340092,0.2132381757655165,0.9722350956914088,-0.2485748323334877,-0.1825645330750057,-0.1083526209498207,0.9154130840340092,0.96795399374574,1.0651992200802958,0.2132381757655165,0.1918643845956818,0.1860297720787755,0.0022338424404848,0.0016158290375036,0.0003033214680599,0.0003146919349211,downstairs,wiktor
1672842762100193700,-0.3054225066483388,0.8907829614983847,0.2383256999526967,0.9713785726075752,-0.3054225066483388,-0.2485748323334877,-0.1825645330750057,0.8907829614983847,0.9154130840340092,0.96795399374574,0.2383256999526967,0.2132381757655165,0.1918643845956818,0.0004204837068634,8.516593495277213e-05,1.8344527379795385e-05,0.0003169732445308,downstairs,wiktor
1672842762110193700,-0.3184736318835645,0.8847258124363596,0.2635039939588784,0.976524230231163,-0.3184736318835645,-0.3054225066483388,-0.2485748323334877,0.8847258124363596,0.8907829614983847,0.9154130840340092,0.2635039939588784,0.2383256999526967,0.2132381757655165,0.0006576392627479,0.0003623585159974,2.1536191783813245e-05,0.0002737445549667,downstairs,wiktor
1672842762120193700,-0.2915530629446493,0.8912887678352349,0.2869024791648361,0.9806691025685408,-0.2915530629446493,-0.3184736318835645,-0.3054225066483388,0.8912887678352349,0.8847258124363596,0.8907829614983847,0.2869024791648361,0.2635039939588784,0.2383256999526967,0.0005510495505248,0.0004063082425726,3.8804053304183713e-07,0.0001443532674191,downstairs,wiktor
1672842762130193700,-0.2630466341057834,0.8904078132018493,0.3038938456442666,0.9769191752370012,-0.2630466341057834,-0.2915530629446493,-0.3184736318835645,0.8904078132018493,0.8912887678352349,0.8847258124363596,0.3038938456442666,0.2869024791648361,0.2635039939588784,0.000749722505916,0.0005385768607714,4.5690979145032514e-05,0.0001654546659995,downstairs,wiktor
1672842762140193700,-0.295866654238971,0.8999672043064157,0.3220847590902458,1.000608134064425,-0.295866654238971,-0.2630466341057834,-0.2915530629446493,0.8999672043064157,0.8904078132018493,0.8912887678352349,0.3220847590902458,0.3038938456442666,0.2869024791648361,0.003408595773799,0.0012133263590278,0.0004819501428404,0.0017133192719306,downstairs,wiktor
1672842762150193700,-0.3451277211991556,0.8689204607464068,0.3806222559948908,1.0094598619075998,-0.3451277211991556,-0.295866654238971,-0.2630466341057834,0.8689204607464068,0.8999672043064157,0.8904078132018493,0.3806222559948908,0.3220847590902458,0.3038938456442666,0.000955906131487,1.205391211259502e-06,0.0001972712387013,0.0007574295015744,downstairs,wiktor
1672842762160193700,-0.3466803906496565,0.8490573673971131,0.341701066352886,0.9786957265355838,-0.3466803906496565,-0.3451277211991556,-0.295866654238971,0.8490573673971131,0.8689204607464068,0.8999672043064157,0.341701066352886,0.3806222559948908,0.3220847590902458,0.0019687524854317,0.0003536333814714,2.401134923721606e-07,0.0016148789904679,downstairs,wiktor
1672842762170193700,-0.3200859031956206,0.8497503515129082,0.2848701066483734,0.9516730651766514,-0.3200859031956206,-0.3466803906496565,-0.3451277211991556,0.8497503515129082,0.8490573673971131,0.8689204607464068,0.2848701066483734,0.341701066352886,0.3806222559948908,0.0010388091762277,0.0007108828227142,0.0001926709409576,0.0001352554125557,downstairs,wiktor
1672842762180193700,-0.2823795954285042,0.8693804784079481,0.2684228933551878,0.952686465647733,-0.2823795954285042,-0.3200859031956206,-0.3466803906496565,0.8693804784079481,0.8497503515129082,0.8490573673971131,0.2684228933551878,0.2848701066483734,0.341701066352886,0.0009319635616565,0.0004758557367094,3.622756945614452e-05,0.000419880255491,downstairs,wiktor
1672842762190193700,-0.2515297741418448,0.8608684199664024,0.2394442717354141,0.9282754025838456,-0.2515297741418448,-0.2823795954285042,-0.3200859031956206,0.8608684199664024,0.8693804784079481,0.8497503515129082,0.2394442717354141,0.2684228933551878,0.2848701066483734,0.0001382406536387,0.0001081127465104,1.4092057918888284e-07,2.998698654915021e-05,downstairs,wiktor
1672842762200193700,-0.2368251662578921,0.8613993071091905,0.2316999852545109,0.9229191778418154,-0.2368251662578921,-0.2515297741418448,-0.2823795954285042,0.8613993071091905,0.8608684199664024,0.8693804784079481,0.2316999852545109,0.2394442717354141,0.2684228933551878,0.0019003902589211,0.0010573645868771,0.0003520824842882,0.0004909431877557,downstairs,wiktor
1672842762210193700,-0.1908389816612732,0.8879354139935174,0.263035051482485,0.9455349039849056,-0.1908389816612732,-0.2368251662578921,-0.2515297741418448,0.8879354139935174,0.8613993071091905,0.8608684199664024,0.263035051482485,0.2316999852545109,0.2394442717354141,0.0072735542519702,0.0056701975311328,2.6554216452081442e-08,0.0016033301666209,downstairs,wiktor
1672842762220193700,-0.0843476906452201,0.8881658666630705,0.319662432962136,0.9477010133316398,-0.0843476906452201,-0.1908389816612732,-0.2368251662578921,0.8881658666630705,0.8879354139935174,0.8613993071091905,0.319662432962136,0.263035051482485,0.2316999852545109,0.0103412942351558,0.0093543576071361,0.0008995015995917,8.743502842797539e-05,downstairs,wiktor
1672842762230193700,0.0524321149339379,0.9305805244971678,0.3328862772162079,0.989718400762932,0.0524321149339379,-0.0843476906452201,-0.1908389816612732,0.9305805244971678,0.8881658666630705,0.8879354139935174,0.3328862772162079,0.319662432962136,0.263035051482485,0.0606827516286272,0.0454544459993849,0.0090539362199924,0.0061743694092498,downstairs,wiktor
1672842762240193700,0.3539431296560704,1.0651460194800384,0.2217613978304483,1.1441109646413754,0.3539431296560704,0.0524321149339379,-0.0843476906452201,1.0651460194800384,0.9305805244971678,0.8881658666630705,0.2217613978304483,0.3328862772162079,0.319662432962136,0.0269113359092023,0.0151425583276423,0.0043563455266783,0.0074124320548815,downstairs,wiktor
1672842762250193700,0.5279693249695482,1.158487816405943,0.1000039992471871,1.2770459775337932,0.5279693249695482,0.3539431296560704,0.0524321149339379,1.158487816405943,1.0651460194800384,0.9305805244971678,0.1000039992471871,0.2217613978304483,0.3328862772162079,0.01520162861733,0.0144597761340987,7.214778920862076e-05,0.0006697046940227,downstairs,wiktor
1672842762260193700,0.3579118280216116,1.170500125859884,0.0634060568453873,1.2256393226885536,0.3579118280216116,0.5279693249695482,0.3539431296560704,1.170500125859884,1.158487816405943,1.0651460194800384,0.0634060568453873,0.1000039992471871,0.2217613978304483,0.0124262803488429,0.0094852161034431,0.0028378886031648,0.0001031756422349,downstairs,wiktor
1672842762270193700,0.2201786359185958,1.0951623716703032,0.0490411243892302,1.1181521738649247,0.2201786359185958,0.3579118280216116,0.5279693249695482,1.0951623716703032,1.170500125859884,1.158487816405943,0.0490411243892302,0.0634060568453873,0.1000039992471871,0.0156955492536508,0.0034967036941228,0.0116300100543694,0.0005688355051586,downstairs,wiktor
1672842762280193700,0.1365520409368221,0.94265001115897,0.0153117453508126,0.9526121734303558,0.1365520409368221,0.2201786359185958,0.3579118280216116,0.94265001115897,1.0951623716703032,1.170500125859884,0.0153117453508126,0.0490411243892302,0.0634060568453873,0.0050149165195116,0.0006707899715716,0.0031895660558849,0.001154560492055,downstairs,wiktor
1672842762290193700,0.0999244564799768,0.8627805419497034,-0.0327415686255413,0.869164639689112,0.0999244564799768,0.1365520409368221,0.2201786359185958,0.8627805419497034,0.94265001115897,1.0951623716703032,-0.0327415686255413,0.0153117453508126,0.0490411243892302,0.0001396428999028,0.0001309416585885,6.166479883372658e-06,2.5347614308727966e-06,downstairs,wiktor
1672842762300193700,0.1161072657903901,0.859268710551879,-0.0349931287206188,0.8677834598334235,0.1161072657903901,0.0999244564799768,0.1365520409368221,0.859268710551879,0.8627805419497034,0.94265001115897,-0.0349931287206188,-0.0327415686255413,0.0153117453508126,0.0002733453904756,0.0001657913947684,1.141413320466147e-06,0.0001064125823867,downstairs,wiktor
1672842762310193700,0.1343166806502087,0.8607796131433562,-0.0204046001870936,0.8714349435344622,0.1343166806502087,0.1161072657903901,0.0999244564799768,0.8607796131433562,0.859268710551879,0.8627805419497034,-0.0204046001870936,-0.0349931287206188,-0.0327415686255413,0.0002694670620091,3.914819682575188e-05,0.0002113421854056,1.897667977773761e-05,downstairs,wiktor
1672842762320193700,0.1254681557080783,0.8402203239822164,-0.0142439703852409,0.8496560137031355,0.1254681557080783,0.1343166806502087,0.1161072657903901,0.8402203239822164,0.8607796131433562,0.859268710551879,-0.0142439703852409,-0.0204046001870936,-0.0349931287206188,0.0006590720744002,7.14971422897083e-05,6.251399726969059e-06,0.0005813235323835,downstairs,wiktor
1672842762330193700,0.1135101339411046,0.843756253768558,0.0198536404514005,0.8515887113625052,0.1135101339411046,0.1254681557080783,0.1343166806502087,0.843756253768558,0.8402203239822164,0.8607796131433562,0.0198536404514005,-0.0142439703852409,-0.0204046001870936,0.0007062053638187,0.0004553846243719,3.263923716550101e-05,0.0002181815022813,downstairs,wiktor
1672842762340193700,0.0833311802027152,0.8356767442332581,-0.0010356631406927,0.8398218734019832,0.0833311802027152,0.1135101339411046,0.1254681557080783,0.8356767442332581,0.843756253768558,0.8402203239822164,-0.0010356631406927,0.0198536404514005,-0.0142439703852409,0.0041127444433916,0.000735583111717,0.0007968000101317,0.0025803613215427,downstairs,wiktor
1672842762350193700,0.0449753954573324,0.7957568241398563,-0.072873832960681,0.8003513633973985,0.0449753954573324,0.0833311802027152,0.1135101339411046,0.7957568241398563,0.8356767442332581,0.843756253768558,-0.072873832960681,-0.0010356631406927,0.0198536404514005,0.0001446960470692,0.0001418942901114,2.801753660858454e-06,3.296900275386797e-12,downstairs,wiktor
1672842762360193700,0.0281293698066652,0.798123996994068,-0.0728764008003471,0.8019377443524655,0.0281293698066652,0.0449753954573324,0.0833311802027152,0.798123996994068,0.7957568241398563,0.8356767442332581,-0.0728764008003471,-0.072873832960681,-0.0010356631406927,0.0004669431064762,0.0004330225328629,1.708074533534284e-06,3.2212499079764646e-05,downstairs,wiktor
1672842762370193700,-0.0012992738203518,0.799972279728681,-0.0809029192336113,0.8040538656006099,-0.0012992738203518,0.0281293698066652,0.0449753954573324,0.799972279728681,0.798123996994068,0.7957568241398563,-0.0809029192336113,-0.0728764008003471,-0.072873832960681,0.0021184030276824,0.000190131948646,0.0011596964733382,0.0007685746056981,downstairs,wiktor
1672842762380193700,-0.0207996301579205,0.7518122034551064,-0.120109413738939,0.7616301498414044,-0.0207996301579205,-0.0012992738203518,0.0281293698066652,0.7518122034551064,0.799972279728681,0.798123996994068,-0.120109413738939,-0.0809029192336113,-0.0728764008003471,0.0002816615428961,0.0001085528228023,0.0001727546361837,3.540839101190404e-07,downstairs,wiktor
1672842762390193700,-0.0060651248861202,0.7332243237382744,-0.1192678866625843,0.7428859424233931,-0.0060651248861202,-0.0207996301579205,-0.0012992738203518,0.7332243237382744,0.7518122034551064,0.799972279728681,-0.1192678866625843,-0.120109413738939,-0.0809029192336113,0.0001734411644426,7.15263786045982e-05,8.753064333292399e-05,1.4384142505152904e-05,downstairs,wiktor
1672842762400193700,0.0058953415432961,0.7464553965090609,-0.1139042792002223,0.7551189302682947,0.0058953415432961,-0.0060651248861202,-0.0207996301579205,0.7464553965090609,0.7332243237382744,0.7518122034551064,-0.1139042792002223,-0.1192678866625843,-0.120109413738939,0.0003711471740772,0.0001589946369863,0.0001176456527457,9.450688434520662e-05,downstairs,wiktor
1672842762410193700,0.0237275952980142,0.7617946046206776,-0.1276525070383988,0.772780163410649,0.0237275952980142,0.0058953415432961,-0.0060651248861202,0.7617946046206776,0.7464553965090609,0.7332243237382744,-0.1276525070383988,-0.1139042792002223,-0.1192678866625843,0.0013784248913164,0.0013017516806124,7.574501398723593e-05,9.281967167486104e-07,downstairs,wiktor
1672842762420193700,0.0747521321525995,0.7741027331532561,-0.1262900117417107,0.7878909123745637,0.0747521321525995,0.0237275952980142,0.0058953415432961,0.7741027331532561,0.7617946046206776,0.7464553965090609,-0.1262900117417107,-0.1276525070383988,-0.1139042792002223,0.0043357219663619,0.0037040630221119,0.0003370660860178,0.0002945928582321,downstairs,wiktor
1672842762430193700,0.1608226035363669,0.800066788538262,-0.1505631597959769,0.8298433834271937,0.1608226035363669,0.0747521321525995,0.0237275952980142,0.800066788538262,0.7741027331532561,0.7617946046206776,-0.1505631597959769,-0.1262900117417107,-0.1276525070383988,0.001368121799157,0.0008135835786516,9.544897175308994e-09,0.0005545286756082,downstairs,wiktor
1672842762440193700,0.2011607635998019,0.8002049543601957,-0.1172606471097478,0.8333928732328199,0.2011607635998019,0.1608226035363669,0.0747521321525995,0.8002049543601957,0.800066788538262,0.7741027331532561,-0.1172606471097478,-0.1505631597959769,-0.1262900117417107,0.0071942495398678,0.0003369083932006,0.0054671813151244,0.0013901598315427,downstairs,wiktor
1672842762450193700,0.2271187447694009,0.6956374516155626,-0.169989383706461,0.7512594617631947,0.2271187447694009,0.2011607635998019,0.1608226035363669,0.6956374516155626,0.8002049543601957,0.800066788538262,-0.169989383706461,-0.1172606471097478,-0.1505631597959769,0.0031772535008137,0.0002977382020819,0.0022168676175069,0.0006626476812248,downstairs,wiktor
1672842762460193700,0.2027163595547571,0.629051152461653,-0.2063939900420559,0.6923855529760479,0.2027163595547571,0.2271187447694009,0.2011607635998019,0.629051152461653,0.6956374516155626,0.8002049543601957,-0.2063939900420559,-0.169989383706461,-0.1172606471097478,0.0043389112229907,0.0026437095006311,0.0016852967376965,9.904984663008043e-06,downstairs,wiktor
1672842762470193700,0.130001718654438,0.5709943399811774,-0.2108448292130456,0.6224070413720643,0.130001718654438,0.2027163595547571,0.2271187447694009,0.5709943399811774,0.629051152461653,0.6956374516155626,-0.2108448292130456,-0.2063939900420559,-0.169989383706461,0.0013792817147386,0.0012482685047254,8.77828848881269e-05,4.323032512515107e-05,downstairs,wiktor
1672842762480193700,0.0800363605605464,0.5577442165939688,-0.2015464072904663,0.5984190709256284,0.0800363605605464,0.130001718654438,0.2027163595547571,0.5577442165939688,0.5709943399811774,0.629051152461653,-0.2015464072904663,-0.2108448292130456,-0.2063939900420559,0.0004724137342978,0.0002227731150254,5.330596657470608e-05,0.0001963346526976,downstairs,wiktor
1672842762490193700,0.0589283945275302,0.5680695220688403,-0.1817305221122725,0.5993342308364441,0.0589283945275302,0.0800363605605464,0.130001718654438,0.5680695220688403,0.5577442165939688,0.5709943399811774,-0.1817305221122725,-0.2015464072904663,-0.2108448292130456,0.0002728391926229,8.254378770963772e-05,3.551314663551588e-05,0.0001547822582778,downstairs,wiktor
1672842762500193700,0.0460797535324959,0.5764972319161851,-0.1641360764956691,0.6011763915025534,0.0460797535324959,0.0589283945275302,0.0800363605605464,0.5764972319161851,0.5680695220688403,0.5577442165939688,-0.1641360764956691,-0.1817305221122725,-0.2015464072904663,0.0010673553289871,1.9933103595474315e-05,0.000964108709739,8.331351565255357e-05,downstairs,wiktor
1672842762510193700,0.0397657843220112,0.6204087044430565,-0.1512276671705389,0.6398109763588774,0.0397657843220112,0.0460797535324959,0.0589283945275302,0.6204087044430565,0.5764972319161851,0.5680695220688403,-0.1512276671705389,-0.1641360764956691,-0.1817305221122725,0.0004392975156719,1.215569126371328e-07,0.0004387327039299,4.432548293742169e-07,downstairs,wiktor
1672842762520193700,0.0392727185806802,0.6500307470441321,-0.1502861207517425,0.6683324297219738,0.0392727185806802,0.0397657843220112,0.0460797535324959,0.6500307470441321,0.6204087044430565,0.5764972319161851,-0.1502861207517425,-0.1512276671705389,-0.1641360764956691,0.0006769251574311,0.0004563103501501,0.0001498760127323,7.073879454869242e-05,downstairs,wiktor
1672842762530193700,0.0694823312941909,0.6673440952317212,-0.1621805559673122,0.6902741980811588,0.0694823312941909,0.0392727185806802,0.0397657843220112,0.6673440952317212,0.6500307470441321,0.6204087044430565,-0.1621805559673122,-0.1502861207517425,-0.1512276671705389,0.0001639078838178,3.305443346427998e-07,0.0001607182329108,2.859106572380901e-06,downstairs,wiktor
1672842762540193700,0.0702954048882066,0.6852727445344915,-0.1645718345259,0.7082542390056352,0.0702954048882066,0.0694823312941909,0.0392727185806802,0.6852727445344915,0.6673440952317212,0.6500307470441321,-0.1645718345259,-0.1621805559673122,-0.1502861207517425,0.0026905406264313,0.0014918285942226,0.0011935939339016,5.118098307067304e-06,downstairs,wiktor
1672842762550193700,0.1249182681273787,0.7341316011298237,-0.1677712401916658,0.7633485249378765,0.1249182681273787,0.0702954048882066,0.0694823312941909,0.7341316011298237,0.6852727445344915,0.6673440952317212,-0.1677712401916658,-0.1645718345259,-0.1621805559673122,0.0048870740519163,0.0041418981311827,0.0006234949921093,0.0001216809286242,downstairs,wiktor
1672842762560193700,0.215933630909524,0.7694443464807394,-0.1833712997187468,0.8199371737209413,0.215933630909524,0.1249182681273787,0.0702954048882066,0.7694443464807394,0.7341316011298237,0.6852727445344915,-0.1833712997187468,-0.1677712401916658,-0.1645718345259,0.0089637841108446,0.0056226669664473,0.0006697830967966,0.0026713340476006,downstairs,wiktor
1672842762570193700,0.3219776497549769,0.8060444310925708,-0.2564648568575355,0.9050698617455124,0.3219776497549769,0.215933630909524,0.1249182681273787,0.8060444310925708,0.7694443464807394,0.7341316011298237,-0.2564648568575355,-0.1833712997187468,-0.1677712401916658,0.0194369451203754,0.0044382302530022,0.0026462191222906,0.0123524957450824,downstairs,wiktor
1672842762580193700,0.4161926194042027,0.8787935770984269,-0.4136430725560379,1.056690607069818,0.4161926194042027,0.3219776497549769,0.215933630909524,0.8787935770984269,0.8060444310925708,0.7694443464807394,-0.4136430725560379,-0.2564648568575355,-0.1833712997187468,0.0116518721569594,0.0023164996749364,0.006307966067512,0.003027406414511,downstairs,wiktor
1672842762590193700,0.4842587589294678,0.9911142436519338,-0.4914557503728439,1.2076186252887078,0.4842587589294678,0.4161926194042027,0.3219776497549769,0.9911142436519338,0.8787935770984269,0.8060444310925708,-0.4914557503728439,-0.4136430725560379,-0.2564648568575355,0.0050431079509093,8.833995764753187e-06,0.0047381374004493,0.0002961365546952,downstairs,wiktor
1672842762600193700,0.4884620899335057,1.0884604033137235,-0.4671190885353908,1.2812265630083606,0.4884620899335057,0.4842587589294678,0.4161926194042027,1.0884604033137235,0.9911142436519338,0.8787935770984269,-0.4671190885353908,-0.4914557503728439,-0.4136430725560379,0.0056819192645186,3.5377441813648035e-05,0.0004411075825344,0.0052054342401706,downstairs,wiktor
1672842762610193700,0.4968736821506365,1.1181625103950208,-0.3650854250691543,1.2768939749504469,0.4968736821506365,0.4884620899335057,0.4842587589294678,1.1181625103950208,1.0884604033137235,0.9911142436519338,-0.3650854250691543,-0.4671190885353908,-0.4914557503728439,0.0039417080649553,0.0031017532249534,0.0008397094490406,2.4539096132445215e-07,downstairs,wiktor
1672842762620193700,0.5756360237226525,1.0771817966618364,-0.3643848667756134,1.274540617635205,0.5756360237226525,0.4968736821506365,0.4884620899335057,1.0771817966618364,1.1181625103950208,1.0884604033137235,-0.3643848667756134,-0.3650854250691543,-0.4671190885353908,0.0014734837995876,0.0010258635091111,0.0003871065131161,6.051377736026164e-05,downstairs,wiktor
1672842762630193700,0.6209320171240821,1.0493571129038424,-0.3753861191916124,1.2757827631589198,0.6209320171240821,0.5756360237226525,0.4968736821506365,1.0493571129038424,1.0771817966618364,1.1181625103950208,-0.3753861191916124,-0.3643848667756134,-0.3650854250691543,0.0023603597793172,0.0008511351164246,0.0007489654208345,0.000760259242058,downstairs,wiktor
1672842762640193700,0.5796734394359295,1.088060224428228,-0.3363922929608339,1.27791084318654,0.5796734394359295,0.6209320171240821,0.5756360237226525,1.088060224428228,1.0493571129038424,1.0771817966618364,-0.3363922929608339,-0.3753861191916124,-0.3643848667756134,0.0223449244658567,0.0044953133858,0.0023611799232803,0.0154884311567763,downstairs,wiktor
1672842762650193700,0.4848545237513462,1.1567796528787082,-0.1603898432234716,1.2644951468177248,0.4848545237513462,0.5796734394359295,0.6209320171240821,1.1567796528787082,1.088060224428228,1.0493571129038424,-0.1603898432234716,-0.3363922929608339,-0.3753861191916124,0.0046248074672638,0.0001742943950654,4.101745571710881e-05,0.0044094956164812,downstairs,wiktor
1672842762660193700,0.4661839910826997,1.1658369654731933,-0.066480358968885,1.2573475978162003,0.4661839910826997,0.4848545237513462,0.5796734394359295,1.1658369654731933,1.1567796528787082,1.088060224428228,-0.066480358968885,-0.1603898432234716,-0.3363922929608339,0.0012339915081951,4.639369045544812e-06,0.0011693889762957,5.996316285383703e-05,downstairs,wiktor
1672842762670193700,0.4631378889683428,1.1174760519934883,-0.0774314468467021,1.2121241932812743,0.4631378889683428,0.4661839910826997,0.4848545237513462,1.1174760519934883,1.1658369654731933,1.1567796528787082,-0.0774314468467021,-0.066480358968885,-0.1603898432234716,0.0052914170725841,1.1269122128787608e-05,0.0003542042009237,0.0049259437495315,downstairs,wiktor
1672842762680193700,0.4583904428909687,1.1440919946190573,-0.176688121680504,1.2451052094615045,0.4583904428909687,0.4631378889683428,0.4661839910826997,1.1440919946190573,1.1174760519934883,1.1658369654731933,-0.176688121680504,-0.0774314468467021,-0.066480358968885,0.0133484798645978,0.0018644279536996,0.0114291274353245,5.4924475573570993e-05,downstairs,wiktor
1672842762690193700,0.5194548016233694,1.2952814614170098,-0.1871690067169473,1.4080552518617897,0.5194548016233694,0.4583904428909687,0.4631378889683428,1.2952814614170098,1.1440919946190573,1.1174760519934883,-0.1871690067169473,-0.176688121680504,-0.0774314468467021,0.0034996165894853,0.0004032139960343,0.0008835467163272,0.0022128558771237,downstairs,wiktor
1672842762700193700,0.5478524774449709,1.3373182718651693,-0.1206429835812796,1.4502128212074352,0.5478524774449709,0.5194548016233694,0.4583904428909687,1.3373182718651693,1.2952814614170098,1.1440919946190573,-0.1206429835812796,-0.1871690067169473,-0.176688121680504,0.0037725661639243,0.0002594666921178,8.312929492994922e-05,0.0034299701768765,downstairs,wiktor
1672842762710193700,0.5706325868440859,1.3244241418107647,-0.0378182266920913,1.4426195183934287,0.5706325868440859,0.5478524774449709,0.5194548016233694,1.3244241418107647,1.3373182718651693,1.2952814614170098,-0.0378182266920913,-0.1206429835812796,-0.1871690067169473,0.0069295563611962,0.0048331340997249,2.6452727700962328e-05,0.0020699695337703,downstairs,wiktor
1672842762720193700,0.6689497684526421,1.3171505281695322,0.0265241315763207,1.4775259172434163,0.6689497684526421,0.5706325868440859,0.5478524774449709,1.3171505281695322,1.3244241418107647,1.3373182718651693,0.0265241315763207,-0.0378182266920913,-0.1206429835812796,0.0011846110649202,0.0004179652020464,0.0004551694673792,0.0003114763954945,downstairs,wiktor
1672842762730193700,0.6978622295048076,1.286978704645615,0.0015651093400806,1.4640110406509823,0.6978622295048076,0.6689497684526421,0.5706325868440859,1.286978704645615,1.3171505281695322,1.3244241418107647,0.0015651093400806,0.0265241315763207,-0.0378182266920913,0.0063311062189493,8.149665528579405e-06,0.0037291364857856,0.0025938200676352,downstairs,wiktor
1672842762740193700,0.6938249865028124,1.2006174113970118,-0.0704601649410383,1.3884667497959062,0.6938249865028124,0.6978622295048076,0.6689497684526421,1.2006174113970118,1.286978704645615,1.3171505281695322,-0.0704601649410383,0.0015651093400806,0.0265241315763207,0.0098494796704804,0.0004047398890409,0.0002356972364261,0.0092090425450133,downstairs,wiktor
1672842762750193700,0.7222763446089192,1.178905790710103,-0.2061734107574536,1.397858882954498,0.7222763446089192,0.6938249865028124,0.6978622295048076,1.178905790710103,1.2006174113970118,1.286978704645615,-0.2061734107574536,-0.0704601649410383,0.0015651093400806,0.0554256014739374,0.0005062474701201,0.0091881492806314,0.0457312047231858,downstairs,wiktor
1672842762760193700,0.6904566189620779,1.3144649975581175,-0.5086009383510438,1.569465987833304,0.6904566189620779,0.7222763446089192,0.6938249865028124,1.3144649975581175,1.178905790710103,1.2006174113970118,-0.5086009383510438,-0.2061734107574536,-0.0704601649410383,0.0263653134587904,0.0217275329573067,0.0026336408965417,0.002004139604942,downstairs,wiktor
1672842762770193700,0.4819978318730866,1.387041039011778,-0.5719119106219238,1.5758451660440655,0.4819978318730866,0.6904566189620779,0.7222763446089192,1.387041039011778,1.3144649975581175,1.178905790710103,-0.5719119106219238,-0.5086009383510438,-0.2061734107574536,0.0393243564138502,0.0328801231465245,0.0001049345823055,0.0063392986850202,downstairs,wiktor
1672842762780193700,0.2255602248552214,1.3725541772187224,-0.4593126327821417,1.464838038511618,0.2255602248552214,0.4819978318730866,0.6904566189620779,1.3725541772187224,1.387041039011778,1.3144649975581175,-0.4593126327821417,-0.5719119106219238,-0.5086009383510438,0.0292561374004974,0.0209208880867494,0.0003158101179282,0.0080194391958198,downstairs,wiktor
1672842762790193700,0.0210076003951601,1.347422121277029,-0.3326679392824151,1.3880402191606191,0.0210076003951601,0.2255602248552214,0.4819978318730866,1.347422121277029,1.3725541772187224,1.387041039011778,-0.3326679392824151,-0.4593126327821417,-0.5719119106219238,0.0128225270448995,0.0031716644049919,0.0001405601430878,0.0095103024968197,downstairs,wiktor
1672842762800193700,-0.0586374170885717,1.3306554792108414,-0.1947527298469092,1.34610957088176,-0.0586374170885717,0.0210076003951601,0.2255602248552214,1.3306554792108414,1.347422121277029,1.3725541772187224,-0.1947527298469092,-0.3326679392824151,-0.4593126327821417,0.0043279167708377,0.0004230303199385,0.0002222490573863,0.0036826373935128,downstairs,wiktor
1672842762810193700,-0.0295502955417919,1.3517386031438043,-0.1089315507182946,1.356442609894596,-0.0295502955417919,-0.0586374170885717,0.0210076003951601,1.3517386031438043,1.3306554792108414,1.347422121277029,-0.1089315507182946,-0.1947527298469092,-0.3326679392824151,0.0102186563014697,0.0083126082530973,0.0015348239160987,0.0003712241322736,downstairs,wiktor
1672842762820193700,0.0993885136127626,1.2963342005010772,-0.0816836468622667,1.3027020588728802,0.0993885136127626,-0.0295502955417919,-0.0586374170885717,1.2963342005010772,1.3517386031438043,1.3306554792108414,-0.0816836468622667,-0.1089315507182946,-0.1947527298469092,0.0239956619127763,0.0052074413893008,0.0185013648957726,0.0002868556277028,downstairs,wiktor
1672842762830193700,0.2014418466235058,1.1039732642599958,-0.1056359172224165,1.127162247761776,0.2014418466235058,0.0993885136127626,-0.0295502955417919,1.1039732642599958,1.2963342005010772,1.3517386031438043,-0.1056359172224165,-0.0816836468622667,-0.1089315507182946,0.0084297289708935,2.1216366394887285e-05,0.0008918821049868,0.0075166304995118,downstairs,wiktor
1672842762840193700,0.2079558878261521,1.06173863143368,-0.2282461166310453,1.1057263958671602,0.2079558878261521,0.2014418466235058,0.0993885136127626,1.06173863143368,1.1039732642599958,1.2963342005010772,-0.2282461166310453,-0.1056359172224165,-0.0816836468622667,0.0149922300913984,0.0052123738144382,0.003724322031928,0.0060555342450322,downstairs,wiktor
1672842762850193700,0.1058542344170303,1.1480441588572237,-0.3382964164491943,1.2015219411282394,0.1058542344170303,0.2079558878261521,0.2014418466235058,1.1480441588572237,1.06173863143368,1.1039732642599958,-0.3382964164491943,-0.2282461166310453,-0.1056359172224165,0.012142309797692,0.0105845058646634,0.0007425860241061,0.0008152179089224,downstairs,wiktor
1672842762860193700,-0.0396415102950639,1.109506228863355,-0.2979177609757287,1.1494914151614395,-0.0396415102950639,0.1058542344170303,0.2079558878261521,1.109506228863355,1.1480441588572237,1.06173863143368,-0.2979177609757287,-0.3382964164491943,-0.2282461166310453,0.0184336431492757,0.0096009252686188,0.0073310545802486,0.0015016633004082,downstairs,wiktor
1672842762870193700,-0.1782122522907599,0.9884190323457324,-0.3527203758842939,1.064492110789825,-0.1782122522907599,-0.0396415102950639,0.1058542344170303,0.9884190323457324,1.109506228863355,1.1480441588572237,-0.3527203758842939,-0.2979177609757287,-0.3382964164491943,0.0087718454315373,0.0074452145407133,0.0012652298415039,6.140104932005404e-05,downstairs,wiktor
1672842762880193700,-0.3002385981404436,0.9381153576985668,-0.3638019867166642,1.0500264404776865,-0.3002385981404436,-0.1782122522907599,-0.0396415102950639,0.9381153576985668,0.9884190323457324,1.109506228863355,-0.3638019867166642,-0.3527203758842939,-0.2979177609757287,0.0011733872323435,0.001098513626381,4.9876262577557145e-06,6.988597970477225e-05,downstairs,wiktor
1672842762890193700,-0.3471110554342745,0.941273720013994,-0.3519794675515478,1.0631894687079768,-0.3471110554342745,-0.3002385981404436,-0.1782122522907599,0.941273720013994,0.9381153576985668,0.9884190323457324,-0.3519794675515478,-0.3638019867166642,-0.3527203758842939,0.002972214117337,0.0027862581629028,0.0001236447389394,6.231121549479434e-05,downstairs,wiktor
1672842762900193700,-0.2724617665843082,0.9569991604809192,-0.3631429092694764,1.059224046160266,-0.2724617665843082,-0.3471110554342745,-0.3002385981404436,0.9569991604809192,0.941273720013994,0.9381153576985668,-0.3631429092694764,-0.3519794675515478,-0.3638019867166642,0.0204240891884361,0.0172218022899095,0.0003623363128499,0.0028399505856766,downstairs,wiktor
1672842762910193700,-0.0868718838325293,0.9300794163198028,-0.4385080283322979,1.0319320402886407,-0.0868718838325293,-0.2724617665843082,-0.3471110554342745,0.9300794163198028,0.9569991604809192,0.941273720013994,-0.4385080283322979,-0.3631429092694764,-0.3519794675515478,0.0118886538276276,0.0074738342334464,0.0025310594066789,0.0018837601875022,downstairs,wiktor
1672842762920193700,0.0353887740541878,0.8589308477231126,-0.4998881584641608,0.9944358890708304,0.0353887740541878,-0.0868718838325293,-0.2724617665843082,0.8589308477231126,0.9300794163198028,0.9569991604809192,-0.4998881584641608,-0.4385080283322979,-0.3631429092694764,0.0026694745738533,0.0006515572791921,0.0019806327464659,3.728454819517952e-05,downstairs,wiktor
1672842762930193700,0.0714874521239506,0.7959922626346954,-0.4912528184945731,0.9381063210875076,0.0714874521239506,0.0353887740541878,-0.0868718838325293,0.7959922626346954,0.8589308477231126,0.9300794163198028,-0.4912528184945731,-0.4998881584641608,-0.4385080283322979,0.0020230319582506,0.0005401268272086,0.0011946829204388,0.0002882222106032,downstairs,wiktor
1672842762940193700,0.1043546645767467,0.7471111227044758,-0.4672435615046865,0.8873451816825577,0.1043546645767467,0.0714874521239506,0.0353887740541878,0.7471111227044758,0.7959922626346954,0.8589308477231126,-0.4672435615046865,-0.4912528184945731,-0.4998881584641608,0.0014467956516707,0.0002360790892065,0.0006852431124452,0.0005254734500189,downstairs,wiktor
1672842762950193700,0.1260838656300084,0.7100910440323491,-0.4348252503204505,0.8421397926136729,0.1260838656300084,0.1043546645767467,0.0714874521239506,0.7100910440323491,0.7471111227044758,0.7959922626346954,-0.4348252503204505,-0.4672435615046865,-0.4912528184945731,0.0015352369046853,0.0001112485169957,0.0010896758796596,0.00033431250803,downstairs,wiktor
1672842762960193700,0.1111675311609968,0.663407516323753,-0.4089674658821027,0.787224326891205,0.1111675311609968,0.1260838656300084,0.1043546645767467,0.663407516323753,0.7100910440323491,0.7471111227044758,-0.4089674658821027,-0.4348252503204505,-0.4672435615046865,0.0013145114464975,0.001151475335068,0.0001352954151039,2.77406963255629e-05,downstairs,wiktor
1672842762970193700,0.0631784629252399,0.6469578710325067,-0.4015188826174056,0.7640441205629681,0.0631784629252399,0.1111675311609968,0.1260838656300084,0.6469578710325067,0.663407516323753,0.7100910440323491,-0.4015188826174056,-0.4089674658821027,-0.4348252503204505,0.0024503472212243,0.0011330683952901,0.0012042891093904,0.0001129897165436,downstairs,wiktor
1672842762980193700,0.0155745052055262,0.696035138873952,-0.3864862702999354,0.7962908494325633,0.0155745052055262,0.0631784629252399,0.1111675311609968,0.696035138873952,0.6469578710325067,0.663407516323753,-0.3864862702999354,-0.4015188826174056,-0.4089674658821027,0.008242449189083,0.0036639997054192,0.0034211038586098,0.001157345625054,downstairs,wiktor
1672842762990193700,-0.0700292295893906,0.7787527773630892,-0.3383750320067044,0.8519727950663373,-0.0700292295893906,0.0155745052055262,0.0631784629252399,0.7787527773630892,0.696035138873952,0.6469578710325067,-0.3383750320067044,-0.3864862702999354,-0.4015188826174056,0.0017607028231814,0.0011039227981276,0.0006124905799652,4.428944508858582e-05,downstairs,wiktor
1672842763000193700,-0.1170169470935988,0.7437530465079751,-0.3289633961139824,0.8216315938909878,-0.1170169470935988,-0.0700292295893906,0.0155745052055262,0.7437530465079751,0.7787527773630892,0.696035138873952,-0.3289633961139824,-0.3383750320067044,-0.3864862702999354,0.0040313123867358,0.0004988749907267,0.0028895505348382,0.0006428868611707,downstairs,wiktor
1672842763010193700,-0.1486041277441979,0.6677326474714232,-0.3648210831886042,0.7752705966439823,-0.1486041277441979,-0.1170169470935988,-0.0700292295893906,0.6677326474714232,0.7437530465079751,0.7787527773630892,-0.3648210831886042,-0.3289633961139824,-0.3383750320067044,0.0080613148949187,0.0006482963881,0.0055230286070201,0.0018899898997985,downstairs,wiktor
1672842763020193700,-0.184612359805771,0.7728328720860276,-0.3033395428728552,0.8505099939683874,-0.184612359805771,-0.1486041277441979,-0.1170169470935988,0.7728328720860276,0.6677326474714232,0.7437530465079751,-0.3033395428728552,-0.3648210831886042,-0.3289633961139824,0.0043747724669304,0.0002189430558513,0.0011941126560865,0.0029617167549925,downstairs,wiktor
1672842763030193700,-0.2055380882686649,0.8217023442764766,-0.2263756973998988,0.8767477429066386,-0.2055380882686649,-0.184612359805771,-0.1486041277441979,0.8217023442764766,0.7728328720860276,0.6677326474714232,-0.2263756973998988,-0.3033395428728552,-0.3648210831886042,0.0041116170017704,0.001846261380123,0.002206520719561,5.883490208633313e-05,downstairs,wiktor
1672842763040193700,-0.26630421995603,0.7552716176575236,-0.2155281260508518,0.8293404169123763,-0.26630421995603,-0.2055380882686649,-0.184612359805771,0.7552716176575236,0.8217023442764766,0.7728328720860276,-0.2155281260508518,-0.2263756973998988,-0.3033395428728552,0.0019569059155029,0.0003550739537672,0.0010129071932668,0.0005889247684688,downstairs,wiktor
1672842763050193700,-0.2929528204358766,0.7102625698278515,-0.2498479386514151,0.8079098127564486,-0.2929528204358766,-0.26630421995603,-0.2055380882686649,0.7102625698278515,0.7552716176575236,0.8217023442764766,-0.2498479386514151,-0.2155281260508518,-0.2263756973998988,0.0055533291393774,1.7949902338083102e-05,0.0050061944982748,0.0005291847387645,downstairs,wiktor
1672842763060193700,-0.2989444650077922,0.8103244956365715,-0.2823805296568825,0.9086981594109018,-0.2989444650077922,-0.2929528204358766,-0.26630421995603,0.8103244956365715,0.7102625698278515,0.7552716176575236,-0.2823805296568825,-0.2498479386514151,-0.2155281260508518,0.0002130880111267,2.1328015071763742e-05,0.0001338198584688,5.7940137586201e-05,downstairs,wiktor
1672842763070193700,-0.2924133066003175,0.7939647976889435,-0.2716157595630811,0.8886285853432838,-0.2924133066003175,-0.2989444650077922,-0.2929528204358766,0.7939647976889435,0.8103244956365715,0.7102625698278515,-0.2716157595630811,-0.2823805296568825,-0.2498479386514151,0.0094577714980997,0.0004609717746111,0.0048802395110665,0.004116560212422,downstairs,wiktor
1672842763080193700,-0.2620497832668458,0.6951696610569558,-0.362352303605953,0.8265773638884532,-0.2620497832668458,-0.2924133066003175,-0.2989444650077922,0.6951696610569558,0.7939647976889435,0.8103244956365715,-0.362352303605953,-0.2716157595630811,-0.2823805296568825,0.0119321229950072,0.0056954954540847,0.00055649099679,0.0056801365441325,downstairs,wiktor
1672842763090193700,-0.1553211980229222,0.7285310458240789,-0.4689368854565425,0.8802181330934307,-0.1553211980229222,-0.2620497832668458,-0.2924133066003175,0.7285310458240789,0.6951696610569558,0.7939647976889435,-0.4689368854565425,-0.362352303605953,-0.2716157595630811,0.0143717971511079,0.0075803126453472,0.0012853221173103,0.0055061623884503,downstairs,wiktor
1672842763100193700,-0.0321927070442111,0.7792325668527489,-0.5738765098931717,0.9682840555528764,-0.0321927070442111,-0.1553211980229222,-0.2620497832668458,0.7792325668527489,0.7285310458240789,0.6951696610569558,-0.5738765098931717,-0.4689368854565425,-0.362352303605953,0.0160465463707379,0.0112009782475492,0.0014182751645405,0.003427292958648,downstairs,wiktor
1672842763110193700,0.1174801244754021,0.8324918414355024,-0.6566689365836375,1.0667981711539043,0.1174801244754021,-0.0321927070442111,-0.1553211980229222,0.8324918414355024,0.7792325668527489,0.7285310458240789,-0.6566689365836375,-0.5738765098931717,-0.4689368854565425,0.0098233682963424,0.0028816020168515,0.0055782615813874,0.0013635046981034,downstairs,wiktor
1672842763120193700,0.1933958938102581,0.9381162853998368,-0.6044481610607964,1.1326171975053332,0.1933958938102581,0.1174801244754021,-0.0321927070442111,0.9381162853998368,0.8324918414355024,0.7792325668527489,-0.6044481610607964,-0.6566689365836375,-0.5738765098931717,0.0413893547414919,0.0296641718453536,4.1827194199585176e-05,0.0116833557019386,downstairs,wiktor
1672842763130193700,-0.0501782092686762,0.9289700081025332,-0.4515864215578148,1.0341341425438113,-0.0501782092686762,0.1933958938102581,0.1174801244754021,0.9289700081025332,0.9381162853998368,0.8324918414355024,-0.4515864215578148,-0.6044481610607964,-0.6566689365836375,0.0293431279305561,0.023817369668575,0.0042585953453758,0.0012671629166052,downstairs,wiktor
1672842763140193700,-0.2684320507861858,0.8366813810093119,-0.40124433346832,0.965965068911585,-0.2684320507861858,-0.0501782092686762,0.1933958938102581,0.8366813810093119,0.9289700081025332,0.9381162853998368,-0.40124433346832,-0.4515864215578148,-0.6044481610607964,0.0143477100240974,0.0032831518537573,0.0010297892428859,0.0100347689274541,downstairs,wiktor
1672842763150193700,-0.1873993184645198,0.7912988019092669,-0.259577337118047,0.8536115582683402,-0.1873993184645198,-0.2684320507861858,-0.0501782092686762,0.7912988019092669,0.8366813810093119,0.9289700081025332,-0.259577337118047,-0.40124433346832,-0.4515864215578148,0.0167846621553274,0.0002019955062441,0.0108339112293467,0.0057487554197365,downstairs,wiktor
1672842763160193700,-0.207498846132809,0.6440988614925214,-0.3668037836668027,0.769716915648014,-0.207498846132809,-0.1873993184645198,-0.2684320507861858,0.6440988614925214,0.7912988019092669,0.8366813810093119,-0.3668037836668027,-0.259577337118047,-0.40124433346832,0.0008128825956632,0.0002011313835923,0.0005418100709058,6.994114116504947e-05,downstairs,wiktor
1672842763170193700,-0.2275553355361112,0.6770172475679597,-0.354976599626208,0.7975852120730633,-0.2275553355361112,-0.207498846132809,-0.1873993184645198,0.6770172475679597,0.6440988614925214,0.7912988019092669,-0.354976599626208,-0.3668037836668027,-0.259577337118047,0.0442659712159113,0.0014844750513612,0.0043917086794492,0.0383897874851007,downstairs,wiktor
1672842763180193700,-0.173067262504277,0.7707371353127632,-0.0778853241045821,0.7937594930529807,-0.173067262504277,-0.2275553355361112,-0.207498846132809,0.7707371353127632,0.6770172475679597,0.6440988614925214,-0.0778853241045821,-0.354976599626208,-0.3668037836668027,0.0067940322389767,1.4067517703035512e-05,0.0054129650995192,0.0013669996217544,downstairs,wiktor
1672842763190193700,-0.1783715094259494,0.6666894049240687,-0.0255976654889117,0.6906130598905458,-0.1783715094259494,-0.173067262504277,-0.2275553355361112,0.6666894049240687,0.7707371353127632,0.6770172475679597,-0.0255976654889117,-0.0778853241045821,-0.354976599626208,0.0212201188360463,0.0032113036967987,0.0167814858148703,0.0012273293243772,downstairs,wiktor
1672842763200193700,-0.2585126810769652,0.4834874081288902,-0.0751421772813852,0.5533852427589481,-0.2585126810769652,-0.1783715094259494,-0.173067262504277,0.4834874081288902,0.6666894049240687,0.7707371353127632,-0.0751421772813852,-0.0255976654889117,-0.0778853241045821,0.0877821397584908,0.0490900279949185,0.0047414351485178,0.0339506766150544,downstairs,wiktor
1672842763210193700,-0.5718496498339841,0.5808674384073599,-0.3357210582946186,0.8815484286184379,-0.5718496498339841,-0.2585126810769652,-0.1783715094259494,0.5808674384073599,0.4834874081288902,0.6666894049240687,-0.3357210582946186,-0.0751421772813852,-0.0255976654889117,0.0274593224155572,0.0075181504348048,0.0096832869780254,0.0102578850027269,downstairs,wiktor
1672842763220193700,-0.6944722450993337,0.7200312769432771,-0.4789543295881764,1.109114055821643,-0.6944722450993337,-0.5718496498339841,-0.2585126810769652,0.7200312769432771,0.5808674384073599,0.4834874081288902,-0.4789543295881764,-0.3357210582946186,-0.0751421772813852,0.0011312993987144,6.805598746048928e-05,0.001059885803392,3.357607861848363e-06,downstairs,wiktor
1672842763230193700,-0.6828055414123029,0.6739902994690298,-0.4815457029159115,1.0734861876887285,-0.6828055414123029,-0.6944722450993337,-0.5718496498339841,0.6739902994690298,0.7200312769432771,0.5808674384073599,-0.4815457029159115,-0.4789543295881764,-0.3357210582946186,0.0059118247559884,0.0014290125125646,7.499154474423186e-05,0.0044078206986794,downstairs,wiktor
1672842763240193700,-0.6293450417407758,0.661743541143315,-0.387654055804153,0.992096448330505,-0.6293450417407758,-0.6828055414123029,-0.6944722450993337,0.661743541143315,0.6739902994690298,0.7200312769432771,-0.387654055804153,-0.4815457029159115,-0.4789543295881764,0.0027183218163317,0.0001069927852687,0.0021697672011791,0.0004415618298838,downstairs,wiktor
1672842763250193700,-0.643973287381914,0.7276186836658046,-0.3579366592195313,1.0354946623205097,-0.643973287381914,-0.6293450417407758,-0.6828055414123029,0.7276186836658046,0.661743541143315,0.6739902994690298,-0.3579366592195313,-0.387654055804153,-0.4815457029159115,0.0032393718249836,7.829107991227377e-05,0.002743319011303,0.0004177617337683,downstairs,wiktor
1672842763260193700,-0.6564865667212617,0.8016905273218532,-0.3290312364145167,1.0871724189012184,-0.6564865667212617,-0.643973287381914,-0.6293450417407758,0.8016905273218532,0.7276186836658046,0.661743541143315,-0.3290312364145167,-0.3579366592195313,-0.387654055804153,0.0171476323845128,0.0010175535750025,0.0111847350087995,0.0049453438007107,downstairs,wiktor
1672842763270193700,-0.6113744048355235,0.6521262601401528,-0.2295793002773977,0.9229051831950196,-0.6113744048355235,-0.6564865667212617,-0.643973287381914,0.6521262601401528,0.8016905273218532,0.7276186836658046,-0.2295793002773977,-0.3290312364145167,-0.3579366592195313,0.0351828892692141,0.005926996787975,0.0275404227119641,0.0017154697692749,downstairs,wiktor
1672842763280193700,-0.5024983579934837,0.4174331724193418,-0.2881535227523902,0.713994051723707,-0.5024983579934837,-0.6113744048355235,-0.6564865667212617,0.4174331724193418,0.6521262601401528,0.8016905273218532,-0.2881535227523902,-0.2295793002773977,-0.3290312364145167,0.0078761867844966,0.0004988606798674,0.0002069011914003,0.0071704249132288,downstairs,wiktor
1672842763290193700,-0.4709116304052254,0.3970910392273521,-0.4079068100828755,0.7388010711941024,-0.4709116304052254,-0.5024983579934837,-0.6113744048355235,0.3970910392273521,0.4174331724193418,0.6521262601401528,-0.4079068100828755,-0.2881535227523902,-0.2295793002773977,0.0047211659844783,1.819915372473696e-05,1.963768512791256e-05,0.0046833291456257,downstairs,wiktor
1672842763300193700,-0.4648785294240157,0.3908240327445228,-0.3111253124128588,0.6823887687485238,-0.4648785294240157,-0.4709116304052254,-0.5024983579934837,0.3908240327445228,0.3970910392273521,0.4174331724193418,-0.3111253124128588,-0.4079068100828755,-0.2881535227523902,0.0099004254975686,0.0003329371685784,0.0002816801088189,0.0092858082201712,downstairs,wiktor
1672842763310193700,-0.4906830704421558,0.4145592432478651,-0.1748475943502845,0.6657333723277404,-0.4906830704421558,-0.4648785294240157,-0.4709116304052254,0.4145592432478651,0.3908240327445228,0.3970910392273521,-0.1748475943502845,-0.3111253124128588,-0.4079068100828755,0.0012475699342665,0.0006264290972597,0.0006184642031702,2.676633836557544e-06,downstairs,wiktor
1672842763320193700,-0.5260788073961942,0.4497292362296745,-0.1771613073128439,0.7144238422112774,-0.5260788073961942,-0.4906830704421558,-0.4648785294240157,0.4497292362296745,0.4145592432478651,0.3908240327445228,-0.1771613073128439,-0.1748475943502845,-0.3111253124128588,0.0031842391309953,7.819884646346124e-05,1.3995417130202192e-06,0.0031046407428188,downstairs,wiktor
1672842763330193700,-0.5385847137178856,0.4514022823814708,-0.2559603015046334,0.7478991846072042,-0.5385847137178856,-0.5260788073961942,-0.4906830704421558,0.4514022823814708,0.4497292362296745,0.4145592432478651,-0.2559603015046334,-0.1771613073128439,-0.1748475943502845,0.0020827260965701,0.0011502410764563,0.0007636475381493,0.0001688374819644,downstairs,wiktor
1672842763340193700,-0.5865480554792009,0.4904829051541287,-0.2743362358734978,0.8123253485815306,-0.5865480554792009,-0.5385847137178856,-0.5260788073961942,0.4904829051541287,0.4514022823814708,0.4497292362296745,-0.2743362358734978,-0.2559603015046334,-0.1771613073128439,0.0079109475596083,0.0063347024464197,0.001409527855975,0.0001667172572135,downstairs,wiktor
1672842763350193700,-0.6991065064850653,0.5435776856127578,-0.2925964252051302,0.932651744087093,-0.6991065064850653,-0.5865480554792009,-0.5385847137178856,0.5435776856127578,0.4904829051541287,0.4514022823814708,-0.2925964252051302,-0.2743362358734978,-0.2559603015046334,0.004192682722093,0.0022788927321221,5.6444976252266185e-05,0.0018573450137186,downstairs,wiktor
1672842763360193700,-0.766617879336196,0.5542026539658651,-0.3535446821731292,1.009869990084681,-0.766617879336196,-0.6991065064850653,-0.5865480554792009,0.5542026539658651,0.5435776856127578,0.4904829051541287,-0.3535446821731292,-0.2925964252051302,-0.2743362358734978,0.0020371979439861,2.666537413349774e-05,0.0001059708800256,0.0019045616898269,downstairs,wiktor
1672842763370193700,-0.7739206697800602,0.539644434292726,-0.415262778220025,1.0308309723475266,-0.7739206697800602,-0.766617879336196,-0.6991065064850653,0.539644434292726,0.5542026539658651,0.5435776856127578,-0.415262778220025,-0.3535446821731292,-0.2925964252051302,0.0011490566654343,3.603781240805526e-07,0.000139302824462,0.0010093934628482,downstairs,wiktor
1672842763380193700,-0.7730716961360871,0.5229529499691525,-0.4601936910273173,1.0406237881720326,-0.7730716961360871,-0.7739206697800602,-0.766617879336196,0.5229529499691525,0.539644434292726,0.5542026539658651,-0.4601936910273173,-0.415262778220025,-0.3535446821731292,0.002112895807444,0.0001887580373531,0.0002486643922766,0.0016754733778142,downstairs,wiktor
1672842763390193700,-0.753641923242246,0.5006520803772869,-0.5180810536864366,1.0426104892255903,-0.753641923242246,-0.7730716961360871,-0.7739206697800602,0.5006520803772869,0.5229529499691525,0.539644434292726,-0.5180810536864366,-0.4601936910273173,-0.415262778220025,0.0042910249495043,0.0005961735656124,0.0004651197471493,0.0032297316367425,downstairs,wiktor
1672842763400193700,-0.7191115434119444,0.4701522526023832,-0.5984518398807067,1.047047829448114,-0.7191115434119444,-0.753641923242246,-0.7730716961360871,0.4701522526023832,0.5006520803772869,0.5229529499691525,-0.5984518398807067,-0.5180810536864366,-0.4601936910273173,0.0004787765561886,0.0001541871266968,6.426419189878871e-05,0.0002603252375929,downstairs,wiktor
1672842763410193700,-0.7366721314827854,0.4588152166671143,-0.6212696065371062,1.0673205499546292,-0.7366721314827854,-0.7191115434119444,-0.753641923242246,0.4588152166671143,0.4701522526023832,0.5006520803772869,-0.6212696065371062,-0.5984518398807067,-0.5180810536864366,0.0069115787192611,0.0068977888993822,9.60653571898968e-07,1.2829166306985583e-05,downstairs,wiktor
1672842763420193700,-0.8541267090809553,0.4602013289078069,-0.626335012010903,1.1548217375702072,-0.8541267090809553,-0.7366721314827854,-0.7191115434119444,0.4602013289078069,0.4588152166671143,0.4701522526023832,-0.626335012010903,-0.6212696065371062,-0.5984518398807067,0.0083157514790653,0.0080881154392539,2.256397772538431e-05,0.000205072062086,downstairs,wiktor
1672842763430193700,-0.981312521491412,0.4534835945091597,-0.6465870273222744,1.2596413851673167,-0.981312521491412,-0.8541267090809553,-0.7366721314827854,0.4534835945091597,0.4602013289078069,0.4588152166671143,-0.6465870273222744,-0.626335012010903,-0.6212696065371062,0.0104941370082899,0.0094406318225665,0.0008756246089391,0.0001778805767842,downstairs,wiktor
1672842763440193700,-1.11872163197952,0.4953315241817042,-0.6654486591066279,1.3927359141681888,-1.11872163197952,-0.981312521491412,-0.8541267090809553,0.4953315241817042,0.4534835945091597,0.4602013289078069,-0.6654486591066279,-0.6465870273222744,-0.626335012010903,0.0088951486892484,0.0072694648373694,0.0002633721152598,0.0013623117366191,downstairs,wiktor
1672842763450193700,-1.239299116091351,0.5182824333253473,-0.7176465850542961,1.52298903504869,-1.239299116091351,-1.11872163197952,-0.981312521491412,0.5182824333253473,0.4953315241817042,0.4534835945091597,-0.7176465850542961,-0.6654486591066279,-0.6465870273222744,0.0062685465279261,0.0058626364368453,1.429960397063562e-05,0.0003916104871101,downstairs,wiktor
1672842763460193700,-1.34758241523619,0.5129346105963041,-0.7456326704222124,1.623283203819452,-1.34758241523619,-1.239299116091351,-1.11872163197952,0.5129346105963041,0.5182824333253473,0.4953315241817042,-0.7456326704222124,-0.7176465850542961,-0.6654486591066279,0.0175819471779734,0.0175118909798685,4.8528388881705646e-05,2.1527809223260496e-05,downstairs,wiktor
1672842763470193700,-1.534728833742495,0.5227863504306385,-0.7390709924015746,1.7818316680109356,-1.534728833742495,-1.34758241523619,-1.239299116091351,0.5227863504306385,0.5129346105963041,0.5182824333253473,-0.7390709924015746,-0.7456326704222124,-0.7176465850542961,0.0214566213108012,0.0205418328984519,0.0008452964715196,6.949194082965048e-05,downstairs,wiktor
1672842763480193700,-1.7374198937251788,0.4816695297481094,-0.7508601349344012,1.9530551362502504,-1.7374198937251788,-1.534728833742495,-1.34758241523619,0.4816695297481094,0.5227863504306385,0.5129346105963041,-0.7508601349344012,-0.7390709924015746,-0.7456326704222124,0.0038494100152675,0.0033535823993151,0.0002756402518879,0.0002201873640643,downstairs,wiktor
1672842763490193700,-1.8193171757229984,0.4581901663884269,-0.7718452422281178,2.0286937404167102,-1.8193171757229984,-1.7374198937251788,-1.534728833742495,0.4581901663884269,0.4816695297481094,0.5227863504306385,-0.7718452422281178,-0.7508601349344012,-0.7390709924015746,0.0008526280817606,3.990991763179509e-06,0.0006874853143591,0.0001611517756383,downstairs,wiktor
1672842763500193700,-1.8221424161599096,0.4952707627795093,-0.75389242764999,2.033187130025484,-1.8221424161599096,-1.8193171757229984,-1.7374198937251788,0.4952707627795093,0.4581901663884269,0.4816695297481094,-0.75389242764999,-0.7718452422281178,-0.7508601349344012,0.0013122056741285,2.7524894374633533e-05,0.0004239853293581,0.0008606954503957,downstairs,wiktor
1672842763510193700,-1.814722861675356,0.5243906985403652,-0.7124027795339659,2.018841843654565,-1.814722861675356,-1.8221424161599096,-1.8193171757229984,0.5243906985403652,0.4952707627795093,0.4581901663884269,-0.7124027795339659,-0.75389242764999,-0.7718452422281178,0.0018386275021599,0.0005014910695971,4.482846837069688e-05,0.0012923079641921,downstairs,wiktor
1672842763520193700,-1.846392754936847,0.5149219638444624,-0.6615636614418479,2.027801102789192,-1.846392754936847,-1.814722861675356,-1.8221424161599096,0.5149219638444624,0.5243906985403652,0.4952707627795093,-0.6615636614418479,-0.7124027795339659,-0.75389242764999,0.0060550043534938,0.001408756249385,0.0010272785499424,0.0036189695541663,downstairs,wiktor
1672842763530193700,-1.8994730007800047,0.4695947413409274,-0.576487583086457,2.039817353402043,-1.8994730007800047,-1.846392754936847,-1.814722861675356,0.4695947413409274,0.5149219638444624,0.5243906985403652,-0.576487583086457,-0.6615636614418479,-0.7124027795339659,0.0090121198711874,0.0013552135404488,0.000518327471691,0.0071385788590476,downstairs,wiktor
1672842763540193700,-1.9515347629562672,0.4373976150191257,-0.4570005222049739,2.0515004464895474,-1.9515347629562672,-1.8994730007800047,-1.846392754936847,0.4373976150191257,0.4695947413409274,0.5149219638444624,-0.4570005222049739,-0.576487583086457,-0.6615636614418479,0.0064438877804798,9.627645092760974e-05,4.102965689292283e-05,0.0063065816726593,downstairs,wiktor
1672842763550193700,-1.965411106201345,0.4283389554170739,-0.3446921817074014,2.0408644681207013,-1.965411106201345,-1.9515347629562672,-1.8994730007800047,0.4283389554170739,0.4373976150191257,0.4695947413409274,-0.3446921817074014,-0.4570005222049739,-0.576487583086457,0.0072932459714697,0.0004289724373641,3.117803890721086e-05,0.0068330954951984,downstairs,wiktor
1672842763560193700,-1.9361204101575784,0.4362355418830363,-0.2277896967449472,1.99768662121312,-1.9361204101575784,-1.965411106201345,-1.9515347629562672,0.4362355418830363,0.4283389554170739,0.4373976150191257,-0.2277896967449472,-0.3446921817074014,-0.4570005222049739,0.0055645852556943,0.0014014076777719,4.588572227969386e-06,0.0041585890056944,downstairs,wiktor
1672842763570193700,-1.8831787880106896,0.4392649220929042,-0.1365911330973277,1.9385492402916948,-1.8831787880106896,-1.9361204101575784,-1.965411106201345,0.4392649220929042,0.4362355418830363,0.4283389554170739,-0.1365911330973277,-0.2277896967449472,-0.3446921817074014,0.0035697704978281,0.0018771711031748,4.12184536365963e-08,0.0016925581761996,downstairs,wiktor
1672842763580193700,-1.8219061007320188,0.4389778038119237,-0.0784093803530237,1.875684243963102,-1.8219061007320188,-1.8831787880106896,-1.9361204101575784,0.4389778038119237,0.4392649220929042,0.4362355418830363,-0.0784093803530237,-0.1365911330973277,-0.2277896967449472,0.0038005264699724,0.0015459204128983,0.0005806590516223,0.0016739470054517,downstairs,wiktor
1672842763590193700,-1.7663017769271503,0.4730559214718643,-0.0205483916740914,1.8286678507634992,-1.7663017769271503,-1.8219061007320188,-1.8831787880106896,0.4730559214718643,0.4389778038119237,0.4392649220929042,-0.0205483916740914,-0.0784093803530237,-0.1365911330973277,0.0032491871512711,0.0019704858590174,0.0005859896027683,0.0006927116894853,downstairs,wiktor
1672842763600193700,-1.7035246177206764,0.5072901033013855,0.0166728842171335,1.777531253496271,-1.7035246177206764,-1.7663017769271503,-1.8219061007320188,0.5072901033013855,0.4730559214718643,0.4389778038119237,0.0166728842171335,-0.0205483916740914,-0.0784093803530237,0.0039425443576815,0.003605994663528,0.0001509882361665,0.0001855614579868,downstairs,wiktor
1672842763610193700,-1.6186011855770324,0.5246675735526383,0.035937434976851,1.7018922879905485,-1.6186011855770324,-1.7035246177206764,-1.7663017769271503,0.5246675735526383,0.5072901033013855,0.4730559214718643,0.035937434976851,0.0166728842171335,-0.0205483916740914,0.0044790166657082,0.0040825427388882,0.0002487845207322,0.0001476894060876,downstairs,wiktor
1672842763620193700,-1.5282403230436514,0.5469738292102894,0.0531240231250362,1.624044647369807,-1.5282403230436514,-1.6186011855770324,-1.7035246177206764,0.5469738292102894,0.5246675735526383,0.5072901033013855,0.0531240231250362,0.035937434976851,0.0166728842171335,0.0047651046411039,0.0045098912922526,0.0001787149795192,7.649836933204727e-05,downstairs,wiktor
1672842763630193700,-1.4332677870950667,0.5658796473369548,0.0654932081694963,1.542324766419485,-1.4332677870950667,-1.5282403230436514,-1.6186011855770324,0.5658796473369548,0.5469738292102894,0.5246675735526383,0.0654932081694963,0.0531240231250362,0.035937434976851,0.0037202801074346,0.0035229104266481,7.207532025943331e-08,0.0001972976054662,downstairs,wiktor
1672842763640193700,-1.3493283991219802,0.5654999755833059,0.0853576288993473,1.4655249147909852,-1.3493283991219802,-1.4332677870950667,-1.5282403230436514,0.5654999755833059,0.5658796473369548,0.5469738292102894,0.0853576288993473,0.0654932081694963,0.0531240231250362,0.0019931941403631,0.0018079612034569,0.0001385281626284,4.670477427766225e-05,downstairs,wiktor
1672842763650193700,-1.289195858788863,0.5488549665638741,0.0950224904376894,1.4043849224230394,-1.289195858788863,-1.3493283991219802,-1.4332677870950667,0.5488549665638741,0.5654999755833059,0.5658796473369548,0.0950224904376894,0.0853576288993473,0.0654932081694963,0.0013966340351443,0.0012284238332948,0.000112390158876,5.582004297338595e-05,downstairs,wiktor
1672842763660193700,-1.23962926049334,0.5338622910937588,0.0844565032170473,1.3523396578740094,-1.23962926049334,-1.289195858788863,-1.3493283991219802,0.5338622910937588,0.5488549665638741,0.5654999755833059,0.0844565032170473,0.0950224904376894,0.0853576288993473,0.0009041840228734,0.0007080179506269,0.0001055780167704,9.05880554760764e-05,downstairs,wiktor
1672842763670193700,-1.201999008019382,0.5193310821440191,0.0709963356492882,1.3113149384629472,-1.201999008019382,-1.23962926049334,-1.289195858788863,0.5193310821440191,0.5338622910937588,0.5488549665638741,0.0709963356492882,0.0844565032170473,0.0950224904376894,0.0018435722865313,0.0015449166239604,0.0001325811810913,0.0001660744814795,downstairs,wiktor
1672842763680193700,-1.1464127394998918,0.503047275396739,0.0527713812471756,1.25303772858221,-1.1464127394998918,-1.201999008019382,-1.23962926049334,0.503047275396739,0.5193310821440191,0.5338622910937588,0.0527713812471756,0.0709963356492882,0.0844565032170473,0.0043118779316815,0.0035116370541048,3.977670743155663e-05,0.000760464170145,downstairs,wiktor
1672842763690193700,-1.0626077628683708,0.5119665475006224,0.0137722999722253,1.1795908950625025,-1.0626077628683708,-1.1464127394998918,-1.201999008019382,0.5119665475006224,0.503047275396739,0.5193310821440191,0.0137722999722253,0.0527713812471756,0.0709963356492882,0.0021522203409437,0.0017856351447891,0.0001384880756451,0.0002280971205095,downstairs,wiktor
1672842763700193700,-1.0028476566972953,0.5286091479972482,-0.0075864041321678,1.133661592988529,-1.0028476566972953,-1.0626077628683708,-1.1464127394998918,0.5286091479972482,0.5119665475006224,0.503047275396739,-0.0075864041321678,0.0137722999722253,0.0527713812471756,0.0033510729303202,0.0022310357002473,0.0001289675879768,0.000991069642096,downstairs,wiktor
1672842763710193700,-0.9360489186815616,0.5125487876042264,-0.0521076269836584,1.0684610627577176,-0.9360489186815616,-1.0028476566972953,-1.0626077628683708,0.5125487876042264,0.5286091479972482,0.5119665475006224,-0.0521076269836584,-0.0075864041321678,0.0137722999722253,0.0025562814060375,0.0016483636478514,9.115186608907804e-05,0.000816765892097,downstairs,wiktor
1672842763720193700,-0.8786317845167249,0.4990467976702146,-0.0925246009450282,1.014693215118726,-0.8786317845167249,-0.9360489186815616,-1.0028476566972953,0.4990467976702146,0.5125487876042264,0.5286091479972482,-0.0925246009450282,-0.0521076269836584,-0.0075864041321678,0.0007022383513567,0.0006525715706531,2.495982262664423e-05,2.470695807701352e-05,downstairs,wiktor
1672842763730193700,-0.8425050196282624,0.491981414081669,-0.0995541042101265,0.9806994644465236,-0.8425050196282624,-0.8786317845167249,-0.9360489186815616,0.491981414081669,0.4990467976702146,0.5125487876042264,-0.0995541042101265,-0.0925246009450282,-0.0521076269836584,0.0003077196889898,3.348261507059215e-05,4.5839075258363e-05,0.0002283979986608,downstairs,wiktor
1672842763740193700,-0.8343217910391795,0.5015562848649604,-0.0781813178376903,0.9766083536142846,-0.8343217910391795,-0.8425050196282624,-0.8786317845167249,0.5015562848649604,0.491981414081669,0.4990467976702146,-0.0781813178376903,-0.0995541042101265,-0.0925246009450282,0.0021418875395974,6.543982604883876e-07,0.0003167095864007,0.0018245235549361,downstairs,wiktor
1672842763750193700,-0.8331777645880094,0.4763884646812099,-0.1385886610160842,0.9697102524194656,-0.8331777645880094,-0.8343217910391795,-0.8425050196282624,0.4763884646812099,0.5015562848649604,0.491981414081669,-0.1385886610160842,-0.0781813178376903,-0.0995541042101265,0.0144420613937797,0.0043229109295262,0.0074533200221689,0.0026658304420845,downstairs,wiktor
1672842763760193700,-0.740194852937252,0.3542957128720306,-0.2116068839756242,0.8474617075834009,-0.740194852937252,-0.8331777645880094,-0.8343217910391795,0.3542957128720306,0.4763884646812099,0.5015562848649604,-0.2116068839756242,-0.1385886610160842,-0.0781813178376903,0.000917245543251,0.0006078711451606,2.035279816682276e-06,0.0003073391182736,downstairs,wiktor
1672842763770193700,-0.7053273567506699,0.3563132756674262,-0.1868141786664546,0.8120008423324203,-0.7053273567506699,-0.740194852937252,-0.8331777645880094,0.3563132756674262,0.3542957128720306,0.4763884646812099,-0.1868141786664546,-0.2116068839756242,-0.1385886610160842,0.0008911149104687,0.0004879066966198,0.0003289174233011,7.429079054773755e-05,downstairs,wiktor
1672842763780193700,-0.736565368743108,0.3819615669672817,-0.1746247742062082,0.8478897291737535,-0.736565368743108,-0.7053273567506699,-0.740194852937252,0.3819615669672817,0.3563132756674262,0.3542957128720306,-0.1746247742062082,-0.1868141786664546,-0.2116068839756242,0.001133048473856,0.0005265931941492,0.0005631956484237,4.325963128305285e-05,downstairs,wiktor
1672842763790193700,-0.7690182020292557,0.348399813484373,-0.1653232010830152,0.8602925002024545,-0.7690182020292557,-0.736565368743108,-0.7053273567506699,0.348399813484373,0.3819615669672817,0.3563132756674262,-0.1653232010830152,-0.1746247742062082,-0.1868141786664546,0.0008593175888758,0.0005624091976837,8.765770351543595e-05,0.0002092506876765,downstairs,wiktor
1672842763800193700,-0.8025565143804695,0.3351591410304955,-0.1857805072437289,0.8893497655380392,-0.8025565143804695,-0.7690182020292557,-0.736565368743108,0.3351591410304955,0.348399813484373,0.3819615669672817,-0.1857805072437289,-0.1653232010830152,-0.1746247742062082,0.0006012361443236,0.0004646600499699,1.4629349752360542e-06,0.0001351131593784,downstairs,wiktor
1672842763810193700,-0.7720717624552864,0.3334486235794088,-0.1693419453006356,0.8578808107109157,-0.7720717624552864,-0.8025565143804695,-0.7690182020292557,0.3334486235794088,0.3351591410304955,0.348399813484373,-0.1693419453006356,-0.1857805072437289,-0.1653232010830152,0.0005983497530052,4.0647835980570425e-05,0.0003694769372306,0.000188224979794,downstairs,wiktor
1672842763820193700,-0.7630553511979656,0.3062649175321962,-0.1887442637081903,0.8436089531208169,-0.7630553511979656,-0.7720717624552864,-0.8025565143804695,0.3062649175321962,0.3334486235794088,0.3351591410304955,-0.1887442637081903,-0.1693419453006356,-0.1857805072437289,0.0029125146540753,0.0001363099175446,0.0027712978962609,4.9068402697729206e-06,downstairs,wiktor
1672842763830193700,-0.7465441478775151,0.2318163057753475,-0.1856115842576965,0.8034417368821131,-0.7465441478775151,-0.7630553511979656,-0.7720717624552864,0.2318163057753475,0.3062649175321962,0.3334486235794088,-0.1856115842576965,-0.1887442637081903,-0.1693419453006356,0.0052388786374722,0.0002293954839933,0.0034463192657591,0.0015631638877196,downstairs,wiktor
1672842763840193700,-0.7251247415368437,0.1487943898042119,-0.2415251584185329,0.7786398804166016,-0.7251247415368437,-0.7465441478775151,-0.7630553511979656,0.1487943898042119,0.2318163057753475,0.3062649175321962,-0.2415251584185329,-0.1856115842576965,-0.1887442637081903,0.00114022741742,0.0008920486481121,0.0001075797195303,0.0001405990497774,downstairs,wiktor
1672842763850193700,-0.682886165611224,0.1341260756863323,-0.2247561960309851,0.7313266486437742,-0.682886165611224,-0.7251247415368437,-0.7465441478775151,0.1341260756863323,0.1487943898042119,0.2318163057753475,-0.2247561960309851,-0.2415251584185329,-0.1856115842576965,0.0002638170241412,0.0002278776108033,4.36567242700754e-06,3.1573740910897905e-05,downstairs,wiktor
1672842763860193700,-0.7042345899466783,0.1311711907724964,-0.2168096570471384,0.7484374832642594,-0.7042345899466783,-0.682886165611224,-0.7251247415368437,0.1311711907724964,0.1341260756863323,0.1487943898042119,-0.2168096570471384,-0.2247561960309851,-0.2415251584185329,0.0005143149933624,4.19693052407222e-05,0.0001774467238593,0.0002948989642623,downstairs,wiktor
1672842763870193700,-0.7133963916516621,0.1123325749072384,-0.2410954127184086,0.7613672024987429,-0.7133963916516621,-0.7042345899466783,-0.682886165611224,0.1123325749072384,0.1311711907724964,0.1341260756863323,-0.2410954127184086,-0.2168096570471384,-0.2247561960309851,0.0028806911636868,0.0001631603866153,0.0016823173246599,0.0010352134524115,downstairs,wiktor
1672842763880193700,-0.6953320407574118,0.0543271040504307,-0.2865973566859267,0.7540398702971439,-0.6953320407574118,-0.7133963916516621,-0.7042345899466783,0.0543271040504307,0.1123325749072384,0.1311711907724964,-0.2865973566859267,-0.2410954127184086,-0.2168096570471384,0.0007791667323319,0.0004713559047876,2.294120670628258e-05,0.0002848696208379,downstairs,wiktor
1672842763890193700,-0.6646284284361329,0.0611007598884967,-0.3104665678516918,0.7361071528643399,-0.6646284284361329,-0.6953320407574118,-0.7133963916516621,0.0611007598884967,0.0543271040504307,0.1123325749072384,-0.3104665678516918,-0.2865973566859267,-0.2410954127184086,9.836480129181772e-05,3.095075865163843e-05,3.755586650035322e-06,6.365845599014397e-05,downstairs,wiktor
1672842763900193700,-0.6724961801672996,0.05836010790401,-0.299183088247408,0.7383546131957416,-0.6724961801672996,-0.6646284284361329,-0.6953320407574118,0.05836010790401,0.0611007598884967,0.0543271040504307,-0.299183088247408,-0.3104665678516918,-0.2865973566859267,0.0049831523909184,0.0013524987873044,0.0036306257713982,2.7832215765102123e-08,downstairs,wiktor
1672842763910193700,-0.7245057713463207,-0.0268528696451661,-0.2989471551392392,0.7842187774391479,-0.7245057713463207,-0.6724961801672996,-0.6646284284361329,-0.0268528696451661,0.05836010790401,0.0611007598884967,-0.2989471551392392,-0.299183088247408,-0.3104665678516918,0.0051066620872791,2.4070434054394464e-06,0.0008782250478678,0.0042260299960058,downstairs,wiktor
1672842763920193700,-0.7266998740811257,0.0150571541646067,-0.390882240890065,0.825292888085375,-0.7266998740811257,-0.7245057713463207,-0.6724961801672996,0.0150571541646067,-0.0268528696451661,0.05836010790401,-0.390882240890065,-0.2989471551392392,-0.299183088247408,0.0734820214285441,0.0007305192965156,0.006033386341027,0.0667181157910014,downstairs,wiktor
1672842763930193700,-0.688476339537191,0.1249060170720311,-0.756171484616188,1.030240989938751,-0.688476339537191,-0.7266998740811257,-0.7245057713463207,0.1249060170720311,0.0150571541646067,-0.0268528696451661,-0.756171484616188,-0.390882240890065,-0.2989471551392392,0.022373691692395,0.0056678610493525,0.0165659100225897,0.0001399206204527,downstairs,wiktor
1672842763940193700,-0.5820069913720728,-0.0571154653007355,-0.739443028593426,0.942746151897694,-0.5820069913720728,-0.688476339537191,-0.7266998740811257,-0.0571154653007355,0.1249060170720311,0.0150571541646067,-0.739443028593426,-0.756171484616188,-0.390882240890065,0.0450950644921508,0.0009955480762921,0.0223935951049465,0.0217059213109122,downstairs,wiktor
1672842763950193700,-0.5373852909048749,-0.2687453077376968,-0.5310879407701996,0.8019110874301947,-0.5373852909048749,-0.5820069913720728,-0.688476339537191,-0.2687453077376968,-0.0571154653007355,0.1249060170720311,-0.5310879407701996,-0.739443028593426,-0.756171484616188,0.0063771895778724,0.0040178582517513,0.0022007645180305,0.0001585668080905,downstairs,wiktor
1672842763960193700,-0.6270274489751864,-0.2024012873887529,-0.548896186505844,0.8575644153447675,-0.6270274489751864,-0.5373852909048749,-0.5820069913720728,-0.2024012873887529,-0.2687453077376968,-0.0571154653007355,-0.548896186505844,-0.5310879407701996,-0.739443028593426,0.0035137812548128,0.0016132524362786,0.0006590263511177,0.0012415024674164,downstairs,wiktor
1672842763970193700,-0.6838297805519569,-0.1660962918339341,-0.4990664269756898,0.8627157385054491,-0.6838297805519569,-0.6270274489751864,-0.5373852909048749,-0.1660962918339341,-0.2024012873887529,-0.2687453077376968,-0.4990664269756898,-0.548896186505844,-0.5310879407701996,0.0054441103725634,0.0010782364778648,4.6465522455498735e-06,0.004361227342453,downstairs,wiktor
1672842763980193700,-0.7302676202490164,-0.1691447511974651,-0.4056723442674901,0.8523325612372761,-0.7302676202490164,-0.6838297805519569,-0.6270274489751864,-0.1691447511974651,-0.1660962918339341,-0.2024012873887529,-0.4056723442674901,-0.4990664269756898,-0.548896186505844,0.0031329851620182,0.0029228200144161,5.431259079380622e-06,0.0002047338885227,downstairs,wiktor
1672842763990193700,-0.806724405617172,-0.1724405846518073,-0.3854370341130717,0.9105502342646,-0.806724405617172,-0.7302676202490164,-0.6838297805519569,-0.1724405846518073,-0.1691447511974651,-0.1660962918339341,-0.3854370341130717,-0.4056723442674901,-0.4990664269756898,0.0003612108678048,8.834896700299398e-05,9.453571319572648e-05,0.0001783261876061,downstairs,wiktor
1672842764000193700,-0.7934316281043273,-0.1586902600595857,-0.3665517918532448,0.8882998160671244,-0.7934316281043273,-0.806724405617172,-0.7302676202490164,-0.1586902600595857,-0.1724405846518073,-0.1691447511974651,-0.3665517918532448,-0.3854370341130717,-0.4056723442674901,0.0112623784506557,0.0110387606452701,0.0002223560934885,1.2617118970473364e-06,downstairs,wiktor
1672842764010193700,-0.9420166922613288,-0.1797784602430342,-0.3681403206676182,1.0272502319141077,-0.9420166922613288,-0.7934316281043273,-0.806724405617172,-0.1797784602430342,-0.1586902600595857,-0.1724405846518073,-0.3681403206676182,-0.3665517918532448,-0.3854370341130717,0.0693372172598085,0.066911227791388,0.0023788613394095,4.71281290109071e-05,downstairs,wiktor
1672842764020193700,-1.3078342090409056,-0.2487547074504546,-0.3584317544489733,1.3786887050432313,-1.3078342090409056,-0.9420166922613288,-0.7934316281043273,-0.2487547074504546,-0.1797784602430342,-0.1586902600595857,-0.3584317544489733,-0.3681403206676182,-0.3665517918532448,0.0223940362558646,0.0082506051051753,1.7400300476046276e-05,0.0141260308502132,downstairs,wiktor
1672842764030193700,-1.1793771726032285,-0.2546539108671959,-0.1903482582322818,1.2214792626113662,-1.1793771726032285,-1.3078342090409056,-0.9420166922613288,-0.2546539108671959,-0.2487547074504546,-0.1797784602430342,-0.1903482582322818,-0.3584317544489733,-0.3681403206676182,0.0679251377019239,0.0615304328379268,3.32557412376626e-05,0.0063614491227594,downstairs,wiktor
1672842764040193700,-0.8285768509445195,-0.2464984536467009,-0.0775524327531494,0.8679374778158176,-0.8285768509445195,-1.1793771726032285,-1.3078342090409056,-0.2464984536467009,-0.2546539108671959,-0.2487547074504546,-0.0775524327531494,-0.1903482582322818,-0.3584317544489733,0.0007967951729103,1.0636658853391049e-05,0.0004941747988979,0.000291983715159,downstairs,wiktor
1672842764050193700,-0.8331891516401357,-0.2150604257537833,-0.0533870146868688,0.8621515658359519,-0.8331891516401357,-0.8285768509445195,-1.1793771726032285,-0.2150604257537833,-0.2464984536467009,-0.2546539108671959,-0.0533870146868688,-0.0775524327531494,-0.1903482582322818,0.0059802951826956,0.0023806876592914,0.0035988941435054,7.133798988022886e-07,downstairs,wiktor
1672842764060193700,-0.902191871286414,-0.1302206456561735,-0.0521925441775616,0.9130343097814664,-0.902191871286414,-0.8331891516401357,-0.8285768509445195,-0.1302206456561735,-0.2150604257537833,-0.2464984536467009,-0.0521925441775616,-0.0533870146868688,-0.0775524327531494,0.0024306708208058,1.1327930511388186e-05,0.0023175216254673,0.0001018212648271,downstairs,wiktor
1672842764070193700,-0.9069516886172342,-0.0621394937054701,-0.0664628815826215,0.9115042494645268,-0.9069516886172342,-0.902191871286414,-0.8331891516401357,-0.0621394937054701,-0.1302206456561735,-0.2150604257537833,-0.0664628815826215,-0.0521925441775616,-0.0533870146868688,0.0011311520521661,0.0004927891590388,3.548475790929838e-05,0.000602878135218,downstairs,wiktor
1672842764080193700,-0.938345610291304,-0.0537151530298685,-0.1011868829424316,0.9453129573308446,-0.938345610291304,-0.9069516886172342,-0.902191871286414,-0.0537151530298685,-0.0621394937054701,-0.1302206456561735,-0.1011868829424316,-0.0664628815826215,-0.0521925441775616,0.0048651955227842,0.003414714672599,0.0012431904588825,0.0002072903913025,downstairs,wiktor
1672842764090193700,-1.020985971769205,-0.1035787762211802,-0.1215481398438408,1.0333996650534016,-1.020985971769205,-0.938345610291304,-0.9069516886172342,-0.1035787762211802,-0.0537151530298685,-0.0621394937054701,-0.1215481398438408,-0.1011868829424316,-0.0664628815826215,0.0041790791205305,0.0003365549142991,0.0038308607184659,1.1663487765491868e-05,downstairs,wiktor
1672842764100193700,-1.046930332015668,-0.1911100359912294,-0.1167183390683446,1.07061166471596,-1.046930332015668,-1.020985971769205,-0.938345610291304,-0.1911100359912294,-0.1035787762211802,-0.0537151530298685,-0.1167183390683446,-0.1215481398438408,-0.1011868829424316,0.0037275678309122,2.600071715970886e-05,0.0034429371464021,0.0002586299673503,downstairs,wiktor
1672842764110193700,-1.039719130013268,-0.2740912042934676,-0.0939749898272864,1.079339222070443,-1.039719130013268,-1.046930332015668,-1.020985971769205,-0.2740912042934676,-0.1911100359912294,-0.1035787762211802,-0.0939749898272864,-0.1167183390683446,-0.1215481398438408,0.0024333393965678,0.0001293497584359,0.0019916338365981,0.0003123558015337,downstairs,wiktor
1672842764120193700,-1.0236349913396567,-0.3372043382134072,-0.0689807584314706,1.0799507888041298,-1.0236349913396567,-1.039719130013268,-1.046930332015668,-0.3372043382134072,-0.2740912042934676,-0.1911100359912294,-0.0689807584314706,-0.0939749898272864,-0.1167183390683446,0.0031302797218818,1.0571594246722895e-05,0.0031073740001189,1.2334127516132848e-05,downstairs,wiktor
1672842764130193700,-1.0190368190404224,-0.4160380112233461,-0.0640140437192825,1.1025522496172206,-1.0190368190404224,-1.0236349913396567,-1.039719130013268,-0.4160380112233461,-0.3372043382134072,-0.2740912042934676,-0.0640140437192825,-0.0689807584314706,-0.0939749898272864,0.0002442275024667,0.000197374845903,2.708844437795792e-05,1.9764212185736503e-05,downstairs,wiktor
1672842764140193700,-1.0389051277708108,-0.4086775160799528,-0.0703012071791802,1.1186078116965814,-1.0389051277708108,-1.0190368190404224,-1.0236349913396567,-0.4086775160799528,-0.4160380112233461,-0.3372043382134072,-0.0703012071791802,-0.0640140437192825,-0.0689807584314706,0.0089086452259086,2.099864029346336e-07,0.0088557270336006,5.270820590508901e-05,downstairs,wiktor
1672842764150193700,-1.0395531808595846,-0.2755931290647914,-0.0805684566555579,1.0784774753470106,-1.0395531808595846,-1.0389051277708108,-1.0190368190404224,-0.2755931290647914,-0.4086775160799528,-0.4160380112233461,-0.0805684566555579,-0.0703012071791802,-0.0640140437192825,0.0046415164284948,0.0016339563242064,0.002971138904073,3.642120021537e-05,downstairs,wiktor
1672842764160193700,-0.9823875211641616,-0.1985069577488794,-0.0720336807105936,1.0048278982843266,-0.9823875211641616,-1.0395531808595846,-1.0389051277708108,-0.1985069577488794,-0.2755931290647914,-0.4086775160799528,-0.0720336807105936,-0.0805684566555579,-0.0703012071791802,0.0019995765560687,5.4904410450586855e-06,1.2646022695367748e-05,0.0019814400923283,downstairs,wiktor
1672842764170193700,-0.9790737797605338,-0.1934778380057498,-0.009082269410634,0.998048910440568,-0.9790737797605338,-0.9823875211641616,-1.0395531808595846,-0.1934778380057498,-0.1985069577488794,-0.2755931290647914,-0.009082269410634,-0.0720336807105936,-0.0805684566555579,0.0031570436622173,0.000381639050861,0.0004921652188959,0.0022832393924603,downstairs,wiktor
1672842764180193700,-1.006701267914944,-0.2248518788323934,0.0584934568889825,1.033163730845618,-1.006701267914944,-0.9790737797605338,-0.9823875211641616,-0.2248518788323934,-0.1934778380057498,-0.1985069577488794,0.0584934568889825,-0.009082269410634,-0.0720336807105936,0.0018246172820698,0.0003737560749018,0.0014371578934335,1.3703313734406932e-05,downstairs,wiktor
1672842764190193700,-1.0340419363377125,-0.278464524606194,0.0637285908384449,1.0727751632375973,-1.0340419363377125,-1.006701267914944,-0.9790737797605338,-0.278464524606194,-0.2248518788323934,-0.1934778380057498,0.0637285908384449,0.0584934568889825,-0.009082269410634,0.0013477680071765,4.38226164068238e-05,3.88440447271875e-05,0.0012651013460425,downstairs,wiktor
1672842764200193700,-1.043403839606474,-0.2872786093263663,0.0134274706512657,1.0823127407778743,-1.043403839606474,-1.0340419363377125,-1.006701267914944,-0.2872786093263663,-0.278464524606194,-0.2248518788323934,0.0134274706512657,0.0637285908384449,0.0584934568889825,0.0016421336102796,0.0001822146997135,0.0006697959733503,0.0007901229372157,downstairs,wiktor
1672842764210193700,-1.0243138055722711,-0.2506781728986315,-0.0263248358784385,1.054870283796909,-1.0243138055722711,-1.043403839606474,-1.0340419363377125,-0.2506781728986315,-0.2872786093263663,-0.278464524606194,-0.0263248358784385,0.0134274706512657,0.0637285908384449,0.0004178934563822,2.0359304114567387e-05,0.0003975175246348,1.6627632793567556e-08,downstairs,wiktor
1672842764220193700,-1.017932692171842,-0.2224818070109895,-0.0265071961416186,1.0422992620597886,-1.017932692171842,-1.0243138055722711,-1.043403839606474,-0.2224818070109895,-0.2506781728986315,-0.2872786093263663,-0.0265071961416186,-0.0263248358784385,0.0134274706512657,0.0003543237033655,5.686898244253847e-05,1.0930216925258271e-06,0.0002963616992304,downstairs,wiktor
1672842764230193700,-1.028597492445878,-0.2210032795729445,-0.00216128481218,1.0520741048994526,-1.028597492445878,-1.017932692171842,-1.0243138055722711,-0.2210032795729445,-0.2224818070109895,-0.2506781728986315,-0.00216128481218,-0.0265071961416186,-0.0263248358784385,0.0004602341994152,0.0002656749702396,0.0001814731696872,1.308605948845736e-05,downstairs,wiktor
1672842764240193700,-1.0055464633912086,-0.2400544301779459,-0.007277154139764,1.0338291814700336,-1.0055464633912086,-1.028597492445878,-1.017932692171842,-0.2400544301779459,-0.2210032795729445,-0.2224818070109895,-0.007277154139764,-0.00216128481218,-0.0265071961416186,0.0072997303427426,0.0048199631902521,0.0016399866484151,0.0008397805040753,downstairs,wiktor
1672842764250193700,-0.907363336630526,-0.2973254813017927,-0.048259601701504,0.9560542116684658,-0.907363336630526,-1.0055464633912086,-1.028597492445878,-0.2973254813017927,-0.2400544301779459,-0.2210032795729445,-0.048259601701504,-0.007277154139764,-0.00216128481218,0.0054324600777887,0.0030755187806671,0.0001925739466327,0.0021643673504887,downstairs,wiktor
1672842764260193700,-0.8289347859532736,-0.3169506664796583,-0.1140527221699662,0.894761771523392,-0.8289347859532736,-0.907363336630526,-1.0055464633912086,-0.3169506664796583,-0.2973254813017927,-0.2400544301779459,-0.1140527221699662,-0.048259601701504,-0.007277154139764,0.0012567616326241,3.383501194456725e-05,2.507705503955597e-07,0.0012226758501291,downstairs,wiktor
1672842764270193700,-0.8207086067740231,-0.3176588621452699,-0.1635032196422706,0.8950994764638031,-0.8207086067740231,-0.8289347859532736,-0.907363336630526,-0.3176588621452699,-0.3169506664796583,-0.2973254813017927,-0.1635032196422706,-0.1140527221699662,-0.048259601701504,0.0009345720126053,0.0007166827102373,1.4664078669806763e-06,0.0002164228945009,downstairs,wiktor
1672842764280193700,-0.8585684195109441,-0.3193714087092971,-0.1426982733793745,0.927092565447451,-0.8585684195109441,-0.8207086067740231,-0.8289347859532736,-0.3193714087092971,-0.3176588621452699,-0.3169506664796583,-0.1426982733793745,-0.1635032196422706,-0.1140527221699662,0.0026395802399934,0.0014052273713549,4.659074257065369e-06,0.0012296937943813,downstairs,wiktor
1672842764290193700,-0.9115821417223676,-0.3163188444570445,-0.0931060603942423,0.9693855533006024,-0.9115821417223676,-0.8585684195109441,-0.8207086067740231,-0.3163188444570445,-0.3193714087092971,-0.3176588621452699,-0.0931060603942423,-0.1426982733793745,-0.1635032196422706,0.0008747307302951,0.0008236166607288,9.97031231183695e-07,5.011703833508339e-05,downstairs,wiktor
1672842764300193700,-0.9521682639990487,-0.3149067316915872,-0.1031177573867689,1.0081785181802458,-0.9521682639990487,-0.9115821417223676,-0.8585684195109441,-0.3149067316915872,-0.3163188444570445,-0.3193714087092971,-0.1031177573867689,-0.0931060603942423,-0.1426982733793745,0.0006557903351393,3.1393077763186856e-05,2.57622560625454e-06,0.0006218210317699,downstairs,wiktor
1672842764310193700,-0.96009203554588,-0.3171766328375645,-0.1383830670201732,1.0205525985341062,-0.96009203554588,-0.9521682639990487,-0.9115821417223676,-0.3171766328375645,-0.3149067316915872,-0.3163188444570445,-0.1383830670201732,-0.1031177573867689,-0.0931060603942423,0.0004783499684701,0.0003054579838382,7.786018853928407e-05,9.503179609260096e-05,downstairs,wiktor
1672842764320193700,-0.9353753212076734,-0.3296554299381896,-0.1521694223102853,1.0033719285979337,-0.9353753212076734,-0.96009203554588,-0.9521682639990487,-0.3296554299381896,-0.3171766328375645,-0.3149067316915872,-0.1521694223102853,-0.1383830670201732,-0.1031177573867689,0.0001479920550613,0.0001308448519497,4.3420496289862166e-08,1.710378261535026e-05,downstairs,wiktor
1672842764330193700,-0.9191984950696612,-0.3293607419802073,-0.1580181456949823,0.9891279523221268,-0.9191984950696612,-0.9353753212076734,-0.96009203554588,-0.3293607419802073,-0.3296554299381896,-0.3171766328375645,-0.1580181456949823,-0.1521694223102853,-0.1383830670201732,0.0001910413663921,1.553056211360044e-06,1.5878764773435218e-06,0.0001879004337034,downstairs,wiktor
1672842764340193700,-0.9174360784268892,-0.331142806219983,-0.1774037297049342,0.9913710704997276,-0.9174360784268892,-0.9191984950696612,-0.9353753212076734,-0.331142806219983,-0.3293607419802073,-0.3296554299381896,-0.1774037297049342,-0.1580181456949823,-0.1521694223102853,0.0003769085867419,0.0001204396468987,0.0001448901778121,0.000111578762031,downstairs,wiktor
1672842764350193700,-0.9019157919025528,-0.3481657423834136,-0.1923421875926191,0.9857317063889732,-0.9019157919025528,-0.9174360784268892,-0.9191984950696612,-0.3481657423834136,-0.331142806219983,-0.3293607419802073,-0.1923421875926191,-0.1774037297049342,-0.1580181456949823,0.0001367720481489,9.797364622219809e-06,3.4208467485762315e-05,9.276621604092424e-05,downstairs,wiktor
1672842764360193700,-0.8974891984895049,-0.3398942893688868,-0.1787211585535982,0.9761947766023208,-0.8974891984895049,-0.9019157919025528,-0.9174360784268892,-0.3398942893688868,-0.3481657423834136,-0.331142806219983,-0.1787211585535982,-0.1923421875926191,-0.1774037297049342,0.0004428399393075,1.4069515740005289e-05,4.205813611109854e-05,0.0003867122874564,downstairs,wiktor
1672842764370193700,-0.9027938220840694,-0.330722797002745,-0.1509106466037459,0.9732359821280973,-0.9027938220840694,-0.8974891984895049,-0.9019157919025528,-0.330722797002745,-0.3398942893688868,-0.3481657423834136,-0.1509106466037459,-0.1787211585535982,-0.1923421875926191,0.0002208693905351,5.544117221075085e-05,8.912786776177171e-06,0.0001565154315481,downstairs,wiktor
1672842764380193700,-0.8922637534982766,-0.3349448312935051,-0.1332179683696189,0.9623251388764592,-0.8922637534982766,-0.9027938220840694,-0.8974891984895049,-0.3349448312935051,-0.330722797002745,-0.3398942893688868,-0.1332179683696189,-0.1509106466037459,-0.1787211585535982,0.0002542077943841,0.000184886909226,6.282142416737213e-08,6.925806373391373e-05,downstairs,wiktor
1672842764390193700,-0.8730342496447685,-0.3352992926430692,-0.1214486809031736,0.9430610790361712,-0.8730342496447685,-0.8922637534982766,-0.9027938220840694,-0.3352992926430692,-0.3349448312935051,-0.330722797002745,-0.1214486809031736,-0.1332179683696189,-0.1509106466037459,4.198834743433492e-05,1.1013213383552531e-05,1.7167898967015693e-05,1.3807235083766688e-05,downstairs,wiktor
1672842764400193700,-0.8683410176275862,-0.3294396170604083,-0.116193733694349,0.9359741278119036,-0.8683410176275862,-0.8730342496447685,-0.8922637534982766,-0.3294396170604083,-0.3352992926430692,-0.3349448312935051,-0.116193733694349,-0.1214486809031736,-0.1332179683696189,8.30102991022926e-05,7.755055118785647e-05,1.636118033192897e-06,3.823629881243229e-06,downstairs,wiktor
1672842764410193700,-0.8807949769327916,-0.3276306847602971,-0.1189591016196867,0.9472554696831796,-0.8807949769327916,-0.8683410176275862,-0.8730342496447685,-0.3276306847602971,-0.3294396170604083,-0.3352992926430692,-0.1189591016196867,-0.116193733694349,-0.1214486809031736,4.663899110871257e-05,2.948420685447441e-05,2.250265652448218e-06,1.4904518601789945e-05,downstairs,wiktor
1672842764420193700,-0.8884740663129818,-0.3255092391906686,-0.1134993363130476,0.9530081482614484,-0.8884740663129818,-0.8807949769327916,-0.8683410176275862,-0.3255092391906686,-0.3276306847602971,-0.3294396170604083,-0.1134993363130476,-0.1189591016196867,-0.116193733694349,0.0001610106735698,1.1794807854141048e-05,9.524262420099926e-05,5.397324151468084e-05,downstairs,wiktor
1672842764430193700,-0.8933309805296714,-0.3117075998531841,-0.1031096066231393,0.951752835329801,-0.8933309805296714,-0.8884740663129818,-0.8807949769327916,-0.3117075998531841,-0.3255092391906686,-0.3276306847602971,-0.1031096066231393,-0.1134993363130476,-0.1189591016196867,0.0005042149039634,0.0004311296055777,6.640375743162794e-05,6.681540954036644e-06,downstairs,wiktor
1672842764440193700,-0.9226952310931636,-0.3001833855691969,-0.0994540516846829,0.975380778388805,-0.9226952310931636,-0.8933309805296714,-0.8884740663129818,-0.3001833855691969,-0.3117075998531841,-0.3255092391906686,-0.0994540516846829,-0.1031096066231393,-0.1134993363130476,5.72155242267651e-05,4.990833951570572e-05,8.224306473213288e-07,6.4847540637380444e-06,downstairs,wiktor
1672842764450193700,-0.932686060840057,-0.2989008641094767,-0.0958527313535437,0.9840898133598728,-0.932686060840057,-0.9226952310931636,-0.8933309805296714,-0.2989008641094767,-0.3001833855691969,-0.3117075998531841,-0.0958527313535437,-0.0994540516846829,-0.1031096066231393,3.0632847745010456e-05,2.862204198505119e-05,2.155820202276481e-07,1.795223739731619e-06,downstairs,wiktor
1672842764460193700,-0.925120078817206,-0.2995574949345644,-0.0977475789673278,0.9773108216919524,-0.925120078817206,-0.932686060840057,-0.9226952310931636,-0.2995574949345644,-0.2989008641094767,-0.3001833855691969,-0.0977475789673278,-0.0958527313535437,-0.0994540516846829,0.0001044423417019,3.587652745916068e-05,3.942630253247251e-05,2.913951171031237e-05,downstairs,wiktor
1672842764470193700,-0.91664936131995,-0.3084373938678262,-0.1053816488792833,0.9728745908208136,-0.91664936131995,-0.925120078817206,-0.932686060840057,-0.3084373938678262,-0.2995574949345644,-0.2989008641094767,-0.1053816488792833,-0.0977475789673278,-0.0958527313535437,6.251299401574274e-05,3.4914393458841e-05,1.4209090668034328e-05,1.3389509888867406e-05,downstairs,wiktor
1672842764480193700,-0.908292999257564,-0.3137682644661496,-0.1002068039755461,0.9661718790408852,-0.908292999257564,-0.91664936131995,-0.925120078817206,-0.3137682644661496,-0.3084373938678262,-0.2995574949345644,-0.1002068039755461,-0.1053816488792833,-0.0977475789673278,2.5298508927083863e-05,1.3678936506686516e-05,1.1590632368587698e-05,2.8940051809645865e-08,downstairs,wiktor
1672842764490193700,-0.9030625238476828,-0.3185829570562508,-0.1004473868170359,0.962863801387934,-0.9030625238476828,-0.908292999257564,-0.91664936131995,-0.3185829570562508,-0.3137682644661496,-0.3084373938678262,-0.1004473868170359,-0.1002068039755461,-0.1053816488792833,7.050329661229083e-06,1.4812931510751993e-08,2.443324181256913e-07,6.791184311592639e-06,downstairs,wiktor
1672842764500193700,-0.903234645499492,-0.3192820027173141,-0.1041328133355254,0.9636479984428667,-0.903234645499492,-0.9030625238476828,-0.908292999257564,-0.3192820027173141,-0.3185829570562508,-0.3137682644661496,-0.1041328133355254,-0.1004473868170359,-0.1002068039755461,0.0001799980733702,2.005485560173837e-05,8.858048748168528e-05,7.136273028685345e-05,downstairs,wiktor
1672842764510193700,-0.9095678683128372,-0.332592185847661,-0.1160795894937074,0.9754002974425996,-0.9095678683128372,-0.903234645499492,-0.9030625238476828,-0.332592185847661,-0.3192820027173141,-0.3185829570562508,-0.1160795894937074,-0.1041328133355254,-0.1004473868170359,0.0001540021508618,1.4776714967788564e-07,0.0001478149528994,6.039430812787115e-06,downstairs,wiktor
1672842764520193700,-0.9090242376483638,-0.349786077373399,-0.1126041238233872,0.980487150991022,-0.9090242376483638,-0.9095678683128372,-0.903234645499492,-0.349786077373399,-0.332592185847661,-0.3192820027173141,-0.1126041238233872,-0.1160795894937074,-0.1041328133355254,0.0001377912968237,8.635682077494849e-05,1.297767131123043e-05,3.845680473761501e-05,downstairs,wiktor
1672842764530193700,-0.8958821814336805,-0.3446914387579072,-0.1038340833744936,0.9655043178741292,-0.8958821814336805,-0.9090242376483638,-0.9095678683128372,-0.3446914387579072,-0.349786077373399,-0.332592185847661,-0.1038340833744936,-0.1126041238233872,-0.1160795894937074,5.031613763851662e-06,5.696739600012579e-07,3.297473862354412e-06,1.1644659414959929e-06,downstairs,wiktor
1672842764540193700,-0.8948147790165938,-0.3421233757281688,-0.1023079995357115,0.9634359448012892,-0.8948147790165938,-0.8958821814336805,-0.9090242376483638,-0.3421233757281688,-0.3446914387579072,-0.349786077373399,-0.1023079995357115,-0.1038340833744936,-0.1126041238233872,0.0001620986014571,1.4188138844088902e-06,1.9602690808293232e-05,0.0001410770967644,downstairs,wiktor
1672842764550193700,-0.8964993049940776,-0.335861955632329,-0.0855105534938596,0.9611588379944612,-0.8964993049940776,-0.8948147790165938,-0.8958821814336805,-0.335861955632329,-0.3421233757281688,-0.3446914387579072,-0.0855105534938596,-0.1023079995357115,-0.1038340833744936,8.642672378052265e-05,2.2615356204093904e-06,8.233472628717908e-05,1.8304618729341783e-06,downstairs,wiktor
1672842764560193700,-0.8986260563290528,-0.3486943152194961,-0.0874239075504493,0.9678633447916544,-0.8986260563290528,-0.8964993049940776,-0.8948147790165938,-0.3486943152194961,-0.335861955632329,-0.3421233757281688,-0.0874239075504493,-0.0855105534938596,-0.1023079995357115,0.0001535612849112,2.2501066473461167e-06,0.0001476764211827,3.634757081192299e-06,downstairs,wiktor
1672842764570193700,-0.9007474269460578,-0.3658801478256116,-0.0901201112078878,0.976389186834306,-0.9007474269460578,-0.8986260563290528,-0.8964993049940776,-0.3658801478256116,-0.3486943152194961,-0.335861955632329,-0.0901201112078878,-0.0874239075504493,-0.0855105534938596,0.0001021537579689,8.572952333030608e-06,8.668337109008478e-05,6.897434545873906e-06,downstairs,wiktor
1672842764580193700,-0.904888188309148,-0.3527132673226159,-0.0864059667449262,0.9750360369627026,-0.904888188309148,-0.9007474269460578,-0.8986260563290528,-0.3527132673226159,-0.3658801478256116,-0.3486943152194961,-0.0864059667449262,-0.0901201112078878,-0.0874239075504493,0.000102537246815,7.528527515482665e-05,2.723041407098219e-05,2.1557589288039144e-08,downstairs,wiktor
1672842764590193700,-0.917158907534591,-0.3453335093223855,-0.0866136086929427,0.983838203945025,-0.917158907534591,-0.904888188309148,-0.9007474269460578,-0.3453335093223855,-0.3527132673226159,-0.3658801478256116,-0.0866136086929427,-0.0864059667449262,-0.0901201112078878,0.0001201907668748,6.702519299184016e-05,5.000839556795772e-06,4.816473432626105e-05,downstairs,wiktor
1672842764600193700,-0.928736920575855,-0.3421709661821909,-0.0767988509958561,0.9927392916839042,-0.928736920575855,-0.917158907534591,-0.904888188309148,-0.3421709661821909,-0.3453335093223855,-0.3527132673226159,-0.0767988509958561,-0.0866136086929427,-0.0864059667449262,9.713080094234794e-05,8.982403424591274e-06,7.969240055230874e-05,8.455996965447934e-06,downstairs,wiktor
1672842764610193700,-0.9329754116810932,-0.3547957355307619,-0.0726864315217635,1.0008029027134602,-0.9329754116810932,-0.928736920575855,-0.917158907534591,-0.3547957355307619,-0.3421709661821909,-0.3453335093223855,-0.0726864315217635,-0.0767988509958561,-0.0866136086929427,2.612546781466877e-05,2.160044067123492e-05,1.638090965701692e-06,2.886936177732154e-06,downstairs,wiktor
1672842764620193700,-0.9264026739453798,-0.3566057581636048,-0.0702835431857261,0.9951529317101612,-0.9264026739453798,-0.9329754116810932,-0.928736920575855,-0.3566057581636048,-0.3547957355307619,-0.3421709661821909,-0.0702835431857261,-0.0726864315217635,-0.0767988509958561,0.0004710869418427,9.272258179049724e-06,0.0003818742895844,7.994039407923086e-05,downstairs,wiktor
1672842764630193700,-0.922096339499694,-0.3289697566588839,-0.0576391456849173,0.9807165906775654,-0.922096339499694,-0.9264026739453798,-0.9329754116810932,-0.3289697566588839,-0.3566057581636048,-0.3547957355307619,-0.0576391456849173,-0.0702835431857261,-0.0726864315217635,8.125684947505671e-05,3.491481263618474e-05,4.5759276219057535e-05,5.827606198144352e-07,downstairs,wiktor
1672842764640193700,-0.9304527517245887,-0.3385362895960621,-0.0565595525950779,0.9917399485525848,-0.9304527517245887,-0.922096339499694,-0.9264026739453798,-0.3385362895960621,-0.3289697566588839,-0.3566057581636048,-0.0565595525950779,-0.0576391456849173,-0.0702835431857261,5.948568948436321e-05,3.9355309645761255e-06,5.3773290685518e-05,1.7768678342690823e-06,downstairs,wiktor
1672842764650193700,-0.9276472104347212,-0.3489067563826168,-0.0546744171440988,0.9925999010511766,-0.9276472104347212,-0.9304527517245887,-0.922096339499694,-0.3489067563826168,-0.3385362895960621,-0.3289697566588839,-0.0546744171440988,-0.0565595525950779,-0.0576391456849173,0.0002009523570225,0.0001333775710078,3.5705492709739854e-05,3.1869293304939265e-05,downstairs,wiktor
1672842764660193700,-0.9113145700475762,-0.3404562543017059,-0.0466907721989701,0.9739531481969156,-0.9113145700475762,-0.9276472104347212,-0.9304527517245887,-0.3404562543017059,-0.3489067563826168,-0.3385362895960621,-0.0466907721989701,-0.0546744171440988,-0.0565595525950779,0.0057576074657724,0.0050533546199646,4.92953767694332e-05,0.0006549574690384,downstairs,wiktor
1672842764670193700,-0.810782439661668,-0.330526966636477,-0.0104980251620727,0.8756291730349901,-0.810782439661668,-0.9113145700475762,-0.9276472104347212,-0.330526966636477,-0.3404562543017059,-0.3489067563826168,-0.0104980251620727,-0.0466907721989701,-0.0546744171440988,0.0019358941108351,0.0006811365151696,4.88813524585909e-06,0.0012498694604195,downstairs,wiktor
1672842764680193700,-0.8476914227191757,-0.3336536694512195,0.039499363978153,0.9118474209233706,-0.8476914227191757,-0.810782439661668,-0.9113145700475762,-0.3336536694512195,-0.330526966636477,-0.3404562543017059,0.039499363978153,-0.0104980251620727,-0.0466907721989701,0.0052008399895319,0.0045329793239405,0.0004954393555183,0.000172421310073,downstairs,wiktor
1672842764690193700,-0.9429067505182286,-0.365131895434219,0.0209294253636583,1.0113518092544669,-0.9429067505182286,-0.8476914227191757,-0.810782439661668,-0.365131895434219,-0.3336536694512195,-0.330526966636477,0.0209294253636583,0.039499363978153,-0.0104980251620727,0.0020188499596901,0.0005590870770362,7.103799661085365e-05,0.001388724886043,downstairs,wiktor
1672842764700193700,-0.9763458616618068,-0.3770514589002905,-0.0317720904787354,1.0471048228216515,-0.9763458616618068,-0.9429067505182286,-0.8476914227191757,-0.3770514589002905,-0.365131895434219,-0.3336536694512195,-0.0317720904787354,0.0209294253636583,0.039499363978153,0.0007797525663864,0.0005119615723289,2.56775760682092e-06,0.0002652232364506,downstairs,wiktor
