time,q0,q1,q2,q3,activity,name
1672331657603706400,0.6456938296077235,-0.3402206223691164,-0.2618221861533208,-0.5480689058695617,lying,karol
1672331657613706400,0.6348125593377081,-0.3661781054558851,-0.2590859033306014,-0.5460705690231197,lying,karol
1672331657623706400,0.6231273564428815,-0.3923958888637816,-0.2559485462365655,-0.5435592735022267,lying,karol
1672331657633706400,0.6118415463341167,-0.4193853412605677,-0.2506915149024938,-0.5394758072931108,lying,karol
1672331657643706400,0.601374621625973,-0.4475679498091533,-0.242464443429474,-0.5332189465749645,lying,karol
1672331657653706400,0.5911166229897944,-0.4768270545830848,-0.2315534788012985,-0.5251305010601675,lying,karol
1672331657663706400,0.5810844799075018,-0.5068127122324919,-0.2180043243127626,-0.5150960296280902,lying,karol
1672331657673706400,0.5706559467995577,-0.5367023091781854,-0.2027200231789377,-0.5038423957553448,lying,karol
1672331657683706400,0.5588908670599373,-0.5656758860451744,-0.1870816292188706,-0.4925264089580686,lying,karol
1672331657693706400,0.5454163615163282,-0.5928695323995242,-0.1722865271492474,-0.4821443392838007,lying,karol
1672331657703706400,0.5300901368170658,-0.6172946043310492,-0.1600287753091164,-0.4737876898884357,lying,karol
1672331657713706400,0.5138046915127457,-0.6388971419492498,-0.1502333105896563,-0.4671396197636284,lying,karol
1672331657723706400,0.496524510795992,-0.6583023589684747,-0.1430632994350556,-0.4618923560326996,lying,karol
1672331657733706400,0.4792865898391805,-0.6763345491415439,-0.1370023872151409,-0.4565827876095558,lying,karol
1672331657743706400,0.4620649014280252,-0.6940436560100786,-0.1309775489966731,-0.4502217575573974,lying,karol
1672331657753706400,0.4439379489499381,-0.712320058748372,-0.1244015609682186,-0.4425413247024541,lying,karol
1672331657763706400,0.4238591915423655,-0.7313482682984217,-0.1168058753453968,-0.4341592100639292,lying,karol
1672331657773706400,0.4018501291873316,-0.750788613362385,-0.1080088605357456,-0.4252493550307703,lying,karol
1672331657783706400,0.3797151869504944,-0.7697775345153666,-0.0977573772236163,-0.4152814155666457,lying,karol
1672331657793706400,0.3609044939814764,-0.7868481561023428,-0.0859851966625451,-0.4037560964828666,lying,karol
1672331657803706400,0.3540365220960463,-0.7994606246534892,-0.0730344649102322,-0.3884246725818088,lying,karol
1672331657813706400,0.353730328120271,-0.8098288899373323,-0.0625559601411943,-0.3696542067835529,lying,karol
1672331657823706400,0.3508862425872223,-0.8193249979403543,-0.0562833926821361,-0.3528886132482835,lying,karol
1672331657833706400,0.3432903186874312,-0.8276973812422967,-0.055215024869828,-0.3412910920907305,lying,karol
1672331657843706400,0.3316302896211103,-0.8350789088670612,-0.0584585472638818,-0.3345535176718664,lying,karol
1672331657853706400,0.3174930503571238,-0.8422928839726186,-0.0635537527564699,-0.329549115448465,lying,karol
1672331657863706400,0.3022649065205685,-0.849837200425183,-0.0696027125936681,-0.3236364426309318,lying,karol
1672331657873706400,0.2866858415183295,-0.8579142549715104,-0.0773230210891119,-0.3151812986770216,lying,karol
1672331657883706400,0.2706549146815151,-0.8657571024189596,-0.0869782554401881,-0.3058630486449422,lying,karol
1672331657893706400,0.2542867082646299,-0.8728478453779742,-0.0982271445443301,-0.296845123492304,lying,karol
1672331657903706400,0.2377908109010637,-0.8785844547652727,-0.1104548543036634,-0.2897875299520149,lying,karol
1672331657913706400,0.2212358406846444,-0.8830360550956928,-0.1233955788328731,-0.2846365863456543,lying,karol
1672331657923706400,0.2055516837325811,-0.8865033244950185,-0.1365207977519467,-0.2800994552732446,lying,karol
1672331657933706400,0.1917636618319421,-0.8888643888277749,-0.1492208675796197,-0.2763496134198965,lying,karol
1672331657943706400,0.1824460407017148,-0.8921869172258123,-0.1586141435319117,-0.2670788230937826,lying,karol
1672331657953706400,0.1747811317818187,-0.8961280787003704,-0.1660634201188032,-0.2548364547749194,lying,karol
1672331657963706400,0.1660540410401475,-0.8996159904824277,-0.1728762749605208,-0.2441567555638765,lying,karol
1672331657973706400,0.1561623765943371,-0.9023391722111574,-0.1797577194769517,-0.2359222525998919,lying,karol
1672331657983706400,0.1452507383148692,-0.9035879734884508,-0.1875168600651301,-0.2323102518887038,lying,karol
1672331657993706400,0.1350291980396572,-0.9040824696444248,-0.1954042961877842,-0.2302761591482136,lying,karol
1672331658003706400,0.1280458136809085,-0.9037787229336984,-0.2032220743590473,-0.2288613996075532,lying,karol
1672331658013706400,0.1242834646768537,-0.9027068966594652,-0.2109989492393555,-0.2282816468305035,lying,karol
1672331658023706400,0.1236055612855987,-0.9007347191777026,-0.2190130014562304,-0.2290642944592672,lying,karol
1672331658033706400,0.1253509348765481,-0.8977683747352663,-0.2276694109999752,-0.2315423015594204,lying,karol
1672331658043706400,0.1289003672712752,-0.8937361641753564,-0.2369853947509959,-0.2361130517228725,lying,karol
1672331658053706400,0.1338656745975238,-0.8889067070400464,-0.2460706426674156,-0.2425666168888039,lying,karol
1672331658063706400,0.1397869620887561,-0.8834128112412558,-0.254890657616468,-0.2504574566165726,lying,karol
1672331658073706400,0.1454273870990644,-0.8779997236909003,-0.2627397025846117,-0.2583848430970903,lying,karol
1672331658083706400,0.1501982053140216,-0.8732185094297855,-0.2688594980406277,-0.2657198882012693,lying,karol
1672331658093706400,0.1520299456205975,-0.8685261475355027,-0.2737479113626713,-0.2750750982104417,lying,karol
1672331658103706400,0.1509213870143621,-0.8641506749511375,-0.2776068762131199,-0.2855142109690291,lying,karol
1672331658113706400,0.1481341012312045,-0.8604604991676698,-0.280324697204373,-0.2953571129231132,lying,karol
1672331658123706400,0.1436752843481453,-0.8573662924543023,-0.2825782466124559,-0.3043062643891788,lying,karol
1672331658133706400,0.1376097637104245,-0.8549429519620678,-0.2845635106522917,-0.3119969367825491,lying,karol
1672331658143706400,0.1301451388368626,-0.8533074145045174,-0.2863252868578993,-0.3180250045627928,lying,karol
1672331658153706400,0.1209912695893083,-0.8525201125391251,-0.2881647025085103,-0.3221013227219987,lying,karol
1672331658163706400,0.110008028604068,-0.8529561943220099,-0.2899931301477509,-0.3233446060758377,lying,karol
1672331658173706400,0.0979860328679428,-0.8547991715483435,-0.2917680490931562,-0.3209523736101067,lying,karol
1672331658183706400,0.0862324808402365,-0.8567619159533565,-0.2933897003270476,-0.3178305984818258,lying,karol
1672331658193706400,0.0748090012877181,-0.8586239634059368,-0.2950225432435746,-0.3144073050821107,lying,karol
1672331658203706400,0.0641523023290117,-0.8600740030808653,-0.2967571002657917,-0.3113617928060814,lying,karol
1672331658213706400,0.0542636728490528,-0.8609350435745483,-0.298570232304873,-0.3092872799023141,lying,karol
1672331658223706400,0.0449486392085866,-0.8619835627523376,-0.2990947851775066,-0.3074994879910994,lying,karol
1672331658233706400,0.0362694293482082,-0.8632398592216046,-0.2984334345467739,-0.3059035971860095,lying,karol
1672331658243706400,0.0275352020867564,-0.8628464690165885,-0.2985907175639538,-0.3078342085861527,lying,karol
1672331658253706400,0.0196630081508111,-0.8614241437731985,-0.299104372057653,-0.3119365141275554,lying,karol
1672331658263706400,0.013862707939051,-0.8598004537677354,-0.2990349701835636,-0.3167694759054852,lying,karol
1672331658273706400,0.0101249804009775,-0.8580998678631533,-0.2982472669153539,-0.3222197352249148,lying,karol
1672331658283706400,0.0084292113484437,-0.8565515676831866,-0.2961570807475409,-0.3282703520371185,lying,karol
1672331658293706400,0.0086474447750839,-0.8550264556061622,-0.293266466616411,-0.3348026164594773,lying,karol
1672331658303706400,0.0106615534216136,-0.8535443987596509,-0.2898458082994966,-0.3414973989916246,lying,karol
1672331658313706400,0.0145859544786089,-0.8521992327595039,-0.2856538653928392,-0.3482785009298478,lying,karol
1672331658323706400,0.0201661584587363,-0.8510017647075986,-0.2805679162221333,-0.3551455465547664,lying,karol
1672331658333706400,0.0249795305580337,-0.8496190341906076,-0.2756261814444508,-0.3620782134373702,lying,karol
1672331658343706400,0.0272984358063537,-0.8472671484423939,-0.2718182942156491,-0.3702911429501297,lying,karol
1672331658353706400,0.0296954387493814,-0.843185395585607,-0.2682882290313218,-0.3819348566371912,lying,karol
1672331658363706400,0.0339723037336988,-0.8375508809151541,-0.2647209089279033,-0.396383002626108,lying,karol
1672331658373706400,0.0371137828453655,-0.8337503087522912,-0.2649975338347235,-0.4039096639722699,lying,karol
1672331658383706400,0.0343534919991038,-0.8313185610969587,-0.270048141006907,-0.4058722299650618,lying,karol
1672331658393706400,0.0254096073219457,-0.8295513531000672,-0.2736754040817746,-0.4077699413092671,lying,karol
1672331658403706400,0.0157348664034911,-0.8286607612386583,-0.2752854174156198,-0.4090703955884315,lying,karol
1672331658413706400,0.0084420310993928,-0.8286373880349612,-0.2761882066805133,-0.4088008684801212,lying,karol
1672331658423706400,0.0031998940117509,-0.8286137411105707,-0.2765473731112918,-0.4087325919565591,lying,karol
1672331658433706400,-0.0003011912078655,-0.8265233246538567,-0.2763899871833796,-0.413063910788492,lying,karol
1672331658443706400,-0.0033527687562945,-0.8235059412386436,-0.2762837813070882,-0.4191040618241619,lying,karol
1672331658453706400,-0.0065227230393422,-0.8200972798423386,-0.2765758697206963,-0.4255098882496387,lying,karol
1672331658463706400,-0.0096537700476333,-0.8165831953883168,-0.27695798680056,-0.4319130210736041,lying,karol
1672331658473706400,-0.0125963697783084,-0.8130626492068987,-0.2772970279288647,-0.4382164016737165,lying,karol
1672331658483706400,-0.0149215266462949,-0.8092698765234134,-0.2786619112196647,-0.4442603555860097,lying,karol
1672331658493706400,-0.0168463903425736,-0.8045361692777658,-0.2817781278398935,-0.4507921974054429,lying,karol
1672331658503706400,-0.0224189749631146,-0.7991462433332484,-0.2860328327130195,-0.4574411404371423,lying,karol
1672331658513706400,-0.031520013345803,-0.7941804984297011,-0.2912129827314872,-0.462357276072733,lying,karol
1672331658523706400,-0.0374122360342627,-0.789618613266429,-0.2939410671754531,-0.4680051642494827,lying,karol
1672331658533706400,-0.0414779002410202,-0.7851000029480675,-0.2942786386447352,-0.475006380051621,lying,karol
1672331658543706400,-0.0483252229662888,-0.7853385056052644,-0.2907014633405504,-0.476226131355786,lying,karol
1672331658553706400,-0.0555007949495253,-0.7908714662090996,-0.286043681180434,-0.4693468398969379,lying,karol
1672331658563706400,-0.057708964113571,-0.8007215106505118,-0.2859981837096141,-0.4528656128083459,lying,karol
1672331658573706400,-0.0601797039823132,-0.8099074424028438,-0.2874681835186788,-0.4357955212513786,lying,karol
1672331658583706400,-0.0710345959645179,-0.810312130063928,-0.2847145289619882,-0.4353681591051228,lying,karol
1672331658593706400,-0.0827586265349178,-0.8090766905871122,-0.2808707845032011,-0.4382187400895413,lying,karol
1672331658603706400,-0.0917575982691435,-0.8096303193631019,-0.2781100731980012,-0.437291608956501,lying,karol
1672331658613706400,-0.0989305610748424,-0.8102495223219293,-0.2758950375457646,-0.4360832862303063,lying,karol
1672331658623706400,-0.1041427262364467,-0.8103687668570967,-0.2736751862651919,-0.4361188862352876,lying,karol
1672331658633706400,-0.1090783487641533,-0.8092171345613022,-0.2728718928268082,-0.4376002493097248,lying,karol
1672331658643706400,-0.1143313513536314,-0.8064215104035721,-0.2736578713184546,-0.4409457452076819,lying,karol
1672331658653706400,-0.1193539793164517,-0.8034758494148186,-0.2744166595541876,-0.4445322063605061,lying,karol
1672331658663706400,-0.1236440172927106,-0.8008287575391354,-0.2750342325477559,-0.4477649928679084,lying,karol
1672331658673706400,-0.127084553433585,-0.7981927570145492,-0.2750808139260314,-0.4514781228257113,lying,karol
1672331658683706400,-0.1302709855337837,-0.7952518656606522,-0.27469043683176,-0.4559836703935029,lying,karol
1672331658693706400,-0.1341051795770636,-0.7922183991428183,-0.2737634145838354,-0.4606941223893792,lying,karol
1672331658703706400,-0.1383694359684038,-0.7891890260978295,-0.2726081206577702,-0.4653047399596345,lying,karol
1672331658713706400,-0.1421549448549126,-0.7873000967929471,-0.2719064605013523,-0.4677951942740206,lying,karol
1672331658723706400,-0.1456632584769232,-0.7858518804205101,-0.2713078205899087,-0.4695281001931861,lying,karol
1672331658733706400,-0.1498326792116175,-0.7826024135115331,-0.2696926546817112,-0.4745532854732207,lying,karol
1672331658743706400,-0.1539681190518293,-0.7783853518787027,-0.2679047366866387,-0.4811360029232573,lying,karol
1672331658753706400,-0.1571526228459227,-0.7733651125966767,-0.2674595157990202,-0.4883990203769865,lying,karol
1672331658763706400,-0.1601809788823691,-0.7683400525764241,-0.2673566713351584,-0.4953576825624618,lying,karol
1672331658773706400,-0.1633524165144815,-0.7637485840506804,-0.2676912224912909,-0.5012123369183954,lying,karol
1672331658783706400,-0.1666360696014518,-0.7592372840936654,-0.2676639252438785,-0.5069712684948409,lying,karol
1672331658793706400,-0.1702936497128379,-0.7547046718443847,-0.2670142760212189,-0.512835618121004,lying,karol
1672331658803706400,-0.1738706409427678,-0.750470024911808,-0.2661609373320972,-0.5182679680801705,lying,karol
1672331658813706400,-0.1773697933799893,-0.7465882763071447,-0.2653574128457917,-0.5230829085026083,lying,karol
1672331658823706400,-0.1809198948009113,-0.7427295148156883,-0.2644016779759958,-0.5278280093012636,lying,karol
1672331658833706400,-0.1845532185120775,-0.7388585472729114,-0.2634633110973709,-0.5324576834626348,lying,karol
1672331658843706400,-0.1883551114404265,-0.7347126151682248,-0.2629551481775857,-0.5371002134028681,lying,karol
1672331658853706400,-0.1919143542270687,-0.7304221433193399,-0.2624823260505545,-0.5419078519853112,lying,karol
1672331658863706400,-0.1953326010147332,-0.725960512040194,-0.2622038936073994,-0.5468004884081826,lying,karol
1672331658873706400,-0.1985043312229339,-0.7213648771144262,-0.262054058928117,-0.5517953565176369,lying,karol
1672331658883706400,-0.2012927537017974,-0.7166417142090564,-0.2619999565110421,-0.5569468024184019,lying,karol
1672331658893706400,-0.2037735376796669,-0.7116947989236101,-0.2619870374632023,-0.5623729286930211,lying,karol
1672331658903706400,-0.2061063705821179,-0.7062501603296624,-0.2619014413654275,-0.5683999640501654,lying,karol
1672331658913706400,-0.2084061049522502,-0.7003636098214905,-0.2615370218615997,-0.5749822586477579,lying,karol
1672331658923706400,-0.2107564696346828,-0.6940223513930606,-0.2609241094013372,-0.5820599333682391,lying,karol
1672331658933706400,-0.2131258551090134,-0.6873942170128376,-0.2601766364441771,-0.5893631221054482,lying,karol
1672331658943706400,-0.2152179332931858,-0.6807269169109933,-0.2589728021467359,-0.5968357787172492,lying,karol
1672331658953706400,-0.2171506872974292,-0.6742753342142289,-0.2572165901755648,-0.6041831175693825,lying,karol
1672331658963706400,-0.2190669878771074,-0.6680902408244938,-0.2547428264901514,-0.6113755410813208,lying,karol
1672331658973706400,-0.2215744764471126,-0.6618609562018022,-0.2523561119426495,-0.618206804919338,lying,karol
1672331658983706400,-0.2244575463804162,-0.6556591791337726,-0.2500165529487879,-0.6247000314108259,lying,karol
1672331658993706400,-0.227295327746534,-0.6495622635532093,-0.2474394095736161,-0.6310454580783816,lying,karol
1672331659003706400,-0.230167805338104,-0.6434487461678549,-0.2449559440503474,-0.6372146726785356,lying,karol
1672331659013706400,-0.2323971061027494,-0.6370435062109019,-0.2432315071593857,-0.643479539953318,lying,karol
1672331659023706400,-0.2342340339783747,-0.6305427363599669,-0.2417253778075843,-0.6497622432074661,lying,karol
1672331659033706400,-0.236209592418685,-0.6242164971221327,-0.239984213164064,-0.6557808264045043,lying,karol
1672331659043706400,-0.2381275778008992,-0.6180834994572203,-0.2380434421671818,-0.6615850287010931,lying,karol
1672331659053706400,-0.2400008916443395,-0.6120961599140061,-0.2360939700969188,-0.6671561096942662,lying,karol
1672331659063706400,-0.2419020130487496,-0.6061209083880735,-0.2342862705356277,-0.6725464312076147,lying,karol
1672331659073706400,-0.2435533586915337,-0.600215735626576,-0.2324268593338924,-0.6778765038814296,lying,karol
1672331659083706400,-0.2452013789079443,-0.5943000033301473,-0.2307429767297671,-0.6830558696868078,lying,karol
1672331659093706400,-0.2466668294113242,-0.5884392027432096,-0.2290694154894128,-0.6881521617431745,lying,karol
1672331659103706400,-0.2479610523925054,-0.5826847230403923,-0.2273915467673939,-0.6931270884982552,lying,karol
1672331659113706400,-0.2491818982325816,-0.5770347626986384,-0.2257883967772196,-0.6979276547214419,lying,karol
1672331659123706400,-0.2501182820447341,-0.5715244534565733,-0.2240565115328554,-0.7026725955953432,lying,karol
1672331659133706400,-0.2510730011325481,-0.566045496658248,-0.2224417736701181,-0.7072685561904765,lying,karol
1672331659143706400,-0.2518145657511296,-0.5606537495317989,-0.2207775685384626,-0.7118096209965102,lying,karol
1672331659153706400,-0.2521576347506263,-0.5554110046976609,-0.2189157803938459,-0.7163617589402248,lying,karol
1672331659163706400,-0.2522150767267375,-0.5502922806972125,-0.216931427753147,-0.7208840230937272,lying,karol
1672331659173706400,-0.2520875393516772,-0.5452947271768857,-0.2149016290823118,-0.7253229166340823,lying,karol
1672331659183706400,-0.252274355105277,-0.5403590280096963,-0.2131417991327018,-0.7294611600806917,lying,karol
1672331659193706400,-0.2520298956641049,-0.5356602625263616,-0.2111053131919852,-0.7335932429312031,lying,karol
1672331659203706400,-0.251329908544445,-0.5311652687357219,-0.2088039487382034,-0.7377499982959048,lying,karol
1672331659213706400,-0.2512027016361123,-0.5265101963134963,-0.2069869882153645,-0.7416332572119887,lying,karol
1672331659223706400,-0.2498610717380985,-0.5221440215412189,-0.2043952531032103,-0.7458812851254477,lying,karol
1672331659233706400,-0.2493147668936549,-0.5175166643293421,-0.2024412504428016,-0.7498129702767534,lying,karol
1672331659243706400,-0.2472131076919608,-0.5132695420158452,-0.1994891248410461,-0.7542079200678868,lying,karol
1672331659253706400,-0.2452420040473641,-0.5089982505005609,-0.1967322294185514,-0.758459660737961,lying,karol
1672331659263706400,-0.2431511338428358,-0.5048068188804551,-0.1940043617721654,-0.7626265425734366,lying,karol
1672331659273706400,-0.2413835928421628,-0.5005944672211657,-0.1915736851658971,-0.7665700576973058,lying,karol
1672331659283706400,-0.2394508679799471,-0.4964974327216868,-0.1890932626675564,-0.7704477697064668,lying,karol
1672331659293706400,-0.2360963071498608,-0.4928196516053722,-0.1857552409506539,-0.7746457549059589,lying,karol
1672331659303706400,-0.2309696900723131,-0.4896300214875133,-0.1814018846008564,-0.7792327240847449,lying,karol
1672331659313706400,-0.2256802432848823,-0.486554361339679,-0.1771176738545613,-0.7836825420874302,lying,karol
1672331659323706400,-0.2396483627495616,-0.4791579227176654,-0.1847996626832507,-0.7823182555226676,lying,karol
1672331659333706400,-0.2338066529454107,-0.4764079930032954,-0.1802090751045384,-0.7868237273887578,lying,karol
1672331659343706400,-0.2275940517580847,-0.4737792497562918,-0.1755508807658776,-0.7912733945282094,lying,karol
1672331659353706400,-0.2371951619432736,-0.4676768883054683,-0.1804014420658581,-0.7909930954590847,lying,karol
1672331659363706400,-0.2308776460409569,-0.4652057559446909,-0.1757885405151702,-0.7953463675950205,lying,karol
1672331659373706400,-0.224281949507698,-0.4628388536051148,-0.1712069493641627,-0.7996027704802808,lying,karol
1672331659383706400,-0.2381632102732576,-0.4560969718693164,-0.1785436975376796,-0.797856379570455,lying,karol
1672331659393706400,-0.2314007171663278,-0.4539163827966143,-0.1740066551208271,-0.8020812379506937,lying,karol
1672331659403706400,-0.2244719725020108,-0.4517810945413369,-0.1695704325278724,-0.8061955278867267,lying,karol
1672331659413706400,-0.2129407113413963,-0.4505902061446618,-0.1627633905961802,-0.8113767060248747,lying,karol
1672331659423706400,-0.2222974265832116,-0.4452454765338307,-0.1676948105847177,-0.8108133397126928,lying,karol
1672331659433706400,-0.2316345410753904,-0.439927325086722,-0.1724842732229018,-0.8100976350147483,lying,karol
1672331659443706400,-0.2246554729909662,-0.4381047636315478,-0.1683696386150654,-0.8139075527210411,lying,karol
1672331659453706400,-0.2386150382793226,-0.4319798057408135,-0.1755624743977064,-0.8116858483452054,lying,karol
1672331659463706400,-0.2317356472608849,-0.4303299488323559,-0.1715294761615581,-0.8154092488666115,lying,karol
1672331659473706400,-0.2248516647632734,-0.4287513387137457,-0.1676100271572291,-0.818975522536782,lying,karol
1672331659483706400,-0.2345150914048878,-0.4238521636825541,-0.1723897506618308,-0.8178227126864731,lying,karol
1672331659493706400,-0.2276821111191465,-0.4224312841433531,-0.1685404095929276,-0.8212839018365654,lying,karol
1672331659503706400,-0.2207882148760632,-0.4210643327764333,-0.16477447489978,-0.8246256853022013,lying,karol
1672331659513706400,-0.2351191951982794,-0.4154120093264062,-0.1718702712372127,-0.8220787691049466,lying,karol
1672331659523706400,-0.2282312498753363,-0.4140443604004286,-0.1681191237877047,-0.8254786834287844,lying,karol
1672331659533706400,-0.2213383509147676,-0.4126158004591297,-0.1645057091632747,-0.8287924634270111,lying,karol
1672331659543706400,-0.2311633087129739,-0.4077786255711709,-0.1693075613437552,-0.8275365494002884,lying,karol
1672331659553706400,-0.2242554886829743,-0.4062140223148845,-0.16583494860198,-0.8309032194372841,lying,karol
1672331659563706400,-0.2172512198918953,-0.4045752412037391,-0.162487073188898,-0.8342185018559847,lying,karol
1672331659573706400,-0.231673643170458,-0.3986435793023262,-0.1696041358272675,-0.8317733137405234,lying,karol
1672331659583706400,-0.2246076166958505,-0.3969134358794388,-0.166350246267879,-0.8351889249094927,lying,karol
1672331659593706400,-0.2175071088679576,-0.3951382648375859,-0.1632775825546899,-0.8385097943187053,lying,karol
1672331659603706400,-0.2273237091898281,-0.3900223035791288,-0.1682903256409792,-0.8373092626094348,lying,karol
1672331659613706400,-0.2201829242728523,-0.3882263376828728,-0.1653934083469141,-0.8406228750445618,lying,karol
1672331659623706400,-0.2082921461924375,-0.38735009169785,-0.1604747028997036,-0.844999582510181,lying,karol
1672331659633706400,-0.2181596864343252,-0.3823488201477099,-0.1656164162421288,-0.8437945270469054,lying,karol
1672331659643706400,-0.2326704207450872,-0.3763402318426858,-0.1726871385358315,-0.8411979907976174,lying,karol
1672331659653706400,-0.2255104404495063,-0.3747062853649814,-0.1699427831491561,-0.8444301152290673,lying,karol
1672331659663706400,-0.2182802348618021,-0.373119188685351,-0.1672890198811556,-0.847556984914198,lying,karol
1672331659673706400,-0.2281444567200283,-0.3681678433965532,-0.1722028631200145,-0.8461391629663786,lying,karol
1672331659683706400,-0.2208633994583883,-0.3666732321126462,-0.1695845431241179,-0.8492432224003589,lying,karol
1672331659693706400,-0.2088014786377414,-0.3661762180820787,-0.165029385724834,-0.8533962657151184,lying,karol
1672331659703706400,-0.2233832182503737,-0.3605305745198051,-0.1719727236698217,-0.8507326756999398,lying,karol
1672331659713706400,-0.215971779505405,-0.3592765255397541,-0.1694798299622459,-0.8536722560137812,lying,karol
1672331659723706400,-0.2085072260489249,-0.3581484907855147,-0.1670733752134847,-0.8564719410990951,lying,karol
1672331659733706400,-0.2230424649864702,-0.3527880237520526,-0.1738728295721365,-0.853676988605674,lying,karol
1672331659743706400,-0.2155507500986215,-0.351851652477517,-0.1714174563322913,-0.856480034552646,lying,karol
1672331659753706400,-0.2080432828635473,-0.3509610703071893,-0.169026112999106,-0.8591731054984981,lying,karol
1672331659763706400,-0.2179296933419479,-0.3466783865429945,-0.1737359556706515,-0.8575201087114925,lying,karol
1672331659773706400,-0.205683385306084,-0.3468281011426632,-0.1693997237215584,-0.8613435912733856,lying,karol
1672331659783706400,-0.1935038714712373,-0.3469854358707913,-0.1652104319378694,-0.8649090080317575,lying,karol
1672331659793706400,-0.2035563639226617,-0.3429003276515706,-0.1700075261181749,-0.8632998443308119,lying,karol
1672331659803706400,-0.1913590358521393,-0.3430652298576652,-0.1658916778568686,-0.8668178383036041,lying,karol
1672331659813706400,-0.2014226021136095,-0.3389205405571108,-0.1706532528333204,-0.8652425706852227,lying,karol
1672331659823706400,-0.2114215576177825,-0.3346437727973863,-0.1752906729730331,-0.8635932037092462,lying,karol
1672331659833706400,-0.2038926161938621,-0.3338077234584185,-0.1730862346943991,-0.8661680099033039,lying,karol
1672331659843706400,-0.2185574795039118,-0.3284481948057596,-0.1794491908887441,-0.8633412502803319,lying,karol
1672331659853706400,-0.210895656083904,-0.3275705118366953,-0.1771866631875159,-0.8660434273875031,lying,karol
1672331659863706400,-0.2031659102600818,-0.3266872219805804,-0.174972490571314,-0.8686710975037343,lying,karol
1672331659873706400,-0.2129467193492558,-0.3222624514979816,-0.1793588419017694,-0.867085239360842,lying,karol
1672331659883706400,-0.2051743676616157,-0.3213957471927972,-0.1771348721827612,-0.8697340454978453,lying,karol
1672331659893706400,-0.197372910336132,-0.3205324581027055,-0.1749691002067445,-0.8722926843310785,lying,karol
1672331659903706400,-0.2071681289553761,-0.3161281617733827,-0.1792806253993566,-0.8707517775799056,lying,karol
1672331659913706400,-0.1993511861679099,-0.3152952291510698,-0.1771050033803492,-0.8733199328282079,lying,karol
1672331659923706400,-0.2140010543001808,-0.3098951306009035,-0.1830413128989394,-0.8705574748327701,lying,karol
1672331659933706400,-0.2061602967092634,-0.3091362385666505,-0.1808585506163552,-0.8731716944478738,lying,karol
1672331659943706400,-0.198272876978667,-0.3084211480808965,-0.1787563984764238,-0.8756805018707263,lying,karol
1672331659953706400,-0.1903517486798631,-0.3077429442078962,-0.1767325769806017,-0.8780843022944305,lying,karol
1672331659963706400,-0.2049853236914202,-0.3025054405540587,-0.1826210079170931,-0.8754010628321474,lying,karol
1672331659973706400,-0.1970474587678649,-0.3018664877893577,-0.1805852615094927,-0.8778632531018339,lying,karol
1672331659983706400,-0.1890776933259802,-0.301267390072211,-0.1786244964126556,-0.8802198067373252,lying,karol
1672331659993706400,-0.2037399925168986,-0.2960734167253999,-0.184430068983441,-0.8775090651656055,lying,karol
1672331660003706400,-0.1957328358644447,-0.2955525296621962,-0.1824949964072126,-0.8799085358692229,lying,karol
1672331660013706400,-0.187655718832084,-0.2950799273523239,-0.1806474648704813,-0.8822050789210374,lying,karol
1672331660023706400,-0.1745679540215443,-0.2956454394889011,-0.1772405223151341,-0.8853879337309675,lying,karol
1672331660033706400,-0.1842662150456822,-0.2916560535462457,-0.181541518174821,-0.8838730878307565,lying,karol
1672331660043706400,-0.1988643986878102,-0.2865473265904094,-0.1873769785149327,-0.8811581916097845,lying,karol
1672331660053706400,-0.190715661861468,-0.2861767882340332,-0.1857519013830893,-0.8834211846922336,lying,karol
1672331660063706400,-0.1776307847108535,-0.2868881790671758,-0.1826313194749114,-0.8865634342413794,lying,karol
1672331660073706400,-0.187383441380791,-0.2829393696322099,-0.1869649191873503,-0.8849199919384934,lying,karol
1672331660083706400,-0.1792825017061827,-0.2827356429721709,-0.185524377377159,-0.8869642778324912,lying,karol
1672331660093706400,-0.1890897528021924,-0.2788141216221753,-0.1898062833155479,-0.8852615299308773,lying,karol
1672331660103706400,-0.2038344088073047,-0.2736971905517255,-0.1954898995096432,-0.8823444779848479,lying,karol
1672331660113706400,-0.1958024625291502,-0.2734738754890136,-0.193975901439447,-0.8845640205410933,lying,karol
1672331660123706400,-0.1877401392018638,-0.2732077806012362,-0.1924946323369511,-0.8867151149051341,lying,karol
1672331660133706400,-0.1796607603902999,-0.2728978060332958,-0.1910600238515043,-0.8887922187352841,lying,karol
1672331660143706400,-0.1895139133031236,-0.2686634492882917,-0.1951484176722686,-0.8871461552470772,lying,karol
1672331660153706400,-0.1814581641004409,-0.2682639614371661,-0.1937539285851094,-0.8892545410036987,lying,karol
1672331660163706400,-0.1734206629399858,-0.2678805522546851,-0.1924515812802386,-0.8912545138983332,lying,karol
1672331660173706400,-0.1833726266792587,-0.2636324108242796,-0.1966122221645214,-0.8896196478645152,lying,karol
1672331660183706400,-0.1982879929840313,-0.2581793444894716,-0.2021473683953225,-0.8867744547862667,lying,karol
1672331660193706400,-0.1903240710553535,-0.2578424957196973,-0.2009400708114306,-0.8888894500129391,lying,karol
1672331660203706400,-0.1823402559690122,-0.2575577558675432,-0.1998002115156653,-0.8909003743339341,lying,karol
1672331660213706400,-0.1923182847845168,-0.2532833094896045,-0.203856680659013,-0.8891071051415269,lying,karol
1672331660223706400,-0.1843025872871304,-0.2531186656326465,-0.2027077831838998,-0.8911121979349488,lying,karol
1672331660233706400,-0.1942311687853682,-0.2489547119487082,-0.2066464609971682,-0.8892699467808072,lying,karol
1672331660243706400,-0.1861464508504815,-0.2489996321191521,-0.2054479157467181,-0.8912619605661527,lying,karol
1672331660253706400,-0.1780139919467301,-0.2491676140421347,-0.2042486453722076,-0.8931500887727175,lying,karol
1672331660263706400,-0.1698419423701885,-0.2494607970385838,-0.2030408084934302,-0.8949332620164482,lying,karol
1672331660273706400,-0.1796997595619751,-0.245757016362869,-0.2068180837278388,-0.8931662130045903,lying,karol
1672331660283706400,-0.1665536119719868,-0.2473702560790837,-0.2041675564446997,-0.8958747866214347,lying,karol
1672331660293706400,-0.1813682795989324,-0.2426477645519226,-0.2092228691134589,-0.8931190607513421,lying,karol
1672331660303706400,-0.1731453977163243,-0.2432685943431953,-0.2079126292634022,-0.8948864578046531,lying,karol
1672331660313706400,-0.1648913399782254,-0.2439749864034985,-0.2066353171275374,-0.8965475003975043,lying,karol
1672331660323706400,-0.1747095208073867,-0.2405530903312987,-0.2103006424345302,-0.8947587012566932,lying,karol
1672331660333706400,-0.1664227207889965,-0.2413477170083952,-0.2090596442434436,-0.8964138109683828,lying,karol
1672331660343706400,-0.1761909842189032,-0.2379604931371473,-0.2127190199491692,-0.8945900083270824,lying,karol
1672331660353706400,-0.1678620992982153,-0.2388241273092623,-0.2115268648045296,-0.896242768984431,lying,karol
1672331660363706400,-0.1825848703899751,-0.2342117535266148,-0.2164768816761798,-0.8933951909997967,lying,karol
1672331660373706400,-0.1742848290581978,-0.2350513560546274,-0.2153024109536749,-0.89511469490699,lying,karol
1672331660383706400,-0.1659679285818185,-0.2358885292800872,-0.2141695722368817,-0.8967455551348792,lying,karol
1672331660393706400,-0.1576369683589523,-0.2367206027584438,-0.2130795227727231,-0.8982878893102728,lying,karol
1672331660403706400,-0.1442652414825985,-0.2387310348450418,-0.2107064866667684,-0.9005598122925781,lying,karol
1672331660413706400,-0.1590962962009337,-0.2341130610006126,-0.2158062320816555,-0.8980631137312417,lying,karol
1672331660423706400,-0.1688906135106282,-0.2305645034215398,-0.2194599989563503,-0.8963055225759489,lying,karol
1672331660433706400,-0.1605728740460563,-0.2313822243980557,-0.2183780228627785,-0.8978864211791244,lying,karol
1672331660443706400,-0.1522182482812499,-0.2322278329134503,-0.2172901573814409,-0.8993860351494596,lying,karol
1672331660453706400,-0.1388200091374128,-0.2342906806169641,-0.2148992530997135,-0.9015906177215732,lying,karol
1672331660463706400,-0.1486096356108984,-0.23080894360896,-0.2185226119283988,-0.9000559691654232,lying,karol
1672331660473706400,-0.1583815368281219,-0.2272002587174406,-0.2220335161455205,-0.8984469560543352,lying,karol
1672331660483706400,-0.150002630302242,-0.2279707575433929,-0.220873716266443,-0.8999743542340238,lying,karol
1672331660493706400,-0.1597698699642706,-0.2242667397615458,-0.2242882455158524,-0.8983781527713282,lying,karol
1672331660503706400,-0.1513714441618135,-0.2250197015064376,-0.2230908118583617,-0.8999410160237862,lying,karol
1672331660513706400,-0.1378982259944954,-0.2270302185567672,-0.2206389259218409,-0.9022030653150748,lying,karol
1672331660523706400,-0.1476391216210325,-0.2233647551686608,-0.2240389856100838,-0.9007374669843006,lying,karol
1672331660533706400,-0.1341801929744562,-0.2253907051433435,-0.2216318183372555,-0.9029311421640188,lying,karol
1672331660543706400,-0.1438866825894537,-0.2217344755220105,-0.2250233515287272,-0.9015018421743162,lying,karol
1672331660553706400,-0.1535818875688663,-0.2179873517309941,-0.22833921599644,-0.8999811043861237,lying,karol
1672331660563706400,-0.163249167873374,-0.2141638147897899,-0.2315843997537843,-0.8983668145482364,lying,karol
1672331660573706400,-0.154747072851598,-0.214962387583822,-0.2304773789267877,-0.8999641209598301,lying,karol
1672331660583706400,-0.1461946113772203,-0.2158084804212418,-0.2294200565050119,-0.9014604949581704,lying,karol
1672331660593706400,-0.1375956885320924,-0.2167320565248976,-0.2284112668248846,-0.902847553379363,lying,karol
1672331660603706400,-0.152236842607622,-0.2117921985412886,-0.2329739177245398,-0.9005009407990122,lying,karol
1672331660613706400,-0.1436571268747953,-0.2127993921797415,-0.231991772843413,-0.9019255266764332,lying,karol
1672331660623706400,-0.1583284206271241,-0.2078521998366782,-0.2364771933160913,-0.8994547816000412,lying,karol
1672331660633706400,-0.1498043107833678,-0.2089474227410707,-0.2355171479001946,-0.900911821689284,lying,karol
1672331660643706400,-0.1644887449409666,-0.2039795137520783,-0.2399274362973807,-0.898321452796988,lying,karol
1672331660653706400,-0.1559926581852515,-0.205119676305452,-0.2389962099211772,-0.8998243274593928,lying,karol
1672331660663706400,-0.1474685519528558,-0.2063050141964123,-0.2380923241282525,-0.9012292252601284,lying,karol
1672331660673706400,-0.1389210847327656,-0.207535198136067,-0.2372141828212488,-0.9025354923684122,lying,karol
1672331660683706400,-0.1485519437488058,-0.2039974345368543,-0.2405331943146,-0.9009283926228676,lying,karol
1672331660693706400,-0.1399718235243383,-0.2052659380370489,-0.2396838023349242,-0.9022395965172282,lying,karol
1672331660703706400,-0.1496003784442484,-0.20169328327732,-0.2429650258066643,-0.9006211099560627,lying,karol
1672331660713706400,-0.1360009815402963,-0.204321634802015,-0.2409826297585792,-0.9027151411157064,lying,karol
1672331660723706400,-0.1505968814673081,-0.199412857722517,-0.2453660944180202,-0.9003118539443381,lying,karol
1672331660733706400,-0.1419994847848254,-0.2007360157216148,-0.2445319451726726,-0.9016408394505006,lying,karol
1672331660743706400,-0.1333735774467784,-0.2021092950995094,-0.243713532834058,-0.9028720448400748,lying,karol
1672331660753706400,-0.1429575072144229,-0.1985787176487664,-0.2469662308127415,-0.9013036313866908,lying,karol
1672331660763706400,-0.1343262183940285,-0.1999905641072024,-0.2461541885565201,-0.9025404619177878,lying,karol
1672331660773706400,-0.1206928991897094,-0.2027863737244858,-0.2442318063830583,-0.9043631350881876,lying,karol
1672331660783706400,-0.1302871782961581,-0.199309087757782,-0.247502393670872,-0.9029145378870476,lying,karol
1672331660793706400,-0.1448479685364581,-0.1943417584411942,-0.2517649460078013,-0.9005974304123,lying,karol
1672331660803706400,-0.1362267860463281,-0.1957489315030604,-0.2509274238508692,-0.9018708518345804,lying,karol
1672331660813706400,-0.127572186498899,-0.1972011976362742,-0.2500828556720028,-0.903054034532105,lying,karol
1672331660823706400,-0.1421412481278815,-0.1922106175601296,-0.254268220676385,-0.9007827852323952,lying,karol
1672331660833706400,-0.1334979122709477,-0.1937038847116617,-0.2534100240399384,-0.9020263248650884,lying,karol
1672331660843706400,-0.1248353763902733,-0.195260263049881,-0.2525499747628319,-0.9031716851986196,lying,karol
1672331660853706400,-0.1110878188018195,-0.1982900301842739,-0.2505754350140859,-0.9048555349699612,lying,karol
1672331660863706400,-0.1206578941614428,-0.1948961042235123,-0.2536829261821003,-0.903500516422517,lying,karol
1672331660873706400,-0.1352297630466497,-0.1900143677426479,-0.2577649243550668,-0.9013188807570572,lying,karol
1672331660883706400,-0.1265634129941943,-0.1917024702506907,-0.2568513361917757,-0.90248007562475,lying,karol
1672331660893706400,-0.1178694837591873,-0.1934382748979531,-0.255922348262852,-0.90355033199239,lying,karol
1672331660903706400,-0.1323747001906329,-0.1885942920695598,-0.2599160690220205,-0.9014232107523038,lying,karol
1672331660913706400,-0.1236616995382016,-0.1903619074748129,-0.2589665101643524,-0.902561642040622,lying,karol
1672331660923706400,-0.1381195327120951,-0.1854836733039229,-0.2628744496664872,-0.9003481981217467,lying,karol
1672331660933706400,-0.1294049885178902,-0.1873100570831916,-0.2619347422276357,-0.901537880031314,lying,karol
1672331660943706400,-0.1206892861333623,-0.1891979188828643,-0.2610050160594759,-0.9026215771198374,lying,karol
1672331660953706400,-0.1069235324509323,-0.192594214088441,-0.2590085467442902,-0.904212646299499,lying,karol
1672331660963706400,-0.1164414654883301,-0.1893442687826471,-0.2619532690327497,-0.9028741625666538,lying,karol
1672331660973706400,-0.1027118997911134,-0.1927851651446089,-0.259960386915792,-0.9043870325027548,lying,karol
1672331660983706400,-0.112215585797772,-0.1895567854320477,-0.2628946162175458,-0.9030910778416592,lying,karol
1672331660993706400,-0.1217009015710159,-0.1862558972020087,-0.2657658007496374,-0.9017080349858444,lying,karol
1672331661003706400,-0.1079642146351888,-0.1897230208273514,-0.2637911632048453,-0.9033129877408044,lying,karol
1672331661013706400,-0.0941634033869264,-0.1932090210318675,-0.2617906207571305,-0.9046990880468612,lying,karol
1672331661023706400,-0.10362618398446,-0.1899458928927731,-0.2647430992268718,-0.9034957192897952,lying,karol
1672331661033706400,-0.1130879079113883,-0.1865893233771869,-0.267640745746286,-0.9022057634429717,lying,karol
1672331661043706400,-0.0993077005616187,-0.1900519980123969,-0.2656760924267629,-0.9036845115969424,lying,karol
1672331661053706400,-0.1087754133392087,-0.1866744333677366,-0.268582670973328,-0.9024384643501658,lying,karol
1672331661063706400,-0.1182370870760115,-0.1832186633334882,-0.2714312572372871,-0.901103355194048,lying,karol
1672331661073706400,-0.104470516714101,-0.1867090490756475,-0.269501467118544,-0.9026659833696552,lying,karol
1672331661083706400,-0.0907036577013309,-0.1902271783017462,-0.2675548701175202,-0.9039978654682764,lying,karol
1672331661093706400,-0.1001536271076215,-0.1868789017200501,-0.2704826679541367,-0.9028266412015648,lying,karol
1672331661103706400,-0.1146454244870117,-0.1819191041811247,-0.2743815746210306,-0.9009372447329448,lying,karol
1672331661113706400,-0.1058999570533281,-0.1839381918879602,-0.2735018226670221,-0.9018647376972146,lying,karol
1672331661123706400,-0.0971441389879529,-0.1859825455616822,-0.2726043135526783,-0.9027024527401376,lying,karol
1672331661133706400,-0.1065967175163033,-0.1825575777202592,-0.2754235655417225,-0.9014782618820898,lying,karol
1672331661143706400,-0.0978323739961834,-0.1846735751917965,-0.2744948779111929,-0.9023238825491808,lying,karol
1672331661153706400,-0.1122851919563672,-0.1797219942315835,-0.2782690148691999,-0.9004830527101818,lying,karol
1672331661163706400,-0.1216929583745085,-0.1762409317497376,-0.2809443566614463,-0.8991171010653293,lying,karol
1672331661173706400,-0.131088374658282,-0.1727159037020006,-0.2835566584339933,-0.8976591862320279,lying,karol
1672331661183706400,-0.1223412074029173,-0.1748876964018109,-0.2826358863196651,-0.8987631620480249,lying,karol
1672331661193706400,-0.1085283294359721,-0.1786658496870021,-0.2807217194923809,-0.9003925709630329,lying,karol
1672331661203706400,-0.1178992488421981,-0.1752305831014042,-0.2833825049785919,-0.8990549054555285,lying,karol
1672331661213706400,-0.1091142805236042,-0.177481812976825,-0.2824567460721482,-0.9000132397562599,lying,karol
1672331661223706400,-0.1003047185766595,-0.1797759012234222,-0.2815136826783462,-0.9008779106760304,lying,karol
1672331661233706400,-0.1147009531541957,-0.1748135969664088,-0.2851521997331459,-0.8989902703338526,lying,karol
1672331661243706400,-0.105919347301334,-0.177122810536194,-0.2841996898993866,-0.8999169582254535,lying,karol
1672331661253706400,-0.097131726910903,-0.1794522471748861,-0.2832280917181465,-0.9007527774110158,lying,karol
1672331661263706400,-0.0883134717877353,-0.1818303075599334,-0.2822386484474972,-0.9014938843558872,lying,karol
1672331661273706400,-0.0976686625415917,-0.1785336783785216,-0.2848943690437791,-0.9003516960941182,lying,karol
1672331661283706400,-0.1120083968747437,-0.1735689107970283,-0.2884648102807916,-0.8985140152855241,lying,karol
1672331661293706400,-0.1032051686206725,-0.1759505472305816,-0.287494387126493,-0.8994156517377448,lying,karol
1672331661303706400,-0.0943825445620404,-0.1783558164253652,-0.286515070069166,-0.9002231393920231,lying,karol
1672331661313706400,-0.1087558323270682,-0.1733596516920801,-0.2900902708355156,-0.8984306830192982,lying,karol
1672331661323706400,-0.0999253395577695,-0.1757730974671584,-0.2891148602828783,-0.8993012896824382,lying,karol
1672331661333706400,-0.0910868924762015,-0.1782098992074116,-0.2881205061163178,-0.9000791414226188,lying,karol
1672331661343706400,-0.105399613147713,-0.1732273953260028,-0.2916574505512027,-0.8983488231776834,lying,karol
1672331661353706400,-0.0965755831891471,-0.1756836356718158,-0.2906612178220192,-0.899186280676263,lying,karol
1672331661363706400,-0.1109276210711312,-0.1706317968777835,-0.2941548267615219,-0.8973651952767041,lying,karol
1672331661373706400,-0.102115101296962,-0.1731012060477015,-0.2931730361906122,-0.8982591840227969,lying,karol
1672331661383706400,-0.0932886195562879,-0.1755990784429507,-0.2921756201419216,-0.8990590223282023,lying,karol
1672331661393706400,-0.0844538615035988,-0.1781135116209184,-0.2911577772703821,-0.8997676366053038,lying,karol
1672331661403706400,-0.0987322679169255,-0.1731242031586545,-0.294665950107355,-0.8981444549412821,lying,karol
1672331661413706400,-0.0849066423904804,-0.1772861751728104,-0.2926606608300705,-0.8994007745367243,lying,karol
1672331661423706400,-0.0710593183650899,-0.181478806973859,-0.2905994733059124,-0.9004329582781928,lying,karol
1672331661433706400,-0.0803645448751863,-0.1782101631641011,-0.2931655256833914,-0.8994710734940284,lying,karol
1672331661443706400,-0.0664753078536644,-0.1824514700108556,-0.291073314280658,-0.9004334453977858,lying,karol
1672331661453706400,-0.0757697580332919,-0.1791925842239175,-0.2936390252104844,-0.8995202397050409,lying,karol
1672331661463706400,-0.0850626262904844,-0.1758639170570224,-0.2961555234046193,-0.8985208521441358,lying,karol
1672331661473706400,-0.0762095510549754,-0.1784598060413852,-0.2950838106292567,-0.8991559016320639,lying,karol
1672331661483706400,-0.0904439781911125,-0.173450437560619,-0.2985520804756821,-0.8976709205247417,lying,karol
1672331661493706400,-0.0815911700565455,-0.1760410457013923,-0.297492688566192,-0.8983663675354331,lying,karol
1672331661503706400,-0.0677113074197662,-0.1803012184319959,-0.2954212940174366,-0.8993578345553973,lying,karol
1672331661513706400,-0.0769432052103995,-0.1769685928608826,-0.2979600921014735,-0.8984393484263921,lying,karol
1672331661523706400,-0.0861409444727429,-0.1735654932339131,-0.3004651451769101,-0.8974336155862289,lying,karol
1672331661533706400,-0.0722249043044879,-0.1778259609670848,-0.2984646314347321,-0.8984943118181852,lying,karol
1672331661543706400,-0.0813904550152107,-0.1744244713157728,-0.3010108092236165,-0.8975276608893752,lying,karol
1672331661553706400,-0.0724267042113542,-0.1770732581269231,-0.3000109773879726,-0.8981116878909027,lying,karol
1672331661563706400,-0.0585225110826505,-0.1814106513150892,-0.2980106523037866,-0.8989253276058914,lying,karol
1672331661573706400,-0.0677644706536549,-0.1781267692898712,-0.3006371131329626,-0.8980579064889829,lying,karol
1672331661583706400,-0.0770592088298054,-0.1748409932791724,-0.3032135432969143,-0.8970874823116205,lying,karol
1672331661593706400,-0.068286178553371,-0.1776805670569846,-0.3022060800788531,-0.8975801131099588,lying,karol
1672331661603706400,-0.0826589777463231,-0.1727486347695961,-0.3057062596111078,-0.8961479325498278,lying,karol
1672331661613706400,-0.0739525031566203,-0.1756323685729435,-0.3046740352888215,-0.8966995776596726,lying,karol
1672331661623706400,-0.0602135833974207,-0.18021841372318,-0.3025888386089605,-0.8975231483422174,lying,karol
1672331661633706400,-0.0464277750201027,-0.1848009027079045,-0.3004100749423795,-0.898142013293905,lying,karol
1672331661643706400,-0.0557432607191343,-0.1816028254065361,-0.3029272664542344,-0.897418740877018,lying,karol
1672331661653706400,-0.0650250005757994,-0.1783219604310887,-0.3053843618975116,-0.8966190124255335,lying,karol
1672331661663706400,-0.0742850189102441,-0.1749654132577948,-0.3077833167919743,-0.8957402030513959,lying,karol
1672331661673706400,-0.0604801523299992,-0.1794827179577509,-0.3056060113309834,-0.896629979048339,lying,karol
1672331661683706400,-0.0746943993435734,-0.1744466310360758,-0.308966059833047,-0.8954001072890768,lying,karol
1672331661693706400,-0.0658225252086798,-0.1773088166865437,-0.3077560512532092,-0.8959505914793697,lying,karol
1672331661703706400,-0.0519739676190987,-0.1818798203405345,-0.30551501206783,-0.8967113807116034,lying,karol
1672331661713706400,-0.0611464962377417,-0.1786164564525615,-0.3078952697293263,-0.8959743716848559,lying,karol
1672331661723706400,-0.070310992461789,-0.1753198022810874,-0.3102286515357784,-0.895147945569182,lying,karol
1672331661733706400,-0.0794709265735493,-0.1719909759730247,-0.3125159398619756,-0.8942313030290585,lying,karol
1672331661743706400,-0.0705729998255886,-0.1749579837880579,-0.3112869920493755,-0.8948306893805316,lying,karol
1672331661753706400,-0.0616622483771305,-0.177981770847851,-0.3100299422169381,-0.8953290708159797,lying,karol
1672331661763706400,-0.0708348163549966,-0.1747651216726793,-0.3123359457228452,-0.894482170422176,lying,karol
1672331661773706400,-0.080026940475993,-0.1715089352700228,-0.3146048501730417,-0.893541683607342,lying,karol
1672331661783706400,-0.071189376187472,-0.1745724509944892,-0.3133691322714411,-0.8941302820627155,lying,karol
1672331661793706400,-0.0623485025905136,-0.1776495557983101,-0.3121036218306809,-0.8946269246253404,lying,karol
1672331661803706400,-0.0765387967412494,-0.1726651071545931,-0.3153637911991035,-0.8933571604925438,lying,karol
1672331661813706400,-0.0677111958771691,-0.1757199083311647,-0.3141162666027379,-0.8939135804690154,lying,karol
1672331661823706400,-0.058873596166784,-0.1787630145420996,-0.3128442116123806,-0.8943819266741532,lying,karol
1672331661833706400,-0.0680748592466048,-0.1754634388263963,-0.3151528153602636,-0.8935714701783074,lying,karol
1672331661843706400,-0.0592141062959572,-0.1784583948412929,-0.3138759941537469,-0.8940587474030731,lying,karol
1672331661853706400,-0.0733623797368459,-0.1733209274957586,-0.3171412610060832,-0.8928673719960334,lying,karol
1672331661863706400,-0.0645122380325619,-0.1762790109265615,-0.3158838545509896,-0.8934171425698237,lying,karol
1672331661873706400,-0.0506494741633565,-0.1810066034380484,-0.3136104612606128,-0.8941658975336293,lying,karol
1672331661883706400,-0.0598482165529906,-0.1776573144341786,-0.3159746460383996,-0.8934366492157664,lying,karol
1672331661893706400,-0.051017351754307,-0.1806590065291442,-0.3147260018904508,-0.8938232912313586,lying,karol
1672331661903706400,-0.0652351469986949,-0.1755298124833024,-0.3180971329464633,-0.8927266566459034,lying,karol
1672331661913706400,-0.0564107895351061,-0.1785516178239938,-0.3168795537716203,-0.8931615381862543,lying,karol
1672331661923706400,-0.0425867284277651,-0.1833457967606557,-0.3146292845182621,-0.8937517462801221,lying,karol
1672331661933706400,-0.056697357493209,-0.1782646418215303,-0.3180487538125069,-0.8927851022209483,lying,karol
1672331661943706400,-0.0658252956954687,-0.174846064400159,-0.320410606061104,-0.891989959335701,lying,karol
1672331661953706400,-0.0519633613082999,-0.1796303114074664,-0.3181983978767262,-0.8927461762758001,lying,karol
1672331661963706400,-0.0380797447218228,-0.1844293811891485,-0.3159025462666422,-0.893283014685708,lying,karol
1672331661973706400,-0.047245652211278,-0.1810892208086256,-0.3183080610926417,-0.8926745087608097,lying,karol
1672331661983706400,-0.0333948189233116,-0.185935219775272,-0.3159733310435365,-0.8931332634524497,lying,karol
1672331661993706400,-0.0425776812901838,-0.182656461502866,-0.3183818492291068,-0.892563772998022,lying,karol
1672331662003706400,-0.0517658424840647,-0.1793625608710414,-0.3207488918999396,-0.8918984808458854,lying,karol
1672331662013706400,-0.0659212440116289,-0.1742537889710776,-0.3240435994574477,-0.8907857174035455,lying,karol
1672331662023706400,-0.0571286827407626,-0.1774515494968456,-0.3227761251525412,-0.891221824714496,lying,karol
1672331662033706400,-0.0433752043316892,-0.1824440637427398,-0.3204654580210949,-0.891822973336553,lying,karol
1672331662043706400,-0.0574874606655337,-0.1773994851930397,-0.3237798814747409,-0.890845012320243,lying,karol
1672331662053706400,-0.071661392692852,-0.1722416402304401,-0.3270111285421044,-0.8896487391082878,lying,karol
1672331662063706400,-0.0628880314155482,-0.1754506962985036,-0.3257256454764399,-0.8901565633349505,lying,karol
1672331662073706400,-0.0769721324926697,-0.170245075059808,-0.328888640465449,-0.8888970539579278,lying,karol
1672331662083706400,-0.0681373447677867,-0.1734285793409455,-0.3275931391335352,-0.889480981302467,lying,karol
1672331662093706400,-0.0592674170474342,-0.1766056944991499,-0.3262656227566003,-0.8899789003881627,lying,karol
1672331662103706400,-0.0453500909608665,-0.181579416680928,-0.3239032124412599,-0.8906587124839713,lying,karol
1672331662113706400,-0.0363540714495785,-0.1847010284581912,-0.3225202479155319,-0.8909313165695433,lying,karol
1672331662123706400,-0.0453163094528665,-0.1812951911762213,-0.3248451171985187,-0.8903753215378862,lying,karol
1672331662133706400,-0.0542841385365876,-0.1778324906699539,-0.3271563659977275,-0.8897256345436442,lying,karol
1672331662143706400,-0.0453045395494448,-0.1809376317395861,-0.3258687820500039,-0.8900746301525162,lying,karol
1672331662153706400,-0.0313677341526097,-0.1858759783969849,-0.3235585348753453,-0.8905000793446689,lying,karol
1672331662163706400,-0.0404350450818575,-0.1825029009851039,-0.3260369441238311,-0.8899281211446044,lying,karol
1672331662173706400,-0.0545049401369391,-0.1772971753032621,-0.3295026242820559,-0.8889530653510003,lying,karol
1672331662183706400,-0.0457262425306827,-0.1805538670448192,-0.328360770143307,-0.8892150575719442,lying,karol
1672331662193706400,-0.0369795588020441,-0.1838549078651475,-0.3271872410709673,-0.889378103101477,lying,karol
1672331662203706400,-0.0232929565522432,-0.1890001177431253,-0.3249126616237899,-0.8895973190893476,lying,karol
1672331662213706400,-0.0325688935453446,-0.1857393324569125,-0.3274480115535796,-0.8890632212446292,lying,karol
1672331662223706400,-0.0418657987788425,-0.182361707050254,-0.3299184607954282,-0.8884598440285988,lying,karol
1672331662233706400,-0.0283150781887689,-0.187391564030801,-0.3276069306039246,-0.88880376539295,lying,karol
1672331662243706400,-0.0375946043127803,-0.1839687237479359,-0.3300272821051027,-0.888279261383803,lying,karol
1672331662253706400,-0.0518060406582586,-0.1786046967590032,-0.3333832060885199,-0.8874052797285362,lying,karol
1672331662263706400,-0.0431127004355112,-0.1817249104483287,-0.332050913481266,-0.887736231206571,lying,karol
1672331662273706400,-0.029433304264626,-0.1866552866025939,-0.329635070675853,-0.8881724697231137,lying,karol
1672331662283706400,-0.0385750153090946,-0.183061150041396,-0.3319481746178481,-0.8877089421940779,lying,karol
1672331662293706400,-0.0248051924404537,-0.187937430668195,-0.3294558765623012,-0.8881099353708785,lying,karol
1672331662303706400,-0.0338753256688762,-0.1842888104920061,-0.3317281899998103,-0.8877289812148174,lying,karol
1672331662313706400,-0.0200434414796716,-0.1891393873182735,-0.3291697988645445,-0.8880811141481592,lying,karol
1672331662323706400,-0.029067054590961,-0.1855060510941799,-0.331413514272996,-0.8877634760916815,lying,karol
1672331662333706400,-0.0381056494300662,-0.1818548021201696,-0.3335893857267323,-0.8873619468317957,lying,karol
1672331662343706400,-0.0243177974840639,-0.1867818084532188,-0.3309968524987932,-0.8877942354888841,lying,karol
1672331662353706400,-0.0333749997462459,-0.1832299487673563,-0.3331306717885414,-0.887441926222971,lying,karol
1672331662363706400,-0.0424435528911778,-0.1796648746185496,-0.3351921718835606,-0.8870071067709387,lying,karol
1672331662373706400,-0.0336085850101657,-0.182850473136978,-0.3335553947038657,-0.8873518411827428,lying,karol
1672331662383706400,-0.0475995011793036,-0.1774398092710521,-0.3365429966932567,-0.8866817591207455,lying,karol
1672331662393706400,-0.0387599654185738,-0.1806293517546011,-0.3348755165031856,-0.8870994471409369,lying,karol
1672331662403706400,-0.0478137344595672,-0.1770434281956141,-0.3368166063363455,-0.8866455856730874,lying,karol
1672331662413706400,-0.034000426980716,-0.1820775156636488,-0.3341340646588864,-0.8872781629544195,lying,karol
1672331662423706400,-0.0201539862949074,-0.1870903302004783,-0.3313869046722503,-0.887688075605335,lying,karol
1672331662433706400,-0.0291685770971202,-0.1835478447093318,-0.3334273843420386,-0.8874130649124604,lying,karol
1672331662443706400,-0.0202484847556064,-0.1867200553773694,-0.3317414053826231,-0.8876314852366582,lying,karol
1672331662453706400,-0.0341499755310371,-0.1813644352186033,-0.3348249938150672,-0.887158015990118,lying,karol
1672331662463706400,-0.0252185396955689,-0.184583925328866,-0.3331972933037356,-0.8874056405404231,lying,karol
1672331662473706400,-0.0391517530225435,-0.1792072999496447,-0.3362944317255416,-0.8868338926739624,lying,karol
1672331662483706400,-0.0302386874988504,-0.1824598680973615,-0.334733964940036,-0.8871096961459901,lying,karol
1672331662493706400,-0.0213377318578873,-0.1857319035415367,-0.3331647368509874,-0.887280142916041,lying,karol
1672331662503706400,-0.0303561330951395,-0.1822933447206682,-0.335326927235518,-0.8869159720943369,lying,karol
1672331662513706400,-0.021491296353893,-0.1856033745672322,-0.3337775000563228,-0.8870730290847326,lying,karol
1672331662523706400,-0.0305465027268106,-0.182181052348299,-0.3359437826769753,-0.8866990689799182,lying,karol
1672331662533706400,-0.0396196637583466,-0.1787179011855407,-0.338068559627886,-0.8862371881954612,lying,karol
1672331662543706400,-0.0308070373191586,-0.1820314981367054,-0.3365354487173831,-0.8864964071085516,lying,karol
1672331662553706400,-0.0447894937326615,-0.1766531466076269,-0.3396161172919114,-0.8858131858741465,lying,karol
1672331662563706400,-0.035957520360576,-0.179938846333509,-0.338068380792078,-0.8861463677208219,lying,karol
1672331662573706400,-0.0270990675901982,-0.1832074226619469,-0.3364724126934622,-0.8863992025242132,lying,karol
1672331662583706400,-0.0132976537447322,-0.1883148984549905,-0.3337877720618015,-0.8866583029258975,lying,karol
1672331662593706400,-0.0223110611093209,-0.184810077403463,-0.3358789778071284,-0.8864250202135614,lying,karol
1672331662603706400,-0.0313259122851429,-0.1812587962044654,-0.3379152747892873,-0.8861115936154963,lying,karol
1672331662613706400,-0.0224572116404613,-0.1844811939895717,-0.3362459993800535,-0.8863506899385936,lying,karol
1672331662623706400,-0.0314757468498554,-0.1808915589621044,-0.3382638572667127,-0.8860483298223863,lying,karol
1672331662633706400,-0.0454448710564267,-0.1753272969955112,-0.341225011300882,-0.885424848450775,lying,karol
1672331662643706400,-0.0365998111580924,-0.1784689338571762,-0.3396034186278669,-0.885830343549732,lying,karol
1672331662653706400,-0.0505370300303419,-0.172830179143921,-0.3425169870413288,-0.8851409297777739,lying,karol
1672331662663706400,-0.0417247593171205,-0.1759327655816754,-0.3409210620944796,-0.8856049820178038,lying,karol
1672331662673706400,-0.032913187690428,-0.1790340002416213,-0.3392937286363043,-0.8859796833166819,lying,karol
1672331662683706400,-0.0469048111577285,-0.1733833955583978,-0.3422169654561251,-0.8853487487067908,lying,karol
1672331662693706400,-0.0380902978326065,-0.1764906450311117,-0.3406184793184584,-0.8857742322137415,lying,karol
1672331662703706400,-0.0292509574783854,-0.1795991609625685,-0.3390024721630124,-0.8861053204807022,lying,karol
1672331662713706400,-0.0203891701931122,-0.1827150947525934,-0.3373711607332307,-0.8863390997914312,lying,karol
1672331662723706400,-0.034314799500371,-0.1771501744885682,-0.3403961146129695,-0.8858824109901194,lying,karol
1672331662733706400,-0.025438793737019,-0.1803165322978173,-0.3388161856292926,-0.8861485653942711,lying,karol
1672331662743706400,-0.0115978701735253,-0.1854112068790525,-0.33618851688498,-0.8863872397509057,lying,karol
1672331662753706400,-0.0205853499384911,-0.1818881906671548,-0.3382886834336446,-0.8861549453563651,lying,karol
1672331662763706400,-0.029568097941788,-0.1783566239768967,-0.3403464883808252,-0.8858305750570772,lying,karol
1672331662773706400,-0.0434429609585401,-0.1729057141551516,-0.3433208106316173,-0.8851915318803106,lying,karol
1672331662783706400,-0.0524295764062938,-0.1692936392923134,-0.3452669127120109,-0.8846459583074373,lying,karol
1672331662793706400,-0.0435766484668358,-0.1726123054215188,-0.3437543581124173,-0.8850739645339226,lying,karol
1672331662803706400,-0.0347236467410645,-0.1759211665978208,-0.3422026648270845,-0.885415306250545,lying,karol
1672331662813706400,-0.0209267178961058,-0.1811364478417846,-0.3396063383679853,-0.8857968812847105,lying,karol
1672331662823706400,-0.034885598678177,-0.1757131854665163,-0.3425958418196438,-0.8852981895916566,lying,karol
1672331662833706400,-0.0488938896095145,-0.1702064069224644,-0.3455021885211906,-0.8845814445704225,lying,karol
1672331662843706400,-0.040079527638508,-0.1735333307183308,-0.3439576435290528,-0.884980161439422,lying,karol
1672331662853706400,-0.0312426327187884,-0.1768275900981471,-0.3423824425018861,-0.8852949239329841,lying,karol
1672331662863706400,-0.0174649262476259,-0.1819613058799549,-0.3397695720679362,-0.8856402466354293,lying,karol
1672331662873706400,-0.0313612959282667,-0.1764088615425947,-0.3427723485543825,-0.8852233998777265,lying,karol
1672331662883706400,-0.0224567724786264,-0.1796020982757321,-0.3411757865438093,-0.8854687213296467,lying,karol
1672331662893706400,-0.0085960364815839,-0.1846901257460892,-0.3385200307700968,-0.8856844102397143,lying,karol
1672331662903706400,-0.017583888279441,-0.1810477473591123,-0.3405659706879515,-0.8855192732948745,lying,karol
1672331662913706400,-0.0265902175981401,-0.177381521535233,-0.3425585324360184,-0.8852680233215346,lying,karol
1672331662923706400,-0.0405120674776891,-0.1717830676741512,-0.3454502941817795,-0.8847205939133082,lying,karol
1672331662933706400,-0.0316758482871596,-0.1750293841714379,-0.3438439501153121,-0.8850705041452709,lying,karol
1672331662943706400,-0.0455970723840693,-0.16941802011839,-0.346669221544469,-0.8844523815028147,lying,karol
1672331662953706400,-0.0367648702485101,-0.1726710282863495,-0.3450642904828472,-0.8848620449346765,lying,karol
1672331662963706400,-0.0507097651060432,-0.1670175765005758,-0.3478440868641807,-0.8841692730034136,lying,karol
1672331662973706400,-0.0419044515017483,-0.1702795177990421,-0.3462694695813545,-0.8846262142494048,lying,karol
1672331662983706400,-0.0330996532106839,-0.173559315358623,-0.3446763711092135,-0.8849841660925509,lying,karol
1672331662993706400,-0.0471076162071722,-0.1679636134440513,-0.3475104809560231,-0.8843205153207282,lying,karol
1672331663003706400,-0.0383088438859288,-0.1713020253027055,-0.3459570217148893,-0.8847140824129202,lying,karol
1672331663013706400,-0.0245726512398154,-0.1765765834134368,-0.3434039704899265,-0.8851597778370068,lying,karol
1672331663023706400,-0.0384829293073468,-0.1711167211657121,-0.3462914496956368,-0.8846115476516324,lying,karol
1672331663033706400,-0.0295977223855091,-0.1745428988896778,-0.3447077999474353,-0.8849025443617389,lying,karol
1672331663043706400,-0.0157346012294394,-0.1798943837653644,-0.3420978973950417,-0.885198676199491,lying,karol
1672331663053706400,-0.0295359072151305,-0.1745254381417633,-0.345045913120915,-0.884776279681295,lying,karol
1672331663063706400,-0.0433694374844231,-0.1690817048235778,-0.3479259206181604,-0.8841353346571695,lying,karol
1672331663073706400,-0.0343669286690757,-0.1725874510665418,-0.3463858319252407,-0.8844583912492802,lying,karol
1672331663083706400,-0.0431970146269517,-0.1691209085329553,-0.3483007940672568,-0.8839887159678915,lying,karol
1672331663093706400,-0.0341674360007202,-0.1726809901381077,-0.3467667215300136,-0.8842986633957798,lying,karol
1672331663103706400,-0.0251573504862317,-0.1762721235626271,-0.3451944242591788,-0.8845075189372401,lying,karol
1672331663113706400,-0.0340357797592497,-0.1729250432338784,-0.3471378534638676,-0.8841105010249253,lying,karol
1672331663123706400,-0.0201961228791398,-0.1785213203804423,-0.3445504220823435,-0.8844348028056076,lying,karol
1672331663133706400,-0.0291526937009499,-0.1752642626412175,-0.3464881484432967,-0.8840793371838098,lying,karol
1672331663143706400,-0.0202821785239905,-0.1789808018773227,-0.3448224081897448,-0.8842340517211505,lying,karol
1672331663153706400,-0.0292558077248692,-0.175714050019714,-0.3467075710762618,-0.8839007059851872,lying,karol
1672331663163706400,-0.0382082055978168,-0.1723562967483368,-0.3485315283176274,-0.8835027994940122,lying,karol
1672331663173706400,-0.0292987323937705,-0.1759394785856592,-0.3468160311060739,-0.8838119391292841,lying,karol
1672331663183706400,-0.01540965190615,-0.1813699620991167,-0.3440432904701933,-0.884149160493742,lying,karol
1672331663193706400,-0.0242666236296609,-0.1778606414821039,-0.3458944776368812,-0.8839410614394243,lying,karol
1672331663203706400,-0.0152593233177857,-0.1812496850591879,-0.3441260130447027,-0.8841442664988772,lying,karol
1672331663213706400,-0.0240886408780364,-0.1776398476747132,-0.3459962917430423,-0.8839505113280198,lying,karol
1672331663223706400,-0.0378371442688044,-0.1720358087683096,-0.3488057443776264,-0.8834731057825795,lying,karol
1672331663233706400,-0.0288410146580151,-0.1753697579614156,-0.3471260203262181,-0.8838186121432385,lying,karol
1672331663243706400,-0.0425991498322579,-0.1697606560412166,-0.3499048527395522,-0.8832618052670539,lying,karol
1672331663253706400,-0.0286828366665953,-0.1750801667785758,-0.3472719518324235,-0.8838238668617865,lying,karol
1672331663263706400,-0.0197226269582542,-0.1784643892399822,-0.3455639192486631,-0.8840618042430953,lying,karol
1672331663273706400,-0.0286268411545248,-0.1748733185158513,-0.347432993852919,-0.8838033508145656,lying,karol
1672331663283706400,-0.0197073057544628,-0.1782713988136851,-0.3457494150799021,-0.8840285609351268,lying,karol
1672331663293706400,-0.0335802715217204,-0.1727428695449233,-0.3486272222328744,-0.8835777004126181,lying,karol
1672331663303706400,-0.024698416575889,-0.176149962458486,-0.3470277343375207,-0.8838275642246911,lying,karol
1672331663313706400,-0.0158037975285073,-0.1795644232754035,-0.3454354879636364,-0.8839680022699732,lying,karol
1672331663323706400,-0.0247317591096929,-0.1760054884109948,-0.3474379893038884,-0.8836942435009976,lying,karol
1672331663333706400,-0.0385635463474223,-0.1704615565439887,-0.35035276961903,-0.8831347176449708,lying,karol
1672331663343706400,-0.0295976793634069,-0.1739093835742141,-0.3487925525756769,-0.8834260355011802,lying,karol
1672331663353706400,-0.0205945503847531,-0.1773744632065871,-0.3471698447750093,-0.8836320427703451,lying,karol
1672331663363706400,-0.0294105555411397,-0.1738617079842806,-0.3490686200303965,-0.8833326536670506,lying,karol
1672331663373706400,-0.0154758538214,-0.1793323296155282,-0.3464074232712379,-0.8836405956663359,lying,karol
1672331663383706400,-0.0242781516900115,-0.1759108442537786,-0.3482841266836379,-0.8833926364805428,lying,karol
1672331663393706400,-0.0331068179037152,-0.1724757648634063,-0.3501137543778939,-0.8830599591339013,lying,karol
1672331663403706400,-0.0241296544865208,-0.1760620182557505,-0.3484150201698486,-0.8833150150143161,lying,karol
1672331663413706400,-0.0102468544772633,-0.1815425091525468,-0.3456690093773822,-0.883554633741772,lying,karol
1672331663423706400,-0.0191356741780969,-0.1780699694783082,-0.3475365655041045,-0.8833808869598321,lying,karol
1672331663433706400,-0.0280636630082406,-0.1745227542465172,-0.349366659931849,-0.883128372396189,lying,karol
1672331663443706400,-0.0142957527379459,-0.1798837530524529,-0.3466455423951808,-0.8834550820856758,lying,karol
1672331663453706400,-0.0281947327584801,-0.1743546358803232,-0.3494845010051917,-0.8831107801626917,lying,karol
1672331663463706400,-0.0420924321194736,-0.1687568092499514,-0.3522533235807552,-0.8825449064790561,lying,karol
1672331663473706400,-0.0332355201113428,-0.1721827943265813,-0.3506293760209518,-0.8829077400569492,lying,karol
1672331663483706400,-0.0471259250658127,-0.166540826069662,-0.3534041653257277,-0.8822512973172969,lying,karol
1672331663493706400,-0.0382685933148862,-0.1699561080713006,-0.3518245617929227,-0.8826598860091192,lying,karol
1672331663503706400,-0.0244974108856819,-0.1753042961316143,-0.3492446177128964,-0.88312798886129,lying,karol
1672331663513706400,-0.0383388553506833,-0.1697085703319257,-0.3520555090641742,-0.8826123863332112,lying,karol
1672331663523706400,-0.0294958991023011,-0.1731254056798671,-0.3504225732435116,-0.88293837983724,lying,karol
1672331663533706400,-0.0384697181887015,-0.1694956674814002,-0.3522321743767505,-0.8825771200283481,lying,karol
1672331663543706400,-0.02961613892293,-0.1729876919864758,-0.3505658854134879,-0.8829044575458026,lying,karol
1672331663553706400,-0.0158119767474112,-0.1784395964001457,-0.3478604981543767,-0.8832445559658775,lying,karol
1672331663563706400,-0.0247401564007336,-0.1749345072425865,-0.3496779083530421,-0.8830230961167825,lying,karol
1672331663573706400,-0.0109395515195251,-0.1804061758350122,-0.3469145873168655,-0.8832908937801512,lying,karol
1672331663583706400,-0.0198467517172086,-0.1769528565724046,-0.348729668178644,-0.8831194839237555,lying,karol
1672331663593706400,-0.0287416619933309,-0.1734683278728699,-0.3505170770401468,-0.8828584622228132,lying,karol
1672331663603706400,-0.0425509670095165,-0.1679785026263944,-0.3532212173689903,-0.8822845670526616,lying,karol
1672331663613706400,-0.0336120042580199,-0.1715415887655159,-0.3515530504729544,-0.8826510261857684,lying,karol
1672331663623706400,-0.0424932361089955,-0.1679962539052971,-0.3533328589681552,-0.882239284092249,lying,karol
1672331663633706400,-0.033563999326018,-0.1715490312559091,-0.351698819988594,-0.882593349371974,lying,karol
1672331663643706400,-0.0197437411232441,-0.1770409491123487,-0.3490630213684838,-0.8829724790698503,lying,karol
1672331663653706400,-0.0286550350750666,-0.173550818931385,-0.3509259962684058,-0.8826826519650257,lying,karol
1672331663663706400,-0.0375846413353762,-0.1700483969729213,-0.3527537427093522,-0.8823006668992739,lying,karol
1672331663673706400,-0.0238113137031521,-0.175604910362083,-0.350142003362517,-0.8827317074684096,lying,karol
1672331663683706400,-0.0327329870681426,-0.1721310188927013,-0.3519854179672902,-0.882397020355244,lying,karol
1672331663693706400,-0.0188772925129837,-0.1776747192117462,-0.3493200916029884,-0.8827624847963634,lying,karol
1672331663703706400,-0.0326761217144994,-0.1722078571220025,-0.3521349772281361,-0.8823244795476234,lying,karol
1672331663713706400,-0.023719927625111,-0.175746966743417,-0.3504458771754487,-0.8825853362627074,lying,karol
1672331663723706400,-0.0374397669358143,-0.1702482662767801,-0.3532265391983299,-0.8820791570327711,lying,karol
1672331663733706400,-0.0284923403391425,-0.1737785935215458,-0.3515840288546022,-0.8823812720556848,lying,karol
1672331663743706400,-0.0146247054089661,-0.1792841323593218,-0.3489300305688521,-0.8826720911089881,lying,karol
1672331663753706400,-0.0235373522237125,-0.1758053866407002,-0.3508557037550762,-0.882415789148461,lying,karol
1672331663763706400,-0.0324689983812785,-0.1723226665493415,-0.3527557299610738,-0.8820617766613377,lying,karol
1672331663773706400,-0.0235916366318996,-0.1759470910424952,-0.3511370147076566,-0.8822742230750663,lying,karol
1672331663783706400,-0.0374548170917126,-0.1705020130805769,-0.3539900539080912,-0.8817234407805955,lying,karol
1672331663793706400,-0.0285760831669321,-0.174130260901401,-0.3523741418877668,-0.8819940684267931,lying,karol
1672331663803706400,-0.0147850286778405,-0.1796740476624079,-0.3497170476213534,-0.8822786753811536,lying,karol
1672331663813706400,-0.0236849775932058,-0.1761692285915012,-0.3516180095295061,-0.8820358551670607,lying,karol
1672331663823706400,-0.0325799952769883,-0.1725954064979027,-0.3534758409825363,-0.8817160871601163,lying,karol
1672331663833706400,-0.023660693668192,-0.1761170053061605,-0.3517994010882135,-0.8819746139949233,lying,karol
1672331663843706400,-0.0147276361099554,-0.1796231593877804,-0.3500791239808149,-0.8821464147483925,lying,karol
1672331663853706400,-0.0284701715048611,-0.1740907569182563,-0.3529145965902526,-0.8817892174515735,lying,karol
1672331663863706400,-0.0195323719420296,-0.1775765614072476,-0.3512042995351458,-0.8820202246010627,lying,karol
1672331663873706400,-0.0056314534784936,-0.1830121250741956,-0.3484255317400329,-0.8822094935724704,lying,karol
1672331663883706400,-0.0144636823834849,-0.1794527988031696,-0.350292895447739,-0.8821006083350409,lying,karol
1672331663893706400,-0.0055076315512116,-0.1829369499966275,-0.3484900648051916,-0.8822003856684687,lying,karol
1672331663903706400,-0.0143636391559915,-0.1793758804177307,-0.3503404757961333,-0.8820989988996835,lying,karol
1672331663913706400,-0.0232276079476454,-0.1757764665197249,-0.3521508471165989,-0.8819138348301678,lying,karol
1672331663923706400,-0.0320968577115612,-0.1721404557982925,-0.3539185668973474,-0.8816451824023405,lying,karol
1672331663933706400,-0.0183154998103896,-0.1775552793490268,-0.3511941321156465,-0.8820546896674485,lying,karol
1672331663943706400,-0.0272211985506352,-0.1739301069931618,-0.3529724935047683,-0.881837215493755,lying,karol
1672331663953706400,-0.0410504935171783,-0.1683094678989712,-0.3556525861409701,-0.8813155799680905,lying,karol
1672331663963706400,-0.0321882358494208,-0.1718059233556819,-0.353940250072972,-0.8816984045588371,lying,karol
1672331663973706400,-0.0232927819171235,-0.1753149369989174,-0.352196819139472,-0.8819856326311415,lying,karol
1672331663983706400,-0.0143664440244303,-0.1788201332640217,-0.3504274663152222,-0.8821772471437926,lying,karol
1672331663993706400,-0.0232222802932417,-0.175245097778083,-0.3522415377261014,-0.8819835177993897,lying,karol
1672331664003706400,-0.036998542764749,-0.1696698973262045,-0.3549803138333726,-0.8815051692834286,lying,karol
1672331664013706400,-0.0280449734434288,-0.1732108170986245,-0.3532932552709121,-0.8818245466074655,lying,karol
1672331664023706400,-0.0190901122678462,-0.1767660978212979,-0.3515915036036272,-0.8820384936247733,lying,karol
1672331664033706400,-0.0052388974644096,-0.1822758259362966,-0.3488622517221529,-0.8821918143823093,lying,karol
1672331664043706400,-0.0141050477020445,-0.1788088716308072,-0.3507732975642685,-0.8820463353224793,lying,karol
1672331664053706400,-0.0229821682827667,-0.1753198420527306,-0.3526572782481793,-0.8818088501677133,lying,karol
1672331664063706400,-0.0318551161525311,-0.1718135251659922,-0.3545108582188727,-0.8814798206254395,lying,karol
1672331664073706400,-0.0229279561006045,-0.1754361792624523,-0.3528548513678984,-0.8817081121038371,lying,karol
1672331664083706400,-0.0090562235069065,-0.1810042531482275,-0.3501422421923766,-0.8819156204006271,lying,karol
1672331664093706400,-0.017929122790173,-0.1775171472527674,-0.352022838796339,-0.8817400142676068,lying,karol
1672331664103706400,-0.0268090369924912,-0.1739942279725824,-0.3538478594668249,-0.8814864222810399,lying,karol
1672331664113706400,-0.0405453964915374,-0.1684676891823132,-0.3565595751665742,-0.8809422932046759,lying,karol
1672331664123706400,-0.0316344548284935,-0.1720422172430703,-0.3548703221822364,-0.8812985554678705,lying,karol
1672331664133706400,-0.0227189258624661,-0.1755837226185085,-0.3531394395677394,-0.8815702467833104,lying,karol
1672331664143706400,-0.0137831050530718,-0.1790982020976758,-0.3513663791505018,-0.8817567059006347,lying,karol
1672331664153706400,-0.0226424926643246,-0.1754909052345902,-0.3531706571154867,-0.8815781936018404,lying,karol
1672331664163706400,-0.0315108844816389,-0.1718358485676485,-0.3549374893886515,-0.8813162051173868,lying,karol
1672331664173706400,-0.0452685014448959,-0.1661608720389828,-0.3575962094166,-0.8807301817777003,lying,karol
1672331664183706400,-0.0363518032253336,-0.1696446381282575,-0.3559162269686632,-0.881159612313984,lying,karol
1672331664193706400,-0.0274428003866868,-0.173129972868534,-0.3542056096652516,-0.8814934342520734,lying,karol
1672331664203706400,-0.01852454587682,-0.1766221446180112,-0.3524631469685143,-0.8817315776065565,lying,karol
1672331664213706400,-0.0046935481749969,-0.1820652817549699,-0.3496867278363273,-0.8819120044003947,lying,karol
1672331664223706400,-0.0184464447534841,-0.1765570789335424,-0.3525268299077793,-0.8817207888096078,lying,karol
1672331664233706400,-0.0322809844734691,-0.1709845033855497,-0.3552985392495209,-0.8813084459339741,lying,karol
1672331664243706400,-0.0233782237592448,-0.1745580178534685,-0.3536003336454937,-0.8815719811547431,lying,karol
1672331664253706400,-0.0322635707041185,-0.1710137230646237,-0.3553963934061967,-0.8812639670445743,lying,karol
1672331664263706400,-0.0233476045677904,-0.174649634959552,-0.3537093466051337,-0.8815109294861827,lying,karol
1672331664273706400,-0.0322222026886217,-0.1711656084923705,-0.3555214357946765,-0.881185580682236,lying,karol
1672331664283706400,-0.0233101167588729,-0.1748502074254723,-0.3538423425116966,-0.8814188164479316,lying,karol
1672331664293706400,-0.0143923651579992,-0.17854611608969,-0.3521246129497269,-0.8815565393081918,lying,karol
1672331664303706400,-0.0232685469961679,-0.175139361453777,-0.3539729172583623,-0.8813101217321012,lying,karol
1672331664313706400,-0.0370560935113553,-0.1697208186844059,-0.3567364335742833,-0.8807839885653864,lying,karol
1672331664323706400,-0.0281514898436678,-0.1734334428465673,-0.3550698055224586,-0.8810638132641422,lying,karol
1672331664333706400,-0.0419329632367295,-0.1679627632038262,-0.357814769321545,-0.8804649035633709,lying,karol
1672331664343706400,-0.0330139996996926,-0.1716452589971499,-0.3561691163275024,-0.880801508867218,lying,karol
1672331664353706400,-0.0240859468122981,-0.175313606756048,-0.3544856227548983,-0.8810475250461857,lying,karol
1672331664363706400,-0.0329412809645177,-0.1718176485260143,-0.3563044202671166,-0.8807159323248048,lying,karol
1672331664373706400,-0.0418016051409417,-0.1682872232451153,-0.3580858943540939,-0.8802990328012604,lying,karol
1672331664383706400,-0.0328950211630203,-0.1719502933615473,-0.3564269265678412,-0.8806422372989912,lying,karol
1672331664393706400,-0.0239738765489499,-0.1756003042496309,-0.3547204416908027,-0.8808990362341499,lying,karol
1672331664403706400,-0.0328311090495408,-0.1720624580630724,-0.3565109561735151,-0.8805887267510999,lying,karol
1672331664413706400,-0.0239096815231408,-0.1756821742543766,-0.3547806284374384,-0.8808602401888656,lying,karol
1672331664423706400,-0.0149913967478532,-0.1792815650667988,-0.3530108657840867,-0.8810429488816334,lying,karol
1672331664433706400,-0.0011416223249546,-0.1848204778006686,-0.3501786082783588,-0.8811554979101662,lying,karol
1672331664443706400,-0.0100034834540348,-0.1813035654936139,-0.3520554338898554,-0.8810822372567522,lying,karol
1672331664453706400,-0.0010767524532403,-0.1848599762349659,-0.3502406917050307,-0.8811226277947608,lying,karol
1672331664463706400,-0.0099358854887639,-0.181332343814936,-0.352128240514364,-0.8810479930238655,lying,karol
1672331664473706400,-0.0237371724720891,-0.175779263996831,-0.3549724030093618,-0.8807683010432976,lying,karol
1672331664483706400,-0.0374666713902345,-0.170192323823977,-0.3577132393998188,-0.8802795436105346,lying,karol
1672331664493706400,-0.0285665439010826,-0.1737599437317724,-0.3560139724551592,-0.8806051932109458,lying,karol
1672331664503706400,-0.0374457653235857,-0.1701351861823511,-0.3577880528543664,-0.8802610795987518,lying,karol
1672331664513706400,-0.0285525189345156,-0.1737112898932667,-0.3560883501215428,-0.8805851805500081,lying,karol
1672331664523706400,-0.0196525764559281,-0.1772826091677709,-0.3543521906167273,-0.8808173562926949,lying,karol
1672331664533706400,-0.0058229753790826,-0.1828137729698307,-0.3515624907523912,-0.8810045824211477,lying,karol
1672331664543706400,-0.0195912061455052,-0.1773015999493138,-0.3544195949663438,-0.8807877863735494,lying,karol
1672331664553706400,-0.033356743797494,-0.171728348611562,-0.3571994183032785,-0.8803552300468636,lying,karol
1672331664563706400,-0.0422224341908259,-0.1680960984614828,-0.3589679856346396,-0.8799562575043774,lying,karol
1672331664573706400,-0.0333146902922723,-0.1716859726309217,-0.3573090920172063,-0.8803205908381532,lying,karol
1672331664583706400,-0.0243989530614765,-0.1752699376066222,-0.3556145352459953,-0.8805927115596706,lying,karol
1672331664593706400,-0.0105479843429977,-0.1808247847146418,-0.3528778827498295,-0.8808452917430271,lying,karol
1672331664603706400,-0.0016137323624895,-0.1844000375872465,-0.351082223458177,-0.8808833043220131,lying,karol
1672331664613706400,-0.0104555011538612,-0.1808915594904832,-0.3529634462328828,-0.8807984146046456,lying,karol
1672331664623706400,-0.0241427344748011,-0.1754165843061681,-0.3557740386084988,-0.8805061725165028,lying,karol
1672331664633706400,-0.0151955730618214,-0.179051158278951,-0.3540112652642184,-0.8806849397912125,lying,karol
1672331664643706400,-0.001313887623271,-0.1846609561383972,-0.3511867851296139,-0.8807875092877859,lying,karol
1672331664653706400,-0.0150385285248645,-0.1792441276537072,-0.3540680738788604,-0.8806255742852737,lying,karol
1672331664663706400,-0.0287714786844323,-0.1737750621534795,-0.3568649638485178,-0.8802511421409486,lying,karol
1672331664673706400,-0.0198682029145848,-0.1774490071329972,-0.3551338668316184,-0.8804642618147743,lying,karol
1672331664683706400,-0.0060704787111085,-0.1830901477976523,-0.3523634558570858,-0.8806256014754577,lying,karol
1672331664693706400,-0.019868160098392,-0.1776632839037604,-0.355249214491882,-0.8803745511465974,lying,karol
1672331664703706400,-0.010983977346678,-0.1813401187704,-0.3534946678680449,-0.8804868001407191,lying,karol
1672331664713706400,-0.019863596227484,-0.1778603514226723,-0.3553633578008072,-0.8802888250929931,lying,karol
1672331664723706400,-0.0336462123783466,-0.1723299165925195,-0.3581602932219315,-0.8798363239615161,lying,karol
1672331664733706400,-0.024743824133465,-0.1759656479157581,-0.3564472913148082,-0.8801077210729905,lying,karol
1672331664743706400,-0.0109036309945203,-0.1815602074215851,-0.3536822581081058,-0.8803671478694928,lying,karol
1672331664753706400,-0.0019846325236909,-0.1851461665172233,-0.3518651264867383,-0.8804137408334979,lying,karol
1672331664763706400,-0.010841676698081,-0.1816054146052507,-0.3537431108561805,-0.8803341500454623,lying,karol
1672331664773706400,-0.0196951154864526,-0.1780260178711328,-0.3555725943614137,-0.88017467006469,lying,karol
1672331664783706400,-0.0107719488747448,-0.1815889566867875,-0.3537615992134223,-0.8803309799832872,lying,karol
1672331664793706400,-0.0018358110481617,-0.1851361483328427,-0.3519103713724921,-0.8803981041162428,lying,karol
1672331664803706400,-0.0106770312140025,-0.1815649115955605,-0.3537635209069992,-0.8803363319156863,lying,karol
1672331664813706400,-0.0244420482863989,-0.1759841427168229,-0.35657191877325,-0.8800620108596505,lying,karol
1672331664823706400,-0.0155339422113618,-0.1795562467881932,-0.354779143403986,-0.8802673029005214,lying,karol
1672331664833706400,-0.006624899611583,-0.1831346049357647,-0.3529460439006812,-0.8803791445530132,lying,karol
1672331664843706400,-0.020383235136248,-0.1776081817779048,-0.3557637383513392,-0.8801662049343522,lying,karol
1672331664853706400,-0.0065383520476698,-0.183182470907167,-0.3529132976444541,-0.8803829696557053,lying,karol
1672331664863706400,-0.0153892901345383,-0.1796333168886724,-0.3547175309940868,-0.8802789672107201,lying,karol
1672331664873706400,-0.0064502359169552,-0.1832086537270297,-0.352849194198247,-0.8804038764828086,lying,karol
1672331664883706400,-0.0201786922128393,-0.1776640288327636,-0.3556398022637299,-0.8802097530001302,lying,karol
1672331664893706400,-0.0112439532032362,-0.1812214736690542,-0.3537924669804497,-0.8803884451721481,lying,karol
1672331664903706400,0.0026178035307525,-0.186747270382664,-0.3508735841846264,-0.8804697109748927,lying,karol
1672331664913706400,-0.0062359758244553,-0.1832170085254847,-0.3527215396425192,-0.8804548494216058,lying,karol
1672331664923706400,-0.0150874392826188,-0.1796683637369756,-0.3545475543666703,-0.8803455415955678,lying,karol
1672331664933706400,-0.0061801067767951,-0.1832479721589869,-0.3527229208320001,-0.8804482539296998,lying,karol
1672331664943706400,-0.0150401374089344,-0.1796944784468948,-0.3545681601488982,-0.8803327296456767,lying,karol
1672331664953706400,-0.0238969094526633,-0.176110276106261,-0.3563820841865788,-0.8801287019109548,lying,karol
1672331664963706400,-0.0100711444362356,-0.1816740030394603,-0.3536034350214657,-0.8803853492251397,lying,karol
1672331664973706400,-0.018912810145805,-0.1781249533614258,-0.355454787364161,-0.8802194830661406,lying,karol
1672331664983706400,-0.0099814898832695,-0.1817368753312275,-0.3536858912279906,-0.880340289174108,lying,karol
1672331664993706400,-0.0010371094590179,-0.1853598830974658,-0.3518812016262123,-0.8803640941221524,lying,karol
1672331665003706400,-0.0098588857909671,-0.1818900576005103,-0.353782610599633,-0.8802711987072016,lying,karol
1672331665013706400,-0.0186826451284526,-0.1784001599907339,-0.3556447420035338,-0.8800919849713331,lying,karol
1672331665023706400,-0.032373380326886,-0.1729044520292842,-0.3584228945904542,-0.8796646073402533,lying,karol
1672331665033706400,-0.0461035958924222,-0.1673244064920835,-0.3611156385516383,-0.8790297547062845,lying,karol
1672331665043706400,-0.0371921903343579,-0.1709889930335965,-0.3594314531499983,-0.8794369685852221,lying,karol
1672331665053706400,-0.0282686711444337,-0.1746515133077005,-0.3577070740778429,-0.8797523833980894,lying,karol
1672331665063706400,-0.0193634852726394,-0.1783030223209568,-0.3559466106523378,-0.8799749992325844,lying,karol
1672331665073706400,-0.0282378637395755,-0.1747557014761635,-0.3577491390620635,-0.8797156033575456,lying,karol
1672331665083706400,-0.0193686871980966,-0.1783973432059657,-0.3559858876313657,-0.8799399006158071,lying,karol
1672331665093706400,-0.01048355262332,-0.1820328345005434,-0.3541762005445142,-0.8800763129312128,lying,karol
1672331665103706400,-0.0193561814942696,-0.1785036993474091,-0.3559982723894674,-0.8799136134947512,lying,karol
1672331665113706400,-0.0104660642690349,-0.1821068648589605,-0.3541738364683909,-0.8800621698691463,lying,karol
1672331665123706400,0.0033646539004543,-0.1876415583938769,-0.3512626718756024,-0.8801220605912551,lying,karol
1672331665133706400,-0.0104171665498988,-0.1820840701365717,-0.3541511137640434,-0.880076613235447,lying,karol
1672331665143706400,0.0033583623342528,-0.1875305974889706,-0.3512480376554732,-0.8801515756779629,lying,karol
1672331665153706400,-0.0103869680511413,-0.1819440093715681,-0.3541254284559438,-0.8801162736942324,lying,karol
1672331665163706400,-0.0014831884920224,-0.1854137192703274,-0.3522595802790789,-0.8802009600219146,lying,karol
1672331665173706400,0.0123448485433941,-0.1908234527736334,-0.34930513340415,-0.8801368821729035,lying,karol
1672331665183706400,0.0035278580760591,-0.187211503796278,-0.3512143598556624,-0.8802322875378494,lying,karol
1672331665193706400,-0.0052944734894897,-0.183552971219612,-0.3530981158877349,-0.8802403109016507,lying,karol
1672331665203706400,0.0085349530731777,-0.188935115502753,-0.3502046440124757,-0.8802320167772809,lying,karol
1672331665213706400,-0.0002852540313642,-0.185286275529091,-0.3521215870387011,-0.8802842341362345,lying,karol
1672331665223706400,-0.0091429629563076,-0.1816187901667978,-0.354003490886882,-0.8802463217523819,lying,karol
1672331665233706400,0.004635646868492,-0.1870429911668015,-0.3511472480943078,-0.8802897712781281,lying,karol
1672331665243706400,-0.0042230247507799,-0.1834413766317651,-0.35303445650012,-0.880294918250922,lying,karol
1672331665253706400,-0.0179734890294139,-0.1778621407183737,-0.3558709428010052,-0.8801243830501362,lying,karol
1672331665263706400,-0.0090636581822554,-0.1814305275786132,-0.3540610520645827,-0.880262820996396,lying,karol
1672331665273706400,-0.0179234413305665,-0.1778505924358404,-0.3558811214151148,-0.8801236268040409,lying,karol
1672331665283706400,-0.004120860033452,-0.1833980715459069,-0.3530686389415305,-0.8802907257897696,lying,karol
1672331665293706400,0.0048023473779946,-0.1869755751791769,-0.3512252005008683,-0.8802721156135749,lying,karol
1672331665303706400,-0.0040399403002528,-0.1834554048100799,-0.353135458858936,-0.880252360605754,lying,karol
1672331665313706400,-0.0128873217632329,-0.1799053153337858,-0.3550213984655229,-0.880141403421406,lying,karol
1672331665323706400,-0.0266419367847393,-0.1743334571976572,-0.3578582508634859,-0.8798048802651246,lying,karol
1672331665333706400,-0.0177277823646396,-0.177944765085052,-0.3561452420563049,-0.8800017448580407,lying,karol
1672331665343706400,-0.0314477000518338,-0.1723833196900324,-0.3589542511752401,-0.8795840017523675,lying,karol
1672331665353706400,-0.0225583683378464,-0.1760064852873468,-0.3572724692676832,-0.8798240602572783,lying,karol
1672331665363706400,-0.031434025381276,-0.1724075037758216,-0.3591138831949612,-0.8795146112297286,lying,karol
1672331665373706400,-0.0176805458752744,-0.1780071557374954,-0.3564579634697034,-0.879863495145391,lying,karol
1672331665383706400,-0.0039041861135303,-0.1835865819291034,-0.3537155706116509,-0.8799927501165176,lying,karol
1672331665393706400,-0.0127887394188999,-0.1800293210428996,-0.3556465810543733,-0.879865127692382,lying,karol
1672331665403706400,0.0009444086824719,-0.1855623930771272,-0.3528929595830559,-0.8799167734807715,lying,karol
1672331665413706400,-0.007946684014734,-0.1819927245042931,-0.3548594166486662,-0.8798361084654075,lying,karol
1672331665423706400,-0.0217142769719279,-0.1763989391177914,-0.3577806843806912,-0.8795602283487249,lying,karol
1672331665433706400,-0.0128451614310324,-0.1799512367923821,-0.3561095364081205,-0.8796930648417566,lying,karol
1672331665443706400,0.0009298241220004,-0.1854657902617782,-0.3533743965483195,-0.8797439825349342,lying,karol
1672331665453706400,-0.0079670081217203,-0.1818578815386966,-0.3553520361690094,-0.8796650248761055,lying,karol
1672331665463706400,-0.021769628559539,-0.1762278974590373,-0.3582724380372858,-0.8793930194211512,lying,karol
1672331665473706400,-0.0080582323792259,-0.1817509095665539,-0.3555822688836255,-0.8795932889223237,lying,karol
1672331665483706400,-0.0169569641518923,-0.1781101032768029,-0.3575019725765681,-0.8794333654553068,lying,karol
1672331665493706400,-0.0080991749710765,-0.1816476706726664,-0.3557847273572181,-0.8795323907774483,lying,karol
1672331665503706400,-0.0218751100591045,-0.175988663457878,-0.3586726725943238,-0.879275197309284,lying,karol
1672331665513706400,-0.0130175829678783,-0.1795048496771507,-0.3569547010307182,-0.8794392510358776,lying,karol
1672331665523706400,-0.0219014457242618,-0.175813430953004,-0.3588128912406325,-0.8792524028475017,lying,karol
1672331665533706400,-0.0130292717642721,-0.1793508022842086,-0.3570766427107166,-0.8794210158012037,lying,karol
1672331665543706400,-0.0267571842723862,-0.1737080839939568,-0.359885814806487,-0.8790979965703569,lying,karol
1672331665553706400,-0.0178989834654496,-0.1772795002192032,-0.3581649747396372,-0.8793127983273301,lying,karol
1672331665563706400,-0.009027417010298,-0.180856889403554,-0.3564069371789161,-0.8794344413679429,lying,karol
1672331665573706400,-0.0228122379531025,-0.1752402451510803,-0.3592488772088279,-0.879165662880834,lying,karol
1672331665583706400,-0.0139617196842199,-0.1788427482230454,-0.3575176470187962,-0.8793310220023766,lying,karol
1672331665593706400,-0.0051031351301005,-0.1824500501420928,-0.3557487000047594,-0.8794034255961032,lying,karol
1672331665603706400,-0.0139917880284734,-0.1788770429253375,-0.3576208025506383,-0.879281634843024,lying,karol
1672331665613706400,-0.0051249976552616,-0.1824929922201397,-0.3558427394671329,-0.8793563543576934,lying,karol
1672331665623706400,0.0086354109280962,-0.1880535339605113,-0.3529905810549166,-0.8793068692380366,lying,karol
1672331665633706400,-0.0002190924303224,-0.1845073159183013,-0.3549220330354701,-0.8793230280890436,lying,karol
1672331665643706400,-0.0090699505381813,-0.1809275888554684,-0.3568231935631484,-0.8792507042988611,lying,karol
1672331665653706400,-0.0228668818144839,-0.1752978920657155,-0.3596812599509704,-0.8789760005602527,lying,karol
1672331665663706400,-0.0139941128234748,-0.1788968778209076,-0.3579578781120238,-0.8791404369359404,lying,karol
1672331665673706400,-0.0002173580341611,-0.1844634211084502,-0.355186159714709,-0.8792256172844969,lying,karol
1672331665683706400,-0.0140241532527001,-0.1788454845521013,-0.3581255327177232,-0.8790821535522273,lying,karol
1672331665693706400,-0.02780446160803,-0.1731706306603089,-0.360974834254922,-0.8787250702134545,lying,karol
1672331665703706400,-0.0189632521680333,-0.1767404932389032,-0.3593041518980479,-0.8789342852837183,lying,karol
1672331665713706400,-0.0278710778402766,-0.173043958252072,-0.3611683715074121,-0.8786684136824214,lying,karol
1672331665723706400,-0.0190420064856346,-0.1766078086903738,-0.3595001756004607,-0.878879123625285,lying,karol
1672331665733706400,-0.0053262653683555,-0.1821448712085633,-0.3567870458233051,-0.8790447714203907,lying,karol
1672331665743706400,0.0035222000267248,-0.1856838882825094,-0.3550198192866279,-0.8790289339773532,lying,karol
1672331665753706400,-0.0053600550611141,-0.1820350994446306,-0.3569618646914303,-0.8789963543670726,lying,karol
1672331665763706400,-0.0142424052714054,-0.1783362067058504,-0.3588680988410803,-0.8788793615880928,lying,karol
1672331665773706400,-0.0053716515172341,-0.1818367900337085,-0.3571367329279465,-0.8789663242218657,lying,karol
1672331665783706400,0.0035059126985351,-0.1853336004628494,-0.355379175396194,-0.8789577642735114,lying,karol
1672331665793706400,-0.0053572797755813,-0.1816534546784549,-0.3573374026962291,-0.8789227931193628,lying,karol
1672331665803706400,-0.019143098722042,-0.1759360584354335,-0.3602422910665482,-0.8787078801533915,lying,karol
1672331665813706400,-0.010288778818822,-0.1794656400073804,-0.358543577993179,-0.8788371616961769,lying,karol
1672331665823706400,0.0034166904209364,-0.1849660876068549,-0.3557949336469289,-0.8788673921774832,lying,karol
1672331665833706400,-0.0054601474704621,-0.1813204714458427,-0.3577392100916788,-0.8788275208952013,lying,karol
1672331665843706400,-0.0143373452086697,-0.177659523045973,-0.3596474356624471,-0.8786963996899035,lying,karol
1672331665853706400,-0.0232225345828772,-0.1739728955682306,-0.3615190132038413,-0.878476113353537,lying,karol
1672331665863706400,-0.0095224508665714,-0.1795506918987056,-0.3588469711111115,-0.8787046623902043,lying,karol
1672331665873706400,-0.0184422723991677,-0.17587977525782,-0.3607368056622735,-0.8785313504730491,lying,karol
1672331665883706400,-0.0322348508771108,-0.1701745661707677,-0.3635434972726422,-0.8781001527303525,lying,karol
1672331665893706400,-0.0234270371732972,-0.1737863085314175,-0.3619063115801539,-0.8783482039097018,lying,karol
1672331665903706400,-0.0323313581263612,-0.1700870011322973,-0.363734709596305,-0.8780344173331365,lying,karol
1672331665913706400,-0.0235057979671467,-0.1737005844744609,-0.3620820258527569,-0.8782906682410629,lying,karol
1672331665923706400,-0.0146641925923761,-0.1773069223317127,-0.3603804484264328,-0.878461995336898,lying,karol
1672331665933706400,-0.0235585597150223,-0.173615633353399,-0.3622157477584432,-0.8782509350528137,lying,karol
1672331665943706400,-0.0147176463165761,-0.1771997332953277,-0.3605024449707627,-0.8784326933918176,lying,karol
1672331665953706400,-0.0058700329892599,-0.1807758403270679,-0.3587586485480392,-0.8785216294327337,lying,karol
1672331665963706400,-0.0147586357755667,-0.177098368427685,-0.3606363424707589,-0.8783975085838619,lying,karol
1672331665973706400,-0.0009946279803591,-0.1826824492185131,-0.3578885155383712,-0.8785012070488989,lying,karol
1672331665983706400,-0.0147645274005739,-0.1770169745937866,-0.3607853576185708,-0.8783526494637651,lying,karol
1672331665993706400,-0.0059254463753936,-0.1806020411445504,-0.3590662555638708,-0.8784313828325231,lying,karol
1672331666003706400,-0.0197159852104207,-0.1749178734176479,-0.3619411778028824,-0.8782004942047063,lying,karol
1672331666013706400,-0.0286157959285193,-0.1712001061673647,-0.3637762685774291,-0.8779299644293993,lying,karol
1672331666023706400,-0.0424050814837202,-0.1654061963359903,-0.366500071225923,-0.8773499098304143,lying,karol
1672331666033706400,-0.0336111148003811,-0.1689863292794661,-0.3649019532157849,-0.8777146911342034,lying,karol
1672331666043706400,-0.0248108666641461,-0.1725413983438657,-0.3632665435513878,-0.8779942717109961,lying,karol
1672331666053706400,-0.0337141702178169,-0.1687317464114348,-0.3650691921842988,-0.877690211643167,lying,karol
1672331666063706400,-0.0200034475987763,-0.1742815525640204,-0.3624600703202961,-0.8781066012326894,lying,karol
1672331666073706400,-0.0111553130574389,-0.1778095857356648,-0.3607592361810625,-0.8782566926858544,lying,karol
1672331666083706400,0.0025942197158382,-0.183345407783636,-0.3580071136207164,-0.8783116767185104,lying,karol
1672331666093706400,-0.0062767110220704,-0.1796637378524719,-0.3599151436282675,-0.878274116334744,lying,karol
1672331666103706400,0.0074743584669573,-0.185222721040828,-0.3571258164434587,-0.8782486222816216,lying,karol
1672331666113706400,-0.0013947914475304,-0.1815679013932875,-0.3590408194089681,-0.878261736191789,lying,karol
1672331666123706400,-0.0102532953784956,-0.1778898007022875,-0.3609161668866705,-0.8781870339402205,lying,karol
1672331666133706400,0.0035083006754612,-0.1834706200475609,-0.3581468700794846,-0.878225439181067,lying,karol
1672331666143706400,-0.005344917211463,-0.1798157812115648,-0.3600367680262499,-0.8781993745607604,lying,karol
1672331666153706400,0.0084488455821668,-0.1854089281880395,-0.3572186301021379,-0.8781628057696813,lying,karol
1672331666163706400,-0.0004031422906512,-0.181771746834212,-0.3591102288172408,-0.8781922595159607,lying,karol
1672331666173706400,-0.0141642545263153,-0.1760914373558034,-0.3619466823341269,-0.8780710241499732,lying,karol
1672331666183706400,-0.0003965941048859,-0.1817217921306267,-0.3591684583570833,-0.8781788022044164,lying,karol
1672331666193706400,-0.0092444840527689,-0.1780959935552967,-0.3610071864102228,-0.8781190906689943,lying,karol
1672331666203706400,-0.0229498031304609,-0.1724407489116341,-0.3637664765093841,-0.8778578629090352,lying,karol
1672331666213706400,-0.0140509434126999,-0.1761300471669506,-0.3620204128710377,-0.8780347352127527,lying,karol
1672331666223706400,-0.0051400981954141,-0.1798386797788737,-0.3602340064649691,-0.8781150882278121,lying,karol
1672331666233706400,-0.0139604496641458,-0.1762615528165268,-0.3620370423407941,-0.8780029548989411,lying,karol
1672331666243706400,-0.0001603068308693,-0.1819659978403184,-0.3592274306499113,-0.8781042405990301,lying,karol
1672331666253706400,-0.0089715510695868,-0.1783964237436937,-0.3610410580439428,-0.8780470676240969,lying,karol
1672331666263706400,-0.017773852177086,-0.1748017679931675,-0.3628142425043205,-0.8779050897588324,lying,karol
1672331666273706400,-0.0315063358862819,-0.1691331033385927,-0.3654946362582766,-0.877518158947882,lying,karol
1672331666283706400,-0.0226138312560804,-0.1728498705059997,-0.3637378546552799,-0.8777980555264648,lying,karol
1672331666293706400,-0.0088953096401748,-0.1785510624932514,-0.360956510190513,-0.8780512026128211,lying,karol
1672331666303706400,-3.141149383426023e-05,-0.182242753314394,-0.3590897332848649,-0.8781032249091998,lying,karol
1672331666313706400,-0.0089074929603485,-0.1786714976531925,-0.360859269584962,-0.8780665570396149,lying,karol
1672331666323706400,0.0048622021008841,-0.1843624738368964,-0.3579499798840978,-0.8781126309459415,lying,karol
1672331666333706400,-0.0039769101112485,-0.1807877392489335,-0.3597249718443313,-0.8781349942552499,lying,karol
1672331666343706400,-0.01278615738644,-0.1771641887763705,-0.3614501568182388,-0.8780810313433576,lying,karol
1672331666353706400,0.0010380481721644,-0.1827737323000746,-0.3585299470426836,-0.8782209979856778,lying,karol
1672331666363706400,-0.0077017062386552,-0.1791202398579783,-0.3602301724911642,-0.878244854233017,lying,karol
1672331666373706400,-0.0164270858239836,-0.1754280979241311,-0.3618750526778191,-0.8781940471256199,lying,karol
1672331666383706400,-0.0074238599532653,-0.1790250353472621,-0.3599313467710877,-0.8783891972108104,lying,karol
1672331666393706400,-0.0161633535346104,-0.1753739951249437,-0.3615606035790278,-0.8783392842876395,lying,karol
1672331666403706400,-0.0249197925286292,-0.1717250583399437,-0.3631626689616846,-0.8781945501340722,lying,karol
1672331666413706400,-0.0159574071434932,-0.1754099282117333,-0.3612832133338058,-0.8784500327579992,lying,karol
1672331666423706400,-0.0296051022042392,-0.1698040034130293,-0.3638853163952607,-0.8781235298139785,lying,karol
1672331666433706400,-0.0206516989499814,-0.1735401328090206,-0.3620785049426302,-0.878396164503501,lying,karol
1672331666443706400,-0.0294214773922398,-0.1699537472156438,-0.3637582186226401,-0.8781534110964863,lying,karol
1672331666453706400,-0.0204479996821134,-0.1736835355126484,-0.3619818207176076,-0.8784124579632276,lying,karol
1672331666463706400,-0.0291945052062206,-0.1700993883227475,-0.3636856911164103,-0.87816285488554,lying,karol
1672331666473706400,-0.0202046038358051,-0.1738314602476014,-0.3619173509713849,-0.878415425205029,lying,karol
1672331666483706400,-0.0112192972924968,-0.1775467201138534,-0.3600997649130942,-0.8785800517988401,lying,karol
1672331666493706400,-0.0199610326813795,-0.1739850987966755,-0.3618195092624844,-0.8784309144908824,lying,karol
1672331666503706400,-0.006093865144074,-0.1797055855075524,-0.3589883379584286,-0.8786464898273529,lying,karol
1672331666513706400,-0.0148398890224562,-0.1761805640337292,-0.3607193905790641,-0.8785472384260877,lying,karol
1672331666523706400,-0.0235974685281896,-0.1726449814784088,-0.3624188499672469,-0.8783581399675117,lying,karol
1672331666533706400,-0.0146276180622291,-0.1764070641216695,-0.3605976306835448,-0.8785553699799411,lying,karol
1672331666543706400,-0.0233976731854645,-0.1728824838070358,-0.3623041224568189,-0.878364139554072,lying,karol
1672331666553706400,-0.0144392142734242,-0.176636670064193,-0.3604755247538613,-0.8785624995453417,lying,karol
1672331666563706400,-0.000576742657258,-0.1823622072959284,-0.3575857499438838,-0.8786921088751105,lying,karol
1672331666573706400,-0.0093782288191033,-0.1788395427797229,-0.3593312473163934,-0.8786542202490101,lying,karol
1672331666583706400,-0.0230349932712151,-0.1732886830977799,-0.3619978882441395,-0.8784199925149959,lying,karol
1672331666593706400,-0.0141173081737775,-0.1769889715778367,-0.3601399219914596,-0.8786345024052751,lying,karol
1672331666603706400,-0.0278005729705193,-0.1713969306754431,-0.3627653417243682,-0.8783366593511233,lying,karol
1672331666613706400,-0.0188685293411275,-0.1750881956641189,-0.36090952656169,-0.8786103747828695,lying,karol
1672331666623706400,-0.0325484913703411,-0.1694528559509319,-0.3634949064039406,-0.878249150456634,lying,karol
1672331666633706400,-0.0235856822718169,-0.173127214750643,-0.3616418014336374,-0.8785839194636765,lying,karol
1672331666643706400,-0.0145947212812593,-0.1767816180951674,-0.3597548251116194,-0.8788262384340058,lying,karol
1672331666653706400,-0.0233172562162932,-0.1731573849603268,-0.3614065203006018,-0.878681979605378,lying,karol
1672331666663706400,-0.0094493427578214,-0.1787856645103606,-0.3585472544631888,-0.8789847341011119,lying,karol
1672331666673706400,-0.0181719131783129,-0.1751862043797409,-0.3602302238689459,-0.8788843453915616,lying,karol
1672331666683706400,-0.0042655034316412,-0.1808362143977515,-0.357347336406344,-0.8790943691964286,lying,karol
1672331666693706400,-0.0130124048799464,-0.1772818564489402,-0.3590723658274071,-0.8790294876887846,lying,karol
1672331666703706400,-0.0266852879208945,-0.1716959166457933,-0.3617329061611877,-0.8787387061926117,lying,karol
1672331666713706400,-0.0403867285414445,-0.1660549761057619,-0.3643133134944196,-0.8782337288066411,lying,karol
1672331666723706400,-0.0314644036030566,-0.1697573975314075,-0.3625547482361995,-0.8786185182002777,lying,karol
1672331666733706400,-0.0225426224902618,-0.1734473401839777,-0.3607616648535747,-0.8789100707329831,lying,karol
1672331666743706400,-0.0087252564245626,-0.1791133040010054,-0.3579400713380215,-0.8791730503225745,lying,karol
1672331666753706400,-0.0175227262990272,-0.1755463688520745,-0.3596665587131095,-0.8790565727191371,lying,karol
1672331666763706400,-0.0312075848696513,-0.1699381533589476,-0.3623087340658027,-0.8786942411312938,lying,karol
1672331666773706400,-0.0222675813521414,-0.1736098734500084,-0.360513551681618,-0.8789868234154057,lying,karol
1672331666783706400,-0.0133164250917792,-0.1772656001409208,-0.3586850579527661,-0.8791863911457717,lying,karol
1672331666793706400,-0.0221164441752203,-0.1736645798368176,-0.3604029654078131,-0.8790251932103481,lying,karol
1672331666803706400,-0.0083154484914146,-0.1792918787376829,-0.3575922734289386,-0.8792821848706223,lying,karol
1672331666813706400,-0.0171263686159525,-0.1756993957669245,-0.3593357341145756,-0.8791691338984504,lying,karol
1672331666823706400,-0.025944292170893,-0.1720716383706141,-0.361047405607297,-0.8789693669967611,lying,karol
1672331666833706400,-0.0120908110524394,-0.1777129842260949,-0.3582548812764252,-0.8792891933902268,lying,karol
1672331666843706400,-0.0257606307839187,-0.1721059103967316,-0.3609334237956949,-0.8790148763820739,lying,karol
1672331666853706400,-0.0168189621456658,-0.1757291050653422,-0.3591228250456438,-0.8792561354790005,lying,karol
1672331666863706400,-0.0078525703408437,-0.1793388657705969,-0.3572770207762583,-0.8794050258017119,lying,karol
1672331666873706400,0.0060021601206821,-0.184924098565071,-0.3543764459225958,-0.8794365005022633,lying,karol
1672331666883706400,-0.0027671664747971,-0.1813907335238733,-0.3561778036999473,-0.8794608022018228,lying,karol
1672331666893706400,-0.0115547449315444,-0.1778349397235135,-0.3579604077425658,-0.8793917037076671,lying,karol
1672331666903706400,-0.0203518804081564,-0.1742594038864991,-0.359716693418091,-0.8792312413997653,lying,karol
1672331666913706400,-0.0114018104800946,-0.1779298025929197,-0.3579178704641544,-0.8793918412764103,lying,karol
1672331666923706400,-0.0202132748112894,-0.1743667748772401,-0.359674865368374,-0.8792302796407676,lying,karol
1672331666933706400,-0.0112746241847261,-0.1780342635484757,-0.357860400675736,-0.8793957420790913,lying,karol
1672331666943706400,-0.0200833531071737,-0.1744651726201879,-0.3595880025672832,-0.8792492795393471,lying,karol
1672331666953706400,-0.0338053234750181,-0.1688452967256704,-0.3622097942201121,-0.8788497068946939,lying,karol
1672331666963706400,-0.0248733957617251,-0.172511225609014,-0.3604104913281039,-0.8791756122137926,lying,karol
1672331666973706400,-0.0159327166524347,-0.1761571365924444,-0.358574814658694,-0.8794107195218949,lying,karol
1672331666983706400,-0.024740431716977,-0.1725529764394051,-0.3602627681741177,-0.8792317267245808,lying,karol
1672331666993706400,-0.0157942963374428,-0.1761952032484854,-0.3584360850615281,-0.8794621554658055,lying,karol
1672331667003706400,-0.0019241003568445,-0.1818092354795738,-0.3555691277616314,-0.8796230011855548,lying,karol
1672331667013706400,-0.0107099915678477,-0.1782309790314779,-0.3573329034582239,-0.8795774837817547,lying,karol
1672331667023706400,0.0031244329476751,-0.1837983198851499,-0.3544560385439532,-0.8796554331030478,lying,karol
1672331667033706400,0.0170026966280732,-0.189349392744242,-0.3514864728773682,-0.8795108477720722,lying,karol
1672331667043706400,0.0081999130748098,-0.1858347698962562,-0.3533295165788087,-0.8796481189416674,lying,karol
1672331667053706400,-0.0006304577646116,-0.1822964870944667,-0.3551364120782152,-0.8796988612506635,lying,karol
1672331667063706400,-0.0094614076039474,-0.1787307344354406,-0.3569082096820058,-0.8796628355827504,lying,karol
1672331667073706400,0.0043989195171697,-0.1843261507751299,-0.3540090413131304,-0.8797195520865632,lying,karol
1672331667083706400,-0.0044134139447302,-0.1807585018873505,-0.355804196108436,-0.8797355485159313,lying,karol
1672331667093706400,-0.0132437673165475,-0.177142681616824,-0.3575683723073884,-0.8796671588091185,lying,karol
1672331667103706400,-0.0220866610903042,-0.1734839060749774,-0.3593069047755579,-0.8795103422017728,lying,karol
1672331667113706400,-0.0083031231127486,-0.1790359130126984,-0.3565199661081206,-0.8797699108554667,lying,karol
1672331667123706400,-0.0171219853664668,-0.175435969058956,-0.3582683359536689,-0.8796574591465773,lying,karol
1672331667133706400,-0.0081612907883196,-0.1790600840771813,-0.3564338855360371,-0.879801205657234,lying,karol
1672331667143706400,-0.0169500457478637,-0.1754833881044803,-0.3581801661163937,-0.879687248007325,lying,karol
1672331667153706400,-0.030655409538985,-0.1698671277636159,-0.3608475027309256,-0.8793286693134071,lying,karol
1672331667163706400,-0.0216839904114198,-0.1735128079791661,-0.3590718103736776,-0.8796107009326218,lying,karol
1672331667173706400,-0.0304696004178713,-0.1699008360860192,-0.3607627263144827,-0.8793634172777353,lying,karol
1672331667183706400,-0.0215122321391828,-0.1735463907799597,-0.3589850855620252,-0.8796437066722683,lying,karol
1672331667193706400,-0.0303173977421637,-0.1699541485983929,-0.3606741181117353,-0.8793947383431264,lying,karol
1672331667203706400,-0.0440473415710037,-0.1643240723325541,-0.3632508159525412,-0.8788235172524397,lying,karol
1672331667213706400,-0.0351133541636455,-0.1680280911149068,-0.3615278718041106,-0.8792358769461157,lying,karol
1672331667223706400,-0.0261752778249339,-0.171727118270083,-0.3597695053467994,-0.879553914282808,lying,karol
1672331667233706400,-0.0172457423540863,-0.175402318832519,-0.3579749301970114,-0.8797812826807668,lying,karol
1672331667243706400,-0.0033806794982118,-0.1810589541921129,-0.3551377452065558,-0.8799477049536658,lying,karol
1672331667253706400,-0.0122104938069585,-0.1775357876551354,-0.3569176039314024,-0.8798672272946056,lying,karol
1672331667263706400,-0.0210402564967889,-0.1739832308633429,-0.3586668476195763,-0.8796987048161099,lying,karol
1672331667273706400,-0.0121066670633721,-0.1776395258117699,-0.3568692862612354,-0.8798673339416875,lying,karol
1672331667283706400,-0.0257973215987592,-0.1720927704038306,-0.35958089241052,-0.8795707778707496,lying,karol
1672331667293706400,-0.0168728587777492,-0.1757437645454974,-0.3578060420581201,-0.8797891092639749,lying,karol
1672331667303706400,-0.0306175598872403,-0.1701381782375398,-0.3604968880433831,-0.8794214989333943,lying,karol
1672331667313706400,-0.0216800560921732,-0.1737691177346748,-0.3587282445563303,-0.8797004817935601,lying,karol
1672331667323706400,-0.0354254129913877,-0.1681273923304982,-0.3613733086755811,-0.8792679814193349,lying,karol
1672331667333706400,-0.0264875244793175,-0.1717654300212315,-0.3596144101765922,-0.8796005715190895,lying,karol
1672331667343706400,-0.0175418454210857,-0.1754067541925322,-0.3578229635640134,-0.8798364245583248,lying,karol
1672331667353706400,-0.0037093472313522,-0.1810262199708741,-0.3549982544753477,-0.880009462900711,lying,karol
1672331667363706400,-0.0125124160422292,-0.1775130598758435,-0.3567690207940283,-0.8799278964751203,lying,karol
1672331667373706400,0.0013243786060476,-0.183143560964524,-0.353909925238298,-0.8800165618472336,lying,karol
1672331667383706400,-0.0074778621026214,-0.1796489589716667,-0.3557097367985077,-0.8799804744045997,lying,karol
1672331667393706400,-0.0162940223480977,-0.176120427535762,-0.3574781901350279,-0.879858044420373,lying,karol
1672331667403706400,-0.0251131519221223,-0.1725648115210496,-0.3592095626872885,-0.8796499048894799,lying,karol
1672331667413706400,-0.0161778774913696,-0.1762375531815918,-0.3574213091293767,-0.8798598600023431,lying,karol
1672331667423706400,-0.025009402902879,-0.1726920144021626,-0.3591623996073815,-0.8796471726325603,lying,karol
1672331667433706400,-0.0160850104960526,-0.176375441582314,-0.3573773015257806,-0.8798518257896282,lying,karol
1672331667443706400,-0.0071588037902454,-0.1800544410501197,-0.3555499171380097,-0.8799648949612342,lying,karol
1672331667453706400,-0.0208673542526335,-0.1745579936965482,-0.3582892955490827,-0.8797429540170101,lying,karol
1672331667463706400,-0.0119419950973503,-0.1782192334574707,-0.3564720073115117,-0.8799135396852107,lying,karol
1672331667473706400,-0.0256918830018521,-0.1726576921010095,-0.3591906018374172,-0.8796227636700538,lying,karol
1672331667483706400,-0.0118237563163277,-0.1783046085615899,-0.3564017742930137,-0.8799263020028654,lying,karol
1672331667493706400,-0.020641002989757,-0.1747373107722979,-0.3581537590851606,-0.8797679080703209,lying,karol
1672331667503706400,-0.0117009973953032,-0.1783648093520028,-0.3563456154070157,-0.8799384972070605,lying,karol
1672331667513706400,0.0021222606540177,-0.1839412936501004,-0.3534926046928323,-0.8800164531381749,lying,karol
1672331667523706400,-0.0067018783281828,-0.1803988795902667,-0.3553181316132461,-0.8799916160135839,lying,karol
1672331667533706400,0.0071300098439582,-0.1859639132767329,-0.3524380355471613,-0.879988018708925,lying,karol
1672331667543706400,-0.0017040216452662,-0.1824350090071376,-0.35428754073367,-0.8800112523915027,lying,karol
1672331667553706400,-0.0105401994411646,-0.1788853127184532,-0.3560997344342846,-0.8799470647149321,lying,karol
1672331667563706400,-0.0193847376357626,-0.1753062229884257,-0.3578765352931998,-0.879796147069773,lying,karol
1672331667573706400,-0.0055290850982548,-0.1809170807057721,-0.3550667249627607,-0.8799948752344395,lying,karol
1672331667583706400,-0.0143707116221315,-0.1773530366275133,-0.3568639417478161,-0.8798934234823569,lying,karol
1672331667593706400,-0.0054437801936576,-0.180974768704598,-0.3550429374267415,-0.8799931504198821,lying,karol
1672331667603706400,-0.0142824416686755,-0.1774224735587549,-0.3568427400437581,-0.8798894694912518,lying,karol
1672331667613706400,-0.0280230754510166,-0.1718442316383516,-0.3595726884354115,-0.8795548302936755,lying,karol
1672331667623706400,-0.0190997784324435,-0.1754823957141821,-0.3578159686927732,-0.8797919181663328,lying,karol
1672331667633706400,-0.0101649626289582,-0.17911191749695,-0.356026633487136,-0.8799349974715858,lying,karol
1672331667643706400,-0.0012290814414048,-0.1827389954662659,-0.3542029107636666,-0.8799830825895679,lying,karol
1672331667653706400,-0.0100589003681337,-0.179212981380857,-0.3560327732795376,-0.8799131656558222,lying,karol
1672331667663706400,-0.0237763212862328,-0.1736748409481517,-0.3587931372922587,-0.8796386873782505,lying,karol
1672331667673706400,-0.0148598335705594,-0.1773253403455829,-0.3570173119531768,-0.8798287095613541,lying,karol
1672331667683706400,-0.0236958105853032,-0.1737578467611839,-0.3587798212133215,-0.8796299107684861,lying,karol
1672331667693706400,-0.0147662089000514,-0.177401882667162,-0.3569928784420244,-0.8798247821217029,lying,karol
1672331667703706400,-0.0235942996843358,-0.1738196286893902,-0.3587512938764233,-0.879632080193875,lying,karol
1672331667713706400,-0.014659060321857,-0.1774518854506236,-0.3569628111567314,-0.8798287012954501,lying,karol
1672331667723706400,-0.0234869021042353,-0.173866473560816,-0.3587258701234055,-0.8796360764680952,lying,karol
1672331667733706400,-0.0145553718118869,-0.1774982250773315,-0.3569435431609941,-0.8798289043469414,lying,karol
1672331667743706400,-0.0233885179656015,-0.1739190275122629,-0.3587123048235398,-0.8796338529602232,lying,karol
1672331667753706400,-0.0095800015546448,-0.1795389120265639,-0.3559423159722044,-0.8798887224958215,lying,karol
1672331667763706400,-0.0184346682288953,-0.1759809454837683,-0.3577372366384021,-0.879738621081018,lying,karol
1672331667773706400,-0.0272923012828411,-0.1723982275576957,-0.3594962364050035,-0.8795007381716358,lying,karol
1672331667783706400,-0.0183914985472286,-0.1760494019238139,-0.3577369727081991,-0.8797259458050329,lying,karol
1672331667793706400,-0.004609293533994,-0.1816584160975002,-0.3549470348582466,-0.8798958499674284,lying,karol
1672331667803706400,-0.013460994895773,-0.1781119202838972,-0.3567749816758931,-0.8797907120494178,lying,karol
1672331667813706400,-0.0272019776249631,-0.1725305467162882,-0.3595274710465156,-0.8794648403599691,lying,karol
1672331667823706400,-0.0183154576160581,-0.176150493880274,-0.3577747429139725,-0.8796919521013541,lying,karol
1672331667833706400,-0.0045069073807167,-0.1817475755482475,-0.3549625814097717,-0.8798717099558426,lying,karol
1672331667843706400,-0.0133682825222522,-0.1781777272339645,-0.3567669462015926,-0.8797820695761617,lying,karol
1672331667853706400,-0.022221440465028,-0.1745759405236721,-0.3585341661353385,-0.8796066518814332,lying,karol
1672331667863706400,-0.0359816570675867,-0.1689278978049881,-0.3612159094614381,-0.8791569368220417,lying,karol
1672331667873706400,-0.027067999732679,-0.1725479883869724,-0.3594825378383952,-0.8794839359098007,lying,karol
1672331667883706400,-0.0181450876896122,-0.1761586122101622,-0.3577192933935162,-0.8797164239518536,lying,karol
1672331667893706400,-0.0092187914804667,-0.1797587543207024,-0.3559279433434197,-0.879853562224274,lying,karol
1672331667903706400,-0.0180563343034266,-0.1761712049591259,-0.3577353471037826,-0.8797092089965182,lying,karol
1672331667913706400,-0.0269003415877197,-0.1725693238223383,-0.3595083316095688,-0.8794743680024035,lying,karol
1672331667923706400,-0.0179910276046275,-0.1762007620406961,-0.3577624382212088,-0.87969362022829,lying,karol
1672331667933706400,-0.0042178277883183,-0.1817904881794972,-0.3549824616286224,-0.8798562965139105,lying,karol
1672331667943706400,-0.0130780276075165,-0.1782414211519594,-0.3568156648997733,-0.8797538142675463,lying,karol
1672331667953706400,-0.0268638032548418,-0.1726620241002251,-0.3595824400689277,-0.879427013066819,lying,karol
1672331667963706400,-0.0179715354205962,-0.1763086997447036,-0.3578325865875565,-0.8796438803966896,lying,karol
1672331667973706400,-0.0317254756870681,-0.1707167425475702,-0.3605612025364967,-0.8792440876143858,lying,karol
1672331667983706400,-0.0454592909641884,-0.1650606668077166,-0.3631944795348086,-0.8786372772250323,lying,karol
1672331667993706400,-0.0365719725900124,-0.1686993522939952,-0.3615162314182972,-0.8790530742191485,lying,karol
1672331668003706400,-0.0227649201906897,-0.1743325550814668,-0.3588380175316883,-0.8795171848207537,lying,karol
1672331668013706400,-0.0364375111848428,-0.168719922160406,-0.3615247727636661,-0.8790512083983862,lying,karol
1672331668023706400,-0.022630130157774,-0.1743493233909053,-0.3588494571039669,-0.8795126840290206,lying,karol
1672331668033706400,-0.0363607312849411,-0.1687129225182867,-0.3615476686433884,-0.8790463270937119,lying,karol
1672331668043706400,-0.0274397776833637,-0.1723524080668392,-0.359829670920572,-0.8793688873951557,lying,karol
1672331668053706400,-0.018514281544006,-0.1759960833608636,-0.3580707162094829,-0.8795983745718086,lying,karol
1672331668063706400,-0.0322377539340136,-0.1704107353330902,-0.3607787575575239,-0.8791956257875957,lying,karol
1672331668073706400,-0.0233215724620372,-0.1740731937973158,-0.3590334710552485,-0.8794742516024354,lying,karol
1672331668083706400,-0.0143991706693703,-0.1777303399464769,-0.3572507052550114,-0.8796601059715372,lying,karol
1672331668093706400,-0.0054796145909596,-0.1813750510840323,-0.355433833250395,-0.8797529453552996,lying,karol
1672331668103706400,0.0083509865292919,-0.1869804422042827,-0.3525437524702842,-0.8797197727848187,lying,karol
1672331668113706400,-0.0004857108600553,-0.1834848775424415,-0.3544113275787069,-0.8797448983793799,lying,karol
1672331668123706400,-0.0142151691277004,-0.1779789658416404,-0.357237972733894,-0.8796180249522239,lying,karol
1672331668133706400,-0.0052876103130819,-0.1816234140160374,-0.3554139323695914,-0.8797109447811367,lying,karol
1672331668143706400,-0.0141166844354738,-0.1780775218131601,-0.357216706725164,-0.8796083126269714,lying,karol
1672331668153706400,-0.0278041705113407,-0.1725116746726749,-0.3599359674158819,-0.8792827779053548,lying,karol
1672331668163706400,-0.0188854498647992,-0.1761477933326384,-0.3581556764406531,-0.8795255931466144,lying,karol
1672331668173706400,-0.0099607140896633,-0.1797644911136603,-0.3563414005921348,-0.8796770928063231,lying,karol
1672331668183706400,0.003848822987126,-0.185328067822991,-0.35347149536155,-0.8797284070554836,lying,karol
1672331668193706400,-0.0049921593881045,-0.1817682175903954,-0.3553176604909733,-0.8797216785631082,lying,karol
1672331668203706400,-0.0187060973485516,-0.1762003341480582,-0.3581153520791406,-0.8795353325754585,lying,karol
1672331668213706400,-0.0275565836953638,-0.1725680669087033,-0.3598817142242204,-0.8793017323609155,lying,karol
1672331668223706400,-0.0186432643973286,-0.1761802206831019,-0.3581237251342642,-0.8795372931741768,lying,karol
1672331668233706400,-0.0097231877691586,-0.1797850317698446,-0.3563285574882908,-0.8796807728499109,lying,karol
1672331668243706400,-0.000799324626202,-0.1833833847764862,-0.3545028219320377,-0.879729022334222,lying,karol
1672331668253706400,-0.0096422441314447,-0.1798169243209912,-0.356348624641181,-0.8796670245587234,lying,karol
1672331668263706400,0.004210413324128,-0.1854196716272462,-0.3534894935488535,-0.8797002443878444,lying,karol
1672331668273706400,-0.0046133018648397,-0.1819061732312373,-0.355350403117999,-0.8796820380953084,lying,karol
1672331668283706400,-0.0183043828271772,-0.1763994831380987,-0.3581613515032556,-0.8794851725349554,lying,karol
1672331668293706400,-0.0320419680708189,-0.1708200007557233,-0.3608952162245189,-0.87907567869773,lying,karol
1672331668303706400,-0.0231334171432301,-0.174492487336641,-0.3591597818801242,-0.8793446701287886,lying,karol
1672331668313706400,-0.0142185782533472,-0.1781530114625999,-0.3573831972972927,-0.8795238377526169,lying,karol
1672331668323706400,-0.0230537524180684,-0.1745810692628445,-0.3591638920823174,-0.8793275159429093,lying,karol
1672331668333706400,-0.0141305363046705,-0.17823474693286,-0.3573774818100772,-0.8795110332483455,lying,karol
1672331668343706400,-0.0229675616848197,-0.1746636537622484,-0.3591516718528205,-0.8793183763085177,lying,karol
1672331668353706400,-0.0140585334044563,-0.1783114445735933,-0.357356184855759,-0.87950530777276,lying,karol
1672331668363706400,-0.0277868713483736,-0.1727334313604432,-0.3600834845793842,-0.879179498327496,lying,karol
1672331668373706400,-0.0188673900183569,-0.1763816466064232,-0.3582981857308693,-0.8794211804570721,lying,karol
1672331668383706400,-0.0326151017089119,-0.1707651537716056,-0.3610002396663623,-0.8790221962459209,lying,karol
1672331668393706400,-0.0236891081322097,-0.1744065042707113,-0.3592324798027205,-0.8793172980367929,lying,karol
1672331668403706400,-0.037359465524585,-0.1687863818864684,-0.3618870963767272,-0.8788508722200771,lying,karol
1672331668413706400,-0.0235792200272341,-0.1744084839018558,-0.3591909891566972,-0.8793368206107385,lying,karol
1672331668423706400,-0.0146415618423784,-0.1780333173963342,-0.3574043392322988,-0.8795326155406176,lying,karol
1672331668433706400,-0.0234743697413186,-0.1744352885017443,-0.3591773940478349,-0.8793398740457613,lying,karol
1672331668443706400,-0.0323198306827312,-0.1708141186706918,-0.3609136482034405,-0.8790591805921649,lying,karol
1672331668453706400,-0.0184865559636659,-0.1764712083503392,-0.3581796201066188,-0.8794596449825303,lying,karol
1672331668463706400,-0.009576040303269,-0.1801074166557526,-0.3563775129607141,-0.8795967500092083,lying,karol
1672331668473706400,-0.0232966352453035,-0.1745513209377679,-0.3591574276174258,-0.8793297515926514,lying,karol
1672331668483706400,-0.0143862684340007,-0.1781950627762368,-0.3573875583717453,-0.8795109241013628,lying,karol
1672331668493706400,-0.0281508228210646,-0.1726049459214909,-0.3601560159627755,-0.8791635211735385,lying,karol
1672331668503706400,-0.0143587150770141,-0.1782451591626795,-0.3574197208154045,-0.8794881650920661,lying,karol
1672331668513706400,-0.0005570625178359,-0.1838533927539296,-0.3545854740476026,-0.8795979577876839,lying,karol
1672331668523706400,-0.0094138343722416,-0.1803030616805419,-0.3564211413561924,-0.8795407713110325,lying,karol
1672331668533706400,-0.0231403805158892,-0.1747308215234636,-0.3591877756734375,-0.8792858600557703,lying,karol
1672331668543706400,-0.0142393799089534,-0.178361196936784,-0.3573917571585011,-0.8794779597881409,lying,karol
1672331668553706400,-0.0003930979436141,-0.1839815027461007,-0.3545301883891963,-0.8795935607300976,lying,karol
1672331668563706400,-0.0092189122982999,-0.1804353735017376,-0.3563522019788804,-0.8795436536508621,lying,karol
1672331668573706400,-0.0180477542144299,-0.1768553913827937,-0.3581390236847592,-0.879408176327922,lying,karol
1672331668583706400,-0.0091179708334249,-0.1804863776584429,-0.3563175031865869,-0.879548309746506,lying,karol
1672331668593706400,-0.0179407195854175,-0.1769175389591708,-0.3581042242674133,-0.8794120494421994,lying,karol
1672331668603706400,-0.0316954367143877,-0.1712992837063306,-0.3608168586086732,-0.8790273222910379,lying,karol
1672331668613706400,-0.0178701240934048,-0.1769427458925647,-0.3580648019623864,-0.8794244798873101,lying,karol
1672331668623706400,-0.0040204512412025,-0.1825645943918007,-0.3552249075631037,-0.8795994399187835,lying,karol
1672331668633706400,-0.0128568724662486,-0.179003663668587,-0.3570327535406077,-0.879514590660845,lying,karol
1672331668643706400,-0.0265689030794008,-0.1734170238644568,-0.3597680784808085,-0.8792118503228582,lying,karol
1672331668653706400,-0.0176653380881371,-0.1770346288349288,-0.3579769405478569,-0.8794459104337519,lying,karol
1672331668663706400,-0.0038737497545114,-0.1826150059447048,-0.3551383216182029,-0.879624609319664,lying,karol
1672331668673706400,-0.017607255255534,-0.1770464003255347,-0.3579285320593475,-0.8794644130503821,lying,karol
1672331668683706400,-0.0264439124527658,-0.1734168314487978,-0.3596716338248887,-0.8792551244696774,lying,karol
1672331668693706400,-0.0126163417364056,-0.1790044403366014,-0.3568887984903576,-0.879576355694141,lying,karol
1672331668703706400,0.0012527795240704,-0.1845659685670192,-0.3540205326853725,-0.8796756473440694,lying,karol
1672331668713706400,-0.0075478948771929,-0.1809832438818234,-0.355854027047306,-0.8796487718637496,lying,karol
1672331668723706400,-0.0163546096014067,-0.1773740051340771,-0.3576546946579989,-0.8795340085912768,lying,karol
1672331668733706400,-0.0074049708172268,-0.180973556660835,-0.3558390567730629,-0.8796580454431121,lying,karol
1672331668743706400,-0.0162138226729684,-0.1773952512286264,-0.3576413906483556,-0.8795377512125419,lying,karol
1672331668753706400,-0.0299553874680399,-0.1717855714901923,-0.3603730992735913,-0.8791755319043347,lying,karol
1672331668763706400,-0.0161557626966667,-0.177418343233511,-0.3576310142914959,-0.8795383942121452,lying,karol
1672331668773706400,-0.0072224750388941,-0.181061850158173,-0.3558056608472385,-0.8796549286746486,lying,karol
1672331668783706400,0.0066153530830946,-0.1866684120535209,-0.3529065840678287,-0.8796556804582519,lying,karol
1672331668793706400,-0.0022161133722456,-0.1831628473411594,-0.3547558101397104,-0.8796708583750332,lying,karol
1672331668803706400,-0.0110499990240456,-0.1796396128998562,-0.356566938034167,-0.8795985345494526,lying,karol
1672331668813706400,-0.0198942305159149,-0.1760995019921152,-0.3583426462016352,-0.8794372088830478,lying,karol
1672331668823706400,-0.0109834631592078,-0.1797655538289646,-0.3565258538918963,-0.8795903086334775,lying,karol
1672331668833706400,-0.019826227716319,-0.1762191581211177,-0.3583041539076186,-0.8794304762486844,lying,karol
1672331668843706400,-0.0335476405286032,-0.1706287789582929,-0.3610044976068172,-0.879012082376498,lying,karol
1672331668853706400,-0.0246326499958961,-0.1742758433577592,-0.359252987650031,-0.8793091478320019,lying,karol
1672331668863706400,-0.0107931467407755,-0.1799050997249547,-0.3564677671082792,-0.8795877030048939,lying,karol
1672331668873706400,-0.0245550833545731,-0.1743130867785847,-0.3592443674628754,-0.8793074674956527,lying,karol
1672331668883706400,-0.0156341581314365,-0.1779422715544275,-0.3574602861368499,-0.8795114645738235,lying,karol
1672331668893706400,-0.0244655063003262,-0.1743464802972864,-0.3592332951308862,-0.8793078779750152,lying,karol
1672331668903706400,-0.0332882072620354,-0.1707329252745601,-0.3609662704899082,-0.8790174559309508,lying,karol
1672331668913706400,-0.0243725854082457,-0.1743781569499123,-0.3592155837619751,-0.8793114266489015,lying,karol
1672331668923706400,-0.0154566248956251,-0.1780147893290917,-0.3574297556341455,-0.8795123612701334,lying,karol
1672331668933706400,-0.0016190370489316,-0.1836276553032645,-0.3545915414107073,-0.879641579931409,lying,karol
1672331668943706400,-0.0104483368387929,-0.1800852917721444,-0.3564320292609572,-0.8795695239461699,lying,karol
1672331668953706400,-0.0241818687822465,-0.1745165022582042,-0.3592149499666001,-0.8792895303560745,lying,karol
1672331668963706400,-0.0330208102345736,-0.1709058853188638,-0.3609632837372186,-0.8789951966331122,lying,karol
1672331668973706400,-0.0241098660246212,-0.1745623002136115,-0.3592230826503073,-0.8792791092510115,lying,karol
1672331668983706400,-0.0151883603296211,-0.1782186052997683,-0.3574462542633981,-0.8794690958189582,lying,karol
1672331668993706400,-0.0240127656430795,-0.1746530639933339,-0.359232478829078,-0.8792599216272442,lying,karol
1672331669003706400,-0.0328393449136157,-0.1710582765955649,-0.3609832648749131,-0.8789641815043386,lying,karol
1672331669013706400,-0.0190256608649864,-0.1767184113939258,-0.3582627769309195,-0.8793649594584221,lying,karol
1672331669023706400,-0.0278615937148332,-0.1731298810252741,-0.3600326904721307,-0.8791203407082827,lying,karol
1672331669033706400,-0.0189512359521175,-0.1767821075216553,-0.3582652891328717,-0.8793527551938904,lying,karol
1672331669043706400,-0.0326820797379084,-0.1711870612451636,-0.3609864654730608,-0.8789436864969503,lying,karol
1672331669053706400,-0.0237735361722601,-0.174844683097174,-0.3592333084891111,-0.879228047429737,lying,karol
1672331669063706400,-0.0374713088397393,-0.1692405201638244,-0.3619142328462241,-0.8787479859810021,lying,karol
1672331669073706400,-0.0285525181255696,-0.1729001043855229,-0.3601716990452288,-0.8790864902450214,lying,karol
1672331669083706400,-0.019622716248402,-0.1765495910022592,-0.3583958909773977,-0.8793315605251953,lying,karol
1672331669093706400,-0.0333439140044705,-0.1709378092699161,-0.3611201724265898,-0.8789124526102078,lying,karol
1672331669103706400,-0.0244536138452333,-0.1745711650511988,-0.3593800324044444,-0.8792038223926705,lying,karol
1672331669113706400,-0.0155575189470111,-0.1782022940813076,-0.3576000445171097,-0.8794035268122341,lying,karol
1672331669123706400,-0.0244108458599555,-0.1746092764117997,-0.3593840220702489,-0.8791958223415647,lying,karol
1672331669133706400,-0.0155090460640751,-0.1782516101215511,-0.3576077641411402,-0.8793912601790763,lying,karol
1672331669143706400,-0.0243559683167767,-0.1746697786464181,-0.3593983475735279,-0.8791794827266602,lying,karol
1672331669153706400,-0.0105396596767617,-0.1803134982610991,-0.356624750264311,-0.8794437089562203,lying,karol
1672331669163706400,-0.019386051156307,-0.1767400109549503,-0.3584287018754514,-0.8792852305929743,lying,karol
1672331669173706400,-0.010476241195387,-0.1803626563203819,-0.3566135122011471,-0.8794389529630477,lying,karol
1672331669183706400,-0.0193132196312492,-0.1767480821325834,-0.358393893473552,-0.8792994060836952,lying,karol
1672331669193706400,-0.0103971303510045,-0.1803292096503802,-0.3565652437723846,-0.8794663273526125,lying,karol
1672331669203706400,-0.0192382724635652,-0.1767279048177893,-0.3583397691980576,-0.8793271694805137,lying,karol
1672331669213706400,-0.0054216375894813,-0.1823318259853394,-0.3554984556826162,-0.8795300397145034,lying,karol
1672331669223706400,-0.0142735408261603,-0.1787609808363044,-0.3573148264736128,-0.879427900171822,lying,karol
1672331669233706400,-0.0004553518977451,-0.184359239500989,-0.3544642609800301,-0.8795414132784553,lying,karol
1672331669243706400,-0.0092891858536828,-0.1807968883757954,-0.356306828285939,-0.8794874610992759,lying,karol
1672331669253706400,-0.0181284486454685,-0.1772032228352108,-0.3581119741194387,-0.8793479131903997,lying,karol
1672331669263706400,-0.0092113883207103,-0.1808125040631669,-0.3562978041057525,-0.8794887332615615,lying,karol
1672331669273706400,0.0045955129057396,-0.1863864552981791,-0.353419766788051,-0.8795226064164047,lying,karol
1672331669283706400,-0.0042478793562277,-0.1828528891461028,-0.3552853459241998,-0.8795144595250969,lying,karol
1672331669293706400,-0.0131020107648194,-0.1792923219356119,-0.3571165616420523,-0.879418532768519,lying,karol
1672331669303706400,-0.0268715128893439,-0.1736956113105905,-0.3598869891999603,-0.8790993761786345,lying,karol
1672331669313706400,-0.013076685095522,-0.1793151351840606,-0.3571180951844666,-0.8794136433599176,lying,karol
1672331669323706400,0.0007381637620827,-0.1849071220284645,-0.354255551031905,-0.87951033401768,lying,karol
1672331669333706400,-0.0129910296917642,-0.1793661829486486,-0.357093541307819,-0.8794144779246277,lying,karol
1672331669343706400,0.0008301915189308,-0.1849466052947735,-0.3542215045680839,-0.879515667597808,lying,karol
1672331669353706400,-0.0079976913565094,-0.1813837655925797,-0.3560560126752499,-0.8794809312336861,lying,karol
1672331669363706400,-0.016826339768824,-0.1777967424327684,-0.3578505820060249,-0.8793604423744654,lying,karol
1672331669373706400,-0.0256519150565119,-0.1741891548439708,-0.3595977421448061,-0.8791565418966809,lying,karol
1672331669383706400,-0.0167282925094441,-0.1778196854814617,-0.3577882894309634,-0.8793830324291015,lying,karol
1672331669393706400,-0.0078120164721721,-0.1814502185637934,-0.3559434049230882,-0.8795144951535049,lying,karol
1672331669403706400,-0.0166581960189398,-0.1778912253098478,-0.3577318723932617,-0.8793928582067094,lying,karol
1672331669413706400,-0.0077460154856817,-0.181537325713167,-0.3558958252228779,-0.8795163715403287,lying,karol
1672331669423706400,0.006057372298067,-0.1871388383482893,-0.3529927390231998,-0.8795255481440135,lying,karol
1672331669433706400,-0.0027633166150099,-0.1836390161813882,-0.3548483228353881,-0.8795330901114039,lying,karol
1672331669443706400,-0.0115977209385974,-0.1801015403969517,-0.3566784129516983,-0.8794521953954499,lying,karol
1672331669453706400,-0.0204320047071746,-0.1765325595592638,-0.3584788111817604,-0.879282929728758,lying,karol
1672331669463706400,-0.0341248899401057,-0.1709444036394696,-0.3611955542775477,-0.8788504018505462,lying,karol
1672331669473706400,-0.0252195403790338,-0.1746024178301339,-0.3594557716872931,-0.8791452034752235,lying,karol
1672331669483706400,-0.0162948181604813,-0.1782597608325991,-0.3576823393158029,-0.8793452495353944,lying,karol
1672331669493706400,-0.0300437284311038,-0.172671126240476,-0.3604466100874066,-0.8789693409103119,lying,karol
1672331669503706400,-0.021125916082012,-0.1763267364109339,-0.3586855429735186,-0.8792235651190368,lying,karol
1672331669513706400,-0.0299606821251466,-0.1727223242545021,-0.360441971011505,-0.8789640333098843,lying,karol
1672331669523706400,-0.0210459861888303,-0.1763598959768947,-0.3586650694883796,-0.8792271957000544,lying,karol
1672331669533706400,-0.0298778586512572,-0.1727455344104762,-0.3604045504312221,-0.878977646986949,lying,karol
1672331669543706400,-0.0209586536137149,-0.1763803896395432,-0.358608667089244,-0.879248188356672,lying,karol
1672331669553706400,-0.0071312639213774,-0.1819916932360079,-0.3557672045274921,-0.879479809055207,lying,karol
1672331669563706400,-0.0159644276346475,-0.1784186707308659,-0.3575548065517727,-0.8793709994019127,lying,karol
1672331669573706400,-0.0021649853740081,-0.18401286725266,-0.354685838543642,-0.8795222691653655,lying,karol
1672331669583706400,-0.011012391442232,-0.1804625446443784,-0.356496083443345,-0.8794597415927273,lying,karol
1672331669593706400,-0.0198670465996987,-0.1768906702371028,-0.3582731086007431,-0.8793078404023141,lying,karol
1672331669603706400,-0.0109655113641288,-0.1805335854304581,-0.3564422098149564,-0.8794675955334033,lying,karol
1672331669613706400,-0.0198201545476283,-0.1769621707755251,-0.3582192182551851,-0.8793164795687255,lying,karol
1672331669623706400,-0.0109170104031272,-0.1805857815551764,-0.3563834646196556,-0.879481299416183,lying,karol
1672331669633706400,-0.0197690682452785,-0.176991874471342,-0.3581629529586203,-0.8793345784504637,lying,karol
1672331669643706400,-0.0108688950380044,-0.180591640506517,-0.3563379648409694,-0.879499134710284,lying,karol
1672331669653706400,-0.0246284398503966,-0.1749798902204969,-0.3591169013917754,-0.8792255006714328,lying,karol
1672331669663706400,-0.0157251986169876,-0.178580720775453,-0.3573324056220457,-0.8794328593243281,lying,karol
1672331669673706400,-0.0245695846486467,-0.1749696542819142,-0.3591309348997722,-0.8792234604771114,lying,karol
1672331669683706400,-0.0156587001101665,-0.1785935951244527,-0.3573648361849741,-0.8794182645003934,lying,karol
1672331669693706400,-0.0244949394208541,-0.1750057600612481,-0.3591722234380929,-0.8792015051767101,lying,karol
1672331669703706400,-0.010702996683664,-0.1806261240817754,-0.3564125311442803,-0.8794639070089234,lying,karol
1672331669713706400,0.0031379095566867,-0.1862321078781806,-0.3535540215615844,-0.8795080069995708,lying,karol
1672331669723706400,-0.0056709146626756,-0.182719192146392,-0.3554229191438691,-0.8794788975437802,lying,karol
1672331669733706400,-0.0193832164267713,-0.1771887692171374,-0.3582366100853866,-0.8792735801840408,lying,karol
1672331669743706400,-0.0282089387765844,-0.1736110581925017,-0.3599923108042433,-0.879031330291778,lying,karol
1672331669753706400,-0.0193145718751769,-0.1772760500527993,-0.3581979716450566,-0.8792732622153769,lying,karol
1672331669763706400,-0.0330973655340672,-0.171685087030932,-0.3608952264300322,-0.8788689065540176,lying,karol
1672331669773706400,-0.0242324942033004,-0.175341677215731,-0.3590847059755813,-0.8791776803033126,lying,karol
1672331669783706400,-0.0380316739365561,-0.1696951810365783,-0.3617219744259808,-0.8787158227067786,lying,karol
1672331669793706400,-0.0291672196228441,-0.1733030984128071,-0.3599158584839244,-0.8790921660656921,lying,karol
1672331669803706400,-0.0202813956347179,-0.1768716455308595,-0.3580790169549268,-0.8793814068748671,lying,karol
1672331669813706400,-0.011390173555809,-0.1803896429915796,-0.3562132027129768,-0.8795846482864951,lying,karol
1672331669823706400,-0.0251379749537406,-0.1746690781712427,-0.3589336846018394,-0.879347811027277,lying,karol
1672331669833706400,-0.0162391830145511,-0.1781129155004568,-0.3570973210526085,-0.8796139858751231,lying,karol
1672331669843706400,-0.025090981235226,-0.1743141194609364,-0.3588326025811423,-0.8794608560510253,lying,karol
1672331669853706400,-0.0161905869006831,-0.1777238899261518,-0.3570224595455953,-0.879723975932774,lying,karol
1672331669863706400,-0.0250530091948276,-0.1739186412359445,-0.3587851508897255,-0.8795596161846266,lying,karol
1672331669873706400,-0.0161781850506078,-0.1773337848962999,-0.3570332016509964,-0.8797985910802152,lying,karol
1672331669883706400,-0.0250584935559165,-0.1735547209188705,-0.3588600692013568,-0.8796008056754091,lying,karol
1672331669893706400,-0.0112925073418606,-0.179011809642796,-0.3561779354843487,-0.8798817221919625,lying,karol
1672331669903706400,0.0024975592585224,-0.1844986261670624,-0.3534236645235251,-0.8799278748891243,lying,karol
1672331669913706400,-0.0063421104956036,-0.1809259214008668,-0.3553628909707739,-0.879869397171631,lying,karol
1672331669923706400,-0.0151818893365077,-0.1773699588777508,-0.3572681585918209,-0.8797137314485519,lying,karol
1672331669933706400,-0.0240119114840139,-0.1738329151479831,-0.3591292904677842,-0.8794652438907087,lying,karol
1672331669943706400,-0.015078972607397,-0.177560544150364,-0.3574285833742826,-0.8796119333450557,lying,karol
1672331669953706400,-0.0238948121058696,-0.1741031149544543,-0.3592517116664028,-0.8793650440380356,lying,karol
1672331669963706400,-0.0149548000995992,-0.1779036247789834,-0.3574892164780782,-0.8795201619028576,lying,karol
1672331669973706400,-0.0237728897072903,-0.1745024938432739,-0.3592433122501071,-0.8792927004499833,lying,karol
1672331669983706400,-0.0148274562035484,-0.178343027900227,-0.3574068045768154,-0.8794669163947151,lying,karol
1672331669993706400,-0.0236251720059864,-0.1749712687395405,-0.3591145885276069,-0.8792562114594965,lying,karol
1672331670003706400,-0.0146667542231504,-0.1788154675092173,-0.3572523799103939,-0.8794365303621767,lying,karol
1672331670013706400,-0.0008147695602276,-0.1845855864508877,-0.3543396045644392,-0.879544755328299,lying,karol
1672331670023706400,-0.0095856952055986,-0.1811873896198826,-0.3561248472727603,-0.8794785001936639,lying,karol
1672331670033706400,-0.0232243415634303,-0.1757457246366776,-0.3588653293740864,-0.8792143581764179,lying,karol
1672331670043706400,-0.0142706794634345,-0.1794742257750087,-0.3570297941267462,-0.8793993740522088,lying,karol
1672331670053706400,-0.0230922203050606,-0.1759757237124158,-0.3587848143148333,-0.8792047369983728,lying,karol
1672331670063706400,-0.0093129556232843,-0.1816410366690027,-0.3559407928005445,-0.8794624483585743,lying,karol
1672331670073706400,-0.0181759112051539,-0.1780953205657643,-0.3577034132666012,-0.879333963679864,lying,karol
1672331670083706400,-0.0319614630796834,-0.1724788293446331,-0.3603963045439347,-0.8789609144533072,lying,karol
1672331670093706400,-0.0230931294876108,-0.17607644688227,-0.3585786697833641,-0.8792686740856865,lying,karol
1672331670103706400,-0.0092840903714371,-0.1816321878789318,-0.3557142452561946,-0.8795562533934599,lying,karol
1672331670113706400,-0.0003987286426695,-0.1851577865100288,-0.3538138932999174,-0.8796365377683625,lying,karol
1672331670123706400,-0.0092487383052209,-0.1815288961077629,-0.3556287078099131,-0.8796125388644088,lying,karol
1672331670133706400,-0.0181112428589268,-0.1778651083350047,-0.357422471146905,-0.8794961285736905,lying,karol
1672331670143706400,-0.0043171026056969,-0.1833704078559334,-0.3545859053646662,-0.8796895877605345,lying,karol
1672331670153706400,-0.013169811171931,-0.1797300079768351,-0.3564235407883611,-0.8796102667211245,lying,karol
1672331670163706400,-0.0220318302337257,-0.1760606130487102,-0.3582350253398918,-0.8794391452837661,lying,karol
1672331670173706400,-0.0131340879206325,-0.1796015795364526,-0.3564636605872606,-0.8796207795946476,lying,karol
1672331670183706400,-0.0219934858118871,-0.1759415827562317,-0.3582911420016995,-0.8794410711433294,lying,karol
1672331670193706400,-0.0081818486534933,-0.1814860826448663,-0.355518788795796,-0.8796763887821533,lying,karol
1672331670203706400,-0.0219415015966587,-0.1758676289770311,-0.3583482118652787,-0.8794339147946659,lying,karol
1672331670213706400,-0.0130492269164972,-0.1794457845061119,-0.356580774038634,-0.8796063828323983,lying,karol
1672331670223706400,-0.0267763172083351,-0.1738404212367222,-0.3593652930950467,-0.8792880289455405,lying,karol
1672331670233706400,-0.0130053084090792,-0.1794210203255734,-0.3566213535716042,-0.8795956407365559,lying,karol
1672331670243706400,-0.0267461795629863,-0.1738206847876445,-0.3594050059461067,-0.8792766245701041,lying,karol
1672331670253706400,-0.0129371002080938,-0.1794268998136653,-0.356654621929416,-0.8795819680554562,lying,karol
1672331670263706400,-0.0266905644755589,-0.1738281132984694,-0.3594464086569782,-0.8792599333505111,lying,karol
1672331670273706400,-0.0177681728262557,-0.1774560519594279,-0.3577041003814565,-0.879471309108099,lying,karol
1672331670283706400,-0.0314833063566867,-0.1718617122439188,-0.3604783971762452,-0.8790654480012303,lying,karol
1672331670293706400,-0.0176382683573482,-0.177527516031259,-0.3577769458526996,-0.8794298911360192,lying,karol
1672331670303706400,-0.0313345673048125,-0.1719704395490663,-0.3605490979874067,-0.8790205269420979,lying,karol
1672331670313706400,-0.0224349319204913,-0.1756469541718079,-0.3588348048540614,-0.8792672254667303,lying,karol
1672331670323706400,-0.0135287093610102,-0.1793164756527733,-0.3570818072734932,-0.8794223281696814,lying,karol
1672331670333706400,-0.0223687866385292,-0.1757654693448098,-0.3589085612339681,-0.8792151478216216,lying,karol
1672331670343706400,-0.0134592176182714,-0.179425948610385,-0.3571429326580348,-0.8793762663200765,lying,karol
1672331670353706400,-0.0271646356701037,-0.1738682141603683,-0.3599280253559892,-0.8790405417836843,lying,karol
1672331670363706400,-0.0408911770916564,-0.1682308225961661,-0.3626298254945874,-0.8784955651531073,lying,karol
1672331670373706400,-0.031997698933332,-0.1718735986902318,-0.3609363420493293,-0.8788567177863882,lying,karol
1672331670383706400,-0.0230980427283826,-0.1754979067700053,-0.3592070723568515,-0.8791278723816048,lying,karol
1672331670393706400,-0.0319415171110941,-0.1718496199243507,-0.3609855271126014,-0.8788432615459758,lying,karol
1672331670403706400,-0.0230422201206918,-0.1754459303274158,-0.359261428497963,-0.8791175110573377,lying,karol
1672331670413706400,-0.0092080959285217,-0.1810300586746167,-0.3564944135405406,-0.8793654878615332,lying,karol
1672331670423706400,-0.0002878421001251,-0.1846024622597125,-0.3546769312904168,-0.8794058959202387,lying,karol
1672331670433706400,-0.0091229183315504,-0.1810011417201723,-0.3565471848994863,-0.879350941554499,lying,karol
1672331670443706400,-0.0228633389165675,-0.1753677235644755,-0.3593558788837074,-0.8790991990754446,lying,karol
1672331670453706400,-0.0139591016517208,-0.1789495149040739,-0.3575748447273046,-0.8792900943748446,lying,karol
1672331670463706400,-0.0001289045174388,-0.1845213021418507,-0.3547227542633233,-0.8794044968609522,lying,karol
1672331670473706400,-0.0138759149126884,-0.1789449616035907,-0.3575648311254417,-0.8792964139443239,lying,karol
1672331670483706400,-0.022740439487428,-0.1753177733345176,-0.3593433157551953,-0.8791174935154853,lying,karol
1672331670493706400,-0.0364579991210815,-0.1696794887122823,-0.3620257942996833,-0.8786612821696589,lying,karol
1672331670503706400,-0.0275814318742428,-0.1733223354610548,-0.3602823295650275,-0.8789902850169712,lying,karol
1672331670513706400,-0.0413492414362431,-0.1676674464619422,-0.3629522208058474,-0.8784487505529036,lying,karol
1672331670523706400,-0.0325026101429604,-0.1713137939948761,-0.3612478220982381,-0.8788195718540626,lying,karol
1672331670533706400,-0.0236201559173665,-0.1749646931021867,-0.359500245785926,-0.8791005014776873,lying,karol
1672331670543706400,-0.0147319971089369,-0.1786075388478809,-0.3577150579999206,-0.8792900179756787,lying,karol
1672331670553706400,-0.0009668343561017,-0.1842098229687876,-0.3548683825670295,-0.8794105580177731,lying,karol
1672331670563706400,-0.0098043002274611,-0.1806672289891689,-0.3566873345646754,-0.8793554881191489,lying,karol
1672331670573706400,-0.0186465940027771,-0.1770852621644734,-0.3584630408452298,-0.879219012687582,lying,karol
1672331670583706400,-0.0048254701414386,-0.1826929281684474,-0.3556109067993317,-0.8794143556691428,lying,karol
1672331670593706400,-0.0136651686213923,-0.1791097894101178,-0.3574113001234774,-0.8793286261682266,lying,karol
1672331670603706400,-0.0273697431423542,-0.1735103646510917,-0.3601450556900493,-0.879016108811099,lying,karol
1672331670613706400,-0.0184700784841725,-0.1771323824645084,-0.358360847028385,-0.8792549205164315,lying,karol
1672331670623706400,-0.0273225517405272,-0.1735103140859025,-0.3601252186271496,-0.8790257217060911,lying,karol
1672331670633706400,-0.0184351996254003,-0.1771293551414427,-0.3583552190152316,-0.8792585640852941,lying,karol
1672331670643706400,-0.0272897758821495,-0.1735059823100984,-0.3601280214551908,-0.879026454690086,lying,karol
1672331670653706400,-0.013518010463102,-0.1791075933190578,-0.3573736623817576,-0.8793466683821829,lying,karol
1672331670663706400,-0.0223763190040608,-0.1754905132096722,-0.3591715260118753,-0.879162650080661,lying,karol
1672331670673706400,-0.0312444580858683,-0.1718422589771837,-0.3609336100663236,-0.8788911916242385,lying,karol
1672331670683706400,-0.0223647050242432,-0.1754567857049797,-0.3591877201946646,-0.8791630674400438,lying,karol
1672331670693706400,-0.0360902893333921,-0.1698136862811641,-0.361893726891805,-0.8787050244879733,lying,karol
1672331670703706400,-0.0272048993010286,-0.1734376685990392,-0.3601687892114692,-0.8790258841125249,lying,karol
1672331670713706400,-0.0183018070742369,-0.1770595971220236,-0.3584096904504749,-0.8792532273955185,lying,karol
1672331670723706400,-0.0093880888866708,-0.1806795847613938,-0.3566177424988034,-0.8793857794381079,lying,karol
1672331670733706400,-0.0231109230097869,-0.1751024148765868,-0.3594184629901271,-0.8791201413252628,lying,karol
1672331670743706400,-0.0368275230436144,-0.1694741106937234,-0.3621297363193906,-0.8786427904272144,lying,karol
1672331670753706400,-0.0230476574150873,-0.1751285960929219,-0.359447188589348,-0.8791048602905701,lying,karol
1672331670763706400,-0.0092150266191938,-0.1807894674280378,-0.356665260435641,-0.8793457900801329,lying,karol
1672331670773706400,-0.0180479310060979,-0.177249399665691,-0.3584830040098913,-0.8791903968794267,lying,karol
1672331670783706400,-0.0091316713794639,-0.1809277869037588,-0.3566841019760766,-0.879310592964081,lying,karol
1672331670793706400,-0.0002105773830084,-0.1846059307096584,-0.3548421280490764,-0.8793387364398926,lying,karol
1672331670803706400,-0.0090408485016813,-0.1811157948651494,-0.3566836188568644,-0.8792730494592439,lying,karol
1672331670813706400,-0.0227311556217862,-0.1756120430141793,-0.3594616760273539,-0.8790108072797723,lying,karol
1672331670823706400,-0.0138210499758821,-0.1793026019560624,-0.3576589871330182,-0.8791863383274293,lying,karol
1672331670833706400,-0.0226581353758101,-0.1757594261196563,-0.3594419791607665,-0.878991314563817,lying,karol
1672331670843706400,-0.0137447924672526,-0.1794423080795962,-0.3576387617888611,-0.8791672818637494,lying,karol
1672331670853706400,-0.0274908550401974,-0.1738738380526026,-0.3604010048759021,-0.8788357807042116,lying,karol
1672331670863706400,-0.0185916168400079,-0.1775360471815969,-0.3586191695108846,-0.8790658011308229,lying,karol
1672331670873706400,-0.0096791407394085,-0.1811820237527775,-0.3568000549204175,-0.8792054425923306,lying,karol
1672331670883706400,0.0041652154959008,-0.1867956656897092,-0.35390225959432,-0.8792453201248568,lying,karol
1672331670893706400,-0.0046702106881976,-0.1832518395385586,-0.355758830366003,-0.8792392893277523,lying,karol
1672331670903706400,-0.0135143181804555,-0.1796757201248983,-0.3575792836664368,-0.8791474188252065,lying,karol
1672331670913706400,-0.0046086490184245,-0.1832913577295396,-0.3557343414325068,-0.8792412949149908,lying,karol
1672331670923706400,0.0091758616117866,-0.1888542644474018,-0.3528137699681069,-0.8792050160717213,lying,karol
1672331670933706400,0.0003508321572519,-0.1853191208091053,-0.3546954801853003,-0.8792479576263945,lying,karol
1672331670943706400,-0.0084874569078223,-0.1817491655923461,-0.3565482159127282,-0.8792028979264952,lying,karol
1672331670953706400,-0.0222078888867756,-0.176158167596018,-0.3593520021827848,-0.8789598501207777,lying,karol
1672331670963706400,-0.0084443029632031,-0.1817552858440531,-0.3565563115325392,-0.8791987744325691,lying,karol
1672331670973706400,-0.0172915329149338,-0.1781730019259951,-0.3583746194497834,-0.8790632537733942,lying,karol
1672331670983706400,-0.0310259048896839,-0.1725531373269086,-0.3611212063073249,-0.8786828090176034,lying,karol
1672331670993706400,-0.0172174647848463,-0.1781896713451695,-0.3583699610747283,-0.8790632377159335,lying,karol
1672331671003706400,-0.0260622590165124,-0.1745683550396645,-0.3601463768927234,-0.8788460891450102,lying,karol
1672331671013706400,-0.0171646208002661,-0.1781885300852718,-0.358357975755279,-0.8790693976126851,lying,karol
1672331671023706400,-0.030930213530478,-0.172543387245153,-0.3611031917595352,-0.8786955187427374,lying,karol
1672331671033706400,-0.0171725929633543,-0.1781504779817288,-0.3583545363363376,-0.8790783645392236,lying,karol
1672331671043706400,-0.0308781861620773,-0.172531399687507,-0.3610910962675385,-0.8787046811823322,lying,karol
1672331671053706400,-0.0219790436349625,-0.1761589910186862,-0.3593286099030376,-0.8789750464674656,lying,karol
1672331671063706400,-0.0130734975457352,-0.1797852482668867,-0.357534176984191,-0.8791501126526327,lying,karol
1672331671073706400,-0.0219123723619711,-0.1761868888264091,-0.3593337656134547,-0.8789690230112941,lying,karol
1672331671083706400,-0.0080812801746842,-0.1818136535612466,-0.3565239336197818,-0.8792033065097803,lying,karol
1672331671093706400,0.0008417576023092,-0.1854295835959157,-0.3546693233073266,-0.8792349651695742,lying,karol
1672331671103706400,-0.0128484136550513,-0.1798980016198126,-0.3575242924010845,-0.879134409684729,lying,karol
1672331671113706400,-0.0216721507758224,-0.1763019472466125,-0.3593220679635119,-0.8789567149506015,lying,karol
1672331671123706400,-0.0078574810177214,-0.1819239835699934,-0.3565191343455381,-0.8791844842885137,lying,karol
1672331671133706400,-0.0215539686252621,-0.1763618718153378,-0.3593276534294852,-0.8789453302900994,lying,karol
1672331671143706400,-0.0126506626754445,-0.1799995721213803,-0.3575372628363146,-0.8791112408148143,lying,karol
1672331671153706400,-0.0037461805618271,-0.1836395732402847,-0.3557046782934551,-0.8791848623933477,lying,karol
1672331671163706400,-0.0125929197767423,-0.1800927742105397,-0.3575403749406296,-0.879091731428253,lying,karol
1672331671173706400,0.0012255528830621,-0.1857237620359433,-0.3546656956744078,-0.8791739423984495,lying,karol
1672331671183706400,0.0150363062953829,-0.191316387280419,-0.3517056748779352,-0.8790361057318063,lying,karol
1672331671193706400,0.0062249234631668,-0.1878231210696946,-0.3536118210041017,-0.8791312892821891,lying,karol
1672331671203706400,-0.0026033694023683,-0.1842878671402428,-0.3554862945175849,-0.8791416990361096,lying,karol
1672331671213706400,-0.0114414174012927,-0.1807174280013396,-0.3573264845165543,-0.8790662809058556,lying,karol
1672331671223706400,-0.0202768034276688,-0.1771107554252075,-0.3591325068304535,-0.8789049554556795,lying,karol
1672331671233706400,-0.0113593494413655,-0.1807170910151244,-0.3573299178645454,-0.8790660291871736,lying,karol
1672331671243706400,-0.0201910982428479,-0.1770977252707737,-0.3591415649490767,-0.8789058631008531,lying,karol
1672331671253706400,-0.0112783378241366,-0.1807045419412433,-0.3573381501837315,-0.8790663156169257,lying,karol
1672331671263706400,-0.0201208666184145,-0.1770883511244308,-0.3591465906109481,-0.8789073181184666,lying,karol
1672331671273706400,-0.0063142970493432,-0.1826929071738306,-0.3563243598045322,-0.879116527760508,lying,karol
1672331671283706400,-0.0151627632735002,-0.1791008618669469,-0.3581498773831288,-0.8790057630916488,lying,karol
1672331671293706400,-0.0013625739998809,-0.1847001315609421,-0.3552974262374364,-0.879134372869274,lying,karol
1672331671303706400,-0.0150742837293071,-0.1791550622094487,-0.3581516696391212,-0.8789955192552937,lying,karol
1672331671313706400,-0.0239315384280068,-0.1755461001981632,-0.3599568826305312,-0.8787897434859099,lying,karol
1672331671323706400,-0.0101938810305971,-0.1811588103055325,-0.3571745038376671,-0.8790526012075779,lying,karol
1672331671333706400,-0.0190612428398058,-0.1775701108938924,-0.3589837339266751,-0.8789003035160002,lying,karol
1672331671343706400,-0.0101662219423373,-0.1812027941542264,-0.3571623982137496,-0.879048784207981,lying,karol
1672331671353706400,-0.0190045289057569,-0.177613091506421,-0.3589574373165082,-0.878903597134306,lying,karol
1672331671363706400,-0.0327391647428668,-0.1719755034538253,-0.3616740272538329,-0.8785067093156231,lying,karol
1672331671373706400,-0.0238316717666656,-0.1756108641225285,-0.3598941708143938,-0.8788052333650797,lying,karol
1672331671383706400,-0.0099977597598195,-0.1812361655614808,-0.3570733190784257,-0.8790800460538812,lying,karol
1672331671393706400,0.0037820324793119,-0.1868132423227499,-0.3541806469928597,-0.879131487904367,lying,karol
1672331671403706400,-0.005050776495096,-0.1832715723234948,-0.3560349005516151,-0.879121593246125,lying,karol
1672331671413706400,-0.0138864507158752,-0.1797023456991142,-0.3578559458578937,-0.8790238745300281,lying,karol
1672331671423706400,-0.022728482873425,-0.1761044519222112,-0.3596428431069629,-0.8788386034903058,lying,karol
1672331671433706400,-0.0138245010101111,-0.1797342810034538,-0.3578320032480643,-0.8790280799982418,lying,karol
1672331671443706400,-0.0275773683886771,-0.1741096149561696,-0.3605911731680911,-0.8787087005980395,lying,karol
1672331671453706400,-0.0186843838001129,-0.1777307517359827,-0.3588018391272022,-0.8789502630406427,lying,karol
1672331671463706400,-0.0097861221032108,-0.1813413913406843,-0.3569788445458872,-0.8790991376457185,lying,karol
1672331671473706400,-0.0186316302154785,-0.1777315852630428,-0.3587827786040172,-0.8789590023273658,lying,karol
1672331671483706400,-0.0097286124124468,-0.1813346580106392,-0.356961421431346,-0.879108246838888,lying,karol
1672331671493706400,0.0041049603934542,-0.1869116859570769,-0.3540671320230023,-0.8791548857264968,lying,karol
1672331671503706400,-0.0047276283712133,-0.1833374633104847,-0.3559374379255643,-0.8791491607992905,lying,karol
1672331671513706400,-0.018439878776861,-0.1777415605289882,-0.3587676704059299,-0.8789672104407604,lying,karol
1672331671523706400,-0.0095241266690534,-0.1813367484706026,-0.3569613411352343,-0.8791101029688722,lying,karol
1672331671533706400,-0.0232383000838743,-0.1757225518088541,-0.3597662172218036,-0.8788512622650063,lying,karol
1672331671543706400,-0.0093911266055793,-0.1813411208762912,-0.356970709087651,-0.8791068384603304,lying,karol
1672331671553706400,0.0043872799067003,-0.1869121474924102,-0.354104361793464,-0.8791384588241025,lying,karol
1672331671563706400,-0.0093671216441,-0.1813679352400493,-0.3570029306750711,-0.8790884919698815,lying,karol
1672331671573706400,-0.0182037200984652,-0.1777810853642286,-0.3588181647788582,-0.8789435630219258,lying,karol
1672331671583706400,-0.0044265498718157,-0.1833887479501066,-0.3559943686335501,-0.8791170264217932,lying,karol
1672331671593706400,-0.0132563763181842,-0.1798244965411125,-0.3578270312962108,-0.8790204833484733,lying,karol
1672331671603706400,-0.0221012837836631,-0.1762250247107785,-0.3596249713597022,-0.8788378350789953,lying,karol
1672331671613706400,-0.0309447887215547,-0.1725989410730796,-0.3613845079914911,-0.8785687565518427,lying,karol
1672331671623706400,-0.0220560102043502,-0.1762404294340635,-0.359619559660506,-0.8788381097082538,lying,karol
1672331671633706400,-0.0131507071708071,-0.1798785021236768,-0.3578136428069873,-0.8790164946093766,lying,karol
1672331671643706400,-0.0269037309412776,-0.1742688521165831,-0.3605818605827141,-0.8787019435301409,lying,karol
1672331671653706400,-0.0406459017997102,-0.1686028758251457,-0.363255472954282,-0.8781778174728365,lying,karol
1672331671663706400,-0.0268917593862531,-0.1742427047303942,-0.3605578846881778,-0.8787173435926888,lying,karol
1672331671673706400,-0.0131080422572033,-0.1798535823971618,-0.3577699455282578,-0.879040036560786,lying,karol
1672331671683706400,-0.0268539804759503,-0.1742194124241915,-0.360529566618355,-0.8787347430094032,lying,karol
1672331671693706400,-0.0179547457868571,-0.1778294246167139,-0.3587356706388362,-0.8789726409973705,lying,karol
1672331671703706400,-0.0090476396626077,-0.1814288859114732,-0.3569077727958493,-0.8791179721443141,lying,karol
1672331671713706400,0.0047965614494914,-0.1870078935633163,-0.3540051938671209,-0.8791559800952963,lying,karol
1672331671723706400,0.0186088228432646,-0.1925418387855737,-0.3510283082815739,-0.8789711938795067,lying,karol
1672331671733706400,0.0098144927495806,-0.1890272687319839,-0.3529414731100281,-0.8791101021155673,lying,karol
1672331671743706400,-0.0038834488294784,-0.1835030057727316,-0.3558446275270011,-0.8791564486208442,lying,karol
1672331671753706400,-0.0127030517468518,-0.1799096164957184,-0.3576713703196592,-0.8790746581671348,lying,karol
1672331671763706400,-0.021539620666033,-0.1762844345207513,-0.35946912603213,-0.8789036916581305,lying,karol
1672331671773706400,-0.0126279239566231,-0.1799005000070045,-0.357673335721802,-0.8790768162000909,lying,karol
1672331671783706400,0.0012076762448134,-0.1855048104008264,-0.3548109361934062,-0.8791618938610194,lying,karol
1672331671793706400,-0.0075940482082673,-0.1819616813616872,-0.3566648974064975,-0.8791202244822155,lying,karol
1672331671803706400,-0.0164216711750981,-0.1783866014135119,-0.358486168821278,-0.8789915640665178,lying,karol
1672331671813706400,-0.025250233399824,-0.1747878872619061,-0.3602693605982838,-0.8787761801483406,lying,karol
1672331671823706400,-0.016339311932695,-0.178439307290353,-0.3584841673014902,-0.8789832322639015,lying,karol
1672331671833706400,-0.0251771839458385,-0.1748463167920202,-0.3602633805416353,-0.8787691196621171,lying,karol
1672331671843706400,-0.0162685450781321,-0.1785006203804681,-0.3584701439143644,-0.878977830401166,lying,karol
1672331671853706400,-0.0073541368835228,-0.1821430919741778,-0.3566378216363065,-0.8790957255244963,lying,karol
1672331671863706400,-0.0210567769814638,-0.1765778999277757,-0.3594336100618159,-0.8788710756352178,lying,karol
1672331671873706400,-0.0121473574074049,-0.1802073004691412,-0.3576264572571606,-0.8790398894398327,lying,karol
1672331671883706400,-0.0259069690894751,-0.1745875714872426,-0.3604107253639309,-0.8787389642290174,lying,karol
1672331671893706400,-0.0170000279435892,-0.1782173425399767,-0.3586305410256879,-0.8789560696819989,lying,karol
1672331671903706400,-0.0032038679294586,-0.1838206438010613,-0.3558025970328867,-0.8791099411265826,lying,karol
1672331671913706400,-0.0120256454780373,-0.1802534000468134,-0.3576464232283712,-0.8790240121133012,lying,karol
1672331671923706400,-0.0257658209946061,-0.174646722960719,-0.360433622912039,-0.8787219939799704,lying,karol
1672331671933706400,-0.0168547506701781,-0.1782857017368928,-0.3586499757302832,-0.8789371009604154,lying,karol
1672331671943706400,-0.0079398591631377,-0.1819135182725192,-0.3568223900887209,-0.8790633250925235,lying,karol
1672331671953706400,-0.0167782898376216,-0.1783265971481749,-0.3586316330907152,-0.8789377637617857,lying,karol
1672331671963706400,-0.025624114899413,-0.174716347605023,-0.3604055088874999,-0.8787238524090294,lying,karol
1672331671973706400,-0.0167303424339617,-0.1783587861835636,-0.3586157013450508,-0.8789386580150929,lying,karol
1672331671983706400,-0.0255814676458817,-0.1747509464211608,-0.3603937965000615,-0.878723029542842,lying,karol
1672331671993706400,-0.0117779793303614,-0.1803940064534756,-0.35760460444869,-0.8790155824847368,lying,karol
1672331672003706400,-0.025499496555384,-0.1748069175328905,-0.3603834615072884,-0.8787185301230426,lying,karol
1672331672013706400,-0.0117333613271312,-0.1804374682343257,-0.3576063907536033,-0.879006545982716,lying,karol
1672331672023706400,0.0020979366504976,-0.1860639563833275,-0.3547320962039285,-0.8790740284430129,lying,karol
1672331672033706400,-0.0067197495212567,-0.1825272410869486,-0.3565930909535899,-0.8790393841597985,lying,karol
1672331672043706400,-0.020425655574474,-0.1769641118331774,-0.3594055518918454,-0.8788198799831051,lying,karol
1672331672053706400,-0.0115011549366248,-0.1806158604310258,-0.357593131420736,-0.8789784075793254,lying,karol
1672331672063706400,-0.0252226672339332,-0.1750340008882677,-0.3603715734292316,-0.8786862448049441,lying,karol
1672331672073706400,-0.0163232103430178,-0.1786851062492579,-0.3585749808976873,-0.8788967256394279,lying,karol
1672331672083706400,-0.0251734835051793,-0.1750863649209275,-0.3603533669992441,-0.8786847042225331,lying,karol
1672331672093706400,-0.0162876393938958,-0.1787382861859884,-0.3585626968014793,-0.8788915983429,lying,karol
1672331672103706400,-0.0024602276223195,-0.1843850750722015,-0.3557095196521362,-0.8790319418170593,lying,karol
1672331672113706400,-0.016199996777428,-0.1788432449166628,-0.3585588157003374,-0.8788734669233539,lying,karol
1672331672123706400,-0.0072947051259868,-0.1824929551381219,-0.3567390244942185,-0.8789827836355419,lying,karol
1672331672133706400,-0.0161402809618737,-0.1789211699572828,-0.3585722984522289,-0.8788532210572126,lying,karol
1672331672143706400,-0.0249840180123582,-0.1753153860022142,-0.3603609831224961,-0.878641370888798,lying,karol
1672331672153706400,-0.0112079590658654,-0.1809388764045996,-0.3575564228269897,-0.8789307705609299,lying,karol
1672331672163706400,-0.0249056374666332,-0.1753431601271244,-0.3603109136469163,-0.8786585951755844,lying,karol
1672331672173706400,-0.0160130026678229,-0.1789530180500388,-0.35848692923932,-0.8788839076506394,lying,karol
1672331672183706400,-0.0248576783419944,-0.1753032162305248,-0.3602460857115625,-0.8786945091226706,lying,karol
1672331672193706400,-0.0385719161533389,-0.1696044593671404,-0.3629169572190653,-0.8782187795836994,lying,karol
1672331672203706400,-0.0296920872605924,-0.1731853987057714,-0.3611601591599175,-0.8785891804686439,lying,karol
1672331672213706400,-0.0159162154381974,-0.178749411075643,-0.3583808185556155,-0.878970377643998,lying,karol
1672331672223706400,-0.024759526839554,-0.1750718426570134,-0.3601434715676888,-0.8787854756257436,lying,karol
1672331672233706400,-0.0109869477897048,-0.1806215465985112,-0.3573381672292839,-0.8790875937126909,lying,karol
1672331672243706400,-0.0246873793367951,-0.1749671170764408,-0.3600965414028174,-0.8788275962277965,lying,karol
1672331672253706400,-0.0157908631146164,-0.1785216857301127,-0.3582935824516005,-0.8790544858546053,lying,karol
1672331672263706400,-0.0068973693294281,-0.182059852196832,-0.3564586161326949,-0.8791895798122978,lying,karol
1672331672273706400,-0.0157550957798677,-0.1783907228184996,-0.3582703205469094,-0.8790911967555226,lying,karol
1672331672283706400,-0.0295001763206704,-0.1726911251270073,-0.3610169750431383,-0.8787517791065871,lying,karol
1672331672293706400,-0.0206176335263208,-0.176250056483563,-0.3592519588187523,-0.8790217825165642,lying,karol
1672331672303706400,-0.011729278181895,-0.1798122998878981,-0.3574507440377034,-0.8791981357768569,lying,karol
1672331672313706400,-0.0254312642295139,-0.1741740676805965,-0.3602123087239089,-0.8789164782894601,lying,karol
1672331672323706400,-0.0165380059647074,-0.1777609744314797,-0.3584364930954294,-0.8791366517967328,lying,karol
1672331672333706400,-0.0302679524399232,-0.1721107760508382,-0.3611791165027584,-0.8787729082363421,lying,karol
1672331672343706400,-0.0213682134837457,-0.1757261171486164,-0.3594292475987459,-0.8790362906154401,lying,karol
1672331672353706400,-0.0124623974895609,-0.1793391515694435,-0.3576491686897003,-0.8792040097094432,lying,karol
1672331672363706400,-0.003538399248444,-0.1829547505488234,-0.3558341173858153,-0.8792767431959113,lying,karol
1672331672373706400,-0.0123606669594824,-0.1793851280455468,-0.357679342553417,-0.8791838041576164,lying,karol
1672331672383706400,-0.0260317711224142,-0.1738104301126779,-0.3604533853668601,-0.878872082338856,lying,karol
1672331672393706400,-0.0122319514960568,-0.1794530067601721,-0.3577085253389771,-0.8791598972393045,lying,karol
1672331672403706400,-0.0210506540952494,-0.1758790267277805,-0.3595209919279118,-0.878975897906605,lying,karol
1672331672413706400,-0.0121331115997417,-0.1795390707746041,-0.3577441798205292,-0.8791292084804823,lying,karol
1672331672423706400,-0.02096192238246,-0.1759713431726981,-0.359553336802682,-0.8789463319475324,lying,karol
1672331672433706400,-0.0071721947683849,-0.1816217834118296,-0.3567643946631088,-0.8791540503436049,lying,karol
1672331672443706400,0.0066650511621612,-0.1872684371916881,-0.3538758510541019,-0.8791408306051942,lying,karol
1672331672453706400,-0.0021582144740996,-0.1837853067980298,-0.3557524767133349,-0.8791411190712485,lying,karol
1672331672463706400,-0.0109958724445589,-0.1802747393702101,-0.3575934514638405,-0.8790549945988004,lying,karol
1672331672473706400,-0.019832810572491,-0.1767402993123065,-0.3593916867145347,-0.8788844153977982,lying,karol
1672331672483706400,-0.0109278578308824,-0.1804286963249371,-0.3575768209243312,-0.8790310452709779,lying,karol
1672331672493706400,-0.002024797802223,-0.1840945713562401,-0.355718435911343,-0.8790905486753033,lying,karol
1672331672503706400,-0.0157277784775392,-0.1785724892688321,-0.3585279403636319,-0.8789499072094177,lying,karol
1672331672513706400,-0.0019104940578448,-0.1841988553905061,-0.3556527772330908,-0.8790955359423894,lying,karol
1672331672523706400,-0.010757951976477,-0.1806127327533237,-0.3574674781489544,-0.8790398407842516,lying,karol
1672331672533706400,-0.019593976299394,-0.1769862701721022,-0.3592458165470032,-0.878899946499005,lying,karol
1672331672543706400,-0.0057937642461674,-0.1825575324075508,-0.3564130474451847,-0.8791129961003482,lying,karol
1672331672553706400,-0.0146300530753264,-0.178928839394007,-0.3582277689022136,-0.8790187954108438,lying,karol
1672331672563706400,-0.0234738295070963,-0.1752716353909164,-0.3600072876828007,-0.8788369219758612,lying,karol
1672331672573706400,-0.0096535961320266,-0.180864842784435,-0.3572024865412402,-0.8791085565867038,lying,karol
1672331672583706400,-0.0007453143584509,-0.1844615234015911,-0.3553486370391021,-0.87916522733223,lying,karol
1672331672593706400,0.0130173918808102,-0.1900071845467164,-0.3524163962513959,-0.8790684088171568,lying,karol
1672331672603706400,0.0041898341871554,-0.1864848438070625,-0.3543124660076491,-0.8791469151051149,lying,karol
1672331672613706400,-0.0046515480097258,-0.182935563738157,-0.3561796720984857,-0.8791358065224005,lying,karol
1672331672623706400,-0.0134921114800892,-0.1793658618771637,-0.3580135977372634,-0.8790352142260183,lying,karol
1672331672633706400,-0.0272591326833441,-0.1737552507945766,-0.36078911588315,-0.8787081832591095,lying,karol
1672331672643706400,-0.0183595771412133,-0.1774128898686779,-0.3590174370348354,-0.878933950513303,lying,karol
1672331672653706400,-0.0045804273382079,-0.1830507682289921,-0.3561959336779881,-0.8791056390336258,lying,karol
1672331672663706400,-0.0134036922184857,-0.1795227472934185,-0.3580172342511492,-0.8790030913434742,lying,karol
1672331672673706400,-0.0222316833610134,-0.1759785813809862,-0.3597995790695884,-0.8788130783677343,lying,karol
1672331672683706400,-0.0084204714359893,-0.1816679855645611,-0.3569838408371273,-0.8790445228832635,lying,karol
1672331672693706400,0.0054318116487274,-0.1873391187622289,-0.354073575475647,-0.8790548195483151,lying,karol
1672331672703706400,-0.0033774991426954,-0.1838594950095214,-0.3559356688291304,-0.8790477959256333,lying,karol
1672331672713706400,-0.0121877895992522,-0.1803476193849297,-0.3577682527828506,-0.8789533826670417,lying,karol
1672331672723706400,-0.0032512798524605,-0.1840308628345486,-0.3559276303996815,-0.8790156991149355,lying,karol
1672331672733706400,-0.0169291549871922,-0.1785339073841579,-0.3587716664880163,-0.8788361483019206,lying,karol
1672331672743706400,-0.0306589239496125,-0.1729574497903504,-0.3615425186210993,-0.8784439793578013,lying,karol
1672331672753706400,-0.0217488794918822,-0.1766545503903867,-0.3597916388131137,-0.8786929089842045,lying,karol
1672331672763706400,-0.0128485265989184,-0.1803373928671589,-0.3580002035382171,-0.8788517021015866,lying,karol
1672331672773706400,0.0008906806900279,-0.1859619043985038,-0.3551441063347095,-0.878931839401225,lying,karol
1672331672783706400,-0.0079554014801771,-0.1824276019258268,-0.3569980682511854,-0.8788858925266237,lying,karol
1672331672793706400,0.005828257351714,-0.1880267350030108,-0.3540790806410108,-0.8789033754100433,lying,karol
1672331672803706400,-0.0030146817543843,-0.1844613626051445,-0.3559260115474991,-0.8789270483988206,lying,karol
1672331672813706400,-0.0118646018110238,-0.1808419041748112,-0.3577312776742725,-0.8788713995887532,lying,karol
1672331672823706400,-0.0207146569100308,-0.177179709873879,-0.3595007549111036,-0.8787312613962467,lying,karol
1672331672833706400,-0.0344534455786105,-0.1714679941235435,-0.3621947692625121,-0.8783267090705525,lying,karol
1672331672843706400,-0.0255511392523139,-0.1750383880263379,-0.3604107925343199,-0.8786603085937765,lying,karol
1672331672853706400,-0.0343838256058087,-0.1713236837689461,-0.3621327001656172,-0.8783831935369011,lying,karol
1672331672863706400,-0.0254851853467513,-0.1749056016914783,-0.3603708253580829,-0.8787050633476235,lying,karol
1672331672873706400,-0.016585667674574,-0.178486592982137,-0.3585829967572407,-0.8789293915405784,lying,karol
1672331672883706400,-0.0077020683270884,-0.1820646260984632,-0.3567658524288031,-0.8790577168994711,lying,karol
1672331672893706400,-0.0165655727763043,-0.1784369548623823,-0.3585919752437219,-0.8789361907452623,lying,karol
1672331672903706400,-0.0302873793334621,-0.1727929275188029,-0.3613424277277956,-0.8785716422776458,lying,karol
1672331672913706400,-0.0214111464644581,-0.1764022362587491,-0.3595867127048949,-0.8788358307919355,lying,karol
1672331672923706400,-0.0125237232625833,-0.180007176329189,-0.3577981861597415,-0.8790063967744062,lying,karol
1672331672933706400,-0.0036324443584253,-0.1836057470802847,-0.3559720476378236,-0.8790852390972146,lying,karol
1672331672943706400,-0.0124932669233184,-0.1800083850618468,-0.3578164602797124,-0.8789991511059546,lying,karol
1672331672953706400,-0.0213491265044127,-0.1763909360140001,-0.3596162450183053,-0.878827538587919,lying,karol
1672331672963706400,-0.0075298877497095,-0.1820137964740486,-0.3567946853241735,-0.879058059636143,lying,karol
1672331672973706400,-0.0163624940103641,-0.178417604146642,-0.3586012751978011,-0.8789401581319689,lying,karol
1672331672983706400,-0.0251887067577933,-0.174792195932361,-0.3603706461500479,-0.8787362928543384,lying,karol
1672331672993706400,-0.0162642889977081,-0.1784158722645761,-0.3585773859714813,-0.8789520894835053,lying,karol
1672331673003706400,-0.0073303772024595,-0.1820337331490109,-0.3567517660468957,-0.879073058383812,lying,karol
1672331673013706400,-0.0210617875664798,-0.1764335273215593,-0.3595618063415111,-0.8788482289233198,lying,karol
1672331673023706400,-0.0072536581049282,-0.1820474927213736,-0.3567522929908167,-0.8790706448440864,lying,karol
1672331673033706400,-0.0160769209352166,-0.1784652091063054,-0.3585684914907187,-0.8789491754421217,lying,karol
1672331673043706400,-0.0023130706890506,-0.1840610706357489,-0.3557301365107653,-0.8790924678583688,lying,karol
1672331673053706400,-0.0111487688334684,-0.180490799358731,-0.3575566116520918,-0.8790241059400228,lying,karol
1672331673063706400,-0.0248751522289104,-0.1748842593762672,-0.3603212882403279,-0.8787471937681146,lying,karol
1672331673073706400,-0.0159974524596095,-0.1784958195040718,-0.358521423512209,-0.8789636258832272,lying,karol
1672331673083706400,-0.0022309444013241,-0.1840785740582692,-0.3556693623184511,-0.8791136178474899,lying,karol
1672331673093706400,0.0115589983197727,-0.1896390957507572,-0.3527277994542734,-0.8790437153174111,lying,karol
1672331673103706400,0.0027074265574324,-0.1860915323662967,-0.3546211272962301,-0.8791119513036046,lying,karol
1672331673113706400,-0.006139120825947,-0.1825155525263358,-0.3564835591968968,-0.8790911309643715,lying,karol
1672331673123706400,0.0027569018609033,-0.1861054588633283,-0.3546256787094771,-0.879107018975172,lying,karol
1672331673133706400,-0.0060934029577391,-0.1825230554322387,-0.3564915877697767,-0.8790866412090867,lying,karol
1672331673143706400,-0.0149396878856963,-0.1789110362778544,-0.3583221349670337,-0.8789791069661477,lying,karol
1672331673153706400,-0.0286512816071826,-0.1732764474601893,-0.3610790593219234,-0.8786396713743356,lying,karol
1672331673163706400,-0.0197622152189839,-0.1768909924293087,-0.3593039963753418,-0.8788919491446058,lying,karol
1672331673173706400,-0.010855945493395,-0.1805126799064092,-0.3574832111841965,-0.879053166861191,lying,karol
1672331673183706400,-0.0196929968604739,-0.1769240223790532,-0.3592663877516782,-0.8789022383350253,lying,karol
1672331673193706400,-0.0058785081278903,-0.1825551412944093,-0.3564258509419257,-0.8791081233593749,lying,karol
1672331673203706400,0.0030405514064002,-0.1861813236060457,-0.3545421881176131,-0.8791237304199753,lying,karol
1672331673213706400,-0.0057823736314436,-0.1826439622648722,-0.3563849960899197,-0.8791068873602415,lying,karol
1672331673223706400,-0.0194721004723805,-0.1771002153656989,-0.3591821342991121,-0.8789061354689084,lying,karol
1672331673233706400,-0.028319809041669,-0.1735001672928047,-0.360936585786576,-0.8786648529163852,lying,karol
1672331673243706400,-0.0194323169394023,-0.1771689079531441,-0.3591466207858976,-0.8789076996191151,lying,karol
1672331673253706400,-0.0105251961010504,-0.1808443680392354,-0.3573150958707945,-0.8790574216387554,lying,karol
1672331673263706400,-0.0193642886486004,-0.1773007072293302,-0.359099005953376,-0.878902098853405,lying,karol
1672331673273706400,-0.0330564468350413,-0.1717341507366127,-0.361800574399952,-0.87849105145499,lying,karol
1672331673283706400,-0.0241595335829222,-0.1754241964231879,-0.3600226023840361,-0.8787820790344352,lying,karol
1672331673293706400,-0.0152525202893355,-0.179089488026155,-0.3582085826746111,-0.8789837825115997,lying,karol
1672331673303706400,-0.0240894918872308,-0.17550062910101,-0.3599784798153117,-0.8787868312769795,lying,karol
1672331673313706400,-0.0151914301964607,-0.1791429270677753,-0.3581823369671345,-0.8789846604619231,lying,karol
1672331673323706400,-0.0062843698705348,-0.1827781512219097,-0.3563617897689339,-0.8790850530235589,lying,karol
1672331673333706400,-0.0151187280316524,-0.1792176965431258,-0.3582072566298004,-0.8789605343427832,lying,karol
1672331673343706400,-0.0239590415497843,-0.1756324864642015,-0.3600280778000017,-0.8787437713546038,lying,karol
1672331673353706400,-0.0327960346319189,-0.1720223158627708,-0.3618207077039689,-0.878436212957971,lying,karol
1672331673363706400,-0.0238941153578364,-0.17569122936298,-0.3601014573410834,-0.8787037549096371,lying,karol
1672331673373706400,-0.0101172775112759,-0.1813355203925097,-0.3573465521497444,-0.8789483603689527,lying,karol
1672331673383706400,0.0037059235071566,-0.1869759122345274,-0.3544891790290035,-0.8789740771797434,lying,karol
1672331673393706400,-0.0051362628294931,-0.1834682871169623,-0.3563810408711231,-0.8789410189638873,lying,karol
1672331673403706400,-0.0139893977912158,-0.1799335192969275,-0.3582277848100656,-0.8788247014388717,lying,karol
1672331673413706400,-0.0228464599702594,-0.1763709363216382,-0.3600281624194769,-0.8786255466161866,lying,karol
1672331673423706400,-0.01395850999149,-0.1800455875770324,-0.3582175975653257,-0.8788064144380555,lying,karol
1672331673433706400,-0.0050614887883162,-0.183702095167363,-0.3563600923343367,-0.8789011525086371,lying,karol
1672331673443706400,-0.0139083128372171,-0.1801332099217007,-0.3581675139184545,-0.8788096820282615,lying,karol
1672331673453706400,-0.0001041211804073,-0.18573737388938,-0.35526760980725,-0.8789302527025706,lying,karol
1672331673463706400,-0.0089487743756731,-0.182152720360592,-0.3570994164874976,-0.8788925783651984,lying,karol
1672331673473706400,-0.0177958726419842,-0.1785334484096795,-0.3588999208548205,-0.8787672148050951,lying,karol
1672331673483706400,-0.0266410992248333,-0.1748846662425237,-0.3606694322607846,-0.8785528026463211,lying,karol
1672331673493706400,-0.0177484351328333,-0.1784887153180355,-0.3588708026991222,-0.8787891579114613,lying,karol
1672331673503706400,-0.0265993895714222,-0.1748323329799176,-0.360641570874407,-0.8785759243507556,lying,karol
1672331673513706400,-0.0177131100576517,-0.1784249966773065,-0.3588444696793263,-0.8788135674293431,lying,karol
1672331673523706400,-0.0314166857220906,-0.1727667619453443,-0.3615740280703267,-0.8784422217491916,lying,karol
1672331673533706400,-0.0225414959339862,-0.1763624767570828,-0.3598022361125019,-0.8787277107848557,lying,karol
1672331673543706400,-0.013655055764551,-0.1799652646554055,-0.3580008534050288,-0.8789159908146035,lying,karol
1672331673553706400,0.0001132395528739,-0.1855545989956723,-0.3551428235459432,-0.8790193108240908,lying,karol
1672331673563706400,-0.0087299003321339,-0.1820069725203621,-0.3570001783531741,-0.8789653187021477,lying,karol
1672331673573706400,-0.0175760907478303,-0.1784328162035592,-0.3588207074009161,-0.8788244604778677,lying,karol
1672331673583706400,-0.0037922707260824,-0.1840609423960622,-0.3559799539270197,-0.8789865734156594,lying,karol
1672331673593706400,-0.0126219197096204,-0.1805194276079184,-0.3578077360315222,-0.8788964670278315,lying,karol
1672331673603706400,-0.0037051135822963,-0.1841758507660526,-0.3559456508105412,-0.8789767864947672,lying,karol
1672331673613706400,-0.0125118404660509,-0.180635095729574,-0.3577599447779053,-0.8788937499404375,lying,karol
1672331673623706400,-0.0262546887989696,-0.175036527343572,-0.3605239570661385,-0.8785939807179121,lying,karol
1672331673633706400,-0.0173454075811827,-0.1786778418964288,-0.3587083963285301,-0.8788251631119331,lying,karol
1672331673643706400,-0.0084272212701435,-0.182300823522208,-0.3568577614276891,-0.8789652759052408,lying,karol
1672331673653706400,0.0053805816512133,-0.1878761982907192,-0.3539403307199132,-0.8789948009434375,lying,karol
1672331673663706400,-0.0034562103264265,-0.1843186900475935,-0.3558124789848248,-0.8790018187005129,lying,karol
1672331673673706400,0.0103654320399134,-0.1898978414388643,-0.3528798129990884,-0.8789421234678061,lying,karol
1672331673683706400,0.0015229055723669,-0.1863585658157312,-0.3547995272167473,-0.8789866454946021,lying,karol
1672331673693706400,-0.0073190791586071,-0.1827910995035826,-0.3566954470517859,-0.8789392911224637,lying,karol
1672331673703706400,-0.0210554727926716,-0.1772001458419561,-0.3595528401474064,-0.878698252696345,lying,karol
1672331673713706400,-0.0299126870017008,-0.1735634822899377,-0.361363197840308,-0.8784245510869557,lying,karol
1672331673723706400,-0.0436744205325306,-0.1678689272106275,-0.3640706691913855,-0.8778366778972159,lying,karol
1672331673733706400,-0.0348425421641103,-0.1714979469810228,-0.3623823949854748,-0.8782286597015212,lying,karol
1672331673743706400,-0.0259732943499613,-0.1751228516840774,-0.360637341592495,-0.8785386831742761,lying,karol
1672331673753706400,-0.0121648097474707,-0.18074212752762,-0.3578349897639641,-0.8788461540043245,lying,karol
1672331673763706400,0.0015874990822987,-0.1862982437953416,-0.35495003303662,-0.8789386018477345,lying,karol
1672331673773706400,-0.0072413949359238,-0.1827079957009784,-0.3567934383684603,-0.8789174855575205,lying,karol
1672331673783706400,0.0016750832475888,-0.1862809291634517,-0.3549147541543999,-0.8789563615678633,lying,karol
1672331673793706400,-0.0120026322596372,-0.1806961865496229,-0.3577725153509493,-0.8788832779354145,lying,karol
1672331673803706400,-0.0257417150337199,-0.1750192336930968,-0.3605630684093529,-0.8785966512923303,lying,karol
1672331673813706400,-0.0168537943561712,-0.1785795791818354,-0.3587872299406486,-0.8788226115813688,lying,karol
1672331673823706400,-0.0306286588583585,-0.1728680597289622,-0.3615572440635027,-0.8784572034588397,lying,karol
1672331673833706400,-0.0217723935577429,-0.1764335857469033,-0.3598056395160687,-0.8787316075509665,lying,karol
1672331673843706400,-0.0355316849742589,-0.1707219942246721,-0.3625333432399717,-0.8782899649332749,lying,karol
1672331673853706400,-0.0266865772427346,-0.1742963665971365,-0.3608081823201479,-0.8786115470425155,lying,karol
1672331673863706400,-0.0178250656746165,-0.1778660443379758,-0.3590513194224615,-0.8788403063933434,lying,karol
1672331673873706400,-0.0266942081677081,-0.1741803054505188,-0.3608495032326332,-0.8786173674475477,lying,karol
1672331673883706400,-0.0178276577363814,-0.1777501011265786,-0.3590953614844679,-0.87884572297414,lying,karol
1672331673893706400,-0.0089370868971575,-0.1813294208890111,-0.357310012553156,-0.878977553103177,lying,karol
1672331673903706400,0.0048426320087851,-0.1868820480716006,-0.3544632288454227,-0.8789992563748783,lying,karol
1672331673913706400,-0.0039599828402981,-0.1833110567702239,-0.3563670631675949,-0.8789858532976261,lying,karol
1672331673923706400,-0.0127567495115414,-0.1797213162622871,-0.3582362328479113,-0.8788837091116312,lying,karol
1672331673933706400,-0.0037904303841008,-0.1833543175668483,-0.3564316415209749,-0.8789514180090577,lying,karol
1672331673943706400,-0.0125662257997101,-0.1798003959735457,-0.3582918860425366,-0.8788476229286065,lying,karol
1672331673953706400,0.0012474557710061,-0.1854491472666749,-0.3554590457055704,-0.8789131177153255,lying,karol
1672331673963706400,-0.0075424044452986,-0.1819687058648887,-0.3573269766469082,-0.8788517021094877,lying,karol
1672331673973706400,-0.016345842657564,-0.1784794374835999,-0.3591493146218378,-0.8787047820981971,lying,karol
1672331673983706400,-0.0251659732755162,-0.1749570853824062,-0.3609277250060008,-0.8784761388740016,lying,karol
1672331673993706400,-0.0388537000073193,-0.1693846387637195,-0.363602788457401,-0.8779662486137426,lying,karol
1672331674003706400,-0.0299621859186555,-0.1731015085108396,-0.3618472164347453,-0.8783149987682292,lying,karol
1672331674013706400,-0.0210745965238691,-0.1767900881788607,-0.3600468154933073,-0.8785783648125669,lying,karol
1672331674023706400,-0.0299204180596155,-0.1731892271534506,-0.3617699404071799,-0.8783309797439344,lying,karol
1672331674033706400,-0.0210275752322952,-0.1768543686354569,-0.3599540248023586,-0.8786045888093512,lying,karol
1672331674043706400,-0.0121302199186678,-0.1804937509114304,-0.3581063003759925,-0.8787874026438823,lying,karol
1672331674053706400,-0.0258219698717746,-0.1748829496108393,-0.3608433804560988,-0.8785065722045388,lying,karol
1672331674063706400,-0.0169241514900089,-0.1784755474220792,-0.3590254191678101,-0.8787453364524165,lying,karol
1672331674073706400,-0.0080210390208699,-0.1820409987016493,-0.3571782305429567,-0.8788930638876884,lying,karol
1672331674083706400,-0.0168646596375518,-0.1783739744542166,-0.3589786229586134,-0.8787862240928832,lying,karol
1672331674093706400,-0.0079685827072644,-0.1819226555534013,-0.3571489546298027,-0.8789299443008943,lying,karol
1672331674103706400,0.0058504805270979,-0.187445905759216,-0.3542538378932646,-0.8789576781419972,lying,karol
1672331674113706400,-0.0029967874375211,-0.1838187196403853,-0.3561412573909715,-0.8789753603558388,lying,karol
1672331674123706400,-0.0118494131494087,-0.1801747432459938,-0.3579950949466646,-0.87890201514493,lying,karol
1672331674133706400,-0.0029528014821435,-0.1837481710923476,-0.3561720353609279,-0.8789777953071904,lying,karol
1672331674143706400,-0.0117911916662048,-0.1801413530028126,-0.3580222888223394,-0.8788985730122694,lying,karol
1672331674153706400,-0.0028822684680751,-0.1837496895236659,-0.3561979790397528,-0.8789672082813456,lying,karol
1672331674163706400,0.0109582152650208,-0.1893432096669493,-0.3532824242576406,-0.8788931763342597,lying,karol
1672331674173706400,0.0021331504853161,-0.1858169266284537,-0.355185757688316,-0.878944383145933,lying,karol
1672331674183706400,-0.0066981309349451,-0.1822714016995514,-0.3570474102126528,-0.8789095865389375,lying,karol
1672331674193706400,-0.0155458438002693,-0.1787031509618155,-0.3588692451413995,-0.878788387734136,lying,karol
1672331674203706400,-0.024399319217603,-0.1751133818713623,-0.3606496142228318,-0.8785809577452721,lying,karol
1672331674213706400,-0.0155122796037656,-0.178783472905959,-0.3588499308566658,-0.8787805443832751,lying,karol
1672331674223706400,-0.0017269764422429,-0.1844283952904384,-0.3559844193189159,-0.8789146537401439,lying,karol
1672331674233706400,-0.015438162158495,-0.1788966915352556,-0.3587923128564752,-0.8787823475683013,lying,karol
1672331674243706400,-0.0016199092328042,-0.1845375204426368,-0.3558959391351557,-0.8789277958871575,lying,karol
1672331674253706400,-0.010468579618092,-0.1809699595416583,-0.3576919134841084,-0.8788796822979121,lying,karol
1672331674263706400,0.0033145467103816,-0.1865661250870098,-0.3547665464711644,-0.8789513743500921,lying,karol
1672331674273706400,-0.0055081007691917,-0.1830092501661985,-0.3565850728920929,-0.8789522713626935,lying,karol
1672331674283706400,0.0083373042724435,-0.1885988583958845,-0.3536296471601731,-0.8789424188438243,lying,karol
1672331674293706400,-0.0004706235647569,-0.1850464302816001,-0.3554913999673426,-0.8789859011099075,lying,karol
1672331674303706400,-0.0092743877637351,-0.1814636256346447,-0.357329806265601,-0.8789386282136733,lying,karol
1672331674313706400,-0.0229285397057534,-0.175868039810333,-0.3601207448533812,-0.8786868279795793,lying,karol
1672331674323706400,-0.0139936174582268,-0.1794868601231626,-0.3583399662179011,-0.878870813659626,lying,karol
1672331674333706400,-0.000174215056813,-0.1850755188973365,-0.3555148010542995,-0.8789704531963513,lying,karol
1672331674343706400,-0.0138748425781136,-0.1795146419537277,-0.3584095130840934,-0.8788386835177564,lying,karol
1672331674353706400,-8.095093197619044e-05,-0.1851211362489487,-0.3555998531561934,-0.8789264765708859,lying,karol
1672331674363706400,-0.0089279271937378,-0.1815513779773719,-0.3574949381106125,-0.8788569983707712,lying,karol
1672331674373706400,-0.0227126844466976,-0.1759332950623244,-0.3603389002894581,-0.8785899870581003,lying,karol
1672331674383706400,-0.0089804621655324,-0.1815451461898342,-0.3575694794240049,-0.8788274391797345,lying,karol
1672331674393706400,-0.0178574448814125,-0.1779338973431608,-0.3594053076516668,-0.878681604779712,lying,karol
1672331674403706400,-0.0267246526783831,-0.1742848033526121,-0.3612008036563787,-0.8784517545565702,lying,karol
1672331674413706400,-0.0178470801431921,-0.1778982966981838,-0.3594402155773378,-0.8786747532665172,lying,karol
1672331674423706400,-0.0267109348633893,-0.1742383002344877,-0.3612409428776073,-0.8784449001014527,lying,karol
1672331674433706400,-0.017847003949019,-0.1778460118072616,-0.3594856867409808,-0.8786667455381041,lying,karol
1672331674443706400,-0.008998421641951,-0.1814480678263108,-0.3576946019869784,-0.878796412377834,lying,karol
1672331674453706400,-0.0227279843656532,-0.1758293306829988,-0.3604993232220693,-0.878544628680883,lying,karol
1672331674463706400,-0.013870032919768,-0.1794247509686885,-0.3587078108150801,-0.8787354735865174,lying,karol
1672331674473706400,-0.0227458327044205,-0.1757647767351721,-0.3604906001390094,-0.8785606666269853,lying,karol
1672331674483706400,-0.0316277986798664,-0.1720722153127138,-0.3622263721634837,-0.8783028174607658,lying,karol
1672331674493706400,-0.0227818336963352,-0.1756722441150884,-0.3604410173829934,-0.8785985850555803,lying,karol
1672331674503706400,-0.0090705394325502,-0.1812548687565969,-0.357619527897027,-0.8788661006099406,lying,karol
1672331674513706400,-0.0179575926150437,-0.1776398825289821,-0.3593990292167759,-0.8787416512702098,lying,karol
1672331674523706400,-0.0317161446185647,-0.1719996750714771,-0.3620996301798836,-0.8783661051151814,lying,karol
1672331674533706400,-0.0454911315752891,-0.1662909768622434,-0.3647083252286671,-0.8777805351963062,lying,karol
1672331674543706400,-0.0366315159189585,-0.1699277128416657,-0.362957026768589,-0.878224269191627,lying,karol
1672331674553706400,-0.027733477728197,-0.1735384248363807,-0.3611549901222601,-0.8785871119318024,lying,karol
1672331674563706400,-0.018796071183071,-0.1771254624331909,-0.3593020903200423,-0.8788676054385575,lying,karol
1672331674573706400,-0.0098141232158869,-0.1806959877551878,-0.357401289638961,-0.8790619790496313,lying,karol
1672331674583706400,-0.018560898720011,-0.1770404015537694,-0.3591192137487288,-0.8789645080625442,lying,karol
1672331674593706400,-0.0046626844095121,-0.1825979281630744,-0.3562215523105526,-0.8791902619585273,lying,karol
1672331674603706400,-0.0133942648590579,-0.1789870159406529,-0.3579780384684895,-0.8791297108038142,lying,karol
1672331674613706400,-0.0221393531374042,-0.1753689816118047,-0.3597154631139904,-0.8789729593060303,lying,karol
1672331674623706400,-0.0131523192726506,-0.1789962708918746,-0.3578943586632874,-0.8791655763430648,lying,karol
1672331674633706400,-0.0041585052548928,-0.1826284798527127,-0.3560439233862614,-0.8792584506514668,lying,karol
1672331674643706400,-0.012912418452832,-0.1790776654857195,-0.3578450071547472,-0.8791726725817636,lying,karol
1672331674653706400,-0.0216607154790975,-0.1755192656563553,-0.3596092636995147,-0.8789984004496179,lying,karol
1672331674663706400,-0.0352621629019478,-0.16994855496916,-0.3622778999621195,-0.8785568003771577,lying,karol
1672331674673706400,-0.0261868679057917,-0.1736795596806989,-0.3604987114646431,-0.8788763714675508,lying,karol
1672331674683706400,-0.0120829289214193,-0.1794032346755143,-0.3576845175079461,-0.879183566234214,lying,karol
1672331674693706400,0.0020658562938439,-0.1850503772480415,-0.3547883663774881,-0.8792673017396252,lying,karol
1672331674703706400,-0.0062906954687717,-0.1815269676066383,-0.3565776361663486,-0.8792580718760323,lying,karol
1672331674713706400,-0.014582411486875,-0.1779322737455345,-0.3583283729048968,-0.8791829103661406,lying,karol
1672331674723706400,-0.0228327050474182,-0.1742572412488403,-0.3600427179622405,-0.879043290061417,lying,karol
1672331674733706400,-0.0310590418229521,-0.1705284391178379,-0.3617284455392616,-0.8788305675563,lying,karol
1672331674743706400,-0.0166627764868534,-0.1760472671196171,-0.3589809638954376,-0.8792599750153246,lying,karol
1672331674753706400,-0.0071848365433323,-0.1795449960655436,-0.3571636887455909,-0.8794215069783705,lying,karol
1672331674763706400,-0.0155777355467639,-0.1758256014580019,-0.3589484304325855,-0.8793378682018902,lying,karol
1672331674773706400,-0.006346125594654,-0.1793706567529391,-0.3571568283075561,-0.8794665417254116,lying,karol
1672331674783706400,0.0076251575248089,-0.1849277236406741,-0.3543209817050625,-0.8794525503605359,lying,karol
1672331674793706400,-0.0011652633641287,-0.1813930323999529,-0.3561921285223351,-0.8794651448749716,lying,karol
1672331674803706400,-0.0100825024304798,-0.1778643643831212,-0.3580365603651445,-0.8793799006562909,lying,karol
1672331674813706400,-0.0191180467359532,-0.174336954474481,-0.3598550299515263,-0.8791940109803777,lying,karol
1672331674823706400,-0.0055768291314884,-0.1800324681616663,-0.3571186898244968,-0.8793521186623086,lying,karol
1672331674833706400,-0.019599542003718,-0.1744857593913332,-0.3599224745889872,-0.8791263710193351,lying,karol
1672331674843706400,-0.006106631026378,-0.1800889224301819,-0.3571710464679773,-0.8793158775242593,lying,karol
1672331674853706400,-0.0200623203133155,-0.1743832454610767,-0.3599572440490032,-0.8791221411016314,lying,karol
1672331674863706400,-0.0339721719309604,-0.1684871367512555,-0.3626533899434708,-0.8787363518088912,lying,karol
1672331674873706400,-0.0252415835873985,-0.1717324109265574,-0.3609639200554817,-0.8790979064232936,lying,karol
1672331674883706400,-0.0164443098272459,-0.1749323035283898,-0.3592536769526956,-0.8793761852873276,lying,karol
1672331674893706400,-0.0253674780614721,-0.1708555168484174,-0.3610446669816253,-0.879232167936716,lying,karol
1672331674903706400,-0.0342696192601879,-0.16681102671876,-0.3627854310254122,-0.8789903847230218,lying,karol
1672331674913706400,-0.0253704422881978,-0.1701837480466119,-0.3611133766619343,-0.8793342400005616,lying,karol
1672331674923706400,-0.0115761776658661,-0.1756677453634122,-0.3584375864194195,-0.879640319884986,lying,karol
1672331674933706400,0.0022508091564226,-0.1812628525501671,-0.35566009654731,-0.8797058502009449,lying,karol
1672331674943706400,-0.0065489474695818,-0.1778069754127956,-0.3574592631210799,-0.8796604326035015,lying,karol
1672331674953706400,0.0072555051522577,-0.1835951189006643,-0.3545963130011486,-0.8796246494167055,lying,karol
1672331674963706400,-0.001578961619938,-0.1803176498660311,-0.3563709283943959,-0.8796140042438491,lying,karol
1672331674973706400,-0.0104365627490769,-0.177075320029999,-0.358094407515594,-0.8795123253464392,lying,karol
1672331674983706400,-0.0241949978289448,-0.1718633039111431,-0.3607280162229876,-0.8791991903925414,lying,karol
1672331674993706400,-0.0153448459607488,-0.1759150774133408,-0.3588637176050282,-0.8793598654691348,lying,karol
1672331675003706400,-0.0064956358222497,-0.1799718107610363,-0.3569409517601054,-0.8794315505498123,lying,karol
1672331675013706400,-0.0153887469245007,-0.1768186996126025,-0.3586045544036876,-0.8792838440617993,lying,karol
1672331675023706400,-0.0015818657139822,-0.1828664275502514,-0.3556368406007993,-0.8793855847274955,lying,karol
1672331675033706400,-0.0104379997901398,-0.1796818283716612,-0.3573277544213517,-0.879296174557083,lying,karol
1672331675043706400,-0.0241491458479925,-0.1744038658840166,-0.3599661656158989,-0.8790130826001895,lying,karol
1672331675053706400,-0.0379258086690212,-0.1689722826044174,-0.3625445838510908,-0.8785277695336485,lying,karol
1672331675063706400,-0.0290639059725997,-0.1727661001712613,-0.3607126920933691,-0.8788817815556529,lying,karol
1672331675073706400,-0.0201959606710466,-0.1764799393462317,-0.3588497925832118,-0.8791549776728607,lying,karol
1672331675083706400,-0.0290790433975465,-0.172872943578118,-0.3605245507044901,-0.878937487830122,lying,karol
1672331675093706400,-0.020223020206149,-0.1764560334320561,-0.3586873817915041,-0.8792254359809066,lying,karol
1672331675103706400,-0.0291249050965436,-0.1727304240647958,-0.3603908220725395,-0.8790188307087392,lying,karol
1672331675113706400,-0.020303100169347,-0.1761886716686967,-0.3585805142874766,-0.8793207993496018,lying,karol
1672331675123706400,-0.0292479107315656,-0.1723601731311912,-0.3603020437369235,-0.8791238265390545,lying,karol
1672331675133706400,-0.0155724211000678,-0.177750804327854,-0.3575287897157447,-0.8795311676786045,lying,karol
1672331675143706400,-0.029410168006736,-0.1719345863569645,-0.3602385626801526,-0.8792277870560545,lying,karol
1672331675153706400,-0.0157316047705515,-0.1773597619865279,-0.357486188607069,-0.8796246121345153,lying,karol
1672331675163706400,-0.0246934963231968,-0.1735810052295471,-0.3592527240309444,-0.8794527626580982,lying,karol
1672331675173706400,-0.0336417529737441,-0.1697851806446236,-0.3609880960972753,-0.8791863542665341,lying,karol
1672331675183706400,-0.0248225392048018,-0.1732482947280833,-0.3592600582968537,-0.8795117493085106,lying,karol
1672331675193706400,-0.0159681000640476,-0.1767060003138142,-0.3574982637618077,-0.879747036774673,lying,karol
1672331675203706400,-0.0022248245723173,-0.1821135843354917,-0.3547011389345821,-0.8799185512608381,lying,karol
1672331675213706400,-0.0111017839135948,-0.1783750568688024,-0.3565279798351242,-0.8798788373700166,lying,karol
1672331675223706400,-0.0199838028105646,-0.1746138346497418,-0.35831454428343,-0.8797506692043187,lying,karol
1672331675233706400,-0.0288689569759686,-0.1708329738130058,-0.3600599090012643,-0.8795336564094467,lying,karol
1672331675243706400,-0.0199929039904438,-0.1743270677052107,-0.3583233300133294,-0.8798037685966241,lying,karol
1672331675253706400,-0.011111161126865,-0.1778415175992419,-0.3565571054451115,-0.8799749409280888,lying,karol
1672331675263706400,-0.0199924792537811,-0.1741640226177956,-0.3583466933169242,-0.8798265602065524,lying,karol
1672331675273706400,-0.0288904337726485,-0.1704689870749024,-0.360098223139258,-0.879587901026906,lying,karol
1672331675283706400,-0.020043248312482,-0.1740288855863865,-0.3583660337054545,-0.8798442717463708,lying,karol
1672331675293706400,-0.0062692673130338,-0.1795803678039169,-0.3555958532248645,-0.8800585890015766,lying,karol
1672331675303706400,-0.020029218852903,-0.1739792036150763,-0.3583544303288497,-0.879859143891192,lying,karol
1672331675313706400,-0.033818462189061,-0.168310170897424,-0.3610238161403384,-0.8794485466812147,lying,karol
1672331675323706400,-0.0249327206391004,-0.1719049619709103,-0.3592848118130362,-0.8797621339599944,lying,karol
1672331675333706400,-0.0386483705103264,-0.1662568655562492,-0.3619037206114174,-0.8792784551370111,lying,karol
1672331675343706400,-0.0297536386323044,-0.1698840661694236,-0.3601858897657162,-0.8796364021212049,lying,karol
1672331675353706400,-0.0208397226930439,-0.1735268489302717,-0.3584384264797682,-0.879895442665214,lying,karol
1672331675363706400,-0.0069829179181772,-0.1791748363100513,-0.3556661728481081,-0.8801074695937096,lying,karol
1672331675373706400,-0.0158102916016189,-0.1756380434744031,-0.3574588828260859,-0.8799797951487215,lying,karol
1672331675383706400,-0.0295314945116635,-0.1700724871993528,-0.3601704853498105,-0.8796138107200627,lying,karol
1672331675393706400,-0.0206013395235763,-0.1737414729529359,-0.35843498822571,-0.8798601330724708,lying,karol
1672331675403706400,-0.0294326097803441,-0.1701719558516419,-0.3601689962321784,-0.8795985136449093,lying,karol
1672331675413706400,-0.0205077267555778,-0.1738549314906407,-0.3584281154618116,-0.8798427255644555,lying,karol
1672331675423706400,-0.0293488942058244,-0.1702944098016359,-0.3601615764917084,-0.8795806672334509,lying,karol
1672331675433706400,-0.0431165450076245,-0.1646696932581782,-0.3627879906516104,-0.8790050034961067,lying,karol
1672331675443706400,-0.0342199179589083,-0.1683515230896299,-0.361104083932419,-0.8793922215571166,lying,karol
1672331675453706400,-0.0253121279224285,-0.1720268922475394,-0.359378645398121,-0.879689217960848,lying,karol
1672331675463706400,-0.0341672774787393,-0.1684251132324747,-0.3610931096696003,-0.8793846931237985,lying,karol
1672331675473706400,-0.0252757669601564,-0.1720571720863772,-0.3593783519687736,-0.8796844682537666,lying,karol
1672331675483706400,-0.0163674539497224,-0.1756711077066915,-0.3576299777159417,-0.8798935558039086,lying,karol
1672331675493706400,-0.0252151413591533,-0.1720450982492354,-0.3593955726011572,-0.8796815383691048,lying,karol
1672331675503706400,-0.011445590616732,-0.1776054007925558,-0.3566803079506673,-0.8799685149607823,lying,karol
1672331675513706400,-0.0252339251130972,-0.1719541270209548,-0.3594483920954567,-0.8796772101597966,lying,karol
1672331675523706400,-0.011423073651314,-0.1775310263244605,-0.3567360721406402,-0.879961215492981,lying,karol
1672331675533706400,-0.0251740888756471,-0.1719182697426322,-0.3595036719420101,-0.8796633485758822,lying,karol
1672331675543706400,-0.0163095986366019,-0.1755184263227972,-0.3577972226931838,-0.8798571233226201,lying,karol
1672331675553706400,-0.0025771134469045,-0.1810921131432084,-0.355065113475121,-0.8799817677200494,lying,karol
1672331675563706400,-0.0114718805831749,-0.1775347289488525,-0.3569311786060327,-0.8798807325515174,lying,karol
1672331675573706400,-0.0203622396128313,-0.1739604583676234,-0.3587601331139791,-0.8796899867356491,lying,karol
1672331675583706400,-0.0114881436111621,-0.1776059829410723,-0.3570398391760246,-0.8798220689624116,lying,karol
1672331675593706400,-0.0203708644784198,-0.1740376417905565,-0.3588710253912302,-0.8796293039562065,lying,karol
1672331675603706400,-0.0292458709407869,-0.1704459768463566,-0.3606668515836469,-0.8793477614887139,lying,karol
1672331675613706400,-0.0203574258200993,-0.1741152727422945,-0.358982615135745,-0.8795687371406017,lying,karol
1672331675623706400,-0.006563883549101,-0.1797681097297747,-0.3562614560019952,-0.8797490386625902,lying,karol
1672331675633706400,-0.0153953398351461,-0.1762418106071319,-0.35810151571013,-0.8796052445342702,lying,karol
1672331675643706400,-0.0015475700943177,-0.1819077745966789,-0.3553321936767141,-0.8797081863569838,lying,karol
1672331675653706400,-0.0152494211654823,-0.1764071577646791,-0.3581688783708441,-0.879547234602912,lying,karol
1672331675663706400,-0.0063141586360699,-0.1800723348726532,-0.3563952539300791,-0.8796344918278086,lying,karol
1672331675673706400,-0.0151331460987226,-0.1765278600442955,-0.3582161693264763,-0.8795057838035544,lying,karol
1672331675683706400,-0.0288871100181371,-0.1709280585693767,-0.360960779067755,-0.8791454982779745,lying,karol
1672331675693706400,-0.0199791698623951,-0.1745881853793754,-0.3592302299243147,-0.8793826292734985,lying,karol
1672331675703706400,-0.0061743511867952,-0.1802289679846024,-0.3564605382704572,-0.8795769777738685,lying,karol
1672331675713706400,-0.0150220045901064,-0.1766806913669078,-0.3582662192985059,-0.879456637923628,lying,karol
1672331675723706400,-0.0012071926291648,-0.182329062220195,-0.3554503039478364,-0.8795738381931311,lying,karol
1672331675733706400,-0.0100580385100304,-0.1787978875701104,-0.3572677147053877,-0.8795057364064548,lying,karol
1672331675743706400,-0.0189227912584729,-0.175233987717869,-0.3590516685590463,-0.8793504963578557,lying,karol
1672331675753706400,-0.0100293215810134,-0.1788950166080214,-0.3572657415556631,-0.8794871264698998,lying,karol
1672331675763706400,-0.0188832257406984,-0.1753313949689675,-0.3590639200219971,-0.8793269409519973,lying,karol
1672331675773706400,-0.0099769817695343,-0.1789852377170365,-0.3572948016858815,-0.8794575736318728,lying,karol
1672331675783706400,-0.0188224105908378,-0.1754148739321624,-0.3591056066999156,-0.879294586431344,lying,karol
1672331675793706400,-0.0325157365158995,-0.1698266382083864,-0.3618229371389587,-0.8788778547154421,lying,karol
1672331675803706400,-0.0462415251335048,-0.1641639314468533,-0.3644554511652242,-0.8782509007623017,lying,karol
1672331675813706400,-0.0373357757692882,-0.1678437986172931,-0.3627854987450238,-0.8786704106846444,lying,karol
1672331675823706400,-0.0284199414094863,-0.1715209209994161,-0.361072097011019,-0.8789996279262958,lying,karol
1672331675833706400,-0.019493020095361,-0.1751934749068629,-0.3593181524963247,-0.8792373252401531,lying,karol
1672331675843706400,-0.0332013056545649,-0.169596429023239,-0.3620123699519826,-0.8788187095477369,lying,karol
1672331675853706400,-0.0242909581691034,-0.1732779162840876,-0.3602755707658894,-0.8791056801870797,lying,karol
1672331675863706400,-0.0153816925848597,-0.1769487052594593,-0.358505019159941,-0.8792993205618299,lying,karol
1672331675873706400,-0.0242237591739515,-0.1733648985117561,-0.3602723006010113,-0.8790917400052397,lying,karol
1672331675883706400,-0.0104425925618182,-0.1789910833903166,-0.3575157641225154,-0.8793612610883808,lying,karol
1672331675893706400,0.0033733567453421,-0.1845830459246667,-0.3546678214941093,-0.8794140475439832,lying,karol
1672331675903706400,-0.0054628915098583,-0.1810079138973094,-0.3565181363721996,-0.8793985027666156,lying,karol
1672331675913706400,-0.0143131363630076,-0.1773860839873953,-0.3583366531666278,-0.8792978876288884,lying,karol
1672331675923706400,-0.0280758137313931,-0.1717097735661168,-0.3610847845626532,-0.8789686602985873,lying,karol
1672331675933706400,-0.0191778781878789,-0.1752954999187255,-0.3593460681177782,-0.8792125624340106,lying,karol
1672331675943706400,-0.0054092851805204,-0.1808483451850861,-0.3565810771590082,-0.8794061555483533,lying,karol
1672331675953706400,-0.0142432822308495,-0.1772214125644195,-0.3584054928453029,-0.8793041814176579,lying,karol
1672331675963706400,-0.0004209884070663,-0.182796493459401,-0.3556010914417776,-0.8794167246081257,lying,karol
1672331675973706400,-0.0092534621646353,-0.1791974414504599,-0.3574477972358864,-0.87936020875085,lying,karol
1672331675983706400,-0.0229421315942949,-0.1735907454273013,-0.3602228746255727,-0.8791018454321461,lying,karol
1672331675993706400,-0.0140229315290402,-0.1772142523242124,-0.3584664384525516,-0.8792843394465942,lying,karol
1672331676003706400,-0.0228569175241206,-0.1736022644369845,-0.3602477009120932,-0.8790916271123543,lying,karol
1672331676013706400,-0.036602844955608,-0.1679545044477847,-0.3629304271754258,-0.8786203450244967,lying,karol
1672331676023706400,-0.0277156531970069,-0.1716159907764344,-0.361217955498005,-0.8789437309670688,lying,karol
1672331676033706400,-0.0139472564692248,-0.1772556840067592,-0.3584865021724255,-0.8792690333494131,lying,karol
1672331676043706400,-0.0276730558545225,-0.1716512302158491,-0.3612117261190127,-0.8789407625007378,lying,karol
1672331676053706400,-0.0187602644312839,-0.1753028514550234,-0.3594515786572265,-0.8791770309547519,lying,karol
1672331676063706400,-0.032523943585198,-0.1696603825381691,-0.3621513130690629,-0.8787745494555426,lying,karol
1672331676073706400,-0.0187462168883852,-0.1753127306954643,-0.3594393549786019,-0.8791803673657947,lying,karol
1672331676083706400,-0.0324687710152029,-0.1696915885303165,-0.362123311512412,-0.8787821125510312,lying,karol
1672331676093706400,-0.018659497239495,-0.1753620080918104,-0.3593992654988224,-0.879188782968427,lying,karol
1672331676103706400,-0.0097429692252298,-0.1790127437351654,-0.3575908282392683,-0.879334452143637,lying,karol
1672331676113706400,-0.0185768396269709,-0.1754321065193733,-0.3593608387710696,-0.8791922651722128,lying,karol
1672331676123706400,-0.0274140746545185,-0.1718185325798498,-0.3610953376651162,-0.8789640487848215,lying,karol
1672331676133706400,-0.0136328527296724,-0.1774527960298738,-0.3583463486496931,-0.8792913813456847,lying,karol
1672331676143706400,-0.0224723249827692,-0.1738505335864093,-0.3601022099582647,-0.879112154418782,lying,karol
1672331676153706400,-0.008675760769271,-0.1794819307090565,-0.3573173062753089,-0.8793611953997892,lying,karol
1672331676163706400,-0.0224115475390151,-0.1738956706658673,-0.360068214158222,-0.8791187107240394,lying,karol
1672331676173706400,-0.0085915915520497,-0.1795379543397596,-0.3572826032286398,-0.8793646933149029,lying,karol
1672331676183706400,-0.0223015702459092,-0.1739636222538561,-0.3600402939764701,-0.8791195070459656,lying,karol
1672331676193706400,-0.0084997919864647,-0.1795975127242294,-0.3572718972646476,-0.879357782719906,lying,karol
1672331676203706400,0.00535178885304,-0.1852174746736005,-0.3544142816347258,-0.8793731878925397,lying,karol
1672331676213706400,-0.0034793371534426,-0.1816786557596494,-0.3562779710453752,-0.8793677382413638,lying,karol
1672331676223706400,-0.0172251021242877,-0.1761178330468495,-0.3590967924367941,-0.8791906287347069,lying,karol
1672331676233706400,-0.0260656167048556,-0.1725241604422202,-0.3608695809854998,-0.8789596234186744,lying,karol
1672331676243706400,-0.0349101734112059,-0.1689091294313833,-0.3626055068801268,-0.878640496942988,lying,karol
1672331676253706400,-0.0260206603296721,-0.1725879922089431,-0.3608864601025801,-0.8789415095876011,lying,karol
1672331676263706400,-0.0122435671342454,-0.1782516663134012,-0.358132181561666,-0.8792375648522275,lying,karol
1672331676273706400,-0.0210902250702369,-0.1746837580814722,-0.3598970819959745,-0.8790653022306953,lying,karol
1672331676283706400,-0.0299331572197959,-0.1710925098833664,-0.3616193823903548,-0.8788081252990363,lying,karol
1672331676293706400,-0.0161409645913601,-0.1767716558707701,-0.3588695185627564,-0.8791728327937108,lying,karol
1672331676303706400,-0.0249824164826033,-0.1731888979753766,-0.3606094845522768,-0.8789671465094737,lying,karol
1672331676313706400,-0.011156265065031,-0.1788549458898606,-0.3578183380113557,-0.8792573309308748,lying,karol
1672331676323706400,-0.0248808877111095,-0.1732629768604812,-0.36054732421345,-0.8789809392011703,lying,karol
1672331676333706400,-0.0385886474538341,-0.1676062512085578,-0.3631871163825271,-0.8784959728993527,lying,karol
1672331676343706400,-0.0296518987737718,-0.1712566177174055,-0.3614457058780161,-0.8788571822255747,lying,karol
1672331676353706400,-0.0433072429819799,-0.1655840218430311,-0.3640492797517522,-0.8783026589609909,lying,karol
1672331676363706400,-0.0294841273565103,-0.1712432183338364,-0.3613839386843323,-0.8788908549191777,lying,karol
1672331676373706400,-0.0205368850194085,-0.1748909708186651,-0.3596133425263925,-0.8791533897651121,lying,karol
1672331676383706400,-0.0115971059075442,-0.1785362859407656,-0.3578099591044754,-0.8793198519429064,lying,karol
1672331676393706400,-0.0026670696048929,-0.1821797221402713,-0.3559721870422522,-0.8793908777375751,lying,karol
1672331676403706400,-0.0115010543091602,-0.1786338322954099,-0.3577799753102996,-0.8793135151586632,lying,karol
1672331676413706400,-0.0252595533411029,-0.1730518139066656,-0.3605292220732902,-0.8790192287956436,lying,karol
1672331676423706400,-0.0114346499108706,-0.1787234225120502,-0.3577724921303138,-0.8792992338174825,lying,karol
1672331676433706400,-0.0202806457841652,-0.175147655009442,-0.3595778340892328,-0.8791228014011986,lying,karol
1672331676443706400,-0.0340669955021551,-0.1695040040662251,-0.3623094236040189,-0.878681312939973,lying,karol
1672331676453706400,-0.025188805830457,-0.173155276109798,-0.3606050555719008,-0.8789698027319336,lying,karol
1672331676463706400,-0.0163015731074307,-0.1767949411623879,-0.3588564845362363,-0.8791706234777066,lying,karol
1672331676473706400,-0.0024757525548401,-0.1824213532970036,-0.3560448131815185,-0.8793119882911281,lying,karol
1672331676483706400,-0.0161632080978971,-0.1768667450963264,-0.3588479445255764,-0.8791622298355324,lying,karol
1672331676493706400,-0.0023232162757431,-0.182480585286338,-0.3560266165425562,-0.8793074914667441,lying,karol
1672331676503706400,-0.0111278706277776,-0.1788986707931175,-0.3578512446811731,-0.8792355270371397,lying,karol
1672331676513706400,-0.0199307249087595,-0.175293379759998,-0.359641929858736,-0.8790755837448321,lying,karol
1672331676523706400,-0.0336373406261111,-0.1696495659521257,-0.362357048030236,-0.8786501813538952,lying,karol
1672331676533706400,-0.0247120946792861,-0.1733089729069964,-0.36063926722038,-0.8789390561016526,lying,karol
1672331676543706400,-0.0157977445708478,-0.1769790574863113,-0.3588834220252835,-0.8791318347507654,lying,karol
1672331676553706400,-0.0295523772573982,-0.1713811497403,-0.3616235158579726,-0.8787632531950829,lying,karol
1672331676563706400,-0.0158039641634717,-0.1770456444827855,-0.3589001075598583,-0.8791115198164692,lying,karol
1672331676573706400,-0.0019801079879662,-0.1827059125404444,-0.3560676209595888,-0.8792449977503102,lying,karol
1672331676583706400,-0.0108299187582549,-0.179158537920011,-0.3578792471347865,-0.879174995262028,lying,karol
1672331676593706400,-0.0196838703727668,-0.1755625620503619,-0.359647675275049,-0.8790251327424631,lying,karol
1672331676603706400,-0.0333709198220561,-0.1699331247377393,-0.3623184544006347,-0.8786215109366586,lying,karol
1672331676613706400,-0.0471211504597881,-0.1642135354860218,-0.3649186823469571,-0.878002949712931,lying,karol
1672331676623706400,-0.0382227783769318,-0.167856691796248,-0.3632230275631172,-0.8784494869383717,lying,karol
1672331676633706400,-0.029310805094849,-0.1714925516737922,-0.3614936974491151,-0.8788030575823286,lying,karol
1672331676643706400,-0.0203853265328416,-0.1751201041662915,-0.3597302464325633,-0.8790636332070798,lying,karol
1672331676653706400,-0.0114513715032821,-0.17873729749704,-0.3579383006042775,-0.8792288439738433,lying,karol
1672331676663706400,-0.0025140900055589,-0.1823490151054851,-0.3561162191467737,-0.8792980758843019,lying,karol
1672331676673706400,-0.0113366408709988,-0.1787775823053089,-0.3579433053602774,-0.8792201139074737,lying,karol
1672331676683706400,0.0024793422771086,-0.1844020860658783,-0.3551022649057052,-0.8792800909123127,lying,karol
1672331676693706400,-0.0063659745429776,-0.1808748985123144,-0.3569509836201741,-0.8792446344243166,lying,karol
1672331676703706400,-0.0201416273427107,-0.1753201764978216,-0.3597501634835306,-0.8790212582321201,lying,karol
1672331676713706400,-0.0290011886975155,-0.1717422402713826,-0.3615049104454012,-0.8787600089432575,lying,karol
1672331676723706400,-0.0427753906061368,-0.166101294623236,-0.3641558867374679,-0.8781870826161587,lying,karol
1672331676733706400,-0.0339104928102846,-0.1698009977619194,-0.3624592483033941,-0.8785684060111754,lying,karol
1672331676743706400,-0.0250437168813561,-0.1734925580187844,-0.3607256872341477,-0.8788581168044147,lying,karol
1672331676753706400,-0.0161554958865739,-0.1771837538493937,-0.3589508988774357,-0.8790566828702392,lying,karol
1672331676763706400,-0.0023178772726116,-0.1828701886728599,-0.3561178663648179,-0.8791897897563726,lying,karol
1672331676773706400,-0.0111368968193441,-0.1793539494225788,-0.3579373977304333,-0.8791077676960869,lying,karol
1672331676783706400,-0.0022151438209436,-0.1830225694311532,-0.3560957073914175,-0.8791673407292881,lying,karol
1672331676793706400,-0.0110396349023596,-0.1794787372324569,-0.3579109058828739,-0.8790943296451063,lying,karol
1672331676803706400,-0.0021120342519051,-0.1831190157621987,-0.3560630602276579,-0.8791607487145627,lying,karol
1672331676813706400,-0.010933549776195,-0.1795551017654981,-0.3578762019079644,-0.8790942027628957,lying,karol
1672331676823706400,-0.0197685647281898,-0.1759646394302145,-0.3596503955422993,-0.8789418766145353,lying,karol
1672331676833706400,-0.0286189878738675,-0.1723455211646944,-0.3613886047756284,-0.8787023615183122,lying,karol
1672331676843706400,-0.0197364535603899,-0.1759962932780104,-0.3596152085826548,-0.8789506678856471,lying,karol
1672331676853706400,-0.0108488254639183,-0.1796360410185419,-0.3578148153989071,-0.8791037252220876,lying,karol
1672331676863706400,-0.0019626153341649,-0.1832632419600688,-0.3559907006872582,-0.8791603767538183,lying,karol
1672331676873706400,-0.0108170158443984,-0.1796984885201305,-0.3578405626065384,-0.8790808849602585,lying,karol
1672331676883706400,-0.0196760506297468,-0.1761059988922134,-0.3596623677067294,-0.8789107739979862,lying,karol
1672331676893706400,-0.0059362621625044,-0.181722580263816,-0.3568963326040521,-0.8790951724816722,lying,karol
1672331676903706400,-0.0147916274443386,-0.1781478925748536,-0.3587426356040112,-0.8789709439619177,lying,karol
1672331676913706400,-0.0236502899510354,-0.1745456474747338,-0.3605450777611343,-0.8787624266941928,lying,karol
1672331676923706400,-0.014761134490436,-0.17819825958302,-0.358774329323947,-0.8789483238447205,lying,karol
1672331676933706400,-0.0284594401344137,-0.1726054459143567,-0.3615131815453227,-0.8786053360565071,lying,karol
1672331676943706400,-0.0146530911029433,-0.178270004387546,-0.3587510037512379,-0.8789451160068144,lying,karol
1672331676953706400,-0.0008201217417026,-0.1839110003792837,-0.3558921494563473,-0.879066873505278,lying,karol
1672331676963706400,-0.0096263981062722,-0.1803603548658844,-0.3577074855124688,-0.8790134022250382,lying,karol
1672331676973706400,-0.0184295268236545,-0.1767735824258783,-0.3594851880659009,-0.8788763273673362,lying,karol
1672331676983706400,-0.0094870466479329,-0.1804181222664959,-0.357657889757871,-0.8790232604972188,lying,karol
1672331676993706400,-0.0231993734696514,-0.1748240357832141,-0.3604277210686429,-0.8787673077871339,lying,karol
1672331677003706400,-0.0142675697718196,-0.1784827887807909,-0.3586363087896122,-0.8789551328412396,lying,karol
1672331677013706400,-0.0279578823979301,-0.1729012888801734,-0.3613873854101996,-0.8786150913802273,lying,karol
1672331677023706400,-0.0190306419504884,-0.1765838870309199,-0.3596294034395032,-0.8788427049556309,lying,karol
1672331677033706400,-0.0327844371075625,-0.1709680136230441,-0.3623688764668386,-0.878422323703738,lying,karol
1672331677043706400,-0.0189669475625515,-0.1766686866023517,-0.3596454491878838,-0.8788204934519729,lying,karol
1672331677053706400,-0.0278318291288277,-0.1730628877562418,-0.361416216838077,-0.8785754580815716,lying,karol
1672331677063706400,-0.0189688580167255,-0.1767116582417378,-0.3596420426148862,-0.8788132179065952,lying,karol
1672331677073706400,-0.0101037750642789,-0.1803404335883945,-0.3578254520462527,-0.878964214737321,lying,karol
1672331677083706400,-0.0189775875122984,-0.1767208087742456,-0.3596216264067193,-0.8788195490605558,lying,karol
1672331677093706400,-0.0100976065162525,-0.1803208310822003,-0.3578151398890994,-0.8789725093464498,lying,karol
1672331677103706400,0.003696609885571,-0.1858771612433835,-0.3549427852858755,-0.8790298903164828,lying,karol
1672331677113706400,-0.0051572141939256,-0.1822523683459075,-0.3568008170872034,-0.8790293338935248,lying,karol
1672331677123706400,-0.0140017391720155,-0.17858884207468,-0.3586096006464807,-0.8789488319967057,lying,karol
1672331677133706400,-0.0228310586468598,-0.1748937179084284,-0.360368848309151,-0.8787873150626785,lying,karol
1672331677143706400,-0.0139032035931398,-0.1784465831529857,-0.3585507195519701,-0.8790033142512484,lying,karol
1672331677153706400,-0.0001032626660183,-0.183969658435981,-0.3556859949244496,-0.879138532772087,lying,karol
1672331677163706400,0.0137194142068442,-0.1894834610074049,-0.3527335994737718,-0.8790499088475104,lying,karol
1672331677173706400,0.0049393735406391,-0.1859278482278388,-0.3545979230824063,-0.8791522601018539,lying,karol
1672331677183706400,-0.0038609569062711,-0.1823633163234947,-0.3564367052960872,-0.8791607037701369,lying,karol
1672331677193706400,-0.0126744600464265,-0.1787971215978554,-0.3582478905325804,-0.8790741501547378,lying,karol
1672331677203706400,-0.0215080488987987,-0.1752210100341094,-0.3600322945594159,-0.8788934680002286,lying,karol
1672331677213706400,-0.0352399676150622,-0.1696122663381676,-0.3627351003647176,-0.8784389950095615,lying,karol
1672331677223706400,-0.0263415824915842,-0.1733135449755994,-0.3610087097259389,-0.8787395885578133,lying,karol
1672331677233706400,-0.0174466030836001,-0.1770131316731698,-0.3592548876338901,-0.8789425076635594,lying,karol
1672331677243706400,-0.0262921152726799,-0.173453105437697,-0.3610412640274618,-0.8787001830724205,lying,karol
1672331677253706400,-0.0174004890318182,-0.1771488985510429,-0.3592875349004814,-0.8789027473637562,lying,karol
1672331677263706400,-0.0262519404874445,-0.1735800465889204,-0.361075497189055,-0.8786622727713826,lying,karol
1672331677273706400,-0.0124207981696168,-0.179289182070422,-0.3583214489032479,-0.8789476516880486,lying,karol
1672331677283706400,-0.0261552260817853,-0.1737219756626464,-0.361104183907558,-0.8786253413165359,lying,karol
1672331677293706400,-0.0172458481788155,-0.1774054040381582,-0.3593372943163088,-0.8788337575134165,lying,karol
1672331677303706400,-0.0260641880922323,-0.1738163392035297,-0.3611107175066582,-0.8786067187841894,lying,karol
1672331677313706400,-0.0171386276412257,-0.1774811661084099,-0.3593338389227516,-0.8788219900520075,lying,karol
1672331677323706400,-0.0032871966410802,-0.1831337052831211,-0.3564973377412573,-0.8789784409711413,lying,karol
1672331677333706400,-0.0120948516260052,-0.1795747511319895,-0.3583203866117452,-0.8788943913807304,lying,karol
1672331677343706400,-0.0031660080468242,-0.1832247881531813,-0.3564797542068343,-0.8789670539206763,lying,karol
1672331677353706400,-0.0119853234346948,-0.1796741734037025,-0.3583020565165192,-0.878883064067806,lying,karol
1672331677363706400,-0.0208080492723883,-0.1761028764953282,-0.3600877552637243,-0.8787114940892062,lying,karol
1672331677373706400,-0.034497930808108,-0.1705020543174112,-0.3627850147660654,-0.878275739201606,lying,karol
1672331677383706400,-0.0256060531141359,-0.1741890433111835,-0.361022256373598,-0.8785828095472495,lying,karol
1672331677393706400,-0.0393697222854621,-0.1685449567053756,-0.3636869127386864,-0.8780756134103632,lying,karol
1672331677403706400,-0.0304877871522835,-0.1722353720747774,-0.3619402011471476,-0.8784344640153345,lying,karol
1672331677413706400,-0.0215933283643053,-0.1759188097991389,-0.360155236989934,-0.87870180658914,lying,karol
1672331677423706400,-0.0304369744142516,-0.1723191312085878,-0.3618835885018716,-0.8784431387463373,lying,karol
1672331677433706400,-0.0392815580946469,-0.1686887088666122,-0.3635723299800295,-0.8780994384384857,lying,karol
1672331677443706400,-0.0303893113945796,-0.1723665108182534,-0.3618155365040962,-0.8784635388378552,lying,karol
1672331677453706400,-0.0165739283570236,-0.1780386968581106,-0.3590329947640632,-0.8788431271092525,lying,karol
1672331677463706400,-0.0302812631928695,-0.1724228476876589,-0.3617417351223809,-0.878486618114246,lying,karol
1672331677473706400,-0.0213805934281717,-0.176061400722552,-0.3599511315671526,-0.8787621167641474,lying,karol
1672331677483706400,-0.0124747885379367,-0.179682800919839,-0.3581294508104837,-0.8789449330695434,lying,karol
1672331677493706400,-0.0213097645569937,-0.1760638228439165,-0.3599045259347679,-0.8787824487844599,lying,karol
1672331677503706400,-0.035033017316373,-0.1704057619583174,-0.3626003481610233,-0.8783495867786698,lying,karol
1672331677513706400,-0.0261360450711558,-0.1740461790928433,-0.3608548859550056,-0.8786643512939285,lying,karol
1672331677523706400,-0.0123596225547639,-0.1796713427619276,-0.3580941336394579,-0.8789633150124978,lying,karol
1672331677533706400,-0.0211939988103735,-0.1760709729505291,-0.3599016912752001,-0.8787850038678588,lying,karol
1672331677543706400,-0.0122882207603721,-0.1797191896442115,-0.3581190693406215,-0.8789443916171042,lying,karol
1672331677553706400,-0.0211317250601981,-0.1761452072080374,-0.3599308950495667,-0.8787596848604459,lying,karol
1672331677563706400,-0.0122290157196476,-0.1798218799828541,-0.3581469169862976,-0.8789128880017736,lying,karol
1672331677573706400,-0.0259820275578981,-0.1742451201751521,-0.3609353736902566,-0.878596485532729,lying,karol
1672331677583706400,-0.0170800213771408,-0.1779276083886249,-0.3591623407858464,-0.8788031787440954,lying,karol
1672331677593706400,-0.0032666709850398,-0.1835842329277177,-0.3563281341569467,-0.8789533608302567,lying,karol
1672331677603706400,0.005647215996761,-0.1872279643882048,-0.3544523875018411,-0.8789311172211286,lying,karol
1672331677613706400,-0.0031731060522153,-0.1837016067382668,-0.3563163297757621,-0.8789339801861323,lying,karol
1672331677623706400,-0.0120121378264768,-0.1801326650050085,-0.3581449947189955,-0.8788530718089725,lying,karol
1672331677633706400,0.0017912393030521,-0.1857422583272686,-0.3552674632455674,-0.8789335988212463,lying,karol
1672331677643706400,-0.0070405610126645,-0.1821819620758973,-0.3571092201720625,-0.8789060318180092,lying,karol
1672331677653706400,0.0018590099920884,-0.1858007034098525,-0.3552348114374881,-0.8789343113641651,lying,karol
1672331677663706400,-0.0069697457131575,-0.1822377623596902,-0.3570763292373481,-0.878908400106693,lying,karol
1672331677673706400,-0.0206991400971653,-0.1766383689386756,-0.359872851096224,-0.8786948454224471,lying,karol
1672331677683706400,-0.006907094373967,-0.1822531159174739,-0.3570440750875549,-0.8789188238248712,lying,karol
1672331677693706400,0.0068632244242012,-0.1878255318550169,-0.3541337663465418,-0.8789234473822313,lying,karol
1672331677703706400,-0.0019654714667996,-0.1842722402814484,-0.3559914870872002,-0.8789497316232739,lying,karol
1672331677713706400,-0.01082023542764,-0.1806856505897536,-0.357818387587989,-0.8788881139094064,lying,karol
1672331677723706400,-0.0245836737122873,-0.1750708132531802,-0.3605962487145775,-0.8786119184109478,lying,karol
1672331677733706400,-0.0157022031895747,-0.1787125388659149,-0.3588072013381307,-0.8788147561485868,lying,karol
1672331677743706400,-0.0245512043312969,-0.1751072918126189,-0.3606026724965185,-0.8786029332078729,lying,karol
1672331677753706400,-0.0156708628950024,-0.1787502039012705,-0.3588274267341105,-0.878799411702539,lying,karol
1672331677763706400,-0.024519563154832,-0.1751386655624728,-0.3606230557349578,-0.8785892107011105,lying,karol
1672331677773706400,-0.0156301268393019,-0.1787750420015486,-0.3588377399870522,-0.8787908850024002,lying,karol
1672331677783706400,-0.029332215991135,-0.173158223603756,-0.3615743776520042,-0.878443274678432,lying,karol
1672331677793706400,-0.0204361457520946,-0.176795155010904,-0.3597820235498226,-0.8787067236911674,lying,karol
1672331677803706400,-0.0115280921813887,-0.1804199401016741,-0.3579470731190196,-0.878881347062647,lying,karol
1672331677813706400,-0.0203606912270815,-0.1768020628444881,-0.3597173612735256,-0.8787335665324396,lying,karol
1672331677823706400,-0.0065474928983969,-0.1824108119031953,-0.3568675585709571,-0.8789606172048301,lying,karol
1672331677833706400,-0.0153642990860456,-0.1788126057086526,-0.3586615055768079,-0.8788598958644964,lying,karol
1672331677843706400,-0.0241904144479797,-0.1751850447858896,-0.3604251279559638,-0.8786703363846922,lying,karol
1672331677853706400,-0.0379310097535516,-0.1695055433481873,-0.3631105089243834,-0.8781928521208263,lying,karol
1672331677863706400,-0.0290252976005381,-0.1731461882900811,-0.3613612011365028,-0.8785435898221269,lying,karol
1672331677873706400,-0.0201169041073768,-0.1767763164003974,-0.3595758364596814,-0.8788023087329296,lying,karol
1672331677883706400,-0.0062864807834383,-0.1823941280286518,-0.3567379199824573,-0.8790186355110733,lying,karol
1672331677893706400,-0.0151338311566905,-0.1787865581621599,-0.3585428825401094,-0.8789176202167834,lying,karol
1672331677903706400,-0.0062391144496428,-0.1823899739792603,-0.3567007308308141,-0.8790349323776825,lying,karol
1672331677913706400,-0.015074652234855,-0.1787888543761337,-0.3585031635397971,-0.8789343774797184,lying,karol
1672331677923706400,-0.0239181396806563,-0.1751614642505068,-0.3602732042695044,-0.8787448239564446,lying,karol
1672331677933706400,-0.0150210565644764,-0.1787877350230085,-0.3584764854492042,-0.878946411015818,lying,karol
1672331677943706400,-0.0287637168144913,-0.1731595806481966,-0.3612306843023832,-0.8786032552342364,lying,karol
1672331677953706400,-0.0198553819837682,-0.1767975250269498,-0.3594618032526602,-0.878850670053362,lying,karol
1672331677963706400,-0.0286862702710749,-0.1731659150083301,-0.3612319584988848,-0.8786040268306817,lying,karol
1672331677973706400,-0.0197806361442503,-0.1767975017964976,-0.3594700349745666,-0.8788490056783183,lying,karol
1672331677983706400,-0.0286077115433873,-0.1731735392806008,-0.3612340411667736,-0.8786042423109323,lying,karol
1672331677993706400,-0.0147702665475778,-0.1788384355276637,-0.3584632266648563,-0.878945791868538,lying,karol
1672331678003706400,-0.0236016536112012,-0.1752537750325764,-0.3602439253714607,-0.8787470302758174,lying,karol
1672331678013706400,-0.0146969553473849,-0.1789165529575639,-0.3584483472076685,-0.8789372093907306,lying,karol
1672331678023706400,-0.0283876057030353,-0.1733378685929964,-0.3611892952723742,-0.8785974075164575,lying,karol
1672331678033706400,-0.0420949604969251,-0.1676930816620674,-0.3638407844146819,-0.8780489319537601,lying,karol
1672331678043706400,-0.0332041652132455,-0.1713677237496493,-0.3621071843758923,-0.8784372405900702,lying,karol
1672331678053706400,-0.0243146335846727,-0.1750258378696012,-0.3603383015701121,-0.8787343664448586,lying,karol
1672331678063706400,-0.0105592114054265,-0.1806478308368668,-0.3575394108096761,-0.8790127799106376,lying,karol
1672331678073706400,-0.0242860134780502,-0.175053246247785,-0.3603058654953686,-0.8787430091237491,lying,karol
1672331678083706400,-0.0104624137283422,-0.180690434711764,-0.3574966362202902,-0.8790225883704393,lying,karol
1672331678093706400,-0.0192967616151254,-0.1770889285584611,-0.3592834629021088,-0.8788774649584725,lying,karol
1672331678103706400,-0.0103892532073759,-0.1807080112015378,-0.3574538134873211,-0.8790372658044103,lying,karol
1672331678113706400,-0.0240803179089083,-0.1751111257196816,-0.360207372884782,-0.8787775326155054,lying,karol
1672331678123706400,-0.0378132704575548,-0.1694372370622896,-0.3628765880572653,-0.8783079403232236,lying,karol
1672331678133706400,-0.0289216555375661,-0.173062019252279,-0.361112983999296,-0.8786657897153441,lying,karol
1672331678143706400,-0.0200239814422964,-0.1766763320103581,-0.3593136876932004,-0.8789318940861285,lying,karol
1672331678153706400,-0.0337630877446476,-0.1710156376057027,-0.3620081223478024,-0.8785254219414523,lying,karol
1672331678163706400,-0.0248650114450723,-0.1746396868338482,-0.3602375029637645,-0.8788371581000312,lying,karol
1672331678173706400,-0.0386132362515433,-0.1689533906148758,-0.3629203363969589,-0.8783482820208854,lying,karol
1672331678183706400,-0.0297185916813231,-0.1725811731440109,-0.3611884470753219,-0.8787027730390891,lying,karol
1672331678193706400,-0.043423965758619,-0.1669052012945545,-0.3638375776657834,-0.8781357258958158,lying,karol
1672331678203706400,-0.034535924748665,-0.1705502392220957,-0.3621309497894276,-0.878535255016465,lying,karol
1672331678213706400,-0.0256278700321301,-0.1741968967390421,-0.360389485601188,-0.8788408367957073,lying,karol
1672331678223706400,-0.01183313040714,-0.1798289845533846,-0.3576220967867554,-0.8791308806342373,lying,karol
1672331678233706400,-0.0206655771846604,-0.1762430099622576,-0.3594254388248992,-0.8789583936313778,lying,karol
1672331678243706400,-0.011750292434468,-0.1798896179987364,-0.3576287973465452,-0.8791168753652766,lying,karol
1672331678253706400,-0.0254734889167,-0.1743031669203008,-0.3603981849199533,-0.8788207153401719,lying,karol
1672331678263706400,-0.0343097781794587,-0.1706745760595149,-0.3621264128339877,-0.8785218806987367,lying,karol
1672331678273706400,-0.0254093428710277,-0.174330907258736,-0.3603662703143576,-0.8788301699019333,lying,karol
1672331678283706400,-0.0116266393874622,-0.1799716998947617,-0.3575791249513969,-0.8791219515095746,lying,karol
1672331678293706400,-0.0253884201070464,-0.1743794272058635,-0.3603494583099268,-0.8788280554863401,lying,karol
1672331678303706400,-0.0164854927044922,-0.1780301825135834,-0.3585626024832159,-0.8790390174051281,lying,karol
1672331678313706400,-0.0253219250851631,-0.174426317566897,-0.3603354603938554,-0.8788264208896243,lying,karol
1672331678323706400,-0.0164105601858881,-0.1780599233281882,-0.3585460348135713,-0.879041165057416,lying,karol
1672331678333706400,-0.0074893029727502,-0.1816817605323712,-0.3567216498553967,-0.8791635763859951,lying,karol
1672331678343706400,-0.0163178957927868,-0.1780890768048426,-0.3585354056652182,-0.8790413307597772,lying,karol
1672331678353706400,-0.0300482660917403,-0.1724594217524578,-0.3612827554795838,-0.8786768019752417,lying,karol
1672331678363706400,-0.0388781050995271,-0.1688048650047779,-0.3630072884025528,-0.8783293424869414,lying,karol
1672331678373706400,-0.02998080391331,-0.1724505918867161,-0.3612856384206086,-0.8786796681699989,lying,karol
1672331678383706400,-0.0162220957823494,-0.1780743052982698,-0.3585470743041845,-0.8790413635769522,lying,karol
1672331678393706400,-0.0250721289021726,-0.1744604131377848,-0.3603212374681133,-0.8788326947041859,lying,karol
1672331678403706400,-0.038850510801053,-0.1687904416263987,-0.3630008938258613,-0.87833600061247,lying,karol
1672331678413706400,-0.029968498746799,-0.1724414897866332,-0.3612578162586167,-0.878693332944574,lying,karol
1672331678423706400,-0.0436816888186932,-0.1667795509834388,-0.3638885480550382,-0.878125836463094,lying,karol
1672331678433706400,-0.0348048149006218,-0.1704236753525691,-0.362176737196242,-0.8785304675299115,lying,karol
1672331678443706400,-0.0259172685628215,-0.174052567785721,-0.3604343637704418,-0.8788426766244121,lying,karol
1672331678453706400,-0.0121456128487123,-0.179655915687167,-0.3576620277427157,-0.8791458907077712,lying,karol
1672331678463706400,-0.0209979181895492,-0.1760348088169863,-0.359449611332495,-0.878982481209609,lying,karol
1672331678473706400,-0.0298434577609969,-0.17238240410421,-0.3611914992693975,-0.8787364633575663,lying,karol
1672331678483706400,-0.0435604014342281,-0.1666828465453639,-0.3638195212850252,-0.8781788412401685,lying,karol
1672331678493706400,-0.0346743430913565,-0.1703013709470706,-0.3620885734218209,-0.8785957003177999,lying,karol
1672331678503706400,-0.0257703278238076,-0.1739156181299912,-0.3603214462162287,-0.8789204261806595,lying,karol
1672331678513706400,-0.0168566131975172,-0.1775230644892165,-0.3585223228011726,-0.8791510552767096,lying,karol
1672331678523706400,-0.0030710604190912,-0.1830997735874193,-0.3556845801297156,-0.8793161803503831,lying,karol
1672331678533706400,-0.0118934790140188,-0.1795266373078539,-0.3575012912894307,-0.8792411446440297,lying,karol
1672331678543706400,-0.002971671019997,-0.1831458152308159,-0.3556629953046755,-0.8793156739010927,lying,karol
1672331678553706400,-0.0118014434530051,-0.1795756575152501,-0.3574930711665859,-0.8792357272061084,lying,karol
1672331678563706400,-0.0206363643405342,-0.175972274466962,-0.3592930887652102,-0.8790675943997429,lying,karol
1672331678573706400,-0.0068524579429469,-0.1815689961945863,-0.3565046276191576,-0.8792801956893943,lying,karol
1672331678583706400,-0.0156938305685051,-0.1779765453945926,-0.3583260044290678,-0.8791609657196091,lying,karol
1672331678593706400,-0.024541899855298,-0.1743572390933433,-0.3601096147438168,-0.8789549459846309,lying,karol
1672331678603706400,-0.0156383762563303,-0.1779867815200941,-0.3583361066888748,-0.8791557730659312,lying,karol
1672331678613706400,-0.0018314776522874,-0.1835952885035492,-0.3555098756499292,-0.8792870096725982,lying,karol
1672331678623706400,-0.0106591397850997,-0.1800346229208098,-0.3573469774447294,-0.879215881376922,lying,karol
1672331678633706400,-0.0194970921957158,-0.176440207169873,-0.3591489937740563,-0.87905872267199,lying,karol
1672331678643706400,-0.0056561406054372,-0.1820649485130571,-0.3563385292948943,-0.8792535166310724,lying,karol
1672331678653706400,-0.0144829157642837,-0.1784848208320122,-0.358162444140397,-0.8791453915385298,lying,karol
1672331678663706400,-0.0233156164350658,-0.1748807191609646,-0.3599489862953994,-0.8789501671715931,lying,karol
1672331678673706400,-0.0370382424983727,-0.1692395293224453,-0.3626434896030743,-0.8784756197555958,lying,karol
1672331678683706400,-0.0232371891262147,-0.1749091900976996,-0.3599416334437448,-0.8789496039040713,lying,karol
1672331678693706400,-0.0094571202776096,-0.1805482510194228,-0.3571544244753743,-0.8792025934236783,lying,karol
1672331678703706400,-0.0231861002100787,-0.1749866729318082,-0.3599278844329591,-0.8789411771786787,lying,karol
1672331678713706400,-0.0093702371613588,-0.1806413239153822,-0.357124461381263,-0.8791965927241105,lying,karol
1672331678723706400,-0.0004548985961472,-0.1842831084541688,-0.3552645582856376,-0.8792441374010375,lying,karol
1672331678733706400,-0.0092837128386938,-0.1807426382305826,-0.3570871042281948,-0.8791918753047241,lying,karol
1672331678743706400,-0.0181171405377157,-0.1771725954003654,-0.3588735913462353,-0.8790534909925767,lying,karol
1672331678753706400,-0.0042784456853792,-0.1828181378426409,-0.3560305374894827,-0.8792298593341198,lying,karol
1672331678763706400,-0.0180165112976954,-0.1772635601655692,-0.3588377460004392,-0.8790518671938748,lying,karol
1672331678773706400,-0.0317030587486218,-0.1716655260257014,-0.3615437917779103,-0.8786669668355656,lying,karol
1672331678783706400,-0.0454507853386334,-0.1659807291977654,-0.3641716410933006,-0.8780702356157438,lying,karol
1672331678793706400,-0.0365594015001599,-0.1696380192120113,-0.3624551682041868,-0.8784966207695132,lying,karol
1672331678803706400,-0.0276596863649181,-0.1732864557724498,-0.3607035169968882,-0.8788307214928942,lying,karol
1672331678813706400,-0.0187559669800186,-0.1769259307633996,-0.3589185220707467,-0.8790714703489245,lying,karol
1672331678823706400,-0.0325032842094366,-0.171292882524925,-0.3616327437983185,-0.8786738750840779,lying,karol
1672331678833706400,-0.0461918230673489,-0.1656255687690827,-0.364245887879688,-0.8780678580466226,lying,karol
1672331678843706400,-0.0373180951003527,-0.169270682066999,-0.3625437601692559,-0.8784990440794208,lying,karol
1672331678853706400,-0.0284363409077243,-0.1729068681587079,-0.3608139275731734,-0.8788354004032225,lying,karol
1672331678863706400,-0.0195449217981195,-0.1765406973780643,-0.3590502990611653,-0.8790779445928665,lying,karol
1672331678873706400,-0.0106428916563646,-0.1801753670319804,-0.3572513998139513,-0.8792262426209354,lying,karol
1672331678883706400,-0.0194854185472079,-0.1765982037370977,-0.3590568854772135,-0.8790650376796794,lying,karol
1672331678893706400,-0.0056712403886573,-0.1822406579605049,-0.3562481253108392,-0.8792538090936741,lying,karol
1672331678903706400,-0.0145131506978197,-0.1786872144622993,-0.358073239451812,-0.8791402760502629,lying,karol
1672331678913706400,-0.0056005313563357,-0.1823379083993902,-0.3562485605024051,-0.8792339393426069,lying,karol
1672331678923706400,-0.0144397471445641,-0.178781840835564,-0.3580670770706528,-0.8791247715252754,lying,karol
1672331678933706400,-0.0232836157567006,-0.1751921993950924,-0.3598491205417793,-0.878930052669402,lying,karol
1672331678943706400,-0.0094666655957529,-0.1808307178143802,-0.3570533083488105,-0.8791856692210055,lying,karol
1672331678953706400,-0.0182979269081651,-0.1772453247813843,-0.3588581469942736,-0.879041520365553,lying,karol
1672331678963706400,-0.0093792853346432,-0.1808745745293927,-0.3570468947453698,-0.8791802013930032,lying,karol
1672331678973706400,0.0044324634759801,-0.1864683772782728,-0.354168562512992,-0.8792146678670782,lying,karol
1672331678983706400,-0.0092545583034138,-0.1809558930061621,-0.3570382997806052,-0.8791682930880272,lying,karol
1672331678993706400,-0.0003312246109719,-0.184587356720576,-0.3551913862086598,-0.8792101039296641,lying,karol
1672331679003706400,-0.0091608542345695,-0.1810446956319343,-0.3570372132181278,-0.8791514476383413,lying,karol
1672331679013706400,-0.0179996563514411,-0.1774705276129425,-0.3588459542595899,-0.879007258018164,lying,karol
1672331679023706400,-0.0268502789305234,-0.1738595083180689,-0.3606182571327539,-0.8787777711467155,lying,karol
1672331679033706400,-0.0179526958261237,-0.1774961864719132,-0.3588355353359889,-0.8790073015871054,lying,karol
1672331679043706400,-0.0090477128843358,-0.1811195142520124,-0.3570133875251399,-0.8791469059963724,lying,karol
1672331679053706400,-0.0178892183258775,-0.1775224911181867,-0.3588125817503663,-0.8790126619724898,lying,karol
1672331679063706400,-0.0089863537972226,-0.1811404704513203,-0.3569908386444264,-0.8791523822204391,lying,karol
1672331679073706400,-0.0178294460096444,-0.1775425683140567,-0.3587957284219147,-0.8790167091718226,lying,karol
1672331679083706400,-0.004047977225657,-0.1831385655839381,-0.3559732358419184,-0.8791876628055237,lying,karol
1672331679093706400,-0.0128740974467379,-0.1795572928314116,-0.3578074357140062,-0.879096864320454,lying,karol
1672331679103706400,-0.0039547292920804,-0.1831707875001607,-0.3559774955489541,-0.8791796613989551,lying,karol
1672331679113706400,-0.0127952394095222,-0.1795899265101842,-0.3578048054249981,-0.8790924304493408,lying,karol
1672331679123706400,-0.0216464283964122,-0.1759875565087603,-0.3595949986142666,-0.8789171161192163,lying,karol
1672331679133706400,-0.0079177230716471,-0.1815913452147364,-0.3568043458528396,-0.8791453851526471,lying,karol
1672331679143706400,-0.0167739555232788,-0.1780151630700804,-0.3586243903177988,-0.879011859652154,lying,karol
1672331679153706400,-0.0305360800032795,-0.1724016405128362,-0.3613801198952893,-0.8786317260909035,lying,karol
1672331679163706400,-0.0216551870733708,-0.1760491932975615,-0.3596328540628031,-0.8788890917527121,lying,karol
1672331679173706400,-0.007841513980099,-0.1816835160206321,-0.3568386230570928,-0.8791131380278457,lying,karol
1672331679183706400,-0.0166901640975177,-0.1780935301761311,-0.3586607313946838,-0.8789827774263663,lying,karol
1672331679193706400,-0.0255406755514241,-0.1744734515698447,-0.3604346406896119,-0.8787705479013991,lying,karol
1672331679203706400,-0.0117560975506921,-0.1800927688873031,-0.3576385522124076,-0.8790717710314406,lying,karol
1672331679213706400,-0.0205968496486859,-0.1764820551991749,-0.3594168431272204,-0.8789161036775891,lying,karol
1672331679223706400,-0.0294275451144787,-0.1728420287318037,-0.3611600716007112,-0.8786735421914816,lying,karol
1672331679233706400,-0.0431263403676805,-0.1671603323766226,-0.3637980704426666,-0.878118814629042,lying,karol
1672331679243706400,-0.0342291728848757,-0.170799170893945,-0.3620687326829566,-0.8785251244698159,lying,karol
1672331679253706400,-0.0430661838442725,-0.1671225850645032,-0.3637553994567942,-0.8781466379532529,lying,karol
1672331679263706400,-0.0341791891921089,-0.1707678919785323,-0.3620388839071056,-0.8785454626127458,lying,karol
1672331679273706400,-0.0252798747125111,-0.1744079388112879,-0.3602900236696747,-0.8788504316851923,lying,karol
1672331679283706400,-0.0163713724035508,-0.1780375957719862,-0.3585069944100846,-0.8790628652392786,lying,karol
1672331679293706400,-0.0300584568393952,-0.1724248471328265,-0.3612394721473826,-0.8787015460356496,lying,karol
1672331679303706400,-0.0211611080206066,-0.1760513390631793,-0.3594742501896066,-0.8789656457341144,lying,karol
1672331679313706400,-0.034874400427919,-0.1704108705133762,-0.3621768174576399,-0.8785306374574819,lying,karol
1672331679323706400,-0.021071535928305,-0.1760590628645728,-0.359451537580279,-0.8789755472677154,lying,karol
1672331679333706400,-0.0299177868160168,-0.1724262916819893,-0.3612021369481091,-0.8787214277899559,lying,karol
1672331679343706400,-0.0210143655132934,-0.1760586975779788,-0.3594317204794658,-0.8789851018430778,lying,karol
1672331679353706400,-0.0072060990401206,-0.1816674031859138,-0.3566213907244067,-0.8792101332387917,lying,karol
1672331679363706400,-0.0160297973162852,-0.1780719268848924,-0.3584313546828202,-0.8790930868903126,lying,karol
1672331679373706400,-0.0248524647354996,-0.1744466541190512,-0.3602092766043476,-0.8788880840766528,lying,karol
1672331679383706400,-0.011068966187857,-0.1800486499970784,-0.3574425154768799,-0.8791695450130278,lying,karol
1672331679393706400,-0.0247947879164134,-0.1744404506213026,-0.360232568644261,-0.8788814122232558,lying,karol
1672331679403706400,-0.0158626799374363,-0.1780882832898393,-0.3584607769898149,-0.8790808372233365,lying,karol
1672331679413706400,-0.0020500148854149,-0.1837280201815837,-0.3556316106299629,-0.8792100411358018,lying,karol
1672331679423706400,0.0068783900033447,-0.1873797288473188,-0.3537545813672028,-0.8791720913461933,lying,karol
1672331679433706400,-0.0019302123341293,-0.1838873740300772,-0.3556151025355771,-0.8791836949493523,lying,karol
1672331679443706400,-0.0107546618648064,-0.1803593832055147,-0.3574340374680462,-0.8791132561764908,lying,karol
1672331679453706400,-0.0195946455070399,-0.1767914164787339,-0.3592131790074285,-0.8789602538574715,lying,karol
1672331679463706400,-0.0284396349994922,-0.1731908421738748,-0.3609566508545394,-0.878721126560165,lying,karol
1672331679473706400,-0.019536728710268,-0.1768506426103318,-0.3591657508858061,-0.8789690233922912,lying,karol
1672331679483706400,-0.0332269994641058,-0.1712562273646785,-0.3618662843481863,-0.8785581887257071,lying,karol
1672331679493706400,-0.0243140225206156,-0.1749245721340238,-0.3601038422425542,-0.8788514594071418,lying,karol
1672331679503706400,-0.0380241948422026,-0.1692874382006899,-0.3627943833776618,-0.878362463028364,lying,karol
1672331679513706400,-0.0291121406992807,-0.1729327967897045,-0.3610648751344659,-0.878705500961274,lying,karol
1672331679523706400,-0.0201898445982564,-0.1765460020853916,-0.3592994636190705,-0.8789608949647357,lying,karol
1672331679533706400,-0.0339025076171752,-0.1708773267775644,-0.3620164498367855,-0.8785443288652672,lying,karol
1672331679543706400,-0.0249993582683795,-0.1744939934850876,-0.3602496192081385,-0.8788581143411649,lying,karol
1672331679553706400,-0.0160937774264118,-0.1781101719862918,-0.3584428510560959,-0.8790796212810181,lying,karol
1672331679563706400,-0.0249382755006209,-0.1744903700083549,-0.3601969892360692,-0.8788821481239825,lying,karol
1672331679573706400,-0.038686298121396,-0.1688250440685886,-0.3628615614258348,-0.8783948298882047,lying,karol
1672331679583706400,-0.0298106662975218,-0.1724601212205609,-0.3611155442584561,-0.8787541839843095,lying,karol
1672331679593706400,-0.0160685900827491,-0.1780648018367717,-0.3583531504972768,-0.8791258568299307,lying,karol
1672331679603706400,-0.0022892402037409,-0.1836418409662105,-0.3554971944910104,-0.8792819267182074,lying,karol
1672331679613706400,-0.0111532940248232,-0.180038312288816,-0.3573144496829428,-0.8792227957018479,lying,karol
1672331679623706400,-0.0249178844546989,-0.1743957607523684,-0.3600751069350852,-0.8789514588862166,lying,karol
1672331679633706400,-0.0111154991216263,-0.1799797192662429,-0.3572769781406006,-0.8792504993702185,lying,karol
1672331679643706400,-0.0199827776298463,-0.1763288349289231,-0.3590615097004691,-0.8791064768177969,lying,karol
1672331679653706400,-0.0288444344364568,-0.1726600820734514,-0.360808513767373,-0.8788732831431078,lying,karol
1672331679663706400,-0.042589680932295,-0.1669548369130296,-0.363453172369663,-0.8783271217437926,lying,karol
1672331679673706400,-0.0336989559161285,-0.1705759945902088,-0.3617331202420161,-0.8787274345014483,lying,karol
1672331679683706400,-0.0248057774751964,-0.1741914058250179,-0.359980111239577,-0.8790340699742926,lying,karol
1672331679693706400,-0.0158979201585283,-0.1778052845569472,-0.3581907845354392,-0.8792476635080715,lying,karol
1672331679703706400,-0.0020598339925687,-0.1834100904175477,-0.3553463550536546,-0.8793918500811027,lying,karol
1672331679713706400,0.0068705871185555,-0.1870230757669945,-0.3534702551845236,-0.8793625616048617,lying,karol
1672331679723706400,-0.00687301173184,-0.1815086139551688,-0.3563574586530359,-0.8793527907092508,lying,karol
1672331679733706400,-0.0156998382009299,-0.1779526943895059,-0.3581664500140772,-0.8792313384670247,lying,karol
1672331679743706400,-0.0245336273223934,-0.1743772825618841,-0.3599426799535677,-0.879020220019502,lying,karol
1672331679753706400,-0.015622471850558,-0.178050156784515,-0.3581648630834914,-0.8792136513640344,lying,karol
1672331679763706400,-0.0293558077104096,-0.1724761839842201,-0.3609091772941486,-0.8788511930725953,lying,karol
1672331679773706400,-0.0204639483831888,-0.1761481551233369,-0.3591452017977836,-0.8790975177724958,lying,karol
1672331679783706400,-0.0115624790207593,-0.1798116236820417,-0.3573417539652788,-0.8792528883656857,lying,karol
1672331679793706400,-0.0204152660438811,-0.1762479247571869,-0.3591337460066393,-0.8790833484811399,lying,karol
1672331679803706400,-0.0065821342215474,-0.1819097672414308,-0.3563180150781739,-0.8792881740802012,lying,karol
1672331679813706400,-0.0154271800791714,-0.1783581622024096,-0.3581374559137881,-0.8791658850063814,lying,karol
1672331679823706400,-0.0291775263625393,-0.172753589073481,-0.3608894602530156,-0.8788107884030831,lying,karol
1672331679833706400,-0.0202722763003422,-0.1763959797368698,-0.3591245472244143,-0.8790607480630455,lying,karol
1672331679843706400,-0.0291096332979719,-0.1727696692829937,-0.3608889532938547,-0.8788100991632581,lying,karol
1672331679853706400,-0.0202092950646496,-0.1763978988368702,-0.3591333780273845,-0.8790582169370758,lying,karol
1672331679863706400,-0.0290690925288427,-0.1727686834701685,-0.3609155282638351,-0.8788007328077584,lying,karol
1672331679873706400,-0.0201825771879437,-0.1764040042291746,-0.3591753008935872,-0.8790404894548642,lying,karol
1672331679883706400,-0.0290352613193662,-0.1727849510042095,-0.3609649290795482,-0.8787783767910916,lying,karol
1672331679893706400,-0.0152886192554196,-0.1784117299935537,-0.3582565812689582,-0.8791089532499631,lying,karol
1672331679903706400,-0.0241315782758125,-0.1748171099452275,-0.3600838892177813,-0.8788862687875977,lying,karol
1672331679913706400,-0.0152309648380075,-0.1784743911228065,-0.3583465166895775,-0.8790606009507665,lying,karol
1672331679923706400,-0.0289873290403429,-0.1728817325775656,-0.361147992175867,-0.8786857503517105,lying,karol
1672331679933706400,-0.0378447739800359,-0.1692621284078984,-0.3629086259306907,-0.8783281462085604,lying,karol
1672331679943706400,-0.028982781799254,-0.1729391126885597,-0.3611998020214087,-0.8786533328902513,lying,karol
1672331679953706400,-0.0200948319120615,-0.1766103942900316,-0.3594343277877755,-0.8788952493410649,lying,karol
1672331679963706400,-0.0062982649306443,-0.1822570843053326,-0.3566119126133008,-0.8790992965174499,lying,karol
1672331679973706400,-0.0151331592847835,-0.1786953101830491,-0.3584183419468531,-0.878988180342827,lying,karol
1672331679983706400,-0.0239671873590422,-0.1751001819435364,-0.3601879710378649,-0.8787918379346886,lying,karol
1672331679993706400,-0.0150585675502731,-0.1787467453169947,-0.3583856783405084,-0.8789923368649815,lying,karol
1672331680003706400,-0.0287433695415775,-0.1731613603685902,-0.3611193466580366,-0.8786505424941021,lying,karol
1672331680013706400,-0.0198295144159945,-0.1768333155426171,-0.3593381154152053,-0.8788958421447963,lying,karol
1672331680023706400,-0.0109142888918391,-0.180496410236946,-0.3575264022661392,-0.8790459754496761,lying,karol
1672331680033706400,-0.0197451062532633,-0.1769258908145427,-0.359329330235352,-0.8788827222109654,lying,karol
1672331680043706400,-0.0108358202359876,-0.1805732926582739,-0.357522381032904,-0.8790328086159475,lying,karol
1672331680053706400,-0.0196772219888329,-0.1769807317445136,-0.3593260717806166,-0.8788745490810076,lying,karol
1672331680063706400,-0.0333884439147032,-0.1713467774470596,-0.3620460893519545,-0.878460700654972,lying,karol
1672331680073706400,-0.0245054065311766,-0.174971271452327,-0.3602935840500089,-0.8787594431329209,lying,karol
1672331680083706400,-0.0107335761144329,-0.1805709809077733,-0.3575135573535284,-0.8790381447975679,lying,karol
1672331680093706400,-0.0018373351839693,-0.1841674570645763,-0.3556804018943593,-0.8790992676411601,lying,karol
1672331680103706400,-0.0106857943955032,-0.180569416390374,-0.3575323445306747,-0.8790314143752952,lying,karol
1672331680113706400,-0.0195241195869134,-0.1769414635168709,-0.3593466760273403,-0.8788774691342764,lying,karol
1672331680123706400,-0.0106146297996431,-0.1805346028908073,-0.3575491920036178,-0.8790325826007988,lying,karol
1672331680133706400,0.0031963119660205,-0.1860952269787167,-0.3546847270349109,-0.8790917021142175,lying,karol
1672331680143706400,-0.0056424255378898,-0.1825056024574684,-0.3565529645815953,-0.8790762107120763,lying,karol
1672331680153706400,-0.0144900571913485,-0.1788908772147212,-0.3583819023645311,-0.8789741993114426,lying,karol
1672331680163706400,-0.0007039250764055,-0.1844667394818576,-0.3555361776790707,-0.8790965231888943,lying,karol
1672331680173706400,-0.0095429906929058,-0.1808748379229403,-0.3573787021430025,-0.8790442750170693,lying,karol
1672331680183706400,-0.018390420104081,-0.1772564652116072,-0.3591853849845434,-0.8789044050375403,lying,karol
1672331680193706400,-0.0321223986717321,-0.1716013408117706,-0.3619143944835025,-0.8785125296099118,lying,karol
1672331680203706400,-0.0232389141488338,-0.1752173842461377,-0.3601628722245256,-0.8787984384295573,lying,karol
1672331680213706400,-0.0143352883018745,-0.1788333585314332,-0.3583725561992463,-0.8789922727306599,lying,karol
1672331680223706400,-0.0231804958590939,-0.1752054419956403,-0.3601573437176402,-0.8788046351782446,lying,karol
1672331680233706400,-0.0093900909444498,-0.1808177748006375,-0.3573611110672209,-0.8790648339447933,lying,karol
1672331680243706400,-0.0004838265827679,-0.184427270278265,-0.3555020529479034,-0.8791187812484395,lying,karol
1672331680253706400,-0.0093339989521416,-0.1808420550072102,-0.3573202158867345,-0.8790770661267834,lying,karol
1672331680263706400,-0.0230914290046722,-0.1752203264527389,-0.3600775638853543,-0.8788367146285365,lying,karol
1672331680273706400,-0.0142208515438121,-0.1788248852435468,-0.3582584411869248,-0.8790423874475809,lying,karol
1672331680283706400,-0.0230978382420477,-0.1751849273999229,-0.360019815259099,-0.8788672638277735,lying,karol
1672331680293706400,-0.0319723298633723,-0.1715138368896391,-0.3617544086276488,-0.878601006045117,lying,karol
1672331680303706400,-0.023106996093608,-0.1751192920644825,-0.3599969384935435,-0.8788894774517987,lying,karol
1672331680313706400,-0.0368656171334774,-0.1694341340663366,-0.3626936949920142,-0.8784255782075271,lying,karol
1672331680323706400,-0.0280175169892277,-0.1730402077763838,-0.3609753463981161,-0.8787571459233178,lying,karol
1672331680333706400,-0.0191486453690453,-0.1766524502149274,-0.359230243862047,-0.8789915227095099,lying,karol
1672331680343706400,-0.0102695631069896,-0.1802664015033511,-0.3574512515222982,-0.8791316144598079,lying,karol
1672331680353706400,-0.0191291123825262,-0.1766642392668041,-0.3592772552457343,-0.8789703748442448,lying,karol
1672331680363706400,-0.0328422713335031,-0.1710425942621467,-0.3620196974782132,-0.8785515409196433,lying,karol
1672331680373706400,-0.0239409171669615,-0.1747020680291691,-0.3602983701286553,-0.8788267041554705,lying,karol
1672331680383706400,-0.0150323190357683,-0.1783716715010914,-0.3585358206746704,-0.8790079252532338,lying,karol
1672331680393706400,-0.0012091078281644,-0.1840361510476026,-0.3557056019971326,-0.8791177796848663,lying,karol
1672331680403706400,-0.0100439194259488,-0.1805209461142716,-0.357550646073653,-0.8790416245473774,lying,karol
1672331680413706400,-0.023752911306246,-0.1749868211300362,-0.3603289891973634,-0.8787626455743568,lying,karol
1672331680423706400,-0.0375242991451494,-0.1693687865497518,-0.363026719215871,-0.8782728043263798,lying,karol
1672331680433706400,-0.0286398457881986,-0.1730642989124236,-0.3612900698495247,-0.8786030892057514,lying,karol
1672331680443706400,-0.0197461400387672,-0.176733808517073,-0.3595214121778471,-0.8788429979581748,lying,karol
1672331680453706400,-0.0335233618934041,-0.1710921770247584,-0.3622517959062618,-0.8784205763945226,lying,karol
1672331680463706400,-0.0246531135203309,-0.1747360180044146,-0.3605052125893108,-0.8787155229562325,lying,karol
1672331680473706400,-0.0108979073303496,-0.1803561916007998,-0.3577280335673801,-0.878993158448523,lying,karol
1672331680483706400,-0.0197526953741611,-0.1767510753743234,-0.359535668030303,-0.8788335672261205,lying,karol
1672331680493706400,-0.0059310945994766,-0.1823800381055262,-0.3567279371846215,-0.8790295669557974,lying,karol
1672331680503706400,-0.0147624675943048,-0.178790632443218,-0.3585723521900854,-0.8789125765052377,lying,karol
1672331680513706400,-0.0235820876576841,-0.1751613827115013,-0.3603827297222333,-0.8787105021837234,lying,karol
1672331680523706400,-0.009754311413829,-0.1807646298314736,-0.357619647972448,-0.8789668296874743,lying,karol
1672331680533706400,-0.0185576629097831,-0.1771439595856381,-0.3594603473103873,-0.8788113595847289,lying,karol
1672331680543706400,-0.0046943431378008,-0.1827666158127298,-0.3566801691423454,-0.87897617931322,lying,karol
1672331680553706400,-0.0134958868475246,-0.1792026809352005,-0.3585615355298989,-0.8788534885163203,lying,karol
1672331680563706400,-0.0045632155878867,-0.1828797177611239,-0.3567916862085981,-0.8789081195374946,lying,karol
1672331680573706400,-0.0182717184552946,-0.1773685407861917,-0.3596737341824286,-0.8786848096426363,lying,karol
1672331680583706400,-0.0093747217503231,-0.1810835074943852,-0.3579226298235138,-0.8787820864600961,lying,karol
1672331680593706400,-0.0231432446483814,-0.1755552059113677,-0.360773099181667,-0.8784834986976645,lying,karol
1672331680603706400,-0.0142786640270842,-0.1792717299736648,-0.3590294854404807,-0.8786360776644745,lying,karol
1672331680613706400,-0.0280869737815584,-0.1736735644628277,-0.361836513447403,-0.8782760030648336,lying,karol
1672331680623706400,-0.0143167794832115,-0.1793534233520756,-0.3590914537392713,-0.8785934829954994,lying,karol
1672331680633706400,-0.0231936115637542,-0.1757250623394283,-0.3609110139302298,-0.8783916048475054,lying,karol
1672331680643706400,-0.0143121333214029,-0.1793442016475638,-0.3591492636779484,-0.8785718245881424,lying,karol
1672331680653706400,-0.0280689809621343,-0.173664385647083,-0.3619571241749962,-0.878228724014479,lying,karol
1672331680663706400,-0.0418003849038772,-0.1679284405851394,-0.3646682065360855,-0.8776763167410806,lying,karol
1672331680673706400,-0.0280599532960574,-0.1735446024956913,-0.3620289777875682,-0.8782230880212103,lying,karol
1672331680683706400,-0.0417192768752323,-0.1678527812079957,-0.3647051173419089,-0.8776793251327503,lying,karol
1672331680693706400,-0.03280891813931,-0.1715171464300506,-0.3629774240732503,-0.8780653276287291,lying,karol
1672331680703706400,-0.0416300124927573,-0.1678539007929544,-0.3646546237831948,-0.8777043429729546,lying,karol
1672331680713706400,-0.0327424559595129,-0.1715297039202221,-0.3628872000900395,-0.878102660235966,lying,karol
1672331680723706400,-0.0238636735278916,-0.1751938852305475,-0.3610709204857554,-0.8784141037552733,lying,karol
1672331680733706400,-0.0327296728807916,-0.1715591856717806,-0.3627516971634293,-0.8781533746172682,lying,karol
1672331680743706400,-0.0238811303904458,-0.1752269212980949,-0.3609359391054494,-0.8784625225525176,lying,karol
1672331680753706400,-0.0376230590292571,-0.1695947235357502,-0.3635766758383671,-0.8779977696578493,lying,karol
1672331680763706400,-0.0287834598796974,-0.1732743546922265,-0.3618048862882335,-0.8783454294087758,lying,karol
1672331680773706400,-0.0199279745287894,-0.1769462198245532,-0.3600105309262809,-0.8785962091798117,lying,karol
1672331680783706400,-0.0061829954520497,-0.1825862368594348,-0.3571874147632556,-0.8787987075782026,lying,karol
1672331680793706400,-0.015031276440625,-0.1790029780138058,-0.3590071696824887,-0.8786875652036555,lying,karol
1672331680803706400,-0.0238594654464933,-0.1753710003091644,-0.3607943069979514,-0.8784925757569119,lying,karol
1672331680813706400,-0.0149327360611674,-0.17898205096961,-0.3590060233519238,-0.8786939876685077,lying,karol
1672331680823706400,-0.0237229941970017,-0.1753261239771069,-0.3607956789422117,-0.878504678590892,lying,karol
1672331680833706400,-0.0098381728537295,-0.180919673882361,-0.3579950866668206,-0.8787814493357662,lying,karol
1672331680843706400,-0.0186003212785751,-0.1772498526287017,-0.3597958490437644,-0.878652100581275,lying,karol
1672331680853706400,-0.0273905207974263,-0.1735360883177705,-0.3615613077015284,-0.8784386531560285,lying,karol
1672331680863706400,-0.0361895416501404,-0.1697941938389099,-0.3632866987821287,-0.8781395647823093,lying,karol
1672331680873706400,-0.0272856400142765,-0.1733737856725974,-0.3615509821605165,-0.87847822447511,lying,karol
1672331680883706400,-0.041053573747832,-0.1676284760204102,-0.364229090748265,-0.8779513383332638,lying,karol
1672331680893706400,-0.0321887487887607,-0.1712580592421384,-0.3625195953310989,-0.8783280683283793,lying,karol
1672331680903706400,-0.0184458264783304,-0.1768935248009674,-0.3597986869231809,-0.8787260294779894,lying,karol
1672331680913706400,-0.004705723916564,-0.1825053496145215,-0.356992961954984,-0.8789037394725723,lying,karol
1672331680923706400,-0.0135861722037302,-0.1789139392753114,-0.3588258305781734,-0.8788033644937933,lying,karol
1672331680933706400,-0.0224655353068478,-0.1752934869249985,-0.3606220613698183,-0.8786155819487774,lying,karol
1672331680943706400,-0.0362463124221975,-0.1696159883887925,-0.3633312139551344,-0.8781532755025986,lying,karol
1672331680953706400,-0.0225045171901878,-0.1752580291606465,-0.3606301954422274,-0.8786183254833001,lying,karol
1672331680963706400,-0.0136322292830597,-0.1788711922321391,-0.3588360177700062,-0.8788072056958528,lying,karol
1672331680973706400,-0.0224841382732294,-0.1752232927702703,-0.3606081220677411,-0.878634838850379,lying,karol
1672331680983706400,-0.0135860631150685,-0.1788251964116514,-0.3587966333856647,-0.8788333651923603,lying,karol
1672331680993706400,0.0002243592582018,-0.1844057981279324,-0.3559246897880127,-0.8789529059242676,lying,karol
1672331681003706400,-0.0135192855580064,-0.1788000189019503,-0.3587515139346336,-0.878857942892735,lying,karol
1672331681013706400,-0.0272157062554487,-0.1731610653772984,-0.3614803814721805,-0.87855144533085,lying,karol
1672331681023706400,-0.0183059202245693,-0.1767862670822521,-0.3596986524946894,-0.878791530285754,lying,karol
1672331681033706400,-0.0093918060942343,-0.1804091375091582,-0.357885768758,-0.8789358834372054,lying,karol
1672331681043706400,-0.0230849293791788,-0.1748075671065235,-0.3606536316391464,-0.8786834133684683,lying,karol
1672331681053706400,-0.0319082249827553,-0.1711627886543659,-0.3623886394064335,-0.8784109692082095,lying,karol
1672331681063706400,-0.0229885790831922,-0.1748063039226992,-0.3606253487757027,-0.878697810000357,lying,karol
1672331681073706400,-0.0317980989026243,-0.1711637284528339,-0.3623489777231958,-0.8784311528146485,lying,karol
1672331681083706400,-0.0228688967211016,-0.1748123904921667,-0.3605728316625258,-0.8787212862652022,lying,karol
1672331681093706400,-0.036566956902364,-0.1691557886458709,-0.3632363651191507,-0.8782680427596182,lying,karol
1672331681103706400,-0.027653154348862,-0.172816183044435,-0.3614764862412495,-0.8786073439370284,lying,karol
1672331681113706400,-0.041375979322004,-0.1671474722717337,-0.3641085371025068,-0.8780780027717989,lying,karol
1672331681123706400,-0.0324998772813386,-0.1708139553846136,-0.3623766431497664,-0.8784621702182979,lying,karol
1672331681133706400,-0.0236046847815738,-0.1744869368650216,-0.3606091572504303,-0.8787516372798241,lying,karol
1672331681143706400,-0.0147033249281558,-0.1781567389052905,-0.3588098714577536,-0.8789458192780913,lying,karol
1672331681153706400,-0.0283995352669671,-0.1725750937489918,-0.3615370100816777,-0.8786060515989575,lying,karol
1672331681163706400,-0.0421452786404636,-0.1669103251806784,-0.3641891765403744,-0.8780531156837418,lying,karol
1672331681173706400,-0.0332707161011434,-0.1705810647535625,-0.3624776778751656,-0.8784369157575498,lying,karol
1672331681183706400,-0.0194870843437414,-0.1762552386615135,-0.3597554427546073,-0.878849645188882,lying,karol
1672331681193706400,-0.0283505119516944,-0.1726468628188331,-0.3615254278470861,-0.8785983269707827,lying,karol
1672331681203706400,-0.0194744212909906,-0.1763145855053677,-0.3597744055148209,-0.878830274165073,lying,karol
1672331681213706400,-0.0056466100120073,-0.1819796894774114,-0.356969831691768,-0.8790167357884703,lying,karol
1672331681223706400,-0.0144781076090913,-0.1784155223201722,-0.3587961338385854,-0.8789027298078855,lying,karol
1672331681233706400,-0.0281762329940106,-0.1728170717214139,-0.3615456125455537,-0.8785621958696948,lying,karol
1672331681243706400,-0.0192581323585755,-0.1764733191859571,-0.3597796941799848,-0.8788010466647459,lying,karol
1672331681253706400,-0.0054107779678378,-0.1821156708907273,-0.3569594263314163,-0.8789943132663043,lying,karol
1672331681263706400,-0.0142133990379682,-0.1785395076294276,-0.3587642460989782,-0.8788949200445612,lying,karol
1672331681273706400,-0.0279306857522461,-0.1729167478256764,-0.3614967288105961,-0.8785705682783574,lying,karol
1672331681283706400,-0.0141201591546947,-0.1785620797028728,-0.3587166688698674,-0.8789112698840286,lying,karol
1672331681293706400,-0.0229418377812081,-0.1749515261672106,-0.3604693994939402,-0.8787342717154307,lying,karol
1672331681303706400,-0.0091660006867831,-0.1805763080103648,-0.3576486919455151,-0.8790006104264368,lying,karol
1672331681313706400,-0.0180215347859911,-0.1769789651418157,-0.3594127681885681,-0.8788757680991764,lying,karol
1672331681323706400,-0.0042056331340125,-0.1826161914180871,-0.3565485701976376,-0.8790638459614694,lying,karol
1672331681333706400,-0.0130541116141905,-0.1790439148739386,-0.358334707279821,-0.8789855511656728,lying,karol
1672331681343706400,-0.0268183658029096,-0.1734206105621937,-0.3610707444842612,-0.8786811061868465,lying,karol
1672331681353706400,-0.0130451698503648,-0.1790512051038697,-0.3582900037942473,-0.8790024299405136,lying,karol
1672331681363706400,-0.0267960388731727,-0.1734329136830902,-0.3610363911444105,-0.8786934833641402,lying,karol
1672331681373706400,-0.0130395787996075,-0.1790602817994452,-0.3582639904961726,-0.8790112754974393,lying,karol
1672331681383706400,-0.0267784852423679,-0.1734543279385022,-0.3610058001796223,-0.8787023696937832,lying,karol
1672331681393706400,-0.0178714327556765,-0.1771106484848341,-0.3592120648414577,-0.8789343926515383,lying,karol
1672331681403706400,-0.0089486491192581,-0.1807612640541769,-0.3573812816867109,-0.8790736394394814,lying,karol
1672331681413706400,0.0049022491168243,-0.1863960106759322,-0.3544815295180463,-0.8791029020259375,lying,karol
1672331681423706400,-0.0039178806906279,-0.182873900545686,-0.3563395475118227,-0.8790964124307447,lying,karol
1672331681433706400,-0.012730435448922,-0.1793260564455545,-0.3581665608969898,-0.8790013779072421,lying,karol
1672331681443706400,-0.0038030942909962,-0.1829791062485254,-0.3563420993384162,-0.8790740103485771,lying,karol
1672331681453706400,-0.0126243598965373,-0.1794263772805943,-0.3581805891725749,-0.8789767393619041,lying,karol
1672331681463706400,-0.0263364711256713,-0.1738377093131542,-0.3609556450117802,-0.8786606412612729,lying,karol
1672331681473706400,-0.0174246377363003,-0.1774960723291913,-0.3591816120765143,-0.8788781312619537,lying,karol
1672331681483706400,-0.0311684322449303,-0.1718659687928199,-0.3619185919638549,-0.8784943009042325,lying,karol
1672331681493706400,-0.0222633648542672,-0.1755085089966955,-0.360160306782692,-0.8787675209307828,lying,karol
1672331681503706400,-0.0084875921960608,-0.1811143671808552,-0.3573685188016235,-0.8790108038862897,lying,karol
1672331681513706400,-0.0173272520288732,-0.1775028216884033,-0.3591749973367378,-0.8788814181348328,lying,karol
1672331681523706400,-0.0261746411732526,-0.1738621391155452,-0.3609474440372383,-0.8786640455997675,lying,karol
1672331681533706400,-0.0172790905160305,-0.1774840563005685,-0.3591816547012465,-0.8788834432979951,lying,karol
1672331681543706400,-0.0261241348547737,-0.1738485321956234,-0.3609683870451612,-0.8786596466137474,lying,karol
1672331681553706400,-0.0172320784462552,-0.1774819253583615,-0.3592093543812122,-0.8788734861455096,lying,karol
1672331681563706400,-0.0260812645873514,-0.1738611289238869,-0.3609952784195532,-0.8786473911598116,lying,karol
1672331681573706400,-0.0171874481097083,-0.1775100954996861,-0.359224647398242,-0.8788624318870124,lying,karol
1672331681583706400,-0.0034122314760552,-0.183138032671456,-0.3563976477113547,-0.8790200840909157,lying,karol
1672331681593706400,-0.0122375443160577,-0.1795878554962024,-0.3582095429462775,-0.8789375129291676,lying,karol
1672331681603706400,0.0015673835981445,-0.1852191266198104,-0.3553231044702297,-0.8790242905424216,lying,karol
1672331681613706400,-0.0072635340768958,-0.1816760326628467,-0.3571404440931504,-0.8789986159989059,lying,karol
1672331681623706400,-0.0160992390691669,-0.1780938358694443,-0.3589203475481961,-0.8788892971762532,lying,karol
1672331681633706400,-0.0249310395215639,-0.1744752248213152,-0.3606632856931229,-0.8786954272283671,lying,karol
1672331681643706400,-0.0160241559979247,-0.1780990902157173,-0.3588512026528093,-0.8789178471974417,lying,karol
1672331681653706400,-0.0297435772953207,-0.1724601225608141,-0.3615694440716014,-0.8785711110707838,lying,karol
1672331681663706400,-0.0159387840716118,-0.1780981154510313,-0.3588025830881911,-0.8789394550957512,lying,karol
1672331681673706400,-0.0247698197407545,-0.1744822263739797,-0.3605650136937398,-0.8787389441132819,lying,karol
1672331681683706400,-0.0385279279895999,-0.1688097510307341,-0.3632413230301627,-0.8782490933117012,lying,karol
1672331681693706400,-0.0296289668172958,-0.1724706778146082,-0.3614995925577598,-0.8786016770901867,lying,karol
1672331681703706400,-0.020721440304233,-0.1761353710020629,-0.3597284710735569,-0.8788567950569833,lying,karol
1672331681713706400,-0.0069388151104091,-0.1817806985153913,-0.3569267555849443,-0.8790664499707436,lying,karol
1672331681723706400,-0.0206461808773175,-0.1762392088272873,-0.3597331433704227,-0.8788358558779226,lying,karol
1672331681733706400,-0.0117468372379734,-0.179914463698963,-0.3579488115880863,-0.8789837223553069,lying,karol
1672331681743706400,-0.0255161691437145,-0.1743421515868338,-0.3607468522149439,-0.878670817692198,lying,karol
1672331681753706400,-0.0166326312600051,-0.1780275107128312,-0.358982026766868,-0.8788677049279289,lying,karol
1672331681763706400,-0.0077480863425048,-0.1817031749681291,-0.3571771838942328,-0.8789740490173238,lying,karol
1672331681773706400,-0.0215276220054516,-0.1761368047841642,-0.3599966608580104,-0.8787273783856904,lying,karol
1672331681783706400,-0.012637712403917,-0.1798020759672617,-0.3582075003955838,-0.878889025257319,lying,karol
1672331681793706400,-0.0263288998235025,-0.1742302798859727,-0.3609782507779929,-0.8785740418888368,lying,karol
1672331681803706400,-0.0400425609692204,-0.1685836899486823,-0.3636619934292822,-0.878050765938456,lying,karol
1672331681813706400,-0.0311688559336728,-0.1722385865877287,-0.361940688871302,-0.878412420987568,lying,karol
1672331681823706400,-0.0222815096535209,-0.175883531639762,-0.3601782322932228,-0.878684949659301,lying,karol
1672331681833706400,-0.0133814893074595,-0.179517312190534,-0.3583740683973586,-0.878868357058355,lying,karol
1672331681843706400,-0.0222259920557918,-0.1758992598132007,-0.3601556684171788,-0.8786924659899396,lying,karol
1672331681853706400,-0.0359415441522556,-0.1702374554626038,-0.362845316831466,-0.878247001729772,lying,karol
1672331681863706400,-0.0270585266210002,-0.1738622422679133,-0.361091093253284,-0.8785784485557223,lying,karol
1672331681873706400,-0.0407839650310233,-0.1681690871436038,-0.3637538989447086,-0.8780581092090939,lying,karol
1672331681883706400,-0.0319041009773043,-0.1717970835351033,-0.3620236653269823,-0.8784383171817098,lying,karol
1672331681893706400,-0.0180913285171357,-0.1774344977215037,-0.359271518736095,-0.878840602944515,lying,karol
1672331681903706400,-0.0318444654443366,-0.1717682095117755,-0.3620034083351842,-0.878454482624122,lying,karol
1672331681913706400,-0.0229385931570924,-0.1753931548374663,-0.3602417457222798,-0.8787400568974799,lying,karol
1672331681923706400,-0.0140249384873518,-0.1790118142284347,-0.3584444660692611,-0.8789327530013586,lying,karol
1672331681933706400,-0.0051049919303379,-0.1826245839831977,-0.3566110335762799,-0.8790323808192827,lying,karol
1672331681943706400,-0.0139332012477017,-0.1790332390477909,-0.3584260028268031,-0.8789373862224084,lying,karol
1672331681953706400,-0.0276740760601037,-0.1734078730421466,-0.3611769591889228,-0.8786138124962705,lying,karol
1672331681963706400,-0.0139076761142942,-0.1790459241292651,-0.3584093321161614,-0.8789420165087416,lying,karol
1672331681973706400,-0.0276194641914344,-0.1734468434138023,-0.3611544383110395,-0.8786171098633649,lying,karol
1672331681983706400,-0.0187052777308734,-0.1770953207584396,-0.3593663078323125,-0.8788574540300442,lying,karol
1672331681993706400,-0.0324094854958111,-0.1714708059696709,-0.3620757142505619,-0.8784621701248816,lying,karol
1672331682003706400,-0.0235013212291784,-0.1751257616736344,-0.3603059465906925,-0.8787522470282433,lying,karol
1672331682013706400,-0.0145989297122924,-0.1787741780117154,-0.3585029997247975,-0.878947955068089,lying,karol
1672331682023706400,-0.0234376851825969,-0.1751849038886652,-0.3602753325601348,-0.8787547248086381,lying,karol
1672331682033706400,-0.009666036017592,-0.180829784341372,-0.3574728255739957,-0.8790151341782532,lying,karol
1672331682043706400,0.0041566668414429,-0.1864649943714316,-0.3545704315513321,-0.879056664966846,lying,karol
1672331682053706400,-0.0046643983347673,-0.1829483610642661,-0.3564218476590219,-0.8790443131121551,lying,karol
1672331682063706400,-0.0134925764163056,-0.179402384715045,-0.3582460341562846,-0.8789424477180644,lying,karol
1672331682073706400,-0.0272345353651343,-0.1738094066451669,-0.3610105100322114,-0.8786167017825088,lying,karol
1672331682083706400,-0.0183395362707966,-0.1774657637662055,-0.3592312233786927,-0.8788457378853204,lying,karol
1672331682093706400,-0.0045119431583916,-0.183099779224602,-0.3563847950815247,-0.8790286330254876,lying,karol
1672331682103706400,-0.0133581829547113,-0.1795133768548761,-0.3581916474518396,-0.8789440270808195,lying,karol
1672331682113706400,-0.0222001989176432,-0.1758923825309806,-0.3599527533107771,-0.8787777844157666,lying,karol
1672331682123706400,-0.0310378339053544,-0.1722395996448148,-0.3616760978271545,-0.8785260026999289,lying,karol
1672331682133706400,-0.0172563102239281,-0.1778545247302229,-0.3589047525519648,-0.878922486520713,lying,karol
1672331682143706400,-0.0083336476885432,-0.1814665156204496,-0.3570613018632814,-0.8790648776668956,lying,karol
1672331682153706400,-0.0171470270533585,-0.1778668923468365,-0.3588521355463063,-0.8789436155958161,lying,karol
1672331682163706400,-0.0032900674529075,-0.1834896547261814,-0.3559971252101879,-0.8791098711123055,lying,karol
1672331682173706400,-0.012095800185419,-0.1799239694035406,-0.3578181305550159,-0.8790305182976007,lying,karol
1672331682183706400,-0.0031519175633117,-0.183556611124656,-0.3559677497399399,-0.8791083103641069,lying,karol
1672331682193706400,-0.0119416674280397,-0.1799957806734505,-0.357784098926331,-0.8790317931682213,lying,karol
1672331682203706400,-0.0207460908413099,-0.1764025358136383,-0.3595644839076434,-0.8788700589559996,lying,karol
1672331682213706400,-0.0295692730720948,-0.1727770293259083,-0.3613072838161278,-0.8786229389516728,lying,karol
1672331682223706400,-0.0206828946958805,-0.1764121335664266,-0.3595250985259191,-0.8788857458974684,lying,karol
1672331682233706400,-0.0295459397429405,-0.1727834364392135,-0.3612723885373927,-0.8786368209419708,lying,karol
1672331682243706400,-0.015797658651706,-0.1784147716464364,-0.3585134759088966,-0.8789961193492408,lying,karol
1672331682253706400,-0.0246561952769674,-0.1748067796297116,-0.3602849604990784,-0.8787928667673371,lying,karol
1672331682263706400,-0.0383656669255392,-0.1691565329974687,-0.3629577531725996,-0.8783070713225675,lying,karol
1672331682273706400,-0.0521127257503951,-0.1634113357299309,-0.3655510839440331,-0.8776109094033151,lying,karol
1672331682283706400,-0.0432209515348636,-0.1670176770126044,-0.3638710192906945,-0.8781129972693723,lying,karol
1672331682293706400,-0.0343149218559091,-0.1706038838437292,-0.3621622738741845,-0.8785230815705902,lying,karol
1672331682303706400,-0.0431352461616766,-0.1668662690559181,-0.36387386624781,-0.8781448246061698,lying,karol
1672331682313706400,-0.0342293608592897,-0.1704555729573342,-0.3621828742472523,-0.8785467247418554,lying,karol
1672331682323706400,-0.0203979846265717,-0.1760751473813367,-0.3594776313538745,-0.8789794310515887,lying,karol
1672331682333706400,-0.0292312944105134,-0.1724287372129072,-0.3612449895544867,-0.8787283265794468,lying,karol
1672331682343706400,-0.0429331433015226,-0.1667609018317471,-0.3638942193945966,-0.8781663316675375,lying,karol
1672331682353706400,-0.0340470075540848,-0.1704188386365727,-0.3621879052379803,-0.8785588852159578,lying,karol
1672331682363706400,-0.0251569344276423,-0.1740783000535592,-0.3604452086283931,-0.8788576165354754,lying,karol
1672331682373706400,-0.0113353646251837,-0.1797514287543106,-0.3576637793330294,-0.8791388700601933,lying,karol
1672331682383706400,0.0024846341904838,-0.1854016497503053,-0.3547938113795896,-0.8791979412677174,lying,karol
1672331682393706400,-0.0063607878139347,-0.1818934185481521,-0.3566376024177141,-0.8791652710509893,lying,karol
1672331682403706400,-0.0152140798478554,-0.1783571577159619,-0.3584431544356121,-0.8790468726948639,lying,karol
1672331682413706400,-0.0240649948735317,-0.1747878186102625,-0.3602114509272633,-0.8788432522838336,lying,karol
1672331682423706400,-0.0151622731021326,-0.1784555293062115,-0.3584100375835256,-0.879041320709476,lying,karol
1672331682433706400,-0.0239873557573913,-0.1748638400180007,-0.3601708122562211,-0.8788469201293814,lying,karol
1672331682443706400,-0.0101938912997071,-0.180488781248286,-0.3573683387860115,-0.8791219731514076,lying,karol
1672331682453706400,-0.02393730876931,-0.1748767075732204,-0.3601358064753513,-0.8788600814729849,lying,karol
1672331682463706400,-0.0150122882263209,-0.1785047639023098,-0.3583271997668107,-0.8790676923877548,lying,karol
1672331682473706400,-0.0287121916750708,-0.1728850138840733,-0.361049637292808,-0.8787361713413564,lying,karol
1672331682483706400,-0.0149083053747922,-0.1785142228042856,-0.3582663883590338,-0.8790923351991399,lying,karol
1672331682493706400,-0.0286704998711527,-0.1728845533002557,-0.3609921857123525,-0.8787612335456809,lying,karol
1672331682503706400,-0.0197928350316273,-0.1765075395952868,-0.3591944622934158,-0.8790224143545201,lying,karol
1672331682513706400,-0.0059869082614223,-0.1821154127401507,-0.3563440916110924,-0.8792410133918461,lying,karol
1672331682523706400,-0.0148452813524139,-0.1785092561713509,-0.3581344889562282,-0.8791481626103226,lying,karol
1672331682533706400,-0.0010314079145981,-0.184091014610863,-0.3552662591340914,-0.879285541755207,lying,karol
1672331682543706400,-0.0098635845087698,-0.1805065171427691,-0.357092939664679,-0.8792340353563104,lying,karol
1672331682553706400,-0.0187006636518914,-0.1769005199490533,-0.3588922242407957,-0.8790907912130204,lying,karol
1672331682563706400,-0.0324064373190862,-0.171279870745924,-0.3616127362868386,-0.8786905157937062,lying,karol
1672331682573706400,-0.0186450876115804,-0.176912117867814,-0.3588892992349387,-0.8790908414128238,lying,karol
1672331682583706400,-0.0323950254903942,-0.171284599589142,-0.3616169113247754,-0.878688306119404,lying,karol
1672331682593706400,-0.0235101890082422,-0.1749294207876227,-0.3598666230409029,-0.8789714287789707,lying,karol
1672331682603706400,-0.0097334143122251,-0.1805547758499731,-0.3570777934229353,-0.8792317572646562,lying,karol
1672331682613706400,-0.0185712157406703,-0.1769705861682866,-0.3588712178938585,-0.8790880387930721,lying,karol
1672331682623706400,-0.0096627969004441,-0.1805961947454013,-0.3570528626928803,-0.8792341646135106,lying,karol
1672331682633706400,-0.02339800344562,-0.1750072661602966,-0.359827404804329,-0.8789750036347715,lying,karol
1672331682643706400,-0.0096349803396528,-0.1806283012870117,-0.3570403318099747,-0.8792329757050604,lying,karol
1672331682653706400,0.0041417960186035,-0.1862345276963686,-0.3541665736514381,-0.879268695223997,lying,karol
1672331682663706400,-0.0046964660457817,-0.1827207796160875,-0.3560237629664522,-0.8792530972301692,lying,karol
1672331682673706400,-0.0135366236461089,-0.1791793088795822,-0.35784482488094,-0.8791510109685964,lying,karol
1672331682683706400,-0.0223805593044831,-0.1756082577464465,-0.3596296867926892,-0.8789625914281647,lying,karol
1672331682693706400,-0.0360658927556384,-0.1700032358780408,-0.3623157041754619,-0.8785063418942541,lying,karol
1672331682703706400,-0.02716416471381,-0.1736625702665338,-0.3605624179430991,-0.8788322283226473,lying,karol
1672331682713706400,-0.0182584281825739,-0.1773119752374348,-0.3587706069387499,-0.8790669368715789,lying,karol
1672331682723706400,-0.0093428490727056,-0.1809521298230229,-0.3569421633492692,-0.8792094608423975,lying,karol
1672331682733706400,-0.0181767572010116,-0.1773668931296428,-0.3587364271772738,-0.8790715118031669,lying,karol
1672331682743706400,-0.0270139276617206,-0.1737505127948814,-0.3604983403494171,-0.8788457882644651,lying,karol
1672331682753706400,-0.0181166572834725,-0.177383931041901,-0.3587209230668342,-0.8790756522264193,lying,karol
1672331682763706400,-0.0043046998344836,-0.1830027635196223,-0.3558875501786201,-0.8792516663170401,lying,karol
1672331682773706400,-0.0131681617039636,-0.179428494573088,-0.3577082538939031,-0.879161423727176,lying,karol
1672331682783706400,0.0006089314616471,-0.1850194342995166,-0.3548443922404276,-0.8792615593643934,lying,karol
1672331682793706400,-0.0082344333358386,-0.1814508892303856,-0.3566827496465167,-0.8792230572060362,lying,karol
1672331682803706400,-0.0170800286509306,-0.1778409935925225,-0.3584948494419143,-0.8790962981683587,lying,karol
1672331682813706400,-0.0307668689151449,-0.1722056493443501,-0.3612308112976455,-0.8787257399997856,lying,karol
1672331682823706400,-0.021878689013674,-0.1757999115207754,-0.3594778226411458,-0.8789991043669708,lying,karol
1672331682833706400,-0.0355920917016147,-0.170125052752095,-0.362184184967415,-0.8785563766097515,lying,karol
1672331682843706400,-0.0217952571734659,-0.1757273382124526,-0.3594572331889066,-0.8790241139407091,lying,karol
1672331682853706400,-0.0079477286083896,-0.1813183448136465,-0.356627480744071,-0.8792754762295255,lying,karol
1672331682863706400,0.0009955289250086,-0.1849181204712028,-0.3547496931287937,-0.879320757154683,lying,karol
1672331682873706400,-0.0078109874772612,-0.1813555846489866,-0.3565720185145668,-0.8792915267400057,lying,karol
1672331682883706400,-0.0166220228071201,-0.1777735476642954,-0.3583635011536532,-0.8791723043852839,lying,karol
1672331682893706400,-0.0303003198108925,-0.1721804139195276,-0.3610816826293443,-0.8788082235802516,lying,karol
1672331682903706400,-0.0164609390703632,-0.1778507625663618,-0.3583229008080051,-0.8791762839291746,lying,karol
1672331682913706400,-0.0252841522124555,-0.1742782066799603,-0.3600918239504448,-0.8789595043468578,lying,karol
1672331682923706400,-0.0114417990892561,-0.1799606637841342,-0.3573035055872264,-0.8792414813482943,lying,karol
1672331682933706400,-0.0251288687221657,-0.174422879945107,-0.3600603663387348,-0.8789481674711893,lying,karol
1672331682943706400,-0.0162309082854043,-0.1780806577047616,-0.3582646587734694,-0.8791577973230026,lying,karol
1672331682953706400,-0.0250833186569955,-0.1744785306673102,-0.360025495224521,-0.8789527185911691,lying,karol
1672331682963706400,-0.0388251708935486,-0.1688176420152237,-0.3626917652482915,-0.8784623313938968,lying,karol
1672331682973706400,-0.0299480534697023,-0.1724336143882183,-0.3609474671043236,-0.8788258453694036,lying,karol
1672331682983706400,-0.0210539423003683,-0.1760347245114434,-0.3591686951805298,-0.8790987069559573,lying,karol
1672331682993706400,-0.0347714410894081,-0.1703656574523532,-0.3618695429500266,-0.878672355611507,lying,karol
1672331683003706400,-0.0258729179613403,-0.1739568261224496,-0.3601344839609451,-0.8789885998666839,lying,karol
1672331683013706400,-0.0347128059027567,-0.1702606580336838,-0.3618898145315919,-0.8786866842454393,lying,karol
1672331683023706400,-0.025808104472985,-0.1738435664376332,-0.3601774819870003,-0.8789953033061876,lying,karol
1672331683033706400,-0.0119931475618624,-0.1794182318998909,-0.3574402389314611,-0.87928945876919,lying,karol
1672331683043706400,-0.0257357208984874,-0.1737676469979748,-0.3602389256687315,-0.8789872674413706,lying,karol
1672331683053706400,-0.0345964130942163,-0.1700984414975946,-0.361998705699856,-0.878677856689805,lying,karol
1672331683063706400,-0.0257221910146852,-0.1737331483504163,-0.3602781852019647,-0.878978401788072,lying,karol
1672331683073706400,-0.0345819569629331,-0.1701106481439352,-0.3620179947145393,-0.878668126940815,lying,karol
1672331683083706400,-0.0256978068866454,-0.173764265523001,-0.360280899487661,-0.8789718632023227,lying,karol
1672331683093706400,-0.0394059345328979,-0.1681161748566818,-0.362952159693251,-0.8784635015940957,lying,karol
1672331683103706400,-0.025635943961683,-0.173753192667134,-0.3602798683874164,-0.8789762922926245,lying,karol
1672331683113706400,-0.0167121697282948,-0.1773804275232341,-0.3585114193847666,-0.8791898196948801,lying,karol
1672331683123706400,-0.0028612971000657,-0.1830014970134973,-0.3556908996052029,-0.8793375631540818,lying,karol
1672331683133706400,-0.0116757387349924,-0.1794490069269967,-0.357529737202396,-0.8792511203519672,lying,karol
1672331683143706400,-0.0204995842186097,-0.1758826373159589,-0.3593348211552294,-0.8790744463344496,lying,karol
1672331683153706400,-0.0342232009865771,-0.1702890604985998,-0.3620558660146219,-0.8786320661796403,lying,karol
1672331683163706400,-0.0204500687973941,-0.175985108891522,-0.3593507148259618,-0.8790486159604638,lying,karol
1672331683173706400,-0.0115487562378168,-0.1796787296104669,-0.3575534850038819,-0.8791962664748186,lying,karol
1672331683183706400,0.0022130046780553,-0.1853269311432313,-0.3546936691329762,-0.8792552763739891,lying,karol
1672331683193706400,-0.006628018799315,-0.1818344491215824,-0.3565334035230634,-0.8792182108139028,lying,karol
1672331683203706400,-0.0154708150622545,-0.1783024191281878,-0.3583350076379827,-0.8790980426145395,lying,karol
1672331683213706400,-0.0065585033222692,-0.1819717470802061,-0.3564912267703761,-0.8792074475650602,lying,karol
1672331683223706400,-0.0153909747229167,-0.1784280379856024,-0.358278028742895,-0.8790971982639504,lying,karol
1672331683233706400,-0.0291358805623896,-0.1728339852480762,-0.3609980346214018,-0.8787539043984279,lying,karol
1672331683243706400,-0.020215133844798,-0.1764958040696229,-0.3591976517073855,-0.8790142959430325,lying,karol
1672331683253706400,-0.0290284651335901,-0.1728865295539568,-0.3609295284992442,-0.878775279796357,lying,karol
1672331683263706400,-0.0200852526584687,-0.1765301987392804,-0.3591352940674843,-0.8790358629949756,lying,karol
1672331683273706400,-0.011127247385412,-0.1801581343971003,-0.3573061529447567,-0.8792042399000742,lying,karol
1672331683283706400,-0.0199191758506952,-0.1765558333728767,-0.3590803225779662,-0.8790569673227677,lying,karol
1672331683293706400,-0.0335918242402776,-0.1709195801585558,-0.3617670982913381,-0.878653078430497,lying,karol
1672331683303706400,-0.0246576161621196,-0.1745471150834994,-0.3599893074570253,-0.8789662088494086,lying,karol
1672331683313706400,-0.0383412136680341,-0.1688964370578184,-0.3626525806728071,-0.8784848610557442,lying,karol
1672331683323706400,-0.0294430861365934,-0.1725221842417995,-0.3609217123006257,-0.8788363481746457,lying,karol
1672331683333706400,-0.0431927070816012,-0.1668165107779832,-0.3635865161537882,-0.8782710875241959,lying,karol
1672331683343706400,-0.0343095144566214,-0.1704303105559862,-0.361898586911111,-0.8786662636896349,lying,karol
1672331683353706400,-0.0480268603041294,-0.1647110013504618,-0.3645446457353605,-0.8780202388699851,lying,karol
1672331683363706400,-0.0391671472670577,-0.1683255162168453,-0.3628893668289196,-0.8784602451905763,lying,karol
1672331683373706400,-0.0303032322281804,-0.1719388802561229,-0.3611960175427882,-0.8788087503534471,lying,karol
1672331683383706400,-0.0214398186288952,-0.1755486507038858,-0.3594656218520148,-0.8790654847981251,lying,karol
1672331683393706400,-0.0125762059605394,-0.1791563471042367,-0.3576975092007059,-0.8792303429039733,lying,karol
1672331683403706400,-0.0037192626128039,-0.1827614291216072,-0.3558903582685873,-0.8793037864371059,lying,karol
1672331683413706400,-0.0126223204094832,-0.179175406018195,-0.3577359224434781,-0.879210177875703,lying,karol
1672331683423706400,-0.0264160940552457,-0.1735591014128711,-0.360511605094768,-0.8788967480093718,lying,karol
1672331683433706400,-0.0175657188351949,-0.1771845177285735,-0.35874627915443,-0.8791171069043257,lying,karol
1672331683443706400,-0.0038150842367741,-0.1827902076535211,-0.3559307298301576,-0.8792810670594748,lying,karol
1672331683453706400,-0.0126664436980391,-0.1792304363867016,-0.3577529292478753,-0.8791914213421727,lying,karol
1672331683463706400,-0.0215026655641554,-0.1756473694917209,-0.3595339625740065,-0.8790163130531657,lying,karol
1672331683473706400,-0.0352429834316013,-0.1700053521799318,-0.3622318094319873,-0.8785743865723695,lying,karol
1672331683483706400,-0.0262978776698745,-0.1736503571865133,-0.3604767810045535,-0.8788965838789277,lying,karol
1672331683493706400,-0.0399999989778703,-0.1679727328317966,-0.3631303069668022,-0.8783907432842755,lying,karol
1672331683503706400,-0.0310470781196096,-0.1716105663196575,-0.3613786628993502,-0.8787719434825472,lying,karol
1672331683513706400,-0.0220909147460875,-0.1752389929138326,-0.359591132282037,-0.8790598932371724,lying,karol
1672331683523706400,-0.0357713589452755,-0.1695911580834032,-0.3622539976026485,-0.8786239797551685,lying,karol
1672331683533706400,-0.0268334688816691,-0.173234681111639,-0.3604918077574071,-0.8789563073305305,lying,karol
1672331683543706400,-0.0178905129899008,-0.1768841362582043,-0.3587085572045464,-0.8791865233109232,lying,karol
1672331683553706400,-0.0267140627503447,-0.1732841029564647,-0.3604739045727257,-0.8789575630186274,lying,karol
1672331683563706400,-0.0178061172601987,-0.1769377068902001,-0.3587063640495235,-0.8791783676977798,lying,karol
1672331683573706400,-0.0266729135663771,-0.1733375296145144,-0.3604652322911096,-0.8789518471555473,lying,karol
1672331683583706400,-0.0355464559072259,-0.169708696270982,-0.3621720459511252,-0.8786442396015068,lying,karol
1672331683593706400,-0.0266793797023346,-0.1733517073337307,-0.3604015253368091,-0.8789749842942197,lying,karol
1672331683603706400,-0.017794627771659,-0.1769808842879417,-0.3585915316558024,-0.8792167652090729,lying,karol
1672331683613706400,-0.0314927817448648,-0.1713623756026873,-0.3612798304763205,-0.8788452179329039,lying,karol
1672331683623706400,-0.0225846433062347,-0.1749747748187892,-0.3595142593639523,-0.8791314783399874,lying,karol
1672331683633706400,-0.0136393914497458,-0.1785733282890987,-0.3577337058027019,-0.8793185064173553,lying,karol
1672331683643706400,0.0002033961754508,-0.1841288199761614,-0.3549222004730073,-0.879417813729424,lying,karol
1672331683653706400,-0.0085506460143216,-0.1805405651326747,-0.3568028793653162,-0.8793592237741122,lying,karol
1672331683663706400,-0.0173141292803847,-0.1769284884417314,-0.3586546359825616,-0.8792112140254462,lying,karol
1672331683673706400,-0.0309843164627334,-0.1712929654632882,-0.3614272957902454,-0.8788162511130985,lying,karol
1672331683683706400,-0.0220699440567475,-0.1749296350880103,-0.3597209062476531,-0.879069072509531,lying,karol
1672331683693706400,-0.0309040413069268,-0.1713297590017653,-0.361492523129913,-0.878785101665754,lying,karol
1672331683703706400,-0.0220325259336916,-0.1750164748165145,-0.3597525232801001,-0.8790398101819609,lying,karol
1672331683713706400,-0.0358097136952403,-0.1694343486524709,-0.3624425973193494,-0.8785750469609694,lying,karol
1672331683723706400,-0.0269786727043159,-0.1731381514896679,-0.3606937346861918,-0.8788881962869309,lying,karol
1672331683733706400,-0.0133000230996344,-0.1787981956828743,-0.3579155519804734,-0.8792041200678622,lying,karol
1672331683743706400,0.0003905388176021,-0.1844052821665011,-0.3550363602665838,-0.8793138471817487,lying,karol
1672331683753706400,-0.01335445453266,-0.1788757726052981,-0.3578206327976138,-0.8792261564956423,lying,karol
1672331683763706400,-0.0222372810457428,-0.1752535895345155,-0.3595548895589466,-0.8790683070315243,lying,karol
1672331683773706400,-0.0359982814777787,-0.1695656050288794,-0.3622063117892571,-0.878639483546508,lying,karol
1672331683783706400,-0.0271067039592821,-0.1731330862443659,-0.360434897520182,-0.8789914520459334,lying,karol
1672331683793706400,-0.0359375936390697,-0.1694007017938872,-0.3621284701119011,-0.8787058633882072,lying,karol
1672331683803706400,-0.0270101694655309,-0.1729436176990854,-0.3603669387198506,-0.879059590701792,lying,karol
1672331683813706400,-0.0132042119663186,-0.1784650285745758,-0.3575913090292359,-0.8794051874636822,lying,karol
1672331683823706400,-0.022016664829833,-0.1747960295413241,-0.3593548871700507,-0.8792467413002458,lying,karol
1672331683833706400,-0.0081510189790964,-0.1803871772440247,-0.3565522766922425,-0.8794962540784114,lying,karol
1672331683843706400,-0.0169914355633541,-0.1767960719301091,-0.3583517160688296,-0.8793677598416683,lying,karol
1672331683853706400,-0.0258398041483521,-0.1732161963754504,-0.3601169437593668,-0.8791435748303199,lying,karol
1672331683863706400,-0.0169606053943378,-0.176914080210712,-0.3583530656373557,-0.8793440936113784,lying,karol
1672331683873706400,-0.025828441024455,-0.1734153893614555,-0.3601293602551854,-0.8790995880840562,lying,karol
1672331683883706400,-0.0169378356994765,-0.177199054089033,-0.3583694659687318,-0.8792805197090146,lying,karol
1672331683893706400,-0.0257855530386983,-0.173763240427117,-0.3601553767110058,-0.8790215659686835,lying,karol
1672331683903706400,-0.0119649983289806,-0.1795808312421039,-0.3573971341250381,-0.8792748653759472,lying,karol
1672331683913706400,-0.0207995434825544,-0.1761551701479922,-0.3592048285261721,-0.8790666209266688,lying,karol
1672331683923706400,-0.0069940780569275,-0.1819237117681862,-0.3564089167795899,-0.879248020763189,lying,karol
1672331683933706400,0.0068548057985044,-0.1876615464222613,-0.3535039891582736,-0.8792159495808192,lying,karol
1672331683943706400,-0.0019537182301692,-0.1842498887028419,-0.3553657546047282,-0.8792115702977126,lying,karol
1672331683953706400,-0.0107578272348218,-0.1807857983641002,-0.3571844582923151,-0.879130084985563,lying,karol
1672331683963706400,0.0030706557073803,-0.1864452078593517,-0.3542816343889699,-0.8791831366657097,lying,karol
1672331683973706400,-0.0057234230745659,-0.1829362035738667,-0.3561151903095608,-0.879166247532185,lying,karol
1672331683983706400,-0.0145376058518466,-0.1793665041946433,-0.3579151267858283,-0.87906929450489,lying,karol
1672331683993706400,-0.0056152478037875,-0.182966287032631,-0.3560594763773815,-0.8791832647489954,lying,karol
1672331684003706400,-0.0144562491449068,-0.1793501424332428,-0.3578697026282746,-0.8790924766208023,lying,karol
1672331684013706400,-0.0233143976563665,-0.175697694213552,-0.3596503699907345,-0.8789130435738365,lying,karol
1672331684023706400,-0.032185498850809,-0.1720151788028313,-0.3614052938196687,-0.8786414840338175,lying,karol
1672331684033706400,-0.0233196122982567,-0.175604571745604,-0.3596602244011099,-0.8789274883591851,lying,karol
1672331684043706400,-0.0322049953793937,-0.171920581935364,-0.3614338645562159,-0.8786475375170473,lying,karol
1672331684053706400,-0.0184902785894136,-0.177496007519065,-0.3587296484647316,-0.879042720308224,lying,karol
1672331684063706400,-0.0047104166142942,-0.1830704267835577,-0.3559395011325234,-0.8792155014191608,lying,karol
1672331684073706400,0.0090378788126762,-0.1886032610242991,-0.3530785602201446,-0.8791657758834067,lying,karol
1672331684083706400,0.0001903414517615,-0.18504182917527,-0.3550112731910564,-0.879190704985177,lying,karol
1672331684093706400,-0.0086645314917891,-0.1814440570562078,-0.356909692051527,-0.8791292719030378,lying,karol
1672331684103706400,-0.0175163129375741,-0.1778099482606677,-0.3587650878748699,-0.8789847820000447,lying,karol
1672331684113706400,-0.0263651628398538,-0.174148867460221,-0.3605733170214327,-0.8787569488553448,lying,karol
1672331684123706400,-0.017481609571209,-0.1777407145829998,-0.3588178758146937,-0.8789779357834082,lying,karol
1672331684133706400,-0.0036942862104522,-0.1833085886164666,-0.3560017646601581,-0.8791455566318505,lying,karol
1672331684143706400,-0.0125446400575408,-0.1796855148506464,-0.3578374910887304,-0.8790665130675787,lying,karol
1672331684153706400,0.0012923775027769,-0.1852539747526014,-0.3549648546212162,-0.879163868826468,lying,karol
1672331684163706400,-0.0075234389964573,-0.1816501735569619,-0.3568039047056243,-0.8791401793370001,lying,karol
1672331684173706400,-0.0163305980608513,-0.178006304884849,-0.3586045971118446,-0.8790333826319902,lying,karol
1672331684183706400,-0.0024962929764892,-0.1835490434990633,-0.3557586336435155,-0.8791980432794524,lying,karol
1672331684193706400,0.0113048747007032,-0.1890526388588052,-0.3528410720840365,-0.879138427743861,lying,karol
1672331684203706400,0.0025201564610747,-0.1854852063551995,-0.3547282556745413,-0.8792079730479946,lying,karol
1672331684213706400,-0.0063217353329384,-0.1819085048559876,-0.3565909587062326,-0.8791826525271056,lying,karol
1672331684223706400,-0.0151943045443181,-0.1783373073442781,-0.3584250956166999,-0.8790599050441942,lying,karol
1672331684233706400,-0.0240884518022418,-0.1747701745357421,-0.3602317826281676,-0.8788390866048185,lying,karol
1672331684243706400,-0.0103777494781367,-0.1804432452699141,-0.3574856816306028,-0.8790827547061401,lying,karol
1672331684253706400,-0.0192539014266149,-0.1769036560792281,-0.3593253878225448,-0.8789025170866196,lying,karol
1672331684263706400,-0.0329718208613656,-0.1713304769785632,-0.3620896071501545,-0.8784644840797411,lying,karol
1672331684273706400,-0.0191568745469358,-0.1770294111318621,-0.3594058143156881,-0.878846455594855,lying,karol
1672331684283706400,-0.010238769150113,-0.1806952659113084,-0.3576498694356632,-0.8789658767780274,lying,karol
1672331684293706400,-0.0239175590336298,-0.1751308602708748,-0.3604803024873135,-0.8786701079354632,lying,karol
1672331684303706400,-0.0376122067006894,-0.1694923814470783,-0.3632245178122668,-0.878166101552444,lying,karol
1672331684313706400,-0.0286712228546286,-0.1731625252504857,-0.3615279623844171,-0.8784875388250998,lying,karol
1672331684323706400,-0.0197031097836463,-0.1768235121489524,-0.359777960604284,-0.8787236213515521,lying,karol
1672331684333706400,-0.005850546516727,-0.1824526641059808,-0.3569661714892753,-0.8789210028394556,lying,karol
1672331684343706400,-0.0146028760221124,-0.1788694672873355,-0.3587690284862719,-0.8788216319429674,lying,karol
1672331684353706400,-0.0007097352582517,-0.1844794499265995,-0.3558851500477143,-0.8789555279423247,lying,karol
1672331684363706400,-0.0094471758564512,-0.1809076373341646,-0.3576790622828207,-0.8789192909404986,lying,karol
1672331684373706400,-0.0182290091858415,-0.1772968112768168,-0.3594358014564617,-0.8788001602031977,lying,karol
1672331684383706400,-0.0092997574938372,-0.1809129525114461,-0.3575711888242269,-0.8789636783699719,lying,karol
1672331684393706400,-0.0181488592227401,-0.1772921854637488,-0.3593266082538415,-0.8788474157124359,lying,karol
1672331684403706400,-0.0318940653429823,-0.1716337335239809,-0.3620092750053341,-0.8784783490938042,lying,karol
1672331684413706400,-0.0230547031208582,-0.175229766870279,-0.3602192441534391,-0.8787806333437959,lying,karol
1672331684423706400,-0.0368255864779683,-0.1695163400641103,-0.3628820473475655,-0.8783364979623686,lying,karol
1672331684433706400,-0.0280261644672755,-0.1730711339203245,-0.3611296294359282,-0.8786902803113886,lying,karol
1672331684443706400,-0.0192295750233751,-0.1766052539715924,-0.3593506161038722,-0.8789529288511482,lying,karol
1672331684453706400,-0.0281707182094985,-0.172853123472937,-0.3611099871812507,-0.8787366528672678,lying,karol
1672331684463706400,-0.0193456124018408,-0.1763366442827149,-0.3593522838163793,-0.8790036442501182,lying,karol
1672331684473706400,-0.0104992141524816,-0.1797762072753786,-0.357576435839241,-0.8791812868897523,lying,karol
1672331684483706400,-0.0193870999834731,-0.1759608494558582,-0.3594071411056717,-0.879055641814041,lying,karol
1672331684493706400,-0.0331180459163909,-0.1701156456677741,-0.3621482755846419,-0.8786711091073096,lying,karol
1672331684503706400,-0.0193288797649489,-0.1755607004073142,-0.3594783162374804,-0.8791078639003738,lying,karol
1672331684513706400,-0.0055285304136928,-0.1810109502071601,-0.3567353065106411,-0.8793150046411914,lying,karol
1672331684523706400,-0.0143682064540435,-0.1772983207177805,-0.3586017648536609,-0.8792122249800708,lying,karol
1672331684533706400,-0.0231918135984916,-0.1736124832795719,-0.3604326027118192,-0.8790106383888615,lying,karol
1672331684543706400,-0.009330352969367,-0.1792324241981578,-0.3577233493259662,-0.8792458288135793,lying,karol
1672331684553706400,-0.018104072928949,-0.1756648772107468,-0.3595667542370141,-0.879077023808891,lying,karol
1672331684563706400,-0.0268734337480383,-0.1721075223695691,-0.361368743198028,-0.8788174241878414,lying,karol
1672331684573706400,-0.0179018539689751,-0.1758624886420172,-0.35964746805637,-0.8790086890202232,lying,karol
1672331684583706400,-0.0040628708707624,-0.1816326521757789,-0.356870927803598,-0.8791398919044375,lying,karol
1672331684593706400,-0.0128456726578092,-0.1782467545289059,-0.3586820176289269,-0.8790114404699385,lying,karol
1672331684603706400,0.0009877209811248,-0.1840797074286932,-0.355816521329879,-0.8790672322339512,lying,karol
1672331684613706400,-0.0078090426699892,-0.1807527781097197,-0.3576059691821832,-0.8789973996053937,lying,karol
1672331684623706400,-0.0215491296351809,-0.1753774919228154,-0.3603375999944694,-0.8787413062798851,lying,karol
1672331684633706400,-0.0126244577664756,-0.1792435984545163,-0.358473905089455,-0.8788970360678676,lying,karol
1672331684643706400,-0.0214551594039395,-0.1758329174527619,-0.3601946964972649,-0.8787112708217598,lying,karol
1672331684653706400,-0.0076681070882371,-0.1816194807508833,-0.3573249164621839,-0.8789344549804401,lying,karol
1672331684663706400,-0.0165079590909775,-0.1781431829755743,-0.3590836530184588,-0.8788075817162905,lying,karol
1672331684673706400,-0.030238201734208,-0.172579831651943,-0.3617887500503192,-0.8784430057679216,lying,karol
1672331684683706400,-0.0213563791360427,-0.1762282841847409,-0.3600011635251159,-0.8787138491847027,lying,karol
1672331684693706400,-0.0302161456734326,-0.172561523261003,-0.3617517569784698,-0.8784626036708959,lying,karol
1672331684703706400,-0.0439978363352052,-0.166807830271103,-0.3644216412166032,-0.8778881393077012,lying,karol
1672331684713706400,-0.0351543274589428,-0.1703886267194523,-0.3627428814911961,-0.8782942998640252,lying,karol
1672331684723706400,-0.026305943941527,-0.1739531467014098,-0.3610462302370767,-0.8786041856406391,lying,karol
1672331684733706400,-0.012579728050852,-0.1795013457488866,-0.3583375783928427,-0.8789007932586477,lying,karol
1672331684743706400,-0.0214580481254877,-0.1758176931807169,-0.3601942918449,-0.8787145064851735,lying,karol
1672331684753706400,-0.0076715699342852,-0.1813906843982931,-0.3574499117545483,-0.8789309195459135,lying,karol
1672331684763706400,-0.0165562800832351,-0.1777347416900297,-0.3593188295474037,-0.8787933068825616,lying,karol
1672331684773706400,-0.0028181327319653,-0.1833061651534999,-0.35654047873628,-0.8789318814791867,lying,karol
1672331684783706400,-0.0116802543955033,-0.1797134419448021,-0.3584039587651047,-0.8788428304511549,lying,karol
1672331684793706400,0.0020992144518078,-0.1853322428244452,-0.3555561815432669,-0.8789077497776943,lying,karol
1672331684803706400,-0.0067549014862202,-0.1817895218811759,-0.3574040226219015,-0.8788747315533995,lying,karol
1672331684813706400,-0.015602705413749,-0.1782335778757804,-0.359198625146163,-0.8787588948402729,lying,karol
1672331684823706400,-0.0066975698587553,-0.1819161850540581,-0.3573405410357619,-0.8788747903900612,lying,karol
1672331684833706400,-0.01552529050908,-0.1783847202535324,-0.3591058583108231,-0.8787675311320623,lying,karol
1672331684843706400,-0.0017112162478222,-0.1840654581975592,-0.3562053392938826,-0.8789119919582499,lying,karol
1672331684853706400,-0.0105289853432178,-0.1805550582516525,-0.3579809869824949,-0.878857325856694,lying,karol
1672331684863706400,-0.0193646374672479,-0.1770115062093472,-0.3597223332401278,-0.878716891250412,lying,karol
1672331684873706400,-0.005579990077598,-0.1826804969513097,-0.3568403614003139,-0.8789273391383897,lying,karol
1672331684883706400,-0.014434390267534,-0.1791375356888767,-0.358602280785031,-0.8788386777566521,lying,karol
1672331684893706400,-0.0233199982877807,-0.175560745020023,-0.3603367941451735,-0.8786601364118934,lying,karol
1672331684903706400,-0.0095736375981648,-0.1812162440511103,-0.3574923872900262,-0.8789310888222046,lying,karol
1672331684913706400,-0.0184847809215784,-0.1776248985048268,-0.3592697387921776,-0.8787972563506101,lying,karol
1672331684923706400,-0.0323149327768684,-0.1719602994742024,-0.361997942242647,-0.8784045480707559,lying,karol
1672331684933706400,-0.0186046714663761,-0.177558327671693,-0.3592737088003568,-0.8788065621697282,lying,karol
1672331684943706400,-0.0274646422677113,-0.1738924475815965,-0.3610905650109833,-0.8785626843253856,lying,karol
1672331684953706400,-0.0137195457620643,-0.1794762264286558,-0.3583993483444911,-0.8788638464345981,lying,karol
1672331684963706400,-0.0225724435020646,-0.1758438669900681,-0.3602818650372461,-0.8786456160147046,lying,karol
1672331684973706400,-0.0314212094479377,-0.1722045554237125,-0.3621289426755335,-0.8783351753244145,lying,karol
1672331684983706400,-0.0225307045352452,-0.1758710911178693,-0.3604425294508317,-0.8785753769388891,lying,karol
1672331684993706400,-0.0313585708802396,-0.1722743480026486,-0.3622485235583478,-0.8782744503499292,lying,karol
1672331685003706400,-0.0224491245599636,-0.1759790828179386,-0.3605154668457623,-0.8785259485666365,lying,karol
1672331685013706400,-0.0135254237591837,-0.1796877692237279,-0.3587343281603908,-0.8786870482108932,lying,karol
1672331685023706400,-0.0223339833781912,-0.1761539241719628,-0.3605406220208592,-0.8784835584924633,lying,karol
1672331685033706400,-0.0360392220627521,-0.1705749177648477,-0.3632642431479089,-0.8780070691677905,lying,karol
1672331685043706400,-0.0271215845990089,-0.174315930320754,-0.3615245672003546,-0.8783110800976349,lying,karol
1672331685053706400,-0.0182052722271683,-0.1780476841427682,-0.3597390142531786,-0.8785257298832916,lying,karol
1672331685063706400,-0.0092863220407214,-0.1817679079056865,-0.3579003322774718,-0.8786544271296867,lying,karol
1672331685073706400,-0.0003720059768257,-0.1854662960882288,-0.3560073277235714,-0.8786995967533189,lying,karol
1672331685083706400,-0.0092118017814868,-0.1819419982725779,-0.3578110383977528,-0.8786555723831495,lying,karol
1672331685093706400,-0.0180520392724965,-0.1783585683154446,-0.3595709959401463,-0.878534663781216,lying,karol
1672331685103706400,-0.0091689414472432,-0.1819642552290531,-0.3576904847927535,-0.8787005022947374,lying,karol
1672331685113706400,-0.0180184394518128,-0.1783006730186431,-0.359445828966828,-0.8785983263495473,lying,karol
1672331685123706400,-0.0317330432421432,-0.172572257224005,-0.3621258771232911,-0.878253265754077,lying,karol
1672331685133706400,-0.022849411049356,-0.1760876515624909,-0.3603114259761299,-0.8785777390636245,lying,karol
1672331685143706400,-0.01396536565749,-0.1795706388999509,-0.3584799541102397,-0.8788080606147269,lying,karol
1672331685153706400,-0.0228010064805105,-0.1757981677076372,-0.3602516422292239,-0.8786614896093192,lying,karol
1672331685163706400,-0.0138989982231851,-0.1792661973988371,-0.3584459236962446,-0.8788851576040527,lying,karol
1672331685173706400,-0.0227520300999714,-0.1754855650781703,-0.3602322945368022,-0.8787331900422829,lying,karol
1672331685183706400,-0.036540126584014,-0.1696554167999716,-0.3629415462352942,-0.878298051197956,lying,karol
1672331685193706400,-0.0227668689044574,-0.1751819805460222,-0.3602415584951903,-0.8787895908408502,lying,karol
1672331685203706400,-0.0138896890270635,-0.1787012607385803,-0.3584657233849777,-0.8789922922055394,lying,karol
1672331685213706400,-0.0050008133192527,-0.1822304205703429,-0.3566574479883451,-0.8790988139407734,lying,karol
1672331685223706400,0.0087419849231909,-0.1877129387600723,-0.3537855234754498,-0.8790764659851292,lying,karol
1672331685233706400,-8.308373736702797e-05,-0.18409971430335,-0.3556745581216797,-0.8791217784134595,lying,karol
1672331685243706400,-0.0089249767468049,-0.1804667049547198,-0.3575303195917442,-0.8790770120684269,lying,karol
1672331685253706400,-0.0177631390329848,-0.1768257928699544,-0.3593490379831104,-0.8789411780886387,lying,karol
1672331685263706400,-0.0266001164702882,-0.1731798001942532,-0.361133824766,-0.8787125674228894,lying,karol
1672331685273706400,-0.012799164198719,-0.178821702386406,-0.3583957034025455,-0.879012933845145,lying,karol
1672331685283706400,-0.0216224046674046,-0.1752463108295666,-0.3601982658813758,-0.8788234564222185,lying,karol
1672331685293706400,-0.0127027903146603,-0.178931052791514,-0.3584195043238383,-0.8789823965783721,lying,karol
1672331685303706400,-0.0037767689512401,-0.1826163032505206,-0.356595515330681,-0.8790500321744027,lying,karol
1672331685313706400,-0.0126036413716351,-0.1790963608490378,-0.358416403378303,-0.8789514460479465,lying,karol
1672331685323706400,-0.0214333965772074,-0.1755551588438818,-0.3601934777469469,-0.8787684551564269,lying,karol
1672331685333706400,-0.0351883408243566,-0.1699574634265419,-0.3628905551987466,-0.87831603190817,lying,karol
1672331685343706400,-0.0262934052491576,-0.1736712258360383,-0.3611390889571531,-0.8786227332106404,lying,karol
1672331685353706400,-0.0174035029333441,-0.1773678795460121,-0.3593564158382803,-0.8788362344416738,lying,karol
1672331685363706400,-0.0036347858192499,-0.1830311201388826,-0.3565350669853697,-0.8789889480201564,lying,karol
1672331685373706400,-0.0124752388324734,-0.1795015582017543,-0.3583652327459966,-0.8788915550638314,lying,karol
1672331685383706400,-0.0035729417006124,-0.1831748547937537,-0.3565349257508496,-0.8789593377851596,lying,karol
1672331685393706400,-0.017267050784214,-0.1776440666624907,-0.3593503643376473,-0.8787856549474973,lying,karol
1672331685403706400,-0.0261270483767044,-0.1740299797031516,-0.3611203844846204,-0.8785644528333848,lying,karol
1672331685413706400,-0.0123199553889188,-0.1796801650434691,-0.3583331298886814,-0.878870365148964,lying,karol
1672331685423706400,-0.021170270825946,-0.1760577814039312,-0.3601137688345797,-0.878707033060452,lying,karol
1672331685433706400,-0.0300191124800399,-0.1723876003125931,-0.3618462783542823,-0.8784652192764956,lying,karol
1672331685443706400,-0.0211208990650414,-0.1759829551254544,-0.3600500897144015,-0.8787493073450882,lying,karol
1672331685453706400,-0.0299562695338571,-0.172287672052425,-0.3617643010989222,-0.8785207331324751,lying,karol
1672331685463706400,-0.0161961399243665,-0.1778493390024937,-0.3589902761862919,-0.8789117086125927,lying,karol
1672331685473706400,-0.0072599618879864,-0.1814250942151297,-0.3571546312872024,-0.8790479602851858,lying,karol
1672331685483706400,0.0066146991402285,-0.1869924121773494,-0.3542498427364423,-0.8790618065565111,lying,karol
1672331685493706400,-0.0021766494133487,-0.1834163066967551,-0.3561117641142134,-0.8790851316085964,lying,karol
1672331685503706400,-0.0158921714551399,-0.1778130781371489,-0.3589327393636463,-0.8789481111809444,lying,karol
1672331685513706400,-0.0020431332180868,-0.1834141403334181,-0.3560785333916217,-0.8790993746807225,lying,karol
1672331685523706400,-0.0108503791602364,-0.1798218713064668,-0.3578890858488631,-0.8790417105724381,lying,karol
1672331685533706400,-0.0196653462042182,-0.1762045282012088,-0.3596622540457003,-0.8788975335527949,lying,karol
1672331685543706400,-0.0284784796648077,-0.172573318492178,-0.3614092041792607,-0.8786600022643171,lying,karol
1672331685553706400,-0.0195495143724495,-0.1762210753016445,-0.3596511507729124,-0.8789013605914,lying,karol
1672331685563706400,-0.0106518327749063,-0.1798615531770893,-0.3578721876312313,-0.8790429305632003,lying,karol
1672331685573706400,-0.0195326850639109,-0.1762779226736288,-0.359691066980861,-0.8788740149203144,lying,karol
1672331685583706400,-0.0106829276741861,-0.1799516001949958,-0.3579050254643183,-0.8790107702763909,lying,karol
1672331685593706400,-0.0018245396769529,-0.183634688466387,-0.3560747580938891,-0.8790554024325383,lying,karol
1672331685603706400,-0.0107057353314446,-0.1801288321293543,-0.3579081871473422,-0.8789729234202399,lying,karol
1672331685613706400,-0.0195813169676471,-0.1765918280428302,-0.3597006912948627,-0.8788060119552178,lying,karol
1672331685623706400,-0.0333077798801332,-0.1710033365621935,-0.3624069747455072,-0.8783862148850388,lying,karol
1672331685633706400,-0.02442737238449,-0.1746774875542778,-0.3606429849814852,-0.8786810752223347,lying,karol
1672331685643706400,-0.0106374988330611,-0.1803250408457063,-0.3578289021256528,-0.8789658257599947,lying,karol
1672331685653706400,-0.0194354753596533,-0.1767364548221198,-0.3595797265391216,-0.8788296994951699,lying,karol
1672331685663706400,-0.0055555417679008,-0.1823580027646192,-0.3567013727495389,-0.8790515213228963,lying,karol
1672331685673706400,-0.0142614502139716,-0.1787709595511948,-0.3584471006046787,-0.8789800986205851,lying,karol
1672331685683706400,-0.0278110667265364,-0.1731496349310361,-0.3611155919215238,-0.8786888540775036,lying,karol
1672331685693706400,-0.01384717008886,-0.1787497298743467,-0.3582743912234587,-0.8790614995846128,lying,karol
1672331685703706400,-0.0273875191370678,-0.1730908787893891,-0.3609427421065199,-0.878784799138153,lying,karol
1672331685713706400,-0.0409525128963829,-0.1673880290916523,-0.3635315359713981,-0.8782948912928176,lying,karol
1672331685723706400,-0.0319534368976486,-0.171012457399978,-0.3617636000668651,-0.8787000633315201,lying,karol
1672331685733706400,-0.0180881704536014,-0.1766563737574796,-0.358995528112795,-0.879113511311632,lying,karol
1672331685743706400,-0.0269005672167896,-0.1730579496950495,-0.3607322266119661,-0.8788928244444814,lying,karol
1672331685753706400,-0.0180191475887553,-0.1767304878435145,-0.3589542302928369,-0.8791169163424517,lying,karol
1672331685763706400,-0.0091636746222127,-0.1803975567235764,-0.3571562831856679,-0.8792412643655816,lying,karol
1672331685773706400,-0.0003221113396654,-0.1840458756067136,-0.3553344294329175,-0.8792710235330659,lying,karol
1672331685783706400,-0.0140945626295116,-0.1785223474441518,-0.3581976091612194,-0.8791351884053675,lying,karol
1672331685793706400,-0.0052543105284942,-0.1821537256884423,-0.3564188299496741,-0.879210518636475,lying,karol
1672331685803706400,-0.014162459176872,-0.1785649661052714,-0.3583000561867011,-0.8790837101011045,lying,karol
1672331685813706400,-0.0230721894595166,-0.1749316530274569,-0.3601626514554131,-0.8788643791429804,lying,karol
1672331685823706400,-0.0093908879153813,-0.1805015053888964,-0.3574762641052082,-0.8790875396274714,lying,karol
1672331685833706400,-0.0183080385992234,-0.1768510813899109,-0.359375623560337,-0.8789145919980319,lying,karol
1672331685843706400,-0.0045809021079518,-0.1824137636469681,-0.3566521453180155,-0.87906580664448,lying,karol
1672331685853706400,-0.0183602616246701,-0.1767792955330249,-0.3595441707590865,-0.8788590341716686,lying,karol
1672331685863706400,-0.0321606916606709,-0.1710777974809387,-0.3623339645217327,-0.8784448879314161,lying,karol
1672331685873706400,-0.0233079607198044,-0.1746753535652053,-0.360630490578461,-0.8787173406756698,lying,karol
1672331685883706400,-0.0144215027297929,-0.1782665777308174,-0.3588749539206492,-0.8789056139056662,lying,karol
1672331685893706400,-0.0232531371164671,-0.1746043123586332,-0.3606687609262881,-0.8787172135033441,lying,karol
1672331685903706400,-0.0143193708309147,-0.1782045082666564,-0.3588857709731689,-0.8789154640085437,lying,karol
1672331685913706400,-0.0004548725036648,-0.1838008553431061,-0.3560344708662435,-0.8790391281635898,lying,karol
1672331685923706400,-0.0092145502940078,-0.1802297528324286,-0.3578460943070266,-0.8789947757392416,lying,karol
1672331685933706400,-0.0228795208803886,-0.1746403332990622,-0.3605895435800386,-0.8787524128859883,lying,karol
1672331685943706400,-0.0138839540696686,-0.1783240731783406,-0.3587521885460165,-0.8789527859012595,lying,karol
1672331685953706400,-0.0275427342015624,-0.1727571759949598,-0.361431128550239,-0.8786451518204749,lying,karol
1672331685963706400,-0.0185593250776047,-0.1764809107753666,-0.3595692199106222,-0.8789046946295241,lying,karol
1672331685973706400,-0.0322371858893186,-0.1709202295547182,-0.362177937501177,-0.8785372307459748,lying,karol
1672331685983706400,-0.0184260471363136,-0.1766368769031129,-0.359335209788886,-0.8789719120354216,lying,karol
1672331685993706400,-0.0094866806212645,-0.1803372067734736,-0.3574031878797813,-0.8791501610154846,lying,karol
1672331686003706400,-0.0231985336587203,-0.1747984524244095,-0.3600518548741606,-0.8789331962728802,lying,karol
1672331686013706400,-0.0143077934614034,-0.1784664614377287,-0.3581504219133976,-0.8791625980249295,lying,karol
1672331686023706400,-0.0280432421441597,-0.1728824097913136,-0.3607974833226233,-0.878865191599509,lying,karol
1672331686033706400,-0.0191698069051359,-0.1765145621691799,-0.3589516128764044,-0.8791373461277651,lying,karol
1672331686043706400,-0.0102832949491252,-0.1801216502195366,-0.3570920962343665,-0.8793118268806365,lying,karol
1672331686053706400,-0.019126312062259,-0.176499220210982,-0.3588599717595755,-0.8791787883753672,lying,karol
1672331686063706400,-0.0053538907856018,-0.1820517444082979,-0.3560530846481519,-0.8793795058793211,lying,karol
1672331686073706400,-0.014176278503341,-0.1784228889581739,-0.3578911173814305,-0.8792791808451162,lying,karol
1672331686083706400,-0.0278507400127201,-0.1727752129984042,-0.3606679192372151,-0.8789455892394514,lying,karol
1672331686093706400,-0.0415274195726879,-0.1670721936308336,-0.3633688751343843,-0.878395733802859,lying,karol
1672331686103706400,-0.0326190219871848,-0.1706694026349186,-0.3617202257065267,-0.8787605466293382,lying,karol
1672331686113706400,-0.0237107302024006,-0.1742627623196619,-0.3600471967458762,-0.8790278670876813,lying,karol
1672331686123706400,-0.0148012634682094,-0.1778549015928039,-0.3583509644507119,-0.8791967062002352,lying,karol
1672331686133706400,-0.0009735448102259,-0.1834394387016415,-0.3556057458109271,-0.8792879543031155,lying,karol
1672331686143706400,-0.0098126059324745,-0.1798521394608865,-0.3575258153145332,-0.8791962031484304,lying,karol
1672331686153706400,-0.0235742004338589,-0.1742379553967846,-0.3603834721504725,-0.8788986968971565,lying,karol
1672331686163706400,-0.0324211110231951,-0.1706069608680591,-0.3621869397359484,-0.8785878165966364,lying,karol
1672331686173706400,-0.0185974405289187,-0.1762933154366644,-0.3595059375703238,-0.8789676297665724,lying,karol
1672331686183706400,-0.0047759981041002,-0.181957541507306,-0.3567214151369802,-0.8791315608163068,lying,karol
1672331686193706400,-0.0136105635723772,-0.1784116312642646,-0.3585478312783674,-0.8790229430223075,lying,karol
1672331686203706400,-0.0046864333645411,-0.1820735312821923,-0.3567145532560224,-0.879110826126526,lying,karol
1672331686213706400,-0.0134939187729938,-0.1785187267007064,-0.358505925862722,-0.8790201026472029,lying,karol
1672331686223706400,-0.022306153566351,-0.1749229696555143,-0.3602519495965595,-0.8788496997762413,lying,karol
1672331686233706400,-0.0360494952529369,-0.1692633014430186,-0.3629136888681907,-0.8784064574076436,lying,karol
1672331686243706400,-0.0271586328430235,-0.1729179011263897,-0.3611438985975497,-0.8787438660097584,lying,karol
1672331686253706400,-0.0182653210420049,-0.1765725934358188,-0.3593345448259492,-0.8789886686952064,lying,karol
1672331686263706400,-0.0271236332853707,-0.1729723473076447,-0.3610529346934654,-0.8787716200960877,lying,karol
1672331686273706400,-0.0182500023472703,-0.1766372529542789,-0.359243304127092,-0.8790133003212995,lying,karol
1672331686283706400,-0.0093718470211556,-0.1802963774236711,-0.3574032848980603,-0.8791599407557775,lying,karol
1672331686293706400,-0.0182474694087033,-0.1767204229800238,-0.3591827053870652,-0.8790214098369369,lying,karol
1672331686303706400,-0.0319809506051777,-0.1711071105007794,-0.3618841759109757,-0.8786315254524534,lying,karol
1672331686313706400,-0.0231364662188232,-0.1747273786733064,-0.3601202572143133,-0.8789211504987259,lying,karol
1672331686323706400,-0.0369037793110815,-0.1690467517538209,-0.3627859153193752,-0.8784654968146062,lying,karol
1672331686333706400,-0.0231832846342941,-0.1746476324087967,-0.360067572878434,-0.8789573515983362,lying,karol
1672331686343706400,-0.0143063406363876,-0.1782306721007865,-0.3582539193796382,-0.8791684873137833,lying,karol
1672331686353706400,-0.023155489120034,-0.1745670919020108,-0.3600045650582997,-0.8789998932646922,lying,karol
1672331686363706400,-0.0142426973022025,-0.1781444237463175,-0.3581964304598113,-0.8792104276913587,lying,karol
1672331686373706400,-0.0230494153026701,-0.1744942395770919,-0.3599529247571965,-0.8790382995492836,lying,karol
1672331686383706400,-0.0318574730548874,-0.1708305205506203,-0.3616785247083086,-0.8787745121030486,lying,karol
1672331686393706400,-0.0229322917378079,-0.1744634007862433,-0.3599263448809442,-0.8790583782524055,lying,karol
1672331686403706400,-0.0140122065132194,-0.178114317127573,-0.3581403746406879,-0.879243087987884,lying,karol
1672331686413706400,-0.027781785355973,-0.172534516728946,-0.360884559625602,-0.8789063381443697,lying,karol
1672331686423706400,-0.0140193385716925,-0.1782230856845462,-0.3581157567761397,-0.8792309787874445,lying,karol
1672331686433706400,-0.0229150275549935,-0.1746793602567568,-0.3598525987014015,-0.8790461676685049,lying,karol
1672331686443706400,-0.0140809724854671,-0.1783706359005598,-0.3580060007090032,-0.8792447874068907,lying,karol
1672331686453706400,-0.0230112820945766,-0.1748093647441302,-0.3597103475381713,-0.8790760472594332,lying,karol
1672331686463706400,-0.014191310050359,-0.178459885878105,-0.3578360644876213,-0.8792940929156828,lying,karol
1672331686473706400,-0.0280235650916437,-0.1728400025195182,-0.3604990998797744,-0.8789968685057278,lying,karol
1672331686483706400,-0.0369275160906532,-0.1691646402746991,-0.3621420069292823,-0.8787075371996844,lying,karol
1672331686493706400,-0.0458119823759153,-0.1654330742212464,-0.3637617325753909,-0.8783306038137118,lying,karol
1672331686503706400,-0.036931911493894,-0.16898461850458,-0.3620269057810186,-0.8787894188403285,lying,karol
1672331686513706400,-0.0280102517564516,-0.1725124161054612,-0.3602828281349375,-0.8791503135997177,lying,karol
1672331686523706400,-0.0141976252692952,-0.1780061145533542,-0.3575572660471021,-0.8794993822490879,lying,karol
1672331686533706400,-0.0278541522406601,-0.1723120906432423,-0.3603399082550703,-0.8791711827168102,lying,karol
1672331686543706400,-0.018893765636405,-0.1758817813212344,-0.3586616578845126,-0.8793887617004105,lying,karol
1672331686553706400,-0.0099313934966166,-0.1794855870213683,-0.3569784874454615,-0.8794923783975993,lying,karol
1672331686563706400,-0.0187333374233057,-0.175915277884296,-0.3589032782243248,-0.8792869589381845,lying,karol
1672331686573706400,-0.0098364258184686,-0.1795712510804235,-0.3572482602522601,-0.8793664676507237,lying,karol
1672331686583706400,-0.000971820121509,-0.1832388629177753,-0.3555546837682005,-0.8793507761093359,lying,karol
1672331686593706400,-0.0147891120732213,-0.1777353531333683,-0.3585170168511575,-0.8791537836085137,lying,karol
1672331686603706400,-0.0285500224039986,-0.1722112592216841,-0.3613745157574694,-0.8787440438729843,lying,karol
1672331686613706400,-0.0147664830574934,-0.1779562633273251,-0.3587444214278419,-0.8790167661330653,lying,karol
1672331686623706400,-0.02361084692629,-0.1744341767723563,-0.3606396036478977,-0.878754174331798,lying,karol
1672331686633706400,-0.0147021050439986,-0.1781555740580396,-0.3589804667345552,-0.8788811651832079,lying,karol
1672331686643706400,-0.0057860310551277,-0.181867714231555,-0.3572833677403714,-0.8789163504644247,lying,karol
1672331686653706400,-0.0195144385301054,-0.1763744842686218,-0.3601979659556182,-0.8786486285063764,lying,karol
1672331686663706400,-0.0284077589205119,-0.1728503601537508,-0.3620647376989311,-0.8783391709003724,lying,karol
1672331686673706400,-0.0422112590863964,-0.1673090901742701,-0.3648117848188431,-0.8777204174460014,lying,karol
1672331686683706400,-0.0334054848484717,-0.1711281933060733,-0.3631586619662599,-0.8780489497630763,lying,karol
1672331686693706400,-0.0245468821778173,-0.174939304238836,-0.3614158541763992,-0.8783093301748006,lying,karol
1672331686703706400,-0.0156473494176196,-0.1787129912456703,-0.3595902585257566,-0.8785025445955257,lying,karol
1672331686713706400,-0.0244473334298774,-0.1751573593343447,-0.3612985479005606,-0.878316948803597,lying,karol
1672331686723706400,-0.0154866525053941,-0.1788331274930997,-0.3594023489728497,-0.8785578711766668,lying,karol
1672331686733706400,-0.0242416282771033,-0.1752236751559598,-0.3610611358371206,-0.8784070822629438,lying,karol
1672331686743706400,-0.0152631968792111,-0.1788761638952146,-0.3591374738293674,-0.8786613696635246,lying,karol
1672331686753706400,-0.0240143518889296,-0.1752785873986199,-0.3607876886462701,-0.8785147604014545,lying,karol
1672331686763706400,-0.0101397172467885,-0.1809556647715151,-0.35786074388656,-0.8788305711858011,lying,karol
1672331686773706400,-0.0189094243793629,-0.1774101362924372,-0.3595432541282224,-0.8787218072720716,lying,karol
1672331686783706400,-0.0050328903423392,-0.1830885093186316,-0.3566061428567603,-0.8789429162358469,lying,karol
1672331686793706400,-0.0137753708505876,-0.1795666861622385,-0.3583435450114612,-0.8788693327610974,lying,karol
1672331686803706400,-0.0274145846012525,-0.1740043265843939,-0.3610515967690048,-0.8785602258835585,lying,karol
1672331686813706400,-0.0361397805821455,-0.1704025799697071,-0.3627526464573721,-0.8782498638112409,lying,karol
1672331686823706400,-0.0271267570224809,-0.1740675147942789,-0.360999328131,-0.8785781641983501,lying,karol
1672331686833706400,-0.0181045330628557,-0.1777165387752897,-0.359211644813879,-0.8788125821467935,lying,karol
1672331686843706400,-0.026846710805042,-0.1741014255089691,-0.3609749662463141,-0.8785900955779545,lying,karol
1672331686853706400,-0.0129662016459321,-0.1797472566603284,-0.3581805311978361,-0.8789112966258281,lying,karol
1672331686863706400,-0.0040278898197905,-0.1833580938652639,-0.3563192208954902,-0.8790084013861099,lying,karol
1672331686873706400,-0.01780376999106,-0.1777395627866862,-0.3591145413368362,-0.8788537971565763,lying,karol
1672331686883706400,-0.0040919054431698,-0.1832952366145163,-0.3562389150786464,-0.8790537683538144,lying,karol
1672331686893706400,0.0096455420220399,-0.188828545623487,-0.353263201280314,-0.8790400655513483,lying,karol
1672331686903706400,0.0007187944908145,-0.1852345604031325,-0.3550883464150967,-0.8791220011830233,lying,karol
1672331686913706400,-0.0082479538323366,-0.1815856297793225,-0.3568823961099677,-0.8791184093266136,lying,karol
1672331686923706400,-0.0172586584297828,-0.1778750058039378,-0.3586511576458365,-0.8790264932866569,lying,karol
1672331686933706400,-0.0312174063872859,-0.1720913424676949,-0.361362105521846,-0.878682602700014,lying,karol
1672331686943706400,-0.0225596661475158,-0.1755542806886927,-0.3595926256065734,-0.8789883943496697,lying,karol
1672331686953706400,-0.0138897799102597,-0.1789977755640898,-0.3578095069350596,-0.8792013343728753,lying,karol
1672331686963706400,-0.0278245805155098,-0.1732012433849667,-0.3605799164743929,-0.8788999175288169,lying,karol
1672331686973706400,-0.0142082464325057,-0.1786011353186936,-0.3578534671620086,-0.8792590790217387,lying,karol
1672331686983706400,-0.0280433556885981,-0.1727447928069557,-0.3606390791774621,-0.8789585796479751,lying,karol
1672331686993706400,-0.036906135809486,-0.1688359141596486,-0.3623963350884006,-0.8786678816752096,lying,karol
1672331687003706400,-0.0279643927680978,-0.1722156765876227,-0.3606999608855213,-0.8790400041555732,lying,karol
1672331687013706400,-0.0141105050457155,-0.1775910173846195,-0.3579791815542849,-0.8794141931018283,lying,karol
1672331687023706400,-0.0277238362927859,-0.1717982719018816,-0.3607033095870405,-0.8791279789340198,lying,karol
1672331687033706400,-0.0412655829313452,-0.1660409789885013,-0.3633084017820204,-0.8786300303179497,lying,karol
1672331687043706400,-0.027334087798431,-0.1716768692848773,-0.3606334583469729,-0.8791926055950459,lying,karol
1672331687053706400,-0.0360307945982035,-0.168113651527433,-0.362316216480762,-0.8788758941370278,lying,karol
1672331687063706400,-0.027016599255486,-0.1719146237383382,-0.3605758570045491,-0.8791796732665572,lying,karol
1672331687073706400,-0.0406720454779363,-0.1664806509515133,-0.3632141981470446,-0.8786136321712941,lying,karol
1672331687083706400,-0.0317323978206313,-0.1704224247470142,-0.3615083264255799,-0.8789298149157482,lying,karol
1672331687093706400,-0.0405593147978139,-0.1670875626832024,-0.3632065723061662,-0.8785069580859638,lying,karol
1672331687103706400,-0.031668266562005,-0.1710660832956395,-0.3614881108205145,-0.8788155815912564,lying,karol
1672331687113706400,-0.0227740447574961,-0.1750294723099786,-0.3597243989664819,-0.8790344143863825,lying,karol
1672331687123706400,-0.0138822112543563,-0.1789408431684231,-0.3579177767300398,-0.8791698149911762,lying,karol
1672331687133706400,-6.433807809772679e-05,-0.1847835036750683,-0.3550377217670561,-0.8792386463544494,lying,karol
1672331687143706400,-0.0137498901275629,-0.1794262789716345,-0.357848271307239,-0.8791013319702772,lying,karol
1672331687153706400,6.910097985380476e-05,-0.1851503050376914,-0.3549610844424543,-0.8791924762816546,lying,karol
1672331687163706400,-0.0087590542393649,-0.1816570516870943,-0.356788893670883,-0.8791377155332978,lying,karol
1672331687173706400,-0.017585022713879,-0.1780876317762225,-0.3585925515652482,-0.8790019338894226,lying,karol
1672331687183706400,-0.0086577905156646,-0.1816853840465169,-0.3567816632029337,-0.8791358106502462,lying,karol
1672331687193706400,0.0002873341337592,-0.18523264275204,-0.3549479842025297,-0.8791804078805977,lying,karol
1672331687203706400,0.0141385594743374,-0.1906997238495605,-0.35203382530521,-0.8790696168941179,lying,karol
1672331687213706400,0.0053515557754968,-0.1870570480553742,-0.3539803177185023,-0.8791680500233057,lying,karol
1672331687223706400,-0.0034549609428987,-0.183368016762752,-0.3558990385329006,-0.8791800887123175,lying,karol
1672331687233706400,-0.012289292086618,-0.179661351529518,-0.3577856869497972,-0.8791005111707326,lying,karol
1672331687243706400,-0.0211469625374805,-0.1759482782673767,-0.3596307417826633,-0.8789301929666049,lying,karol
1672331687253706400,-0.0300134322597057,-0.1722437181756148,-0.3614260546977952,-0.8786694802878706,lying,karol
1672331687263706400,-0.0211501742577971,-0.1758355796684211,-0.3596995304739855,-0.8789245287472259,lying,karol
1672331687273706400,-0.0300324528536968,-0.1721758808013098,-0.3614833016526693,-0.8786585844384904,lying,karol
1672331687283706400,-0.0211686249891129,-0.1757973626904579,-0.3597460042163732,-0.8789127162595305,lying,karol
1672331687293706400,-0.0122968660393236,-0.1794103917178055,-0.3579599528805123,-0.8790807405135738,lying,karol
1672331687303706400,-0.0260848566182962,-0.1737652614242324,-0.360719955123952,-0.8787854730301742,lying,karol
1672331687313706400,-0.0349690101421861,-0.1700790168877295,-0.362422606778691,-0.8784974274748881,lying,karol
1672331687323706400,-0.02611987512147,-0.1736860204487004,-0.3606368861021166,-0.8788341906430386,lying,karol
1672331687333706400,-0.0350138349515604,-0.1700094326789627,-0.3623112114835865,-0.8785550585158766,lying,karol
1672331687343706400,-0.0261620265744335,-0.173628748831196,-0.3605167587828885,-0.8788935398260018,lying,karol
1672331687353706400,-0.0399293917448677,-0.1679494775915841,-0.3631358923506281,-0.8784011180042277,lying,karol
1672331687363706400,-0.0310670497967917,-0.1715735905544586,-0.3613781871519564,-0.8787836670984283,lying,karol
1672331687373706400,-0.0172531145855526,-0.1772036939744192,-0.3586130693208906,-0.8791788427953223,lying,karol
1672331687383706400,-0.0034367027295616,-0.1828118423664006,-0.3557791814860961,-0.8793445241663493,lying,karol
1672331687393706400,-0.0122698684097101,-0.1792572301111302,-0.3576106069849629,-0.8792545505007525,lying,karol
1672331687403706400,-0.0259906177366099,-0.1737094814398093,-0.3603906047806514,-0.8789344449329539,lying,karol
1672331687413706400,-0.0170777771267692,-0.1774267980444231,-0.3586433014874713,-0.8791249881136205,lying,karol
1672331687423706400,-0.0081616759955739,-0.181160532863193,-0.3568666221399829,-0.879214531884742,lying,karol
1672331687433706400,-0.021902092481853,-0.1756867347195538,-0.3596954314830245,-0.8789376813333544,lying,karol
1672331687443706400,-0.0307492594957705,-0.1721810792473844,-0.3614730018482879,-0.8786371596384385,lying,karol
1672331687453706400,-0.0218661792377933,-0.1759500209801788,-0.3597256614188764,-0.878873588575205,lying,karol
1672331687463706400,-0.0307321634674736,-0.1724429425418367,-0.3614817668202,-0.8785828434765734,lying,karol
1672331687473706400,-0.0169486198076391,-0.1781926244980011,-0.3587108776959388,-0.8789451529458386,lying,karol
1672331687483706400,-0.0257985345537409,-0.1746428805224796,-0.3604520798386073,-0.8787300814083345,lying,karol
1672331687493706400,-0.0168904316815385,-0.1783009759221359,-0.3586207010350205,-0.8789611108398533,lying,karol
1672331687503706400,-0.0305584039050646,-0.1726685573474203,-0.3613115048690772,-0.8786146608789773,lying,karol
1672331687513706400,-0.0393638533632885,-0.1689417166840066,-0.3629887391141754,-0.8782974089340303,lying,karol
1672331687523706400,-0.0304361850552183,-0.1724787427993365,-0.3612185886339536,-0.8786943960827769,lying,karol
1672331687533706400,-0.0215209359713189,-0.1759821199116504,-0.3594166134509977,-0.8790021826968868,lying,karol
1672331687543706400,-0.0353027038437044,-0.1701790676645163,-0.3620904828951893,-0.8786018946581289,lying,karol
1672331687553706400,-0.0264744621185143,-0.1736746297189304,-0.3602928571926462,-0.8789671730882112,lying,karol
1672331687563706400,-0.0176674135444449,-0.1771758514192905,-0.3584441681124259,-0.8792453436324098,lying,karol
1672331687573706400,-0.0315542544475051,-0.1714201333085818,-0.3610863320257351,-0.8789164660576705,lying,karol
1672331687583706400,-0.0405221204162759,-0.1676417315644592,-0.3626987951690424,-0.8786135837107898,lying,karol
1672331687593706400,-0.031734707843953,-0.17114671215696,-0.3608924703563,-0.8790428796174036,lying,karol
1672331687603706400,-0.0229202391280316,-0.1746264790086426,-0.3590639792535102,-0.879381244008152,lying,karol
1672331687613706400,-0.0367208486606597,-0.1688209809121618,-0.3616985669293249,-0.8789671615674645,lying,karol
1672331687623706400,-0.0278762551577986,-0.1722794703982219,-0.3599555089003109,-0.879336573374498,lying,karol
1672331687633706400,-0.0140921537321406,-0.1777432331204813,-0.3572315474396962,-0.8796888461137444,lying,karol
1672331687643706400,-0.022950879961562,-0.174009945271543,-0.359060586831862,-0.8795040619225645,lying,karol
1672331687653706400,-0.0317891670033714,-0.1702840477243278,-0.3608745534836657,-0.8792158268704361,lying,karol
1672331687663706400,-0.0454572200067326,-0.1645685166590178,-0.3635796427202892,-0.8785891147087815,lying,karol
1672331687673706400,-0.031607072030776,-0.1702175277505576,-0.3610515214276105,-0.879162646616022,lying,karol
1672331687683706400,-0.0226478842559196,-0.1738716964324937,-0.3594036832282981,-0.8793991727644591,lying,karol
1672331687693706400,-0.0136830567583249,-0.1775502628843357,-0.3577046280421538,-0.879542106887682,lying,karol
1672331687703706400,-0.0224758982690971,-0.1740339413560403,-0.3595334707048197,-0.8793184774460346,lying,karol
1672331687713706400,-0.0312711018169644,-0.170513124914598,-0.3613073652655776,-0.879012345320012,lying,karol
1672331687723706400,-0.0223288851260222,-0.1742736695330433,-0.3595874956000134,-0.8792526997524559,lying,karol
1672331687733706400,-0.0311465387554003,-0.1707710561205491,-0.3613333206208078,-0.8789560750066571,lying,karol
1672331687743706400,-0.0448295248583715,-0.1652327004965843,-0.3639396188782437,-0.8783478069868464,lying,karol
1672331687753706400,-0.0310311396298117,-0.1710227346382723,-0.3612692749797228,-0.8789375900701791,lying,karol
1672331687763706400,-0.0447900822688155,-0.1654487182805188,-0.3638632191283166,-0.8783408492715322,lying,karol
1672331687773706400,-0.0310055709331413,-0.1712199281018091,-0.3611829284529983,-0.8789356293341258,lying,karol
1672331687783706400,-0.022059250467055,-0.1749711484322047,-0.3593925157641767,-0.8792008340672262,lying,karol
1672331687793706400,-0.0308470262282608,-0.1714409671817998,-0.3611108659634499,-0.8789277782344008,lying,karol
1672331687803706400,-0.021882581191305,-0.1751537186683999,-0.3593491574964833,-0.87918666251877,lying,karol
1672331687813706400,-0.0306742455845815,-0.1715810215469246,-0.3611068038582226,-0.8789082020545157,lying,karol
1672331687823706400,-0.0217218314493179,-0.1752631801469616,-0.3593772646184676,-0.8791573795752443,lying,karol
1672331687833706400,-0.0127695532601658,-0.178939464999239,-0.3576219768371704,-0.8793081910267145,lying,karol
1672331687843706400,-0.0264178102346587,-0.1734055444285117,-0.3604153527104763,-0.8789722339669952,lying,karol
1672331687853706400,-0.0174868195606003,-0.177086798611998,-0.3586996966720556,-0.8791631445929002,lying,karol
1672331687863706400,-0.0311546771444576,-0.171520671015106,-0.3614857940532657,-0.8787473639356254,lying,karol
1672331687873706400,-0.0222159380091682,-0.1751951007721177,-0.3598076756227421,-0.878982629835415,lying,karol
1672331687883706400,-0.035914352909337,-0.1695705621172511,-0.3625859766941582,-0.8784909366317437,lying,karol
1672331687893706400,-0.0269894214354838,-0.1732296617264109,-0.3609334836038618,-0.878777014258215,lying,karol
1672331687903706400,-0.0180619996935386,-0.176875288831661,-0.3592489685851723,-0.8789698921643891,lying,karol
1672331687913706400,-0.0317973685272374,-0.1712377940033539,-0.3620687452863216,-0.878539581600568,lying,karol
1672331687923706400,-0.0229004503136725,-0.1748904500837589,-0.3604072089426988,-0.8787801774787062,lying,karol
1672331687933706400,-0.0091066278955495,-0.1805397528249852,-0.3577011016201859,-0.8789945804832514,lying,karol
1672331687943706400,-0.0179649968404487,-0.1769569423580402,-0.3595722921129338,-0.8788232884743571,lying,karol
1672331687953706400,-0.031739208313953,-0.1713235188905699,-0.3623462849967488,-0.8784105911454716,lying,karol
1672331687963706400,-0.0228776392422491,-0.1749808409449108,-0.3606126416114723,-0.8786785383967914,lying,karol
1672331687973706400,-0.0140185516266169,-0.1786158535034208,-0.3588143142104211,-0.8788693200088381,lying,karol
1672331687983706400,-0.0228968155144812,-0.1749738829752237,-0.3605587722300361,-0.8787015337378088,lying,karol
1672331687993706400,-0.0317773031924399,-0.171275835990957,-0.3622378619306892,-0.8784632379643506,lying,karol
1672331688003706400,-0.0406492604100521,-0.1675242607736924,-0.3638458077059443,-0.8781563815771185,lying,karol
1672331688013706400,-0.03177367801255,-0.1710644957524731,-0.3620140476162173,-0.8785968098060968,lying,karol
1672331688023706400,-0.0228736488784776,-0.1745643868884358,-0.3601411261239277,-0.8789548405219462,lying,karol
1672331688033706400,-0.0090134997941037,-0.1800433056824892,-0.3572370942066922,-0.879286084598339,lying,karol
1672331688043706400,-0.0226839147868649,-0.1742798920617917,-0.3599028677531344,-0.8791138212849082,lying,karol
1672331688053706400,-0.0087724615659984,-0.1797451447820192,-0.3570226077179517,-0.8794366620472862,lying,karol
1672331688063706400,-0.0175311817575098,-0.1759984652976772,-0.3587314160230847,-0.8793681010254929,lying,karol
1672331688073706400,-0.0262990030504038,-0.1722436531080073,-0.3604136935640021,-0.8792051910090516,lying,karol
1672331688083706400,-0.0173369900552652,-0.1757637154939838,-0.3585946155784685,-0.8794747142205481,lying,karol
1672331688093706400,-0.0261481916241944,-0.172054856154172,-0.3603014602392502,-0.8792926646828165,lying,karol
1672331688103706400,-0.0172288859843911,-0.1756111653134895,-0.3585099920788654,-0.8795418164616802,lying,karol
1672331688113706400,-0.0309468961715357,-0.1699382694737933,-0.361190112511386,-0.8791838917087398,lying,karol
1672331688123706400,-0.0220701055308962,-0.1735219602917194,-0.3594531162994096,-0.8794633801269652,lying,karol
1672331688133706400,-0.0132061005707756,-0.1771083500720498,-0.3576993471321161,-0.8796412629647484,lying,karol
1672331688143706400,-0.0221027978985131,-0.1734754779751993,-0.3595027918245229,-0.8794514294388741,lying,karol
1672331688153706400,-0.030986931542935,-0.1698399787834277,-0.3612851492617417,-0.8791624380641246,lying,karol
1672331688163706400,-0.0220989842135424,-0.1734961883547123,-0.3596149905300638,-0.8794015827720125,lying,karol
1672331688173706400,-0.0358269657565063,-0.1678855402931111,-0.3623658799641198,-0.8789091231503927,lying,karol
1672331688183706400,-0.0269172662112278,-0.1715748207716081,-0.3607395534381691,-0.8791836860177221,lying,karol
1672331688193706400,-0.040657794390914,-0.1659620371455293,-0.3634794419590474,-0.8786044154779252,lying,karol
1672331688203706400,-0.0317487703362951,-0.1696994592722728,-0.3618746715300757,-0.8789199944327772,lying,karol
1672331688213706400,-0.0454824325209756,-0.1641248383696943,-0.3645696364117595,-0.8782613209255016,lying,karol
1672331688223706400,-0.0365844636142585,-0.1679059167348108,-0.3629581072521093,-0.8786297450408752,lying,karol
1672331688233706400,-0.0228348885637197,-0.1736700733216585,-0.3603417063802775,-0.8790510876214964,lying,karol
1672331688243706400,-0.0365883729275442,-0.1681256466442516,-0.3630548060849519,-0.8785476627700946,lying,karol
1672331688253706400,-0.0228356873369305,-0.1738818785505893,-0.3603936913381804,-0.878987927460686,lying,karol
1672331688263706400,-0.0090636139119061,-0.179604006774596,-0.3576243735974035,-0.8792183200160778,lying,karol
1672331688273706400,-0.0227699895705036,-0.1741067351704745,-0.3603700795788636,-0.8789548325992862,lying,karol
1672331688283706400,-0.0138735878884869,-0.1778208472934266,-0.3585662792286395,-0.8791344227896102,lying,karol
1672331688293706400,-0.0227247918989509,-0.1742711918596907,-0.3603108164668472,-0.8789477273236243,lying,karol
1672331688303706400,-0.0315778194460821,-0.1706704691827517,-0.3620134635012798,-0.8786811432945629,lying,karol
1672331688313706400,-0.0226834882991302,-0.1743286273608575,-0.3602318454991904,-0.8789697834770983,lying,karol
1672331688323706400,-0.031525690016106,-0.1706800471248975,-0.3619406552702023,-0.8787111541929541,lying,karol
1672331688333706400,-0.0226215577436628,-0.1742942104792295,-0.3601718197027441,-0.8790028073481148,lying,karol
1672331688343706400,-0.0137014474949498,-0.177887041107186,-0.3583721320586116,-0.8792029182144399,lying,karol
1672331688353706400,-0.0225339822412561,-0.1742298383944953,-0.3601304942308196,-0.8790347543987147,lying,karol
1672331688363706400,-0.0136271089514194,-0.1778153273613403,-0.3583339743991111,-0.879234136466802,lying,karol
1672331688373706400,-0.0224694050644824,-0.1741651770389952,-0.3600908263612827,-0.8790654749977506,lying,karol
1672331688383706400,-0.0362162925005113,-0.1684848641804615,-0.3627546860962658,-0.8786183283430311,lying,karol
1672331688393706400,-0.027336746315642,-0.172118173361963,-0.3610175488836763,-0.8789506631084472,lying,karol
1672331688403706400,-0.0135951964564145,-0.1777402410488208,-0.3582724714837724,-0.8792748834182086,lying,karol
1672331688413706400,-0.0224600757183237,-0.1741423286245721,-0.3600412893007945,-0.8790905402944102,lying,karol
1672331688423706400,-0.0313276694087123,-0.1705255796174817,-0.3617751094995198,-0.8788164175869998,lying,karol
1672331688433706400,-0.0224499196414415,-0.1741960818273456,-0.360027287908254,-0.8790858943973082,lying,karol
1672331688443706400,-0.0362043122983076,-0.1685829429038844,-0.3627049773671748,-0.8786205563330401,lying,karol
1672331688453706400,-0.0224011954417593,-0.1742946568951561,-0.3600125594377565,-0.8790736464417137,lying,karol
1672331688463706400,-0.0134814343832767,-0.1779919957749302,-0.3582382752659059,-0.8792396830826357,lying,karol
1672331688473706400,-0.0222939361874829,-0.1744566024267517,-0.3600375211316545,-0.879034054641307,lying,karol
1672331688483706400,-0.0311058915916837,-0.170894051803531,-0.3618156244378817,-0.8787361067567416,lying,karol
1672331688493706400,-0.0221811434182303,-0.1746098286812084,-0.3601207430324422,-0.8789724311528041,lying,karol
1672331688503706400,-0.0358446429026321,-0.1690543785633018,-0.3628544327703109,-0.8784830988777672,lying,karol
1672331688513706400,-0.0220355430426496,-0.1748037369764283,-0.360208587859084,-0.8789015973838448,lying,karol
1672331688523706400,-0.0130993865049708,-0.1785487605839354,-0.3584596018250173,-0.8790424672073948,lying,karol
1672331688533706400,-0.0219063197217584,-0.175051721589961,-0.3602628724609376,-0.8788332682768601,lying,karol
1672331688543706400,-0.0129723149736232,-0.1788049339262317,-0.3584874625595479,-0.8789809675696495,lying,karol
1672331688553706400,-0.0217851169985636,-0.1753138941355623,-0.3602832648632791,-0.8787757103819407,lying,karol
1672331688563706400,-0.0306082057284998,-0.1717873516071401,-0.3620505676320935,-0.8784827872217886,lying,karol
1672331688573706400,-0.021696248272111,-0.1755379809647718,-0.3603207008540776,-0.8787178744239003,lying,karol
1672331688583706400,-0.035439835977271,-0.1699683877413463,-0.3630649192759014,-0.8782363525230555,lying,karol
1672331688593706400,-0.0265426326781266,-0.1737063343626653,-0.3613682009669038,-0.8785187086954469,lying,karol
1672331688603706400,-0.0127390753015774,-0.1794331155122675,-0.3586409614275606,-0.878793872603897,lying,karol
1672331688613706400,-0.0215788994058041,-0.1758911139592677,-0.3604762969896435,-0.878586407977088,lying,karol
1672331688623706400,-0.0077585370451829,-0.1815909037399213,-0.3577043196541346,-0.8787905128632199,lying,karol
1672331688633706400,0.0060685300725314,-0.1872436891430688,-0.3548378796008314,-0.8787796491670964,lying,karol
1672331688643706400,-0.0027630464026009,-0.1837058309272653,-0.3567366330069322,-0.8787742281626639,lying,karol
1672331688653706400,-0.0115933303054334,-0.1801266090133019,-0.3585932612203391,-0.8786873863170298,lying,karol
1672331688663706400,-0.0253527625557617,-0.1744852736547621,-0.3613913692822756,-0.8783900428211734,lying,karol
1672331688673706400,-0.0164512294964725,-0.1781097443351174,-0.3596212988172991,-0.8786008596105633,lying,karol
1672331688683706400,-0.0301343185525947,-0.1724501372688636,-0.3623716975263354,-0.8782370463651804,lying,karol
1672331688693706400,-0.0212126504567745,-0.1760610641896014,-0.3606240353478254,-0.8785007265427353,lying,karol
1672331688703706400,-0.0300119613268572,-0.1723786118643774,-0.3623973860757711,-0.8782446933091343,lying,karol
1672331688713706400,-0.0210713119403184,-0.1759962055540286,-0.3606545237789245,-0.8785046249839616,lying,karol
1672331688723706400,-0.0072143517312564,-0.1816230307721096,-0.3578755550425753,-0.8787188746776934,lying,karol
1672331688733706400,0.0066352948335913,-0.187231306384447,-0.3550251347313319,-0.8787026435603127,lying,karol
1672331688743706400,-0.0021314439747054,-0.183690706838232,-0.3569444258630338,-0.8786948611848122,lying,karol
1672331688753706400,-0.0109183284476116,-0.1801260980338322,-0.3588309006982213,-0.8785992224350314,lying,karol
1672331688763706400,-0.0245923001543615,-0.1745423042779581,-0.3616531473122417,-0.8782926970888673,lying,karol
1672331688773706400,-0.0156923425981276,-0.1782357100199803,-0.3599194971464766,-0.8784672017436083,lying,karol
1672331688783706400,-0.001930008794656,-0.1839152066342109,-0.3571315003181272,-0.8785724103814118,lying,karol
1672331688793706400,-0.010769511436443,-0.1803941855133122,-0.3590026751413058,-0.8784759419003567,lying,karol
1672331688803706400,-0.0196098827055632,-0.1768416831931064,-0.3608288256491072,-0.87829721759046,lying,karol
1672331688813706400,-0.0284557119417525,-0.1732457129878595,-0.3626117568738805,-0.878037529560397,lying,karol
1672331688823706400,-0.0195694602224421,-0.1769368945154625,-0.3608436757728955,-0.878272864870912,lying,karol
1672331688833706400,-0.0284057639857366,-0.1733284428658108,-0.362592808315537,-0.8780306629275774,lying,karol
1672331688843706400,-0.0195184135822641,-0.1770046784641088,-0.3607957238415724,-0.8782800577952173,lying,karol
1672331688853706400,-0.0057567307227444,-0.1826482125542226,-0.3579512015573326,-0.8784864703276367,lying,karol
1672331688863706400,-0.0145835831133872,-0.1790562337458062,-0.3597395966646056,-0.8783932309475195,lying,karol
1672331688873706400,-0.023410308089123,-0.1754291594195472,-0.3614878081039147,-0.8782164897751018,lying,karol
1672331688883706400,-0.0145083570115127,-0.1790733711889729,-0.359659656270724,-0.8784237283917083,lying,karol
1672331688893706400,-0.0233448830092966,-0.1754466927060063,-0.3614189376856922,-0.8782430836748134,lying,karol
1672331688903706400,-0.0370518134910878,-0.169776026785662,-0.3640944376181065,-0.8777810664267925,lying,karol
1672331688913706400,-0.0507595068904724,-0.1640488581814642,-0.3666822090260138,-0.8771070097144865,lying,karol
1672331688923706400,-0.0595938475090152,-0.1603134552383801,-0.3682917759245044,-0.8765674244151949,lying,karol
1672331688933706400,-0.0507269626664782,-0.1639830323808511,-0.3666224195412315,-0.8771462032512553,lying,karol
1672331688943706400,-0.0418440905339754,-0.1676275292636424,-0.3649079635187296,-0.8776408078152801,lying,karol
1672331688953706400,-0.0329536637699735,-0.1712438021833165,-0.3631596933566441,-0.8780465731084416,lying,karol
1672331688963706400,-0.0240445439507116,-0.1748391991563559,-0.3613807637985459,-0.8783610844698199,lying,karol
1672331688973706400,-0.0377150909397128,-0.1691137584023038,-0.3640428403413285,-0.8779020795178414,lying,karol
1672331688983706400,-0.0288151586706225,-0.1727004627768227,-0.3623044085641693,-0.8782601552327474,lying,karol
1672331688993706400,-0.019905905944861,-0.1762838627210444,-0.3605447426875391,-0.8785194353212499,lying,karol
1672331689003706400,-0.0061273060203254,-0.1818480838720567,-0.3577598690689694,-0.8787279273357408,lying,karol
1672331689013706400,-0.0149550976077629,-0.1781919340203907,-0.3595915486813408,-0.8786233943245868,lying,karol
1672331689023706400,-0.0237996558794287,-0.1745068298110763,-0.3613830028126414,-0.8784329486877818,lying,karol
1672331689033706400,-0.0100204254006162,-0.1801003297164363,-0.3586128907785998,-0.8787044098177594,lying,karol
1672331689043706400,-0.0188661033037063,-0.1764509286849752,-0.3604157622467438,-0.878561782860311,lying,karol
1672331689053706400,-0.0277233507723483,-0.1727746305847523,-0.362176669983646,-0.8783334189181277,lying,karol
1672331689063706400,-0.0188478166664089,-0.1763832225333154,-0.3604076644785013,-0.8785790970234721,lying,karol
1672331689073706400,-0.027703039337986,-0.1726993362830086,-0.3621628767743799,-0.8783545585899654,lying,karol
1672331689083706400,-0.0188135599237732,-0.1762978671778637,-0.3603910537847448,-0.8786037803389913,lying,karol
1672331689093706400,-0.0276550818403807,-0.1726082334719674,-0.362141607412382,-0.8783827505631681,lying,karol
1672331689103706400,-0.0187535512114703,-0.1762053701509184,-0.3603694518617719,-0.8786324830099151,lying,karol
1672331689113706400,-0.0325071916940014,-0.1704894507775843,-0.3630849338737719,-0.8782409553609964,lying,karol
1672331689123706400,-0.0236012531432238,-0.1741035262774874,-0.3613461190805729,-0.878533521015558,lying,karol
1672331689133706400,-0.0324205517642712,-0.1704263786263035,-0.3630979137531668,-0.8782510434277284,lying,karol
1672331689143706400,-0.0235223043602994,-0.174053560934194,-0.3613707235703839,-0.878535430063587,lying,karol
1672331689153706400,-0.0146261395616856,-0.1776818523643513,-0.3596023465013983,-0.8787278521767431,lying,karol
1672331689163706400,-0.0057301986869377,-0.181307496457881,-0.3577958146227311,-0.8788277248568207,lying,karol
1672331689173706400,0.0080926996746141,-0.186926432697267,-0.3549087809554844,-0.8788026181907852,lying,karol
1672331689183706400,-0.0007310602120933,-0.1833910834956269,-0.3567787418099267,-0.87882727783843,lying,karol
1672331689193706400,-0.0095654917496074,-0.1798351937676419,-0.3586137727152801,-0.8787634827582442,lying,karol
1672331689203706400,-0.0184195974717909,-0.1762618248046498,-0.3604202486241193,-0.8786074435294903,lying,karol
1672331689213706400,-0.0272770532348146,-0.1726802865324483,-0.3621909772238368,-0.87836012174688,lying,karol
1672331689223706400,-0.0184116567284671,-0.1764014562677441,-0.3604365294065609,-0.8785729304621761,lying,karol
1672331689233706400,-0.0321260084179994,-0.170846759030164,-0.3631557392436152,-0.8781563571918356,lying,karol
1672331689243706400,-0.0232330398228673,-0.1745846682972648,-0.3614118909800532,-0.8784208926395712,lying,karol
1672331689253706400,-0.0143175859301374,-0.1783033105134833,-0.3596271869439634,-0.878596977853828,lying,karol
1672331689263706400,-0.0005094668809331,-0.1839814162471815,-0.3567890577402705,-0.8786999500438994,lying,karol
1672331689273706400,-0.0092841961261328,-0.180460958560968,-0.3586224490700158,-0.8786347753545429,lying,karol
1672331689283706400,-0.0229651103901511,-0.1748925243856628,-0.3614057921009366,-0.8783692691406664,lying,karol
1672331689293706400,-0.0317650284244943,-0.171290653538721,-0.3631563867455187,-0.8780828393723565,lying,karol
1672331689303706400,-0.0405713698108765,-0.1676686929621995,-0.3648709892093407,-0.8777083244123288,lying,karol
1672331689313706400,-0.0316586145586972,-0.1713969046745611,-0.3631559663608064,-0.8780661562961082,lying,karol
1672331689323706400,-0.0227563425156839,-0.1751195838021009,-0.3613975242023469,-0.8783329302824838,lying,karol
1672331689333706400,-0.0315800055066995,-0.1715285061664698,-0.3631298719786814,-0.8780541105079978,lying,karol
1672331689343706400,-0.0452596469348112,-0.1658702853101851,-0.3657397430234804,-0.877459240503535,lying,karol
1672331689353706400,-0.0363978632964757,-0.1695447116079571,-0.3640167356491123,-0.8778856857356279,lying,karol
1672331689363706400,-0.0275337387785008,-0.1731923208163397,-0.3622539642664677,-0.8782255166260907,lying,karol
1672331689373706400,-0.041333621607065,-0.1674566449966899,-0.364895022865483,-0.877703314094819,lying,karol
1672331689383706400,-0.0325053278444833,-0.1710738435426403,-0.3631518329169302,-0.8780999786472957,lying,karol
1672331689393706400,-0.023674329478293,-0.1746719486893942,-0.3613768084999283,-0.8784063537026136,lying,karol
1672331689403706400,-0.0374270168114533,-0.1689443137216434,-0.3640343070035816,-0.8779508787264348,lying,karol
1672331689413706400,-0.0237101089762228,-0.1745318787923412,-0.3613204090198885,-0.8784564322199139,lying,karol
1672331689423706400,-0.0099447973501475,-0.1801004126254595,-0.3585209699499955,-0.8787430493107773,lying,karol
1672331689433706400,0.0038019891871262,-0.1856228247130222,-0.3556507112005984,-0.8788082710957721,lying,karol
1672331689443706400,-0.005060803325696,-0.18196971997137,-0.3575071872968191,-0.8788126755512351,lying,karol
1672331689453706400,0.0038191847133311,-0.1855058941672115,-0.3556623227890074,-0.8788281929046612,lying,karol
1672331689463706400,-0.0050341445737029,-0.1818634212792312,-0.3575297105014148,-0.878825675480576,lying,karol
1672331689473706400,-0.0187600615221751,-0.1762170680450895,-0.3603447436059444,-0.8786404187307733,lying,karol
1672331689483706400,-0.0324413591703704,-0.1705596329419504,-0.3630585111255613,-0.8782409757770716,lying,karol
1672331689493706400,-0.0235338018722099,-0.174223119548784,-0.3613165001609466,-0.8785240980519308,lying,karol
1672331689503706400,-0.0146010138597357,-0.1779009682785566,-0.3595338771108264,-0.8787122443328067,lying,karol
1672331689513706400,-0.0282891810340914,-0.1723115599691598,-0.3622701137588246,-0.878368147291339,lying,karol
1672331689523706400,-0.019354231225821,-0.1760283444760518,-0.3604987641142738,-0.8786022408472514,lying,karol
1672331689533706400,-0.028160464919548,-0.1724743227430533,-0.3622420950029497,-0.8783519307135969,lying,karol
1672331689543706400,-0.0192601894541903,-0.176220296548404,-0.3604645177050007,-0.8785799163892085,lying,karol
1672331689553706400,-0.0281128157784272,-0.1726925553989632,-0.3622040208662272,-0.8783263152580811,lying,karol
1672331689563706400,-0.0418877654889617,-0.1670993122915027,-0.3648392537402395,-0.8777684762736284,lying,karol
1672331689573706400,-0.0330543435026024,-0.1708428468213116,-0.3631035012957967,-0.8781446025222918,lying,karol
1672331689583706400,-0.0242140522297853,-0.1745503203939847,-0.3613285542580848,-0.8784358355366699,lying,karol
1672331689593706400,-0.0104295703382967,-0.1802288993169893,-0.358508196655368,-0.878716463326171,lying,karol
1672331689603706400,-0.0241614427513078,-0.174597445731088,-0.3612464321562649,-0.8784616990647565,lying,karol
1672331689613706400,-0.0152568684132839,-0.1781921561254668,-0.3594248851223804,-0.8786868172487028,lying,karol
1672331689623706400,-0.001434729782388,-0.1837458805518767,-0.3565502110337263,-0.8788454532381651,lying,karol
1672331689633706400,-0.0102514808572606,-0.1800865921290293,-0.358355255116578,-0.8788101228933703,lying,karol
1672331689643706400,-0.0239534338395002,-0.1743943050070761,-0.3611043752074159,-0.8785661546873591,lying,karol
1672331689653706400,-0.0101671709070803,-0.1799613953169118,-0.3583157707211417,-0.8788528522811162,lying,karol
1672331689663706400,-0.0238743539488731,-0.1743154028909536,-0.3610839921035569,-0.8785923486108231,lying,karol
1672331689673706400,-0.0149639454041506,-0.1779565199630903,-0.3593157264233047,-0.8787842671192656,lying,karol
1672331689683706400,-0.0286410027990774,-0.1723695789199287,-0.3620758794016324,-0.8784255932244563,lying,karol
1672331689693706400,-0.0423125074749692,-0.1667527429956631,-0.3647588869068922,-0.8778474828308325,lying,karol
1672331689703706400,-0.028566513871465,-0.1724955365775031,-0.3621432690273664,-0.8783755498773598,lying,karol
1672331689713706400,-0.0374084954584356,-0.1689310392214459,-0.3638960552391063,-0.8780117985212017,lying,karol
1672331689723706400,-0.0285234875223057,-0.1727042644884809,-0.3621918836667186,-0.8783159330423373,lying,karol
1672331689733706400,-0.019630108394686,-0.1764838398535684,-0.3604380247479855,-0.8785298964965453,lying,karol
1672331689743706400,-0.0107279645659678,-0.1802659132112219,-0.3586369330205769,-0.8786529149227533,lying,karol
1672331689753706400,-0.0195496997475072,-0.1768101645821912,-0.3604296008197912,-0.8784695849498063,lying,karol
1672331689763706400,-0.0283685779517686,-0.173315305135164,-0.3621801977159024,-0.8782055082950209,lying,karol
1672331689773706400,-0.0194296299492399,-0.177084051667505,-0.3603867927622732,-0.8784346946292686,lying,karol
1672331689783706400,-0.033057816241113,-0.1715302838891295,-0.3630862779752527,-0.8780178595949657,lying,karol
1672331689793706400,-0.0240962168597858,-0.175237980728162,-0.3613112521521861,-0.8783095703517648,lying,karol
1672331689803706400,-0.0151313189272401,-0.1789090661453488,-0.3594994327858717,-0.8785131047172071,lying,karol
1672331689813706400,-0.0239064483245119,-0.1752968544884819,-0.361265125052728,-0.8783220122863503,lying,karol
1672331689823706400,-0.0376157565240163,-0.1696351900970027,-0.3639429688695789,-0.8778479641013908,lying,karol
1672331689833706400,-0.0287056384567092,-0.1733243192344517,-0.3621795924539719,-0.8781931487201855,lying,karol
1672331689843706400,-0.019785786227432,-0.1770277255274432,-0.3603860441861874,-0.8784385178622073,lying,karol
1672331689853706400,-0.0059598641946019,-0.1827243605042782,-0.3575439851441601,-0.8786360098254324,lying,karol
1672331689863706400,-0.0196178391278998,-0.1771929624934695,-0.3603307304406559,-0.8784316900845128,lying,karol
1672331689873706400,-0.0284334063112156,-0.1735954167935533,-0.3620743726363055,-0.8781919022563405,lying,karol
1672331689883706400,-0.0195152553126961,-0.1772786300339777,-0.3602710428060577,-0.87844119423952,lying,karol
1672331689893706400,-0.0331835640289508,-0.171676653084762,-0.3629580563230904,-0.8780376743107554,lying,karol
1672331689903706400,-0.0242786308232156,-0.1753650175551252,-0.361151982059126,-0.8783448356569076,lying,karol
1672331689913706400,-0.0330968827302255,-0.1717553932820146,-0.3628370207805403,-0.8780755885816642,lying,karol
1672331689923706400,-0.0241882155340923,-0.1754437216105846,-0.361003361422387,-0.8783927267424231,lying,karol
1672331689933706400,-0.0152663362746377,-0.1791101033302573,-0.3591212103145748,-0.8786246408255179,lying,karol
1672331689943706400,-0.0289889813477313,-0.1734714596785541,-0.3617858367372171,-0.8783172003962765,lying,karol
1672331689953706400,-0.0427323132069429,-0.1677425167770632,-0.3643541234847253,-0.8778070884280393,lying,karol
1672331689963706400,-0.0338383672738571,-0.1713443182575098,-0.3625272655838992,-0.8782555974674316,lying,karol
1672331689973706400,-0.0249439947148389,-0.174922646721521,-0.3606701106945881,-0.8786124100860745,lying,karol
1672331689983706400,-0.0386986688943721,-0.1691684569612543,-0.3632643813523988,-0.878172120649792,lying,karol
1672331689993706400,-0.0298231984948051,-0.1727144119686263,-0.3614353868360084,-0.8785827306870365,lying,karol
1672331690003706400,-0.0209375680942627,-0.1762406039806747,-0.3595769353019146,-0.8789016708044058,lying,karol
1672331690013706400,-0.0120407542913253,-0.1797448929603443,-0.3576940792834674,-0.8791271796632824,lying,karol
1672331690023706400,-0.020896801018844,-0.1760221775042592,-0.3594097949615279,-0.879014778319854,lying,karol
1672331690033706400,-0.0071123147789559,-0.1815586251571518,-0.3565240583418417,-0.8792834263907402,lying,karol
1672331690043706400,-0.0159829538243652,-0.1779357388997815,-0.3582606355016831,-0.8792016867832813,lying,karol
1672331690053706400,-0.0248544912758514,-0.1743320647822424,-0.3599690756901191,-0.8790197545171146,lying,karol
1672331690063706400,-0.0110400706763459,-0.1799802454502905,-0.3571374745765786,-0.8793184513061584,lying,karol
1672331690073706400,-0.0199007629847045,-0.176395536222615,-0.3589197307538981,-0.8791632930256474,lying,karol
1672331690083706400,-0.0287690845890166,-0.1727813084140662,-0.360689857513531,-0.8789110817774183,lying,karol
1672331690093706400,-0.0198896186604377,-0.1764268943904143,-0.3589522995146084,-0.8791439675731508,lying,karol
1672331690103706400,-0.0061058725859865,-0.1820620366778057,-0.3561856081239076,-0.8793241022666076,lying,karol
1672331690113706400,-0.0198106182035362,-0.1765319170814157,-0.3590368307245289,-0.8790901698068212,lying,karol
1672331690123706400,-0.0286492975954189,-0.1729268511606685,-0.3608566991339041,-0.8788179196594017,lying,karol
1672331690133706400,-0.0148258561600484,-0.1785748468065803,-0.3581557438928996,-0.8791351846503724,lying,karol
1672331690143706400,-0.0010194476461309,-0.1841804231891806,-0.3553720101326338,-0.8792327781461816,lying,karol
1672331690153706400,-0.0098457213075232,-0.1806188373462038,-0.3572680726432906,-0.8791487088923116,lying,karol
1672331690163706400,-0.023607977024783,-0.1750197112925002,-0.3601051809386515,-0.8788618053135727,lying,karol
1672331690173706400,-0.0324363296986406,-0.1714072951810175,-0.3618849896047869,-0.8785611805626631,lying,karol
1672331690183706400,-0.0186179766687004,-0.1770946653762439,-0.3591709675738319,-0.878948324833877,lying,karol
1672331690193706400,-0.032346508384332,-0.171505352304048,-0.3619129856748023,-0.8785338491840005,lying,karol
1672331690203706400,-0.0234198607740437,-0.1752143862272577,-0.3601584617374208,-0.8788062675602798,lying,karol
1672331690213706400,-0.0322330000410536,-0.1716398831488904,-0.3618963650934892,-0.8785186260866058,lying,karol
1672331690223706400,-0.023323250606345,-0.1753315649333033,-0.3601232702991937,-0.8787999159002694,lying,karol
1672331690233706400,-0.0370354188226909,-0.1697213742619189,-0.3627931700469119,-0.8783321465587748,lying,karol
1672331690243706400,-0.0281443667910674,-0.173393826417917,-0.3610235478706767,-0.8786738284328642,lying,karol
1672331690253706400,-0.0143393110112744,-0.1790474904297219,-0.3582204018401909,-0.8790209069706729,lying,karol
1672331690263706400,-0.0231972837975874,-0.1754404220453639,-0.3599731464096817,-0.8788430547298868,lying,karol
1672331690273706400,-0.0369543515692493,-0.1697833593541358,-0.3626453791195055,-0.8783846300466781,lying,karol
1672331690283706400,-0.0280701807325823,-0.1734224680133892,-0.3608840764265482,-0.8787278558467346,lying,karol
1672331690293706400,-0.0191737938401565,-0.1770484787815719,-0.359096783541137,-0.878976085094563,lying,karol
1672331690303706400,-0.0279937945502309,-0.1734129272242571,-0.3608553412504657,-0.8787439853954765,lying,karol
1672331690313706400,-0.0190797836155483,-0.1770053277114013,-0.3590882777292444,-0.8789903058699061,lying,karol
1672331690323706400,-0.0279086342728178,-0.1733239113743322,-0.3608688565466013,-0.8787587148707258,lying,karol
1672331690333706400,-0.0190036865844128,-0.1768917062435175,-0.3591226275547868,-0.8790008024276735,lying,karol
1672331690343706400,-0.0278498657379735,-0.1732023997417605,-0.3609204593716528,-0.8787633537573811,lying,karol
1672331690353706400,-0.0189530345970865,-0.176786303193677,-0.3591862958906226,-0.8789970962866714,lying,karol
1672331690363706400,-0.0326681312512889,-0.171132268422155,-0.3619383406164874,-0.8785843684393904,lying,karol
1672331690373706400,-0.0415182394310792,-0.1674722859032652,-0.3636765646330255,-0.8781981295196153,lying,karol
1672331690383706400,-0.0326406259102939,-0.1711510998950429,-0.3619907390848126,-0.8785601527435327,lying,karol
1672331690393706400,-0.0237534011686269,-0.1748383194877186,-0.3602590026018748,-0.8788311296746486,lying,karol
1672331690403706400,-0.03260618582567,-0.1712456642499991,-0.3620127438950452,-0.8785339581986051,lying,karol
1672331690413706400,-0.0237174539012057,-0.1749357397778703,-0.3602605528275243,-0.8788120979898805,lying,karol
1672331690423706400,-0.0374758424621772,-0.169303525738174,-0.3629468713036834,-0.8783307236392064,lying,karol
1672331690433706400,-0.023694992527234,-0.1749716125980462,-0.360229032872786,-0.8788184971935523,lying,karol
1672331690443706400,-0.0147767403021775,-0.1786000774747171,-0.3584191375225118,-0.8790237855313927,lying,karol
1672331690453706400,-0.0235949599935136,-0.174966682181692,-0.3601785656247312,-0.8788428641638013,lying,karol
1672331690463706400,-0.0324088130799098,-0.1712948170887756,-0.361899049775377,-0.878578557156776,lying,karol
1672331690473706400,-0.0186211398219793,-0.1768918960897477,-0.3591504955999179,-0.8789976612508192,lying,karol
1672331690483706400,-0.0274388934836255,-0.1732419612083689,-0.3608940631399757,-0.8787794203142812,lying,karol
1672331690493706400,-0.0185298868698497,-0.1768496174951618,-0.3591025514621402,-0.8790276921524568,lying,karol
1672331690503706400,-0.009633777410738,-0.1804417477964467,-0.3572743904549118,-0.8791851046925928,lying,karol
1672331690513706400,-0.0184922858425055,-0.1768113351316967,-0.3590591108959872,-0.8790539326275427,lying,karol
1672331690523706400,-0.032269769157176,-0.1711340792126544,-0.3617777863396313,-0.8786649526537348,lying,karol
1672331690533706400,-0.01854645536392,-0.1767194298615278,-0.3590651221661511,-0.8790688199866454,lying,karol
1672331690543706400,-0.032261828107763,-0.1710612749237134,-0.3617986607917842,-0.8786708307386062,lying,karol
1672331690553706400,-0.0184698633344372,-0.176671470523801,-0.3590958278859779,-0.8790675362462456,lying,karol
1672331690563706400,-0.004659272995356,-0.1822583256036551,-0.3563088690309847,-0.8792426751285707,lying,karol
1672331690573706400,-0.0134920589522573,-0.1786500209755845,-0.3581484122357287,-0.8791446713882781,lying,karol
1672331690583706400,-0.0223216207343487,-0.1750172913271182,-0.359940495299808,-0.8789636187037734,lying,karol
1672331690593706400,-0.0360345977164634,-0.1693502865531793,-0.3626341641395548,-0.8785112229213589,lying,karol
1672331690603706400,-0.0271230388889061,-0.1729859949426584,-0.3609013400249368,-0.8788366947611859,lying,karol
1672331690613706400,-0.0133467024313295,-0.1786127529369834,-0.358152299402085,-0.8791528981670708,lying,karol
1672331690623706400,-0.0221842207424231,-0.1750315336310827,-0.3599351667601477,-0.8789664671190386,lying,karol
1672331690633706400,-0.0359365899345439,-0.169427822015673,-0.3626251627348957,-0.8785040340170438,lying,karol
1672331690643706400,-0.0221327943149809,-0.1751478250973831,-0.359904605575179,-0.8789571353837776,lying,karol
1672331690653706400,-0.0083719376779303,-0.1808209125484377,-0.3571025733886881,-0.8791900094756033,lying,karol
1672331690663706400,-0.0172109505309676,-0.1772872728243056,-0.3588901677282111,-0.8790531750758975,lying,karol
1672331690673706400,-0.00344908995282,-0.1829178115569286,-0.3560595706562529,-0.8792123781284755,lying,karol
1672331690683706400,-0.0122749282815573,-0.1793584922805225,-0.3578728089236015,-0.8791305746406071,lying,karol
1672331690693706400,-0.0210981119321563,-0.1757545661790568,-0.3596512088813367,-0.8789652307300692,lying,karol
1672331690703706400,-0.0348478987858947,-0.1700862183573079,-0.3623644927815143,-0.8785282878653071,lying,karol
1672331690713706400,-0.0259386063164287,-0.1737171860696486,-0.3606407673610804,-0.8788352809526341,lying,karol
1672331690723706400,-0.0170211014029351,-0.1773538873333792,-0.3588876868731572,-0.8790444856711358,lying,karol
1672331690733706400,-0.0307040300828731,-0.1717454348134214,-0.3616361986251698,-0.8786601963428364,lying,karol
1672331690743706400,-0.0168845007288626,-0.1773918018743074,-0.3589142813815967,-0.8790286265096232,lying,karol
1672331690753706400,-0.0030722011392295,-0.1829961011861043,-0.3561033296257276,-0.8791798132993839,lying,karol
1672331690763706400,-0.0167862319761247,-0.1774110510012715,-0.3589316585009612,-0.8790195410597279,lying,karol
1672331690773706400,-0.0078559202694994,-0.1810256221957654,-0.3571250659833534,-0.8791435913853722,lying,karol
1672331690783706400,-0.0166751074794072,-0.1774224167203905,-0.358942260872828,-0.8790150455881464,lying,karol
1672331690793706400,-0.025498127757976,-0.1737942610579889,-0.3607253941047623,-0.8787982547141704,lying,karol
1672331690803706400,-0.0117326148961917,-0.1794089849799897,-0.3579795739851337,-0.8790842850993471,lying,karol
1672331690813706400,-0.0254425421652995,-0.1738067825732852,-0.3607590336648023,-0.8787835937064853,lying,karol
1672331690823706400,-0.0116396292626772,-0.1794408788834877,-0.3580079660347953,-0.8790674621502584,lying,karol
1672331690833706400,-0.0027379881000907,-0.1830606322085588,-0.3561930811601576,-0.8791311753634645,lying,karol
1672331690843706400,-0.0115898645538626,-0.1794755032396955,-0.3580333985186881,-0.8790507026618587,lying,karol
1672331690853706400,0.0022156971232775,-0.1850714727270638,-0.3551767652912814,-0.879122827031617,lying,karol
1672331690863706400,-0.0066292694289532,-0.1814877471848783,-0.3570208829623623,-0.8791007804720571,lying,karol
1672331690873706400,-0.0154808232486805,-0.1778610047012639,-0.3588227491073087,-0.8789970915033355,lying,karol
1672331690883706400,-0.0243375046587698,-0.1741950053014808,-0.360583679456138,-0.8788100152500817,lying,karol
1672331690893706400,-0.0380697139362956,-0.1684825509643445,-0.3632447430212535,-0.8783401573460351,lying,karol
1672331690903706400,-0.0291883810077239,-0.1720727197691334,-0.3615025538565694,-0.8787028913520137,lying,karol
1672331690913706400,-0.0153686810579387,-0.1776652678077243,-0.3587346886147446,-0.8790745882834269,lying,karol
1672331690923706400,-0.0291072388793028,-0.1719746031979195,-0.3614515341622578,-0.8787457811902938,lying,karol
1672331690933706400,-0.0153070795250001,-0.1775500269102718,-0.3586893619823295,-0.879117444573819,lying,karol
1672331690943706400,-0.0015221620375707,-0.1830902851129928,-0.3558495291276463,-0.8792670842010327,lying,karol
1672331690953706400,-0.0103441861090521,-0.1794719297466616,-0.357664742802402,-0.8792170507995036,lying,karol
1672331690963706400,0.0034301748764902,-0.1850177425829993,-0.3548118626359393,-0.8792775917480228,lying,karol
1672331690973706400,-0.005379599103689,-0.181445874162328,-0.3566592691046175,-0.8792647506284628,lying,karol
1672331690983706400,-0.0141992807150998,-0.1778528476761705,-0.3584745401879087,-0.8791624656381319,lying,karol
1672331690993706400,-0.0004102352077919,-0.1834497984709817,-0.3556544443890777,-0.8792723260379414,lying,karol
1672331691003706400,-0.009222989091047,-0.1798987959424506,-0.35749192843199,-0.8792126014082056,lying,karol
1672331691013706400,0.0046065972389417,-0.185529117622845,-0.3546335541832342,-0.8792364307842234,lying,karol
1672331691023706400,-0.004185326224229,-0.1820330113166762,-0.3564891704925783,-0.8792189082049346,lying,karol
1672331691033706400,-0.0130013315730173,-0.1785075527344506,-0.3583156354215114,-0.8791131300038509,lying,karol
1672331691043706400,-0.0218180581447028,-0.1749560050982095,-0.3601093234046224,-0.8789195837575678,lying,karol
1672331691053706400,-0.0355224082778617,-0.1693618031535645,-0.3628145851058513,-0.8784556480402483,lying,karol
1672331691063706400,-0.026618017883741,-0.1730559023284534,-0.3610914500211042,-0.8787605633283443,lying,karol
1672331691073706400,-0.0128398989480141,-0.1787219422988143,-0.3583430435905322,-0.879060810477782,lying,karol
1672331691083706400,-0.0265453244468912,-0.1731420992751913,-0.361095349932222,-0.8787441951135814,lying,karol
1672331691093706400,-0.0403010330044009,-0.1674671636626826,-0.3637649238594172,-0.8782196297158629,lying,karol
1672331691103706400,-0.0314058124417514,-0.1711075770597714,-0.3620453263088964,-0.8785915558703612,lying,karol
1672331691113706400,-0.0225040187682487,-0.1747359955337036,-0.3602864073917515,-0.8788735289589675,lying,karol
1672331691123706400,-0.0313447713641297,-0.1710792105892598,-0.36201821681709,-0.8786104368454312,lying,karol
1672331691133706400,-0.0175182345107016,-0.1767221597609184,-0.3592730577483741,-0.8790047472783555,lying,karol
1672331691143706400,-0.0312420030911362,-0.1710742316904493,-0.361982680637284,-0.878629714968673,lying,karol
1672331691153706400,-0.022338210312323,-0.1747076876822919,-0.36021924646863,-0.8789109295978556,lying,karol
1672331691163706400,-0.0134344728634651,-0.1783351897231754,-0.3584177327964793,-0.8791000569458975,lying,karol
1672331691173706400,-0.0271963830963585,-0.1727100447884099,-0.361148797031057,-0.8787873782073192,lying,karol
1672331691183706400,-0.0183222565642682,-0.1763505540977182,-0.3593645523818617,-0.8790256049672197,lying,karol
1672331691193706400,-0.0320540618363553,-0.1707303562979349,-0.3620616045242887,-0.8786348517651097,lying,karol
1672331691203706400,-0.0231728825170518,-0.1743894886071954,-0.3603090353897734,-0.87891572787308,lying,karol
1672331691213706400,-0.0320280207876563,-0.1707722844677112,-0.3620534094155524,-0.8786310408916963,lying,karol
1672331691223706400,-0.0182805102237791,-0.1764274361315796,-0.3593444951400686,-0.8790192671107553,lying,karol
1672331691233706400,-0.0093782513001187,-0.1800749403789675,-0.357545407786303,-0.879153291612875,lying,karol
1672331691243706400,-0.023135480699572,-0.174478248389433,-0.3603211560595763,-0.8788941504594424,lying,karol
1672331691253706400,-0.0093243307155217,-0.1801176806802878,-0.3575209895361031,-0.8791550491598468,lying,karol
1672331691263706400,-0.0181484209942569,-0.1765295155058853,-0.3592896657671081,-0.8790239415135832,lying,karol
1672331691273706400,-0.0043050891755049,-0.1821692823002624,-0.3564376808825605,-0.8792111224079505,lying,karol
1672331691283706400,-0.0131195611890037,-0.1786116184848081,-0.3582249826681079,-0.8791273178873905,lying,karol
1672331691293706400,-0.004179424034308,-0.1822714365936589,-0.3563755517486263,-0.8792157587929298,lying,karol
1672331691303706400,0.0047631179181082,-0.1859313566656952,-0.3544982997169447,-0.8792053498996503,lying,karol
1672331691313706400,-0.0040347873224114,-0.1824356430488862,-0.3563479723946611,-0.8791935800466638,lying,karol
1672331691323706400,-0.0128409642434815,-0.1789208212246198,-0.3581754498413174,-0.8790887868885783,lying,karol
1672331691333706400,-0.0216605022742043,-0.1753835431163583,-0.359972367115797,-0.8788945653136961,lying,karol
1672331691343706400,-0.03049389163361,-0.1718200739140398,-0.3617309868394825,-0.8786142675545556,lying,karol
1672331691353706400,-0.0215895927603812,-0.1755316156644873,-0.3599808481984807,-0.878863304943569,lying,karol
1672331691363706400,-0.0126837196183193,-0.1792291640409502,-0.358193581582501,-0.8790209269237381,lying,karol
1672331691373706400,-0.0215149248244798,-0.1756827128430713,-0.3599865729980215,-0.8788326248861774,lying,karol
1672331691383706400,-0.0352545438575537,-0.1700772129166611,-0.3626941982363712,-0.8783781749508405,lying,karol
1672331691393706400,-0.0263668374451362,-0.1737640677497541,-0.3609549256343681,-0.8786847200477451,lying,karol
1672331691403706400,-0.0352181139605998,-0.1701500671811984,-0.3626885617464557,-0.8783678716087202,lying,karol
1672331691413706400,-0.0214378442462707,-0.1758355586492232,-0.3599760745337872,-0.8788082759694374,lying,karol
1672331691423706400,-0.0302880477417672,-0.1722251902299998,-0.3617364814363324,-0.8785398872699397,lying,karol
1672331691433706400,-0.0165110525598736,-0.1778846071559931,-0.3589955101138602,-0.8789033987414834,lying,karol
1672331691443706400,-0.0302153356333212,-0.1722806755962773,-0.3617260644631702,-0.8785358136676262,lying,karol
1672331691453706400,-0.0213216000774151,-0.1759368728411899,-0.3599554162599424,-0.8787993138555125,lying,karol
1672331691463706400,-0.0301599244001114,-0.1723224483872186,-0.3616959933113931,-0.8785419179470073,lying,karol
1672331691473706400,-0.0212578321218713,-0.1759918474894138,-0.3599164884434485,-0.8788058084821765,lying,karol
1672331691483706400,-0.0350139987360795,-0.1703591865215514,-0.3626140854382582,-0.8783663019095241,lying,karol
1672331691493706400,-0.0261148740097911,-0.1740328697176106,-0.3608531119793814,-0.8786809360398081,lying,karol
1672331691503706400,-0.0172108043985206,-0.1776974263656308,-0.3590562537716842,-0.8789030754652013,lying,karol
1672331691513706400,-0.0309141932023866,-0.1721083965565191,-0.3617697015090081,-0.8785273513944879,lying,karol
1672331691523706400,-0.0220137438895304,-0.1757892795782094,-0.3599919880135731,-0.8787968599196382,lying,karol
1672331691533706400,-0.0357105661885687,-0.170201951167334,-0.3626830578468555,-0.8783403096816255,lying,karol
1672331691543706400,-0.0268102898853189,-0.17391532760135,-0.3609398046071713,-0.8786477104598541,lying,karol
1672331691553706400,-0.0179060924534443,-0.1776395211757836,-0.3591674536256054,-0.8788555165807986,lying,karol
1672331691563706400,-0.0316461050795195,-0.172098499398025,-0.3619164147259004,-0.8784428737490704,lying,karol
1672331691573706400,-0.0178709692587175,-0.1778437637372728,-0.3591867111642701,-0.8788070972682115,lying,karol
1672331691583706400,-0.0040623353848064,-0.1835732400681798,-0.3563621040053739,-0.8789512155107932,lying,karol
1672331691593706400,-0.0128805009145632,-0.180111117551391,-0.3582033437338346,-0.878834063429399,lying,karol
1672331691603706400,-0.0039612678996504,-0.1838485757923132,-0.356370769077554,-0.878890662568541,lying,karol
1672331691613706400,-0.0127748769625966,-0.1803799282177832,-0.358213330494009,-0.8787764511254383,lying,karol
1672331691623706400,0.0010701909223708,-0.1861076776949298,-0.3553443227700751,-0.8788391230416972,lying,karol
1672331691633706400,-0.0077163778905724,-0.1826668382182528,-0.3572128145547918,-0.8787703595709141,lying,karol
1672331691643706400,-0.0165168622652749,-0.1791933622399164,-0.3590539518644065,-0.8786138528973526,lying,karol
1672331691653706400,-0.025313599432978,-0.1756906797602599,-0.3608616185153845,-0.8783712579649562,lying,karol
1672331691663706400,-0.0163708906256114,-0.179442655745664,-0.3590854084261388,-0.8785529143197847,lying,karol
1672331691673706400,-0.0074211404679728,-0.1831885006164279,-0.3572729517573087,-0.878639986382194,lying,karol
1672331691683706400,-0.0162144470544086,-0.1797175777364742,-0.3591318972378416,-0.8784806874009801,lying,karol
1672331691693706400,-0.0299013596825283,-0.1742070371078294,-0.3619288174364874,-0.8780835763182556,lying,karol
1672331691703706400,-0.0209804278458684,-0.1779646242929456,-0.3601623437263135,-0.8783148509828999,lying,karol
1672331691713706400,-0.0297953869035713,-0.1744342283846373,-0.3619345574685293,-0.8780397697169229,lying,karol
1672331691723706400,-0.0209106312942692,-0.178169480734556,-0.3601223567773243,-0.8782914288195562,lying,karol
1672331691733706400,-0.0346842788110635,-0.1725861197852575,-0.362818313150096,-0.8778607496808299,lying,karol
1672331691743706400,-0.0258519949763294,-0.1762865749076388,-0.3609809280511974,-0.8781873940070024,lying,karol
1672331691753706400,-0.0120858703875934,-0.1819606257378821,-0.3580799299016564,-0.878515025414965,lying,karol
1672331691763706400,-0.0209861329923317,-0.1783398589135893,-0.3598097284781805,-0.8783832112828704,lying,karol
1672331691773706400,-0.0298886192697426,-0.1746288916798931,-0.3615053769179245,-0.8781747632275438,lying,karol
1672331691783706400,-0.0210576318636804,-0.1781195957075284,-0.359644331387019,-0.8784939265202187,lying,karol
1672331691793706400,-0.0299423181809174,-0.1742789343790342,-0.3613548035651932,-0.8783044308072355,lying,karol
1672331691803706400,-0.0162019553382998,-0.1796601972701096,-0.3585316066130568,-0.8787380057570857,lying,karol
1672331691813706400,-0.0073101896607304,-0.1830120771815198,-0.3566712665999211,-0.8789223348536841,lying,karol
1672331691823706400,-0.0161555946832768,-0.1791527706016643,-0.3584915095400074,-0.8788588503743611,lying,karol
1672331691833706400,-0.0250114057276221,-0.1752905500596795,-0.3602973656924728,-0.8786917833263868,lying,karol
1672331691843706400,-0.0387725355614903,-0.1694160462853752,-0.3630324852384371,-0.8782187196106837,lying,karol
1672331691853706400,-0.0250035211686031,-0.1749243024522572,-0.360377588516278,-0.8787321160284517,lying,karol
1672331691863706400,-0.033890700182081,-0.171179668936302,-0.3621844659967129,-0.878428820283682,lying,karol
1672331691873706400,-0.0250419203168136,-0.1747756551642411,-0.3605037399764412,-0.878708870753541,lying,karol
1672331691883706400,-0.0387876808375599,-0.1691272697661787,-0.363262111133542,-0.8781787951263061,lying,karol
1672331691893706400,-0.0299239427382143,-0.1728294065000028,-0.3616052896414588,-0.8784885175164003,lying,karol
1672331691903706400,-0.0210465990757036,-0.1765588839094066,-0.3599109645402092,-0.8787002033960398,lying,karol
1672331691913706400,-0.0298979027904476,-0.1730352629264919,-0.3617450535846488,-0.8783913863055228,lying,karol
1672331691923706400,-0.0209976738750094,-0.1767972811971782,-0.3600297689856647,-0.8786048211459563,lying,karol
1672331691933706400,-0.0347479609234145,-0.1712493952479853,-0.3627933504139938,-0.878130572794712,lying,karol
1672331691943706400,-0.0258359659832626,-0.1750145868238132,-0.3610593835000631,-0.8784103021729798,lying,karol
1672331691953706400,-0.0169184148263372,-0.1787669844226375,-0.35927758722223,-0.8786022610214097,lying,karol
1672331691963706400,-0.0306045414202045,-0.1732481347691473,-0.3620297870029501,-0.8782078961569166,lying,karol
1672331691973706400,-0.0442670163152159,-0.1676777124101852,-0.3646857542717293,-0.8776076515527451,lying,karol
1672331691983706400,-0.0353922617440193,-0.1714276286642372,-0.362963059418483,-0.8780000498778955,lying,karol
1672331691993706400,-0.0265099774829728,-0.1751642750667787,-0.3611993778342746,-0.8783029422711996,lying,karol
1672331692003706400,-0.0127437766482205,-0.1808760648847182,-0.3583975969301351,-0.8786005866952848,lying,karol
1672331692013706400,-0.0216031715654126,-0.1773359177911868,-0.3601906340552993,-0.8784158437706443,lying,karol
1672331692023706400,-0.0127365479045352,-0.1810391753024354,-0.3583589326573914,-0.8785829002215259,lying,karol
1672331692033706400,-0.0265029954606288,-0.1755056960157478,-0.3611246976850089,-0.87826577247098,lying,karol
1672331692043706400,-0.0176518982118939,-0.1792573023118733,-0.359302224343379,-0.8784780350241633,lying,karol
1672331692053706400,-0.031386094939505,-0.1737572952441207,-0.3620383100279497,-0.8780763892801629,lying,karol
1672331692063706400,-0.0225298124505328,-0.1775285434199153,-0.3602515979652696,-0.8783287732988272,lying,karol
1672331692073706400,-0.0087782591702228,-0.1832807807262208,-0.3574247516221028,-0.8785472799140551,lying,karol
1672331692083706400,9.960204731912504e-05,-0.1870225330391711,-0.3555581269715398,-0.8785600197729222,lying,karol
1672331692093706400,-0.0087548094739057,-0.1835356709661217,-0.3574361769853653,-0.8784896996190285,lying,karol
1672331692103706400,-0.0176061518937471,-0.1799822087249769,-0.3592809338004388,-0.8783395832978391,lying,karol
1672331692113706400,-0.0264622691198377,-0.1763705972438539,-0.361089899841635,-0.8781082198422746,lying,karol
1672331692123706400,-0.0175868044673629,-0.1800048415858909,-0.3592998637368619,-0.8783276056382486,lying,karol
1672331692133706400,-0.0264311035582747,-0.1763640262611813,-0.361100683948556,-0.8781060570175776,lying,karol
1672331692143706400,-0.0175387421787473,-0.1799812121684704,-0.3592936645110124,-0.8783359566164954,lying,karol
1672331692153706400,-0.0312486206807086,-0.1743226456145612,-0.3620514801619489,-0.8779639562036803,lying,karol
1672331692163706400,-0.0174341500011779,-0.1799515194436637,-0.3592461026962715,-0.8783635870021343,lying,karol
1672331692173706400,-0.0311679895534535,-0.1742760071659277,-0.3619936316656421,-0.8779999426730382,lying,karol
1672331692183706400,-0.0173689456370637,-0.17989308617222,-0.3591815746656894,-0.8784032440716639,lying,karol
1672331692193706400,-0.0262128557673676,-0.1762329336981306,-0.3609469668549141,-0.8782021398284183,lying,karol
1672331692203706400,-0.0399373601955632,-0.170535940746295,-0.3636256700683884,-0.8777048200150019,lying,karol
1672331692213706400,-0.0310658176679038,-0.1741684958307381,-0.361847703815948,-0.8780850620127275,lying,karol
1672331692223706400,-0.0172838594134977,-0.179811970071559,-0.3590386063475218,-0.8784799941263648,lying,karol
1672331692233706400,-0.0034971753625169,-0.1854353144188412,-0.3561455579797714,-0.8786516748565361,lying,karol
1672331692243706400,-0.0123237111339624,-0.1818800974861851,-0.3579605138799129,-0.8785778006712293,lying,karol
1672331692253706400,-0.0211528312281776,-0.1782984214895532,-0.3597356509743773,-0.8784187111870733,lying,karol
1672331692263706400,-0.0073421123483794,-0.1839322767668014,-0.3568502030368688,-0.8786580075875158,lying,karol
1672331692273706400,-0.0161863915262316,-0.1803268513287523,-0.3586473742864656,-0.8785552034958781,lying,karol
1672331692283706400,-0.0299415516977645,-0.1746534460978084,-0.3613922407525632,-0.878215398654441,lying,karol
1672331692293706400,-0.0162044903566142,-0.1802183945903121,-0.3585853851490914,-0.8786024296814484,lying,karol
1672331692303706400,-0.0299427809811539,-0.1745265210612002,-0.3613400595950234,-0.878262062062025,lying,karol
1672331692313706400,-0.0210656409569418,-0.1780832458192849,-0.3595439252995791,-0.8785429581689448,lying,karol
1672331692323706400,-0.0299169605539603,-0.174360186793677,-0.3613159948343021,-0.8783058824381019,lying,karol
1672331692333706400,-0.0210251103073434,-0.1779041230670274,-0.3595367537002962,-0.8785831580893031,lying,karol
1672331692343706400,-0.0298642804692278,-0.1741839825904679,-0.3613224168980374,-0.8783400011025075,lying,karol
1672331692353706400,-0.0209674869538548,-0.1777448579202586,-0.3595547041161788,-0.8786094314411431,lying,karol
1672331692363706400,-0.0120726754722077,-0.1813153435851871,-0.3577539059154001,-0.8787821885084546,lying,karol
1672331692373706400,-0.0209307994313213,-0.1776827955272095,-0.3595787043918421,-0.8786130463306874,lying,karol
1672331692383706400,-0.034708945903435,-0.1720296131609629,-0.3623312459810763,-0.8781709320055712,lying,karol
1672331692393706400,-0.020934050153862,-0.1777079561118068,-0.359591627393936,-0.8786026075400923,lying,karol
1672331692403706400,-0.0120523962893197,-0.1813818252765981,-0.3577806193047331,-0.8787579044189847,lying,karol
1672331692413706400,-0.0209102036028439,-0.1778395156675208,-0.3596003797412719,-0.8785729992970835,lying,karol
1672331692423706400,-0.0346324259073887,-0.172269250106719,-0.3623450360221703,-0.8781213356314562,lying,karol
1672331692433706400,-0.0257452443866363,-0.1759727776143619,-0.3605939687476349,-0.8784132766815739,lying,karol
1672331692443706400,-0.0168474544275028,-0.1796626263301927,-0.358807060243534,-0.8786137685075676,lying,karol
1672331692453706400,-0.0030909019145116,-0.1853046082568933,-0.3559654225932491,-0.878753916837688,lying,karol
1672331692463706400,-0.0119185856487891,-0.1817711756633645,-0.3578301842568667,-0.8786591769862677,lying,karol
1672331692473706400,-0.0207376632036223,-0.1781997034894469,-0.3596616069335924,-0.8784791234377589,lying,karol
1672331692483706400,-0.0295578636079529,-0.1745908794548514,-0.3614572120649036,-0.878214262857645,lying,karol
1672331692493706400,-0.0206578965366827,-0.1782364584197272,-0.359691461321013,-0.8784613482169173,lying,karol
1672331692503706400,-0.0117456008401861,-0.1818717927682142,-0.3578827132552133,-0.8786193403581071,lying,karol
1672331692513706400,-0.0205793731527933,-0.1782670507721088,-0.3597028965403901,-0.8784523202670178,lying,karol
1672331692523706400,-0.0116916563375591,-0.1818905495846866,-0.3578802669627711,-0.8786171885961067,lying,karol
1672331692533706400,-0.025441210805743,-0.1762738030588198,-0.3606790969903244,-0.8783269361754051,lying,karol
1672331692543706400,-0.0165655957141231,-0.1799151250584148,-0.3588699560864514,-0.8785418723247904,lying,karol
1672331692553706400,-0.0303415327618056,-0.1742891026643425,-0.3616401978907427,-0.8781722030906766,lying,karol
1672331692563706400,-0.0214660254229196,-0.1779507648035262,-0.3598555241489986,-0.8784327536690546,lying,karol
1672331692573706400,-0.0303188617006262,-0.1743378455151114,-0.3616301725308836,-0.8781674565148092,lying,karol
1672331692583706400,-0.0214376323156667,-0.1779890772164569,-0.3598401192187292,-0.8784320111183123,lying,karol
1672331692593706400,-0.0352026797301075,-0.1723275657516518,-0.362571020667588,-0.8779941001764954,lying,karol
1672331692603706400,-0.0263067587972528,-0.1759595818934163,-0.3607773783484771,-0.8783241297693218,lying,karol
1672331692613706400,-0.0124679209960013,-0.1815856361714688,-0.3579219326391705,-0.8786526741014865,lying,karol
1672331692623706400,-0.0262079548695845,-0.1759363109095025,-0.3606720788335241,-0.8783750015875222,lying,karol
1672331692633706400,-0.0123688120018658,-0.1815525105803047,-0.3578093270270125,-0.8787067931026252,lying,karol
1672331692643706400,0.0014095168897608,-0.1871135437633294,-0.3548817887381728,-0.8788133503976814,lying,karol
1672331692653706400,-0.0074147047561245,-0.1835317355060087,-0.3567140191681535,-0.8787967316331835,lying,karol
1672331692663706400,0.006361846749065,-0.1890862372842098,-0.3537663888613485,-0.8788189434774422,lying,karol
1672331692673706400,-0.002459734166761,-0.1855230335138919,-0.3556226674874644,-0.8788487651605902,lying,karol
1672331692683706400,-0.0161875775428137,-0.1799320373574212,-0.3584510826209252,-0.8787165260638773,lying,karol
1672331692693706400,-0.0024049652764721,-0.185500527479676,-0.355557035072891,-0.8788802301221541,lying,karol
1672331692703706400,-0.011251455305346,-0.1818890056650848,-0.3573826084179416,-0.878825900610864,lying,karol
1672331692713706400,-0.0201110642479482,-0.178237810782803,-0.359175537023887,-0.8786849618104873,lying,karol
1672331692723706400,-0.0112460040654171,-0.1818041365652203,-0.3573390014284006,-0.8788612656506932,lying,karol
1672331692733706400,-0.020108109159161,-0.1781544446699167,-0.3591389091105358,-0.8787169094972677,lying,karol
1672331692743706400,-0.028970157785528,-0.1744781367062172,-0.3609014694474903,-0.8784849155935436,lying,karol
1672331692753706400,-0.0200832918517296,-0.1780583331451352,-0.3591052623104069,-0.8787507114928722,lying,karol
1672331692763706400,-0.0063023839720596,-0.1836092624179736,-0.3562627806294253,-0.87897227764074,lying,karol
1672331692773706400,-0.015131372516542,-0.1799758897413262,-0.3580882802739756,-0.878874293947705,lying,karol
1672331692783706400,-0.0288739933383608,-0.1743044862217631,-0.3608529840166041,-0.8785424797409958,lying,karol
1672331692793706400,-0.0425966383488449,-0.1685910080188559,-0.3635145954954076,-0.8780018619019827,lying,karol
1672331692803706400,-0.0287852781188147,-0.1742286849148669,-0.3607940829271323,-0.8785846239238093,lying,karol
1672331692813706400,-0.0198800223043617,-0.1778395910391152,-0.3589853490551414,-0.8788486383178298,lying,karol
1672331692823706400,-0.0287162076368323,-0.1741960279307568,-0.3607299294972696,-0.8786197095497171,lying,karol
1672331692833706400,-0.0198128846430506,-0.1778096973972851,-0.3589180018560718,-0.8788837178732316,lying,karol
1672331692843706400,-0.0060477873175342,-0.1833760934898462,-0.3560629384799588,-0.8791037384488418,lying,karol
1672331692853706400,-0.0148867271168099,-0.1797637475070342,-0.3578643433799454,-0.8790131192568514,lying,karol
1672331692863706400,-0.0237318628379463,-0.1761251670945065,-0.3596276981906143,-0.8788357181483138,lying,karol
1672331692873706400,-0.0325817250351306,-0.1724616820491386,-0.3613528476675903,-0.8785710559145388,lying,karol
1672331692883706400,-0.0236958419452834,-0.1760731016749283,-0.3595614567649388,-0.8788742317412881,lying,karol
1672331692893706400,-0.0099322013820935,-0.1816603605226789,-0.3567355854902124,-0.8791519657649499,lying,karol
1672331692903706400,0.0039025323967504,-0.187242638679707,-0.3538128934285334,-0.8792093034810416,lying,karol
1672331692913706400,-0.0097820868882575,-0.1817119206014226,-0.3566699118645786,-0.8791696463077401,lying,karol
1672331692923706400,-0.0008698650148335,-0.1852920581286789,-0.3547999423338314,-0.8792330216891255,lying,karol
1672331692933706400,-0.009688763213199,-0.1817072907088314,-0.3566386015316731,-0.8791843436782204,lying,karol
1672331692943706400,-0.0185338128561658,-0.1780899804997568,-0.358450388172002,-0.8790457299962467,lying,karol
1672331692953706400,-0.0096283020067894,-0.1816884460977643,-0.3566311176718857,-0.8791919449006785,lying,karol
1672331692963706400,-0.0184752532585833,-0.1780788214625762,-0.3584472427174916,-0.8790505132309607,lying,karol
1672331692973706400,-0.0046396353196776,-0.1836806061475505,-0.3556025423685392,-0.8792351107808031,lying,karol
1672331692983706400,-0.0134758905693411,-0.1800974061509282,-0.3574336369269381,-0.8791428595247156,lying,karol
1672331692993706400,-0.022313157606677,-0.1764921723318321,-0.3592327742039026,-0.8789608111009027,lying,karol
1672331693003706400,-0.0084933159213731,-0.1821088649573786,-0.3564255790806424,-0.8792000340148822,lying,karol
1672331693013706400,-0.0173416718484163,-0.1785207243074223,-0.358260156134956,-0.8790602696638251,lying,karol
1672331693023706400,-0.0261910155560756,-0.1749072709729287,-0.3600586887889329,-0.8788326969986878,lying,karol
1672331693033706400,-0.0172893892222206,-0.1785398688830855,-0.3582880297943901,-0.879046064689923,lying,karol
1672331693043706400,-0.0034554496811763,-0.1841632612605316,-0.3554547633969302,-0.879199398052193,lying,karol
1672331693053706400,0.0054681109162786,-0.1877876440036,-0.3535838818786948,-0.8791769278712431,lying,karol
1672331693063706400,-0.0033591808345939,-0.1842673256132286,-0.3554626372376917,-0.8791747995906573,lying,karol
1672331693073706400,-0.0121959426450176,-0.1807232197227198,-0.3572978578473829,-0.8790883791233045,lying,karol
1672331693083706400,-0.0210354897852674,-0.1771484219504545,-0.359096566554495,-0.8789160231413817,lying,karol
1672331693093706400,-0.0347331011349298,-0.171541936302605,-0.3618129490935545,-0.8784794558341682,lying,karol
1672331693103706400,-0.0209824476040113,-0.1771767236669221,-0.3590807255520648,-0.8789180729314803,lying,karol
1672331693113706400,-0.0347113874077921,-0.171549393816679,-0.3618074217736362,-0.8784811476706558,lying,karol
1672331693123706400,-0.0258197258843358,-0.1751919784826892,-0.3600595773009315,-0.8787866850441697,lying,karol
1672331693133706400,-0.0120346225594908,-0.1808125100324931,-0.35728478901666,-0.8790775974396786,lying,karol
1672331693143706400,-0.0031051758149106,-0.1844364874885425,-0.3554555808847476,-0.8791431763573482,lying,karol
1672331693153706400,-0.0167780864207514,-0.1788948929221881,-0.3583124572161001,-0.8789739287224203,lying,karol
1672331693163706400,-0.0029799857043492,-0.1844980091521165,-0.3554873506515996,-0.8791178731006905,lying,karol
1672331693173706400,-0.0118233453506016,-0.180932613846688,-0.3573529832157595,-0.8790280680097919,lying,karol
1672331693183706400,-0.0206915012526423,-0.1773364144505429,-0.3591835620941987,-0.8788508065171157,lying,karol
1672331693193706400,-0.0295669719183995,-0.1737140092966227,-0.3609798446651504,-0.8785844951037027,lying,karol
1672331693203706400,-0.0206974084183576,-0.1773624841744044,-0.359232387092902,-0.8788254657122745,lying,karol
1672331693213706400,-0.0295657094473059,-0.1737524119092422,-0.3610359699566794,-0.8785538989716398,lying,karol
1672331693223706400,-0.0206876464223856,-0.177403227891473,-0.3593007420453628,-0.8787895468257616,lying,karol
1672331693233706400,-0.0295492485098295,-0.1737883983503878,-0.3611160628103048,-0.878514437534352,lying,karol
1672331693243706400,-0.0206710256059802,-0.1774362069077742,-0.3593855999709809,-0.878748600636747,lying,karol
1672331693253706400,-0.0117824883364673,-0.1810799439225739,-0.3576142358177323,-0.8788920950787691,lying,karol
1672331693263706400,-0.0206313485108788,-0.1774952124402444,-0.359454541331609,-0.8787094384547163,lying,karol
1672331693273706400,-0.0343473951971386,-0.1718760877917076,-0.3622078456593052,-0.8782667064900361,lying,karol
1672331693283706400,-0.0254658610943546,-0.1755300120982437,-0.3604705145127942,-0.878561206478332,lying,karol
1672331693293706400,-0.0116922686311977,-0.1811619362805385,-0.3576997340048077,-0.8788416467325098,lying,karol
1672331693303706400,-0.020548403012745,-0.1775606957686567,-0.3595410623989759,-0.8786627900382712,lying,karol
1672331693313706400,-0.0343065654620692,-0.1719215819073347,-0.3623155329617838,-0.8782150157846793,lying,karol
1672331693323706400,-0.0254373689448157,-0.1755771184292632,-0.3605967078729796,-0.878500870583164,lying,karol
1672331693333706400,-0.0116310953226811,-0.18123414383053,-0.3578265624529962,-0.8787759792149231,lying,karol
1672331693343706400,-0.0204819649785089,-0.1776415414963279,-0.3596686695190506,-0.8785958140177704,lying,karol
1672331693353706400,-0.0342299334548937,-0.1719923612140559,-0.3624392008276766,-0.8781531552486606,lying,karol
1672331693363706400,-0.025374885131343,-0.1756170509929205,-0.360719027828047,-0.8784445124673486,lying,karol
1672331693373706400,-0.0165175389783987,-0.179226620437424,-0.3589644496774174,-0.8786453988084214,lying,karol
1672331693383706400,-0.0076546237183226,-0.1828282785131474,-0.3571755369593402,-0.8787542878615413,lying,karol
1672331693393706400,-0.0165167686963076,-0.1792130592973106,-0.3590430405013017,-0.8786160814197875,lying,karol
1672331693403706400,-0.0302250872760323,-0.1735716453648117,-0.3618363574708783,-0.8782380306842659,lying,karol
1672331693413706400,-0.0213489544491362,-0.1771842508268347,-0.3600999218042461,-0.8784909115930758,lying,karol
1672331693423706400,-0.0124618184350851,-0.1807825567240275,-0.358321950161419,-0.8786558100877578,lying,karol
1672331693433706400,0.0013156764599221,-0.1863449979817072,-0.3554743048249359,-0.8787377997144111,lying,karol
1672331693443706400,-0.0075318568560113,-0.1827426431057276,-0.3573630627491505,-0.8786969552109376,lying,karol
1672331693453706400,-0.0163916776204158,-0.1791147203373715,-0.3592144908580433,-0.8785684314707459,lying,karol
1672331693463706400,-0.002594715455299,-0.1847145942912908,-0.3563835229854863,-0.8787109251784373,lying,karol
1672331693473706400,-0.0114465779837567,-0.1811121821949745,-0.3582549592856175,-0.8786290841998109,lying,karol
1672331693483706400,-0.0202950741377986,-0.1774872257756137,-0.360087685077275,-0.8784597857431738,lying,karol
1672331693493706400,-0.0114098457970658,-0.1811068676112276,-0.358298339535449,-0.8786129811189916,lying,karol
1672331693503706400,-0.0251149226554733,-0.1754936989984631,-0.3611009038767846,-0.8783198181354666,lying,karol
1672331693513706400,-0.0339734708345783,-0.1718300517204282,-0.3628669866929382,-0.8780183144007375,lying,karol
1672331693523706400,-0.0250978720662421,-0.1754741545230708,-0.3611218734403058,-0.8783156013234764,lying,karol
1672331693533706400,-0.0388388034807045,-0.1698023021176255,-0.3638367887580667,-0.8778097256853555,lying,karol
1672331693543706400,-0.0299690664320333,-0.1734648739330825,-0.3621155910705327,-0.8781528929835688,lying,karol
1672331693553706400,-0.0210884857381622,-0.1771198312437678,-0.3603566283301564,-0.8784050136009727,lying,karol
1672331693563706400,-0.0121965644268879,-0.1807656365023809,-0.3585587798208873,-0.8785664858466116,lying,karol
1672331693573706400,-0.0210484896648611,-0.1771566115523146,-0.3603774446023238,-0.878390030980818,lying,karol
1672331693583706400,-0.007264027078038,-0.1827926016758473,-0.3575684982702004,-0.8786053340427131,lying,karol
1672331693593706400,0.0016221612371106,-0.1864171049364368,-0.3557222810554133,-0.878621743645793,lying,karol
1672331693603706400,-0.0072252187605282,-0.1828518289716282,-0.3576053449033389,-0.8785783478048749,lying,karol
1672331693613706400,-0.0160804617569543,-0.1792496624787813,-0.3594532059475598,-0.8784491296978997,lying,karol
1672331693623706400,-0.0298485087790146,-0.1735900771366358,-0.3622413736601859,-0.8780804374665284,lying,karol
1672331693633706400,-0.020967557609474,-0.1772288088149411,-0.3604921764477979,-0.8783303656223788,lying,karol
1672331693643706400,-0.0120849344596047,-0.1808581055836753,-0.3587097157068792,-0.8784874408449149,lying,karol
1672331693653706400,-0.0258020477052865,-0.1752358620494073,-0.3615200285737208,-0.8781790671881927,lying,karol
1672331693663706400,-0.0395103854981261,-0.1695590255570387,-0.3642369848903555,-0.8776609009833464,lying,karol
1672331693673706400,-0.0306440552935111,-0.1732047066435774,-0.3625222884584468,-0.8780132380911801,lying,karol
1672331693683706400,-0.0217709412021387,-0.1768429134661274,-0.3607691798709888,-0.8782749030888768,lying,karol
1672331693693706400,-0.0128954269587002,-0.1804757115010968,-0.358978887306655,-0.8784446440928247,lying,karol
1672331693703706400,-0.0217413670354143,-0.1768613802380854,-0.3607928829321357,-0.8782621946547141,lying,karol
1672331693713706400,-0.0080024795091052,-0.1824893784579034,-0.3579929510975329,-0.8784891972368603,lying,karol
1672331693723706400,-0.0168514347535834,-0.1788911597902414,-0.3598219798147364,-0.8783568596267614,lying,karol
1672331693733706400,-0.0079721194408147,-0.1825267296189033,-0.3579978329893148,-0.8784797371295036,lying,karol
1672331693743706400,0.0058290090975746,-0.1881412878729779,-0.3550888460917555,-0.8784927199591792,lying,karol
1672331693753706400,-0.0030001643511283,-0.1845861764122217,-0.3569652131103032,-0.8785006878527982,lying,karol
1672331693763706400,-0.0118423548151692,-0.1809974487022031,-0.3588035058369226,-0.8784238246498669,lying,karol
1672331693773706400,-0.0206891123169045,-0.1773774997446142,-0.3606041036426392,-0.8782611016967605,lying,karol
1672331693783706400,-0.0117917468561635,-0.1810092924032651,-0.3587859424846586,-0.8784292501087549,lying,karol
1672331693793706400,-0.0206244100256822,-0.1773851622791092,-0.3605865951415934,-0.8782682757082255,lying,karol
1672331693803706400,-0.0294780601312855,-0.1737189252285249,-0.3623449873977483,-0.8780248369025725,lying,karol
1672331693813706400,-0.0206041581218716,-0.1773437277886887,-0.3605554960062236,-0.8782898929150202,lying,karol
1672331693823706400,-0.0117305569149412,-0.1809613299597525,-0.3587343168134785,-0.8784610507996469,lying,karol
1672331693833706400,-0.0205835970580152,-0.1773356372000868,-0.3605369828758403,-0.8782996162277376,lying,karol
1672331693843706400,-0.011692566411244,-0.1809792897928262,-0.3587298359709042,-0.878459699035857,lying,karol
1672331693853706400,-0.0205327581565771,-0.1773690430187864,-0.3605476133381711,-0.878289711740097,lying,karol
1672331693863706400,-0.0342968208278174,-0.1716899697538637,-0.3633000329598142,-0.8778542885057276,lying,karol
1672331693873706400,-0.0254195337541967,-0.1753346644181387,-0.3615544623605561,-0.8781564600018038,lying,karol
1672331693883706400,-0.0165381872219776,-0.1789724273387919,-0.3597653238692498,-0.8783695549039237,lying,karol
1672331693893706400,-0.0302391186545015,-0.1733370846341452,-0.3625077686691884,-0.8780072792152719,lying,karol
1672331693903706400,-0.0213487743862816,-0.1769808108482017,-0.3607173000845133,-0.8782789276629343,lying,karol
1672331693913706400,-0.0124434778372252,-0.180610237273188,-0.3588853823017742,-0.8784618465694333,lying,karol
1672331693923706400,-0.0261423616326516,-0.1749746219252273,-0.3616398298106899,-0.878171925880277,lying,karol
1672331693933706400,-0.0172509584469724,-0.1785917905438453,-0.3598280156279919,-0.8784076626928661,lying,karol
1672331693943706400,-0.0260867437655736,-0.1749369414162882,-0.3615874926431287,-0.8782026450934584,lying,karol
1672331693953706400,-0.0171958992629353,-0.1785615022440164,-0.3597870139708935,-0.8784317021558657,lying,karol
1672331693963706400,-0.026033905687889,-0.174916340463461,-0.3615612073917336,-0.8782191473079718,lying,karol
1672331693973706400,-0.0397396745590861,-0.1692277159529002,-0.3642434923621921,-0.8777119645415411,lying,karol
1672331693983706400,-0.0259663518626781,-0.1748859701521186,-0.3615397364456715,-0.8782360442464769,lying,karol
1672331693993706400,-0.0348142123578399,-0.1712158047535897,-0.3632834149740068,-0.8779334668339908,lying,karol
1672331694003706400,-0.0259385918478095,-0.1748544021321548,-0.3615341761211095,-0.8782454488362008,lying,karol
1672331694013706400,-0.0170608442648441,-0.1784840207892116,-0.3597515518595082,-0.8784646335343996,lying,karol
1672331694023706400,-0.0259132181217795,-0.1748433721465271,-0.3615361703932408,-0.8782475822507003,lying,karol
1672331694033706400,-0.0347603608766213,-0.171177113878742,-0.3632797688853527,-0.8779446730684866,lying,karol
1672331694043706400,-0.0258772051725047,-0.1748111328931131,-0.3615266302172614,-0.8782589986475363,lying,karol
1672331694053706400,-0.034708894280446,-0.171134349548691,-0.363262328014287,-0.8779622723080569,lying,karol
1672331694063706400,-0.0258150636603055,-0.1747605400539771,-0.3614994908523447,-0.8782820757800813,lying,karol
1672331694073706400,-0.0346563739510784,-0.1710772470206588,-0.363228945918282,-0.8779892942000381,lying,karol
1672331694083706400,-0.0257714862015442,-0.1747148306628486,-0.3614699756001095,-0.8783046054783783,lying,karol
1672331694093706400,-0.0346050420718385,-0.1710615039800476,-0.3632038132602517,-0.8780047940461291,lying,karol
1672331694103706400,-0.0257124902673206,-0.1747218687191406,-0.3614470883985327,-0.8783143667970807,lying,karol
1672331694113706400,-0.0168072015486019,-0.1783767834126033,-0.3596521875169863,-0.8785320403595669,lying,karol
1672331694123706400,-0.0079009049540819,-0.1820183431214022,-0.3578166603718928,-0.8786598587127292,lying,karol
1672331694133706400,-0.0167320556059671,-0.1784274712527219,-0.359618255167651,-0.8785370840963106,lying,karol
1672331694143706400,-0.0078234906969025,-0.1820767851173379,-0.3577770444030286,-0.8786645875758773,lying,karol
1672331694153706400,-0.0215431108424385,-0.1764938555859636,-0.3605610178972843,-0.878436459055075,lying,karol
1672331694163706400,-0.0126290187498535,-0.1801608605764703,-0.3587280294093594,-0.8786158628046512,lying,karol
1672331694173706400,-0.0214501568595257,-0.1765738498660538,-0.3604953048564662,-0.8784496440536622,lying,karol
1672331694183706400,-0.0076286188273399,-0.1822353436926308,-0.35764634277804,-0.8786866718714522,lying,karol
1672331694193706400,0.0062039667027773,-0.1878648144327717,-0.354705673899944,-0.8787043366286987,lying,karol
1672331694203706400,-0.0026014784941743,-0.1843329745816619,-0.3565437645031905,-0.8787264920306803,lying,karol
1672331694213706400,-0.0114086765255773,-0.1807723347502101,-0.3583478727754416,-0.8786621288060155,lying,karol
1672331694223706400,0.0023608402743368,-0.1863754123605629,-0.3554470893080931,-0.8787406555710411,lying,karol
1672331694233706400,-0.0064524190104027,-0.18281183430814,-0.3572811462471953,-0.8787249470074845,lying,karol
1672331694243706400,-0.0152755508114406,-0.1792130495117734,-0.3590811381007129,-0.8786234893457275,lying,karol
1672331694253706400,-0.0289526415531988,-0.17359061090057,-0.3618082473856414,-0.8782892488936179,lying,karol
1672331694263706400,-0.0426608382398611,-0.1678996080804854,-0.3644524149309797,-0.8777433504650286,lying,karol
1672331694273706400,-0.0337714711966842,-0.17155263754254,-0.3627134854075537,-0.8781442343713978,lying,karol
1672331694283706400,-0.0248700017447703,-0.1752005884618384,-0.3609413388811563,-0.8784513568932153,lying,karol
1672331694293706400,-0.0385561407254116,-0.1695453873862479,-0.3636158595121974,-0.8779638388879457,lying,karol
1672331694303706400,-0.0296685734956017,-0.173193831623396,-0.3618649443261432,-0.8783203592877461,lying,karol
1672331694313706400,-0.0207884867338811,-0.1768267769587402,-0.3600800202791675,-0.8785850758887573,lying,karol
1672331694323706400,-0.0118887968031884,-0.1804575719929974,-0.3582569620228849,-0.878757591684865,lying,karol
1672331694333706400,0.0019022274263874,-0.1860587366730138,-0.3553692973945143,-0.8788403909813007,lying,karol
1672331694343706400,-0.0069292107130493,-0.1824879909951425,-0.3572171786851187,-0.8788146886429997,lying,karol
1672331694353706400,-0.015759340563675,-0.1788862369553983,-0.3590315923692045,-0.87870184495882,lying,karol
1672331694363706400,-0.0019858481790574,-0.1844815682259825,-0.3561788038738959,-0.878845000708412,lying,karol
1672331694373706400,-0.010800258950683,-0.180906382392651,-0.358005715526071,-0.8787817821251872,lying,karol
1672331694383706400,-0.0245033038285042,-0.175307746710241,-0.3607720140621888,-0.8785098884040351,lying,karol
1672331694393706400,-0.0382161116199735,-0.1696520243288047,-0.3634500819045321,-0.8780267973425868,lying,karol
1672331694403706400,-0.0293135973152416,-0.1733115118613707,-0.361695758451917,-0.8783788037890404,lying,karol
1672331694413706400,-0.0204007482513986,-0.1769628404229733,-0.3599059356790192,-0.8786381531730397,lying,karol
1672331694423706400,-0.0114878791941176,-0.1806026373928168,-0.3580832850298786,-0.8788039672167909,lying,karol
1672331694433706400,-0.0203275300080971,-0.1769950831683288,-0.359873988195458,-0.8786464532992746,lying,karol
1672331694443706400,-0.0340623546201192,-0.1713382878884548,-0.3625843171351929,-0.8782282797880766,lying,karol
1672331694453706400,-0.020277221929373,-0.1769969832877398,-0.3598371696469624,-0.8786623198400736,lying,karol
1672331694463706400,-0.029128904281222,-0.1733845135894838,-0.3615951225426679,-0.8784120073130166,lying,karol
1672331694473706400,-0.0202409702299192,-0.1770465703539724,-0.3598228486621854,-0.8786590437695381,lying,karol
1672331694483706400,-0.0113344568496456,-0.1806994716455506,-0.3580203127985545,-0.878811745002298,lying,karol
1672331694493706400,-0.0250970825930938,-0.175094835604511,-0.3608160328757624,-0.8785175783859651,lying,karol
1672331694503706400,-0.0162014214165627,-0.1787524299235197,-0.3590261761880303,-0.8787233414274657,lying,karol
1672331694513706400,-0.0023792110805623,-0.1843896506192893,-0.3561598184687185,-0.878871101811811,lying,karol
1672331694523706400,-0.0112072055323759,-0.1808193817087312,-0.3579739839970362,-0.8788076124309059,lying,karol
1672331694533706400,-0.0249094154635404,-0.1752151974117484,-0.3607213286042504,-0.8785378372563264,lying,karol
1672331694543706400,-0.0386170853060329,-0.1695466792778681,-0.3633785897610277,-0.8780592846539014,lying,karol
1672331694553706400,-0.0297146880121544,-0.1731902815683017,-0.3616082537354957,-0.8784253564811267,lying,karol
1672331694563706400,-0.0159216845485797,-0.1788234397828433,-0.3588195940999198,-0.8787984173934974,lying,karol
1672331694573706400,-0.0247545110872179,-0.1752035946249053,-0.3605846058022768,-0.8786006764424636,lying,karol
1672331694583706400,-0.0335944812452745,-0.1715616885369098,-0.3623186792525851,-0.8783124014990235,lying,karol
1672331694593706400,-0.0198382383711442,-0.1772111579551335,-0.3595790534703421,-0.878734924325708,lying,karol
1672331694603706400,-0.0286788812358296,-0.1735945169935114,-0.3613388464907868,-0.8784908808554829,lying,karol
1672331694613706400,-0.01977895911013,-0.1772434416719285,-0.3595563613049345,-0.8787390476075444,lying,karol
1672331694623706400,-0.0335023418612627,-0.1716037620513173,-0.3622763989319182,-0.8783251662525036,lying,karol
1672331694633706400,-0.0246268499980185,-0.1752311134903897,-0.3605154757543131,-0.8786271786008198,lying,karol
1672331694643706400,-0.0334678354700003,-0.1715746401786409,-0.3622560475906942,-0.8783405731114141,lying,karol
1672331694653706400,-0.0245685038846514,-0.1752041966444796,-0.3604952933150597,-0.8786424693337016,lying,karol
1672331694663706400,-0.0156610347736814,-0.1788295116308886,-0.3587023256545784,-0.8788497909573978,lying,karol
1672331694673706400,-0.029415580752124,-0.1731859300458665,-0.361462885587456,-0.8784961722281726,lying,karol
1672331694683706400,-0.0431472515825422,-0.1674967401483702,-0.3641278081918445,-0.8779314846420694,lying,karol
1672331694693706400,-0.0342422436468799,-0.1711489668999108,-0.3624075688396561,-0.8783312932702058,lying,karol
1672331694703706400,-0.0253270470405841,-0.1747873996718359,-0.3606494695119642,-0.878640701894655,lying,karol
1672331694713706400,-0.0115526743886504,-0.180395775966291,-0.3578621085450663,-0.8789358557640694,lying,karol
1672331694723706400,0.0022536083372235,-0.1859952755580945,-0.3549783635169408,-0.8790111936827754,lying,karol
1672331694733706400,-0.0065532908052669,-0.1824520561623361,-0.3568190193102828,-0.8789869962812714,lying,karol
1672331694743706400,-0.0202656495928352,-0.1768846144105199,-0.3596152218148213,-0.8787762473353145,lying,karol
1672331694753706400,-0.0113546106514087,-0.1805357983554144,-0.3577904391898048,-0.8789388925286301,lying,karol
1672331694763706400,0.0023967333043171,-0.1861388221193492,-0.3549067733670699,-0.8790093658964186,lying,karol
1672331694773706400,-0.0064406222239988,-0.182600034767374,-0.3567470975348916,-0.8789863215832958,lying,karol
1672331694783706400,-0.0152771801228458,-0.1790330872547179,-0.3585501984873701,-0.878877253325913,lying,karol
1672331694793706400,-0.0014987438976861,-0.1846520895850717,-0.3556829678730065,-0.8790112100498564,lying,karol
1672331694803706400,-0.0103264041142145,-0.1811020401625605,-0.3575063544996027,-0.8789507138539973,lying,karol
1672331694813706400,0.0035050633491418,-0.1867247708186119,-0.3545989406346559,-0.8790056390364499,lying,karol
1672331694823706400,-0.0053143801547304,-0.1831898933021845,-0.3564444918188983,-0.8789939166671503,lying,karol
1672331694833706400,-0.0141394038300048,-0.1796279903891584,-0.3582559586329501,-0.8788949337506184,lying,karol
1672331694843706400,-0.0229752200134472,-0.1760365912609817,-0.3600341305350897,-0.8787084100104022,lying,karol
1672331694853706400,-0.0367258208407565,-0.1703897880995584,-0.3627343956465448,-0.8782437538062723,lying,karol
1672331694863706400,-0.0278448934497008,-0.1740410935186732,-0.3609827648933298,-0.8785759000077136,lying,karol
1672331694873706400,-0.0189501421112764,-0.1776788271611266,-0.3592013771712318,-0.8788147219954471,lying,karol
1672331694883706400,-0.0100476824948355,-0.1813029882954462,-0.357386949588194,-0.8789611293463608,lying,karol
1672331694893706400,-0.0011311678518252,-0.1849157590198814,-0.3555376858387781,-0.8790151731697838,lying,karol
1672331694903706400,-0.0099578085488538,-0.1813391656254341,-0.3573898884051758,-0.8789535055850302,lying,karol
1672331694913706400,-0.0236970520885568,-0.1757219170704463,-0.3601986556622858,-0.8786848379293436,lying,karol
1672331694923706400,-0.0374510926247408,-0.1700424247918504,-0.3629180840867809,-0.8782046015273702,lying,karol
1672331694933706400,-0.0285625553090425,-0.1736822027850053,-0.3611839628387389,-0.8785412321278597,lying,karol
1672331694943706400,-0.0196653866128967,-0.1773252608525291,-0.3594096578386285,-0.8787853047123769,lying,karol
1672331694953706400,-0.0058362986474288,-0.182971056913675,-0.3565752167824531,-0.8789832454376337,lying,karol
1672331694963706400,0.0079800646654616,-0.1885846944574696,-0.3536534528838238,-0.8789603403677939,lying,karol
1672331694973706400,-0.0008503245938827,-0.1850679440589186,-0.3555279714088488,-0.8789874400276533,lying,karol
1672331694983706400,-0.0096885515402026,-0.1815115664534474,-0.3573648378589701,-0.8789311641607837,lying,karol
1672331694993706400,-0.0185326509316722,-0.1779218640548829,-0.3591650023235809,-0.8787893930803414,lying,karol
1672331695003706400,-0.0096346246472358,-0.1815589896269291,-0.3573354511794811,-0.8789339213635027,lying,karol
1672331695013706400,-0.0233376729366843,-0.1759850894545575,-0.3601155294301221,-0.8786759205774575,lying,karol
1672331695023706400,-0.0144253839939706,-0.1796279201456978,-0.358303104141883,-0.8788711981984072,lying,karol
1672331695033706400,-0.0006122209961806,-0.185239255166638,-0.3554311902779646,-0.8789907303855126,lying,karol
1672331695043706400,-0.0142873925879768,-0.1796983033344956,-0.3582727920077771,-0.8788714362308068,lying,karol
1672331695053706400,-0.005363312872851,-0.1833219091142868,-0.3564318279368246,-0.8789713770794602,lying,karol
1672331695063706400,-0.0141903178509148,-0.1797314232483751,-0.3582589307456444,-0.8788718997506189,lying,karol
1672331695073706400,-0.0052934207657696,-0.1833395204302902,-0.3564193429763187,-0.878973199983974,lying,karol
1672331695083706400,-0.0141616890823728,-0.1797387926828229,-0.3582468351059897,-0.8788757921291471,lying,karol
1672331695093706400,-0.0279488275263384,-0.1741052157156835,-0.3610250250016034,-0.8785426661314998,lying,karol
1672331695103706400,-0.0190686055724089,-0.1777561969664821,-0.3592571129245795,-0.8787738670818543,lying,karol
1672331695113706400,-0.0327779170548172,-0.172147203323377,-0.3620122494515253,-0.8783553688659554,lying,karol
1672331695123706400,-0.0238962576560734,-0.1758002540284486,-0.3602812901858414,-0.87863002506956,lying,karol
1672331695133706400,-0.0101338063160726,-0.1814251841275773,-0.3575032418950246,-0.8788877867896485,lying,karol
1672331695143706400,-0.0189869828738883,-0.1778281902163226,-0.359322048347618,-0.8787345477168513,lying,karol
1672331695153706400,-0.005177497776595,-0.1834511470581926,-0.3564767529025301,-0.8789273654803014,lying,karol
1672331695163706400,-0.0140164059961161,-0.1798634383219827,-0.3582987346588601,-0.8788315134476082,lying,karol
1672331695173706400,-0.0228475896064038,-0.1762513296119724,-0.3600848714656044,-0.8786480987413567,lying,karol
1672331695183706400,-0.0139375744458358,-0.1798819868142201,-0.3582768322235993,-0.8788379130320227,lying,karol
1672331695193706400,-0.0001435158423755,-0.1854803426415697,-0.3554175831246342,-0.8789456898854657,lying,karol
1672331695203706400,-0.0089846903644406,-0.181911436817054,-0.3572807402367631,-0.8788902951914799,lying,karol
1672331695213706400,-0.0227075174821475,-0.1763248412759973,-0.360093916776683,-0.8786332999909963,lying,karol
1672331695223706400,-0.0138192999988948,-0.179967742250545,-0.3583070254942365,-0.8788099413758506,lying,karol
1672331695233706400,-0.0226723884095596,-0.1763735112537681,-0.3601210812791459,-0.8786133210296418,lying,karol
1672331695243706400,-0.0088739617964377,-0.182015662104558,-0.3573265600206885,-0.878851243482543,lying,karol
1672331695253706400,-0.0177361480367777,-0.1784142045301403,-0.3591665128397769,-0.8787055564725484,lying,karol
1672331695263706400,-0.0088527421791904,-0.1820301124849261,-0.3573627220142672,-0.8788337725304392,lying,karol
1672331695273706400,-0.0177098676093332,-0.1784176601669994,-0.359197477857936,-0.878692737850759,lying,karol
1672331695283706400,-0.0314359380332686,-0.1727746891033782,-0.3619572625444749,-0.8783039872494932,lying,karol
1672331695293706400,-0.0225599993458518,-0.1764020704189997,-0.360206566775047,-0.8785754716633437,lying,karol
1672331695303706400,-0.0362892469641503,-0.1707349056875451,-0.3629376964766387,-0.8781111517162165,lying,karol
1672331695313706400,-0.0274087568175072,-0.1743674771317347,-0.3612100250613339,-0.8784317589294123,lying,karol
1672331695323706400,-0.0410892676381983,-0.1687020226073317,-0.3638999408072608,-0.8778943209239897,lying,karol
1672331695333706400,-0.0322166402500771,-0.1723402758557016,-0.3621883692908069,-0.8782658026116913,lying,karol
1672331695343706400,-0.0233235456536863,-0.1759748458741524,-0.3604356824388688,-0.8785472743609315,lying,karol
1672331695353706400,-0.009497746149399,-0.1816142248322929,-0.3576332948117741,-0.8788030682114467,lying,karol
1672331695363706400,-0.0183443108617603,-0.1780220984786397,-0.3594535654328759,-0.8786552825714296,lying,karol
1672331695373706400,-0.0321039245256695,-0.1723825858374608,-0.3622044757837339,-0.8782550113012629,lying,karol
1672331695383706400,-0.0232249833577943,-0.1760362276286576,-0.3604461065218142,-0.8785333393881032,lying,karol
1672331695393706400,-0.036929500081865,-0.1704079821462008,-0.3631552323290959,-0.8780580846994763,lying,karol
1672331695403706400,-0.0231507469065821,-0.1760960034416459,-0.3604428494819032,-0.8785246720488172,lying,karol
1672331695413706400,-0.0320059061326031,-0.1724722109423485,-0.3622085121926575,-0.878239359580503,lying,karol
1672331695423706400,-0.0231252837427457,-0.1761297548728922,-0.3604540907195698,-0.8785139798982047,lying,karol
1672331695433706400,-0.031967691879329,-0.1725074631640023,-0.3622225343569042,-0.878228060871049,lying,karol
1672331695443706400,-0.045641605633205,-0.1668528502012408,-0.3648784100603315,-0.8776167629988316,lying,karol
1672331695453706400,-0.0367605795156042,-0.1705297335143195,-0.3631784729497336,-0.8780319754752955,lying,karol
1672331695463706400,-0.0278687875198169,-0.1741995902788762,-0.3614384067547714,-0.8783567676257228,lying,karol
1672331695473706400,-0.0140757013403112,-0.1798633376575659,-0.3586610384126965,-0.8786830080578312,lying,karol
1672331695483706400,-0.0002862975366942,-0.1854911936891635,-0.3557964449814217,-0.8787902781155196,lying,karol
1672331695493706400,-0.0140115985746249,-0.1799394766631842,-0.358652792046135,-0.8786718236190064,lying,karol
1672331695503706400,-0.0002146826585159,-0.1855611793165796,-0.3557863558440801,-0.8787796208160525,lying,karol
1672331695513706400,-0.0090516849023523,-0.1819970607953532,-0.3576501983225437,-0.8787218194273774,lying,karol
1672331695523706400,0.0047498069167683,-0.1876018488397228,-0.3547669705653687,-0.8787456732900852,lying,karol
1672331695533706400,-0.0040724572169478,-0.1840455728385128,-0.3566586447905781,-0.8787353645467758,lying,karol
1672331695543706400,-0.0129158835205318,-0.1804532140169868,-0.3585207121780815,-0.8786371925400661,lying,karol
1672331695553706400,0.0008967459029128,-0.1860650007456673,-0.3556675035590599,-0.8787208033827091,lying,karol
1672331695563706400,-0.0079349568236738,-0.18249524829854,-0.3575471842533818,-0.8786712451776859,lying,karol
1672331695573706400,-0.0167657639975804,-0.1789041517185769,-0.3593841367042092,-0.8785362232662561,lying,karol
1672331695583706400,-0.0029368131172477,-0.1845513664218937,-0.3565347182390485,-0.8786841397111083,lying,karol
1672331695593706400,0.0108867584587158,-0.1901707936949941,-0.353593742138209,-0.8786117929878543,lying,karol
1672331695603706400,0.0020616872805265,-0.1866611859580804,-0.3554908010972133,-0.8786639440382035,lying,karol
1672331695613706400,-0.0067679568826255,-0.1831243456454506,-0.357351567310215,-0.8786297439068569,lying,karol
1672331695623706400,-0.0156053036448132,-0.1795551444017507,-0.3591802574996189,-0.8785082146257429,lying,karol
1672331695633706400,-0.0067154562521883,-0.1832034915178736,-0.3573473876044181,-0.8786153642214453,lying,karol
1672331695643706400,-0.015556243171016,-0.1796237382476423,-0.3591745909692168,-0.8784973949341157,lying,karol
1672331695653706400,-0.0243899519448804,-0.1760109903846267,-0.3609649370608532,-0.8782939897727566,lying,karol
1672331695663706400,-0.0105642827223157,-0.1816580956551837,-0.3581540662433321,-0.8785699555090549,lying,karol
1672331695673706400,0.0032184877050538,-0.1872502319744774,-0.3552702438977075,-0.8786243951486828,lying,karol
1672331695683706400,-0.0056112411858794,-0.1836752230272933,-0.3571526577096784,-0.8786038352437866,lying,karol
1672331695693706400,-0.0144623513335846,-0.1800692335604889,-0.3589972342246608,-0.8784974107660622,lying,karol
1672331695703706400,-0.0006779788318629,-0.1856835452622378,-0.3561332065020289,-0.8786131757511745,lying,karol
1672331695713706400,0.013110704621482,-0.1912712063782419,-0.3531875709343191,-0.8785060025859878,lying,karol
1672331695723706400,0.0042567640649833,-0.1877390840263323,-0.3551189449662991,-0.878576851662695,lying,karol
1672331695733706400,-0.0045831758496379,-0.1841796914424007,-0.3570246293675321,-0.8785562567563856,lying,karol
1672331695743706400,-0.0134473497474937,-0.1805782724951392,-0.3589085223716238,-0.8784453260121783,lying,karol
1672331695753706400,-0.0045822803430221,-0.1841916142039096,-0.3571137742853243,-0.8785175478596778,lying,karol
1672331695763706400,-0.0183835758986825,-0.1785663135922196,-0.3600113151117426,-0.8783159239356686,lying,karol
1672331695773706400,-0.0046427847816904,-0.1841687420936641,-0.3572177144961092,-0.878479784861414,lying,karol
1672331695783706400,-0.0135078938608403,-0.1805625411719239,-0.3590993651926372,-0.8783696692286553,lying,karol
1672331695793706400,0.0002350847561394,-0.1861723123897228,-0.3562596318583828,-0.8784587809834024,lying,karol
1672331695803706400,-0.0086253902610525,-0.1825967194644677,-0.3581463793388905,-0.878399776530221,lying,karol
1672331695813706400,-0.0174878627779205,-0.1789929955951308,-0.3599930789768208,-0.8782548809937216,lying,karol
1672331695823706400,-0.0086174223535524,-0.1826300527507255,-0.3581869267363718,-0.8783764082874089,lying,karol
1672331695833706400,-0.0174768908618979,-0.1790242584240537,-0.360032208109264,-0.8782327034673659,lying,karol
1672331695843706400,-0.0312213678005236,-0.1733709143382086,-0.3628092281697562,-0.877842940875841,lying,karol
1672331695853706400,-0.0223473372000437,-0.1770158296055078,-0.3610536265006305,-0.8781100712243455,lying,karol
1672331695863706400,-0.0134718799932715,-0.1806507088321601,-0.3592643170079476,-0.8782847028264923,lying,karol
1672331695873706400,-0.0223298629899027,-0.1770201364244236,-0.3610895231106718,-0.8780949018084486,lying,karol
1672331695883706400,-0.0311984080603058,-0.1733587157227679,-0.3628792955962251,-0.877817234099764,lying,karol
1672331695893706400,-0.022349322068411,-0.1769943881447081,-0.3611336368495005,-0.8780814701681943,lying,karol
1672331695903706400,-0.0134911253348624,-0.1806194537992075,-0.3593561018403041,-0.8782533148892188,lying,karol
1672331695913706400,-0.0272077177364996,-0.1749809082139703,-0.3621634801024283,-0.8779237662123853,lying,karol
1672331695923706400,-0.0134604549190371,-0.1806116667988188,-0.3594080940306862,-0.8782341264678858,lying,karol
1672331695933706400,0.00032700317452,-0.1862273961372067,-0.3565577893564763,-0.878326205213494,lying,karol
1672331695943706400,-0.0085225961979915,-0.1826384770096889,-0.3584391141755132,-0.8782727909837165,lying,karol
1672331695953706400,-0.0222780127010751,-0.1770123585559077,-0.3612764431082861,-0.8780209572096402,lying,karol
1672331695963706400,-0.0134104155851697,-0.1806572701676923,-0.3594908508224373,-0.8781916696726674,lying,karol
1672331695973706400,-0.0271261108860842,-0.1750404541561608,-0.3622922595560773,-0.8778613316332066,lying,karol
1672331695983706400,-0.018257392788477,-0.1787073444831524,-0.3605268851918888,-0.8780785399273935,lying,karol
1672331695993706400,-0.0093721453658589,-0.1823780675122527,-0.3587251318203601,-0.8782015203413323,lying,karol
1672331696003706400,-0.0182118318046431,-0.1788028384186442,-0.3605718946600256,-0.8780415909874454,lying,karol
1672331696013706400,-0.0319330140316097,-0.1731888221522522,-0.3633483375312679,-0.8776304343076217,lying,karol
1672331696023706400,-0.0230591957800001,-0.1768904686794176,-0.3615985228421,-0.8778928465114532,lying,karol
1672331696033706400,-0.0141859723735121,-0.1805835325850621,-0.3598097422677221,-0.8780641366070545,lying,karol
1672331696043706400,-0.023038718653851,-0.1770045230052931,-0.3616270829259037,-0.877858660581773,lying,karol
1672331696053706400,-0.0141665727060061,-0.1807086986995741,-0.3598259337670603,-0.8780320941096315,lying,karol
1672331696063706400,-0.0278997771825914,-0.1751267940180329,-0.3626103306129103,-0.8776886523591388,lying,karol
1672331696073706400,-0.0190388301098749,-0.1788311400975518,-0.3608113532777174,-0.8779200149419429,lying,karol
1672331696083706400,-0.0101605474861699,-0.18252587035374,-0.3589709874251802,-0.8780617075367934,lying,karol
1672331696093706400,-0.0190126087683131,-0.1789496436164568,-0.3607823521035099,-0.8779083792574788,lying,karol
1672331696103706400,-0.0101349480913018,-0.1826237512945976,-0.3589434969605176,-0.8780529111121721,lying,karol
1672331696113706400,-0.0239028024528052,-0.1770090872022388,-0.3617590073433979,-0.877780369625388,lying,karol
1672331696123706400,-0.0150327738666592,-0.1806727853579944,-0.3599440234703712,-0.8779767612566979,lying,karol
1672331696133706400,-0.023892638958676,-0.177048745277136,-0.3617423251288761,-0.8777795395496503,lying,karol
1672331696143706400,-0.0150243918464412,-0.1806852116080079,-0.3599312895540032,-0.8779795815554485,lying,karol
1672331696153706400,-0.02387570962389,-0.1770284346739032,-0.3617416509637581,-0.8777843859334195,lying,karol
1672331696163706400,-0.0150105584876382,-0.1806436049956932,-0.3599457481548286,-0.8779824633328482,lying,karol
1672331696173706400,-0.0287342384405833,-0.174971556649317,-0.3627426920546885,-0.87763809407325,lying,karol
1672331696183706400,-0.0198858637881016,-0.1785734249233209,-0.3609773818357261,-0.8778855338393424,lying,karol
1672331696193706400,-0.0110459541854281,-0.1821593137240991,-0.3591825737698922,-0.8780406915365889,lying,karol
1672331696203706400,-0.0248403073170491,-0.1764700478743813,-0.3620247236280703,-0.8777533807176943,lying,karol
1672331696213706400,-0.033720217015669,-0.1727689114147727,-0.3638165412909873,-0.8774525645937442,lying,karol
1672331696223706400,-0.0248789928018677,-0.1763959698131954,-0.362088161536216,-0.8777410232796663,lying,karol
1672331696233706400,-0.016032869594355,-0.1800183475421802,-0.3603260486995371,-0.8779368647226753,lying,karol
1672331696243706400,-0.02982773451604,-0.1743258660080962,-0.3631442771900347,-0.8775640750755384,lying,karol
1672331696253706400,-0.016130109305235,-0.1799488705534488,-0.3604084608421217,-0.8779155156189538,lying,karol
1672331696263706400,-0.0072705225004652,-0.1835594393990178,-0.3586003702830622,-0.8780265067055192,lying,karol
1672331696273706400,-0.0210308595669274,-0.1779050641049262,-0.3614573551971235,-0.8777971202418047,lying,karol
1672331696283706400,-0.0298732507650117,-0.1742314953283177,-0.3632500350716991,-0.8775375280719845,lying,karol
1672331696293706400,-0.0210097002180757,-0.1778624751964762,-0.3614884171038967,-0.8777934819910879,lying,karol
1672331696303706400,-0.0121303013226219,-0.181492029955096,-0.3596881474214864,-0.8779576812313682,lying,karol
1672331696313706400,-0.0209863772545611,-0.177845730153361,-0.3615203058964147,-0.8777843157114439,lying,karol
1672331696323706400,-0.0121291752987849,-0.1814760400714335,-0.3597270681790338,-0.8779450716026524,lying,karol
1672331696333706400,-0.0258833060934433,-0.1758493025189812,-0.3625473499445025,-0.8776322106298233,lying,karol
1672331696343706400,-0.0347828325355928,-0.1722007816549008,-0.364333977226029,-0.8773081679347671,lying,karol
1672331696353706400,-0.0259673044100959,-0.1758816846295384,-0.3626104576915983,-0.8775971937947771,lying,karol
1672331696363706400,-0.0171469118480504,-0.1795502154465062,-0.3608546374965149,-0.8777946821118481,lying,karol
1672331696373706400,-0.0309319699845498,-0.1738821336106426,-0.3636661695891046,-0.8773978714653489,lying,karol
1672331696383706400,-0.0221166370597231,-0.177516140803239,-0.3619338380811828,-0.8776529383909882,lying,karol
1672331696393706400,-0.0310141660175215,-0.1738132697114086,-0.3637418687125881,-0.877377253595701,lying,karol
1672331696403706400,-0.0173014327536427,-0.1794362681522518,-0.360998956609167,-0.8777556461920208,lying,karol
1672331696413706400,-0.0084636931299629,-0.1830312318736415,-0.3591873074673977,-0.8778863006562523,lying,karol
1672331696423706400,-0.017340483132456,-0.179363701077158,-0.3610327271038645,-0.877755828240691,lying,karol
1672331696433706400,-0.0262139423128137,-0.1756663336983602,-0.3628386787167856,-0.8775387308868228,lying,karol
1672331696443706400,-0.0173642594065387,-0.1792561697717622,-0.3610582397542926,-0.8777668403978754,lying,karol
1672331696453706400,-0.0262291658935829,-0.1755308051668422,-0.3628603415113881,-0.8775564468863488,lying,karol
1672331696463706400,-0.0173708739038335,-0.179098129585588,-0.3610752517805159,-0.8777919794961561,lying,karol
1672331696473706400,-0.0084982080426589,-0.1826579231056735,-0.3592519442755107,-0.8779372950854151,lying,karol
1672331696483706400,-0.0173496956561508,-0.1789575609773408,-0.361085767619519,-0.8778167487669323,lying,karol
1672331696493706400,-0.0035753027845093,-0.1845296752900426,-0.3582482121054617,-0.877989885301749,lying,karol
1672331696503706400,-0.0172877346027162,-0.1788668461482298,-0.3611076147645001,-0.8778274823514713,lying,karol
1672331696513706400,-0.0261515357948396,-0.1751599496893429,-0.3629143248180796,-0.8776105649623703,lying,karol
1672331696523706400,-0.0173108443461151,-0.1787493205827313,-0.3611492125437481,-0.8778338636039283,lying,karol
1672331696533706400,-0.0035226486934167,-0.1843489698804377,-0.3583172892326369,-0.8779998907428102,lying,karol
1672331696543706400,-0.0123792291297769,-0.1806727155369529,-0.3601790684755763,-0.8779220985517026,lying,karol
1672331696553706400,-0.0212324531689095,-0.1769599954338691,-0.3619990466638708,-0.8777602685607383,lying,karol
1672331696563706400,-0.0123555620885674,-0.1805221489585272,-0.3602039710369462,-0.8779431967453178,lying,karol
1672331696573706400,0.001394290425466,-0.1860518836009636,-0.3573465802084418,-0.8780422799778497,lying,karol
1672331696583706400,-0.0074385582276068,-0.1823639197859549,-0.3592135231284233,-0.8780237993883337,lying,karol
1672331696593706400,-0.0211922980829133,-0.1766128495992945,-0.3620369889522419,-0.8778155238059336,lying,karol
1672331696603706400,-0.0122959450568422,-0.1801510030459504,-0.3602382642236776,-0.8780062161233871,lying,karol
1672331696613706400,0.0014800373606439,-0.1856674127285756,-0.3573763311029367,-0.8781114307458547,lying,karol
1672331696623706400,-0.0073245753808007,-0.1819741799215565,-0.3592236377848717,-0.8781014975333308,lying,karol
1672331696633706400,0.0065028143220875,-0.1875191881166585,-0.3563051407607429,-0.8781304191774328,lying,karol
1672331696643706400,-0.0023042525433204,-0.1838857433092619,-0.358147894508828,-0.8781702184229103,lying,karol
1672331696653706400,-0.0111228293328957,-0.1802450499844583,-0.3599423368783472,-0.8781239355557308,lying,karol
1672331696663706400,-0.0199453715831026,-0.1765886808929707,-0.3616949141641189,-0.8779906271802185,lying,karol
1672331696673706400,-0.0110483935138282,-0.1802107792201856,-0.3598448453323998,-0.8781718698046695,lying,karol
1672331696683706400,-0.0247563465579783,-0.1745471387280527,-0.3625749132152794,-0.8779134324168056,lying,karol
1672331696693706400,-0.0109574026921291,-0.1801829842473465,-0.3597541201663208,-0.878215889821459,lying,karol
1672331696703706400,-0.019781967990991,-0.1765284411182189,-0.36152221170056,-0.8780775751109182,lying,karol
1672331696713706400,-0.0060188118383252,-0.1821256220378073,-0.3586904377962507,-0.8782979905164942,lying,karol
1672331696723706400,-0.0148521794298956,-0.1784646733583158,-0.3604880253093057,-0.8782085850099941,lying,karol
1672331696733706400,-0.0011066868968677,-0.1840175087474723,-0.3576367853324522,-0.8783532471603586,lying,karol
1672331696743706400,-0.0099314319933759,-0.1803424852158495,-0.3594583916142006,-0.8783164515612009,lying,karol
1672331696753706400,-0.0187507417248517,-0.1766228205804437,-0.361245441795317,-0.8781951356942278,lying,karol
1672331696763706400,-0.004961394954593,-0.1821496330246704,-0.3584243915620818,-0.8784082404411363,lying,karol
1672331696773706400,-0.01376479243781,-0.1784287309669775,-0.3602286033192801,-0.878340063729503,lying,karol
1672331696783706400,4.050077708146055e-05,-0.1839358336466973,-0.357375811814148,-0.8784772863839314,lying,karol
1672331696793706400,-0.0087742581504773,-0.1802181098493754,-0.3591980766587272,-0.8784608150651683,lying,karol
1672331696803706400,0.0050231210288691,-0.1857052170094905,-0.3563174798220958,-0.8785205867900975,lying,karol
1672331696813706400,-0.0037825180998307,-0.1820024866371072,-0.3581544516838337,-0.8785547304453287,lying,karol
1672331696823706400,-0.0126131935674646,-0.1782590684087099,-0.3599585014977436,-0.8785025553714102,lying,karol
1672331696833706400,-0.0214553447501156,-0.1744884437822622,-0.3617219751068665,-0.8783637780967488,lying,karol
1672331696843706400,-0.0303040437179495,-0.17069518707578,-0.3634312246081487,-0.8781428331933082,lying,karol
1672331696853706400,-0.0214243743585743,-0.1742137415721763,-0.3616440667352538,-0.8784511473364722,lying,karol
1672331696863706400,-0.0302689262810035,-0.1704265098235497,-0.3633264220988984,-0.8782396006583322,lying,karol
1672331696873706400,-0.0165242407612949,-0.175937948519325,-0.3605624239115213,-0.8786579667414621,lying,karol
1672331696883706400,-0.0302306965562196,-0.1701412069810631,-0.3632117800382555,-0.8783436590578259,lying,karol
1672331696893706400,-0.02133948427528,-0.1736405433422996,-0.361428075714049,-0.8786555925746836,lying,karol
1672331696903706400,-0.0350440639872408,-0.1678186079351944,-0.364069476585064,-0.8782565527267416,lying,karol
1672331696913706400,-0.0261546082708743,-0.171311646634146,-0.3623506706391832,-0.8786026351786329,lying,karol
1672331696923706400,-0.0172581814506353,-0.1747882272729058,-0.3606236907555508,-0.8788481941274503,lying,karol
1672331696933706400,-0.0083739595152443,-0.1782387938846089,-0.358892510842098,-0.8789933842442622,lying,karol
1672331696943706400,-0.0172307495702831,-0.1744245640107044,-0.3607460513225145,-0.8788708083735064,lying,karol
1672331696953706400,-0.0309949970377616,-0.168555746507312,-0.3635240035184019,-0.8784936337527204,lying,karol
1672331696963706400,-0.0221713855653854,-0.171979646995013,-0.3619130175449558,-0.8787621775353737,lying,karol
1672331696973706400,-0.0360024199229989,-0.1660051805649157,-0.364681257120694,-0.8783088004449854,lying,karol
1672331696983706400,-0.0222823200001889,-0.1713663074596779,-0.3621562719872315,-0.8787791007868914,lying,karol
1672331696993706400,-0.0311719416843585,-0.1673448458823198,-0.363975797750578,-0.8785320538205461,lying,karol
1672331697003706400,-0.0173787370090635,-0.1726396968673756,-0.3614126492482013,-0.8789468297908994,lying,karol
1672331697013706400,-0.0035602163129302,-0.1778763093599303,-0.3587714841571595,-0.8791494134250429,lying,karol
1672331697023706400,-0.0123756378670898,-0.1738328757329518,-0.3606428545667122,-0.8791127659758088,lying,karol
1672331697033706400,-0.0211856216669762,-0.1697457666504656,-0.3624508386812118,-0.8789998368619523,lying,karol
1672331697043706400,-0.0299879239572773,-0.1656490861634153,-0.3641887184871394,-0.8788069593124548,lying,karol
1672331697053706400,-0.0210454374173928,-0.168921310618425,-0.3625215672532103,-0.8791330691349403,lying,karol
1672331697063706400,-0.0298491201158506,-0.1649129949805095,-0.3642114345439859,-0.878940871635323,lying,karol
1672331697073706400,-0.0209113704378608,-0.1682742288929855,-0.362518159676642,-0.8792618916232425,lying,karol
1672331697083706400,-0.0070539943931491,-0.1736698457122587,-0.3598066345643208,-0.8795468655150324,lying,karol
1672331697093706400,-0.0158865554517019,-0.1697943828423955,-0.3614970868379586,-0.8794952476736991,lying,karol
1672331697103706400,-0.0247358220290868,-0.1659212492609409,-0.3631373191860987,-0.8793544073972788,lying,karol
1672331697113706400,-0.0385036873682296,-0.160015553175848,-0.3656349400435593,-0.8789187856159469,lying,karol
1672331697123706400,-0.0295898166834103,-0.1635512740398074,-0.3639430109500212,-0.879315407599198,lying,karol
1672331697133706400,-0.0433410400364833,-0.1577150834558391,-0.3664084722080807,-0.8787872508931069,lying,karol
1672331697143706400,-0.0344112084494258,-0.1613092720895183,-0.3647445903596761,-0.8792219731503197,lying,karol
1672331697153706400,-0.048106548462296,-0.1554958772891464,-0.3671720738797512,-0.8786160594146509,lying,karol
1672331697163706400,-0.0342798485580451,-0.1611275637587392,-0.3646458659709544,-0.879301384903158,lying,karol
1672331697173706400,-0.025325827835719,-0.1647283904495359,-0.3629601238442059,-0.8796350682342713,lying,karol
1672331697183706400,-0.0163499619564328,-0.1683540085774919,-0.3612475458099716,-0.8798662235868452,lying,karol
1672331697193706400,-0.0251363825737385,-0.1647084892469819,-0.3629079825254483,-0.8796657510212992,lying,karol
1672331697203706400,-0.0161628997174925,-0.1683957505789742,-0.3612151212282199,-0.8798750116504158,lying,karol
1672331697213706400,-0.0249457472297121,-0.1647930466591267,-0.3628909138958279,-0.8796623910238409,lying,karol
1672331697223706400,-0.0386667761141886,-0.1591162638851631,-0.3654363484569423,-0.8791575259404891,lying,karol
1672331697233706400,-0.0297095164975179,-0.1628264950477653,-0.3638214882377981,-0.879496217441314,lying,karol
1672331697243706400,-0.0158189174909011,-0.1685612332044175,-0.3612349259405409,-0.8798414659239604,lying,karol
1672331697253706400,-0.0246290666792026,-0.1649607724023743,-0.3629386033619459,-0.8796202231743772,lying,karol
1672331697263706400,-0.0156833562474184,-0.1686656729925963,-0.3612751596229769,-0.879807368603443,lying,karol
1672331697273706400,-0.0244931439738191,-0.1650847801901623,-0.3629671541175494,-0.8795889830018563,lying,karol
1672331697283706400,-0.010625646122691,-0.1708358648666579,-0.3603295345162592,-0.879852074065674,lying,karol
1672331697293706400,-0.0193935542793488,-0.1673024571999717,-0.3620183822747076,-0.879688197422694,lying,karol
1672331697303706400,-0.028155276684268,-0.1637356654831728,-0.3636652482322777,-0.8794432158353345,lying,karol
1672331697313706400,-0.0369107741588834,-0.1601328045752522,-0.3652696958510311,-0.8791177483184526,lying,karol
1672331697323706400,-0.0279112241263085,-0.1638810907590738,-0.3635943454548684,-0.8794532429290196,lying,karol
1672331697333706400,-0.0366598217683252,-0.1602905555615005,-0.3651816904909275,-0.8791360808388768,lying,karol
1672331697343706400,-0.0502581548002536,-0.1546612615989715,-0.36758676491406,-0.8784696480488217,lying,karol
1672331697353706400,-0.036407900492693,-0.1604777425775058,-0.365065811093465,-0.87916055139972,lying,karol
1672331697363706400,-0.0274197480662109,-0.1642684942192122,-0.3633611918503863,-0.8794928359152172,lying,karol
1672331697373706400,-0.0361879453644607,-0.1607255816735699,-0.3649314205307266,-0.8791801779672043,lying,karol
1672331697383706400,-0.0272070103261948,-0.1645331702111432,-0.3632188344358604,-0.8795087961804855,lying,karol
1672331697393706400,-0.0182233929970521,-0.1683375666317833,-0.3614652074886257,-0.8797433307767933,lying,karol
1672331697403706400,-0.0270015905788991,-0.1648355546672628,-0.363074243556241,-0.8795182323260257,lying,karol
1672331697413706400,-0.0357931850163056,-0.1612993538637152,-0.3646525686883913,-0.8792070075912699,lying,karol
1672331697423706400,-0.0268327846270423,-0.1650907804908474,-0.3629382606489482,-0.879531672542958,lying,karol
1672331697433706400,-0.0356236192907768,-0.1615440954350336,-0.3645205048963976,-0.879223742479768,lying,karol
1672331697443706400,-0.0266529692228714,-0.1653410144289465,-0.3628015033180596,-0.8795465778474827,lying,karol
1672331697453706400,-0.0354336362970912,-0.1618019558096319,-0.364384663588735,-0.8792403358511379,lying,karol
1672331697463706400,-0.0264532329361509,-0.165589451113751,-0.3626653931287267,-0.8795620282278909,lying,karol
1672331697473706400,-0.0174713593559425,-0.1693648207906238,-0.3609097316627401,-0.8797895689349376,lying,karol
1672331697483706400,-0.0262458535330922,-0.1658487120661985,-0.3625436255761046,-0.8795696182521047,lying,karol
1672331697493706400,-0.0398988040633256,-0.1602878249854091,-0.3650494217517646,-0.8790506683488623,lying,karol
1672331697503706400,-0.0309093471559751,-0.1640867184934516,-0.3633762486926596,-0.8794049985416813,lying,karol
1672331697513706400,-0.0219018243316241,-0.1678743036219207,-0.3616604584272583,-0.8796678700075344,lying,karol
1672331697523706400,-0.0306467555216715,-0.1643436375887852,-0.3632937544069357,-0.8794003339080781,lying,karol
1672331697533706400,-0.0442425392525481,-0.1587719715110062,-0.3657725333695082,-0.8788173296791713,lying,karol
1672331697543706400,-0.0303942838425391,-0.1645721132055565,-0.3632020355378826,-0.8794042896778328,lying,karol
1672331697553706400,-0.0214107246137071,-0.168355676767153,-0.3614801555582316,-0.8796621439328295,lying,karol
1672331697563706400,-0.0301924296929477,-0.1648372448633688,-0.3631306654992052,-0.8793910901529997,lying,karol
1672331697573706400,-0.016295638816133,-0.1706530023530056,-0.3604785186723957,-0.8797401554630823,lying,karol
1672331697583706400,-0.0250717819142371,-0.1671709692831575,-0.3621745110180401,-0.8795057862196624,lying,karol
1672331697593706400,-0.0387462100878419,-0.1616469820106599,-0.3647571764593478,-0.8789748337168477,lying,karol
1672331697603706400,-0.0297710019918118,-0.1654812240264286,-0.3631179433695646,-0.8792898406398088,lying,karol
1672331697613706400,-0.0159031694727892,-0.1713096259544798,-0.3604917417267914,-0.8796143792043717,lying,karol
1672331697623706400,-0.0295637194246732,-0.1658227820150306,-0.3631334362404788,-0.8792261299356077,lying,karol
1672331697633706400,-0.0383298028003481,-0.1623120276590115,-0.3647732858160675,-0.8788639321241284,lying,karol
1672331697643706400,-0.0293325385975938,-0.1661412923714758,-0.3630791055537143,-0.8791962311709606,lying,karol
1672331697653706400,-0.0380520646618194,-0.16263687706137,-0.3646820494644553,-0.878853869041683,lying,karol
1672331697663706400,-0.0290244740552575,-0.1664774458569586,-0.3629458094354,-0.8791979732731724,lying,karol
1672331697673706400,-0.0426799480854501,-0.160943082486,-0.3654301633624213,-0.8786424219440309,lying,karol
1672331697683706400,-0.0288264600996741,-0.166807479582404,-0.3627774228976103,-0.8792115061961986,lying,karol
1672331697693706400,-0.0424387304844053,-0.1613226778165066,-0.3652455727060464,-0.8786613223323806,lying,karol
1672331697703706400,-0.0334464983510588,-0.1652028235511982,-0.3635041005150203,-0.8790507949059835,lying,karol
1672331697713706400,-0.0244559490817059,-0.1690787667710507,-0.3617272411785099,-0.8793428943881865,lying,karol
1672331697723706400,-0.0105788892926958,-0.1749435720204312,-0.3589498127791427,-0.879610245451537,lying,karol
1672331697733706400,-0.0193359388700445,-0.1715528623884394,-0.3606139038198049,-0.8794485428244871,lying,karol
1672331697743706400,-0.0280982177114054,-0.1681290469509436,-0.3622463673823107,-0.8792025601670482,lying,karol
1672331697753706400,-0.0368656248481884,-0.1646680937408128,-0.3638449997815625,-0.8788735303354974,lying,karol
1672331697763706400,-0.0278921570550569,-0.1685076384379397,-0.3620743496982277,-0.8792075659210415,lying,karol
1672331697773706400,-0.0189153125900122,-0.1723197840888655,-0.3602543393984056,-0.8794552494929712,lying,karol
1672331697783706400,-0.0276958171350108,-0.1688292452864175,-0.3618664381987086,-0.8792377219886418,lying,karol
1672331697793706400,-0.0187230898613467,-0.1725952105401605,-0.3600204315884643,-0.8795011809609523,lying,karol
1672331697803706400,-0.027496134750344,-0.1690603673728641,-0.3616138676165279,-0.8793035294812126,lying,karol
1672331697813706400,-0.0135749079576798,-0.1747937105321554,-0.3587878371832685,-0.8796652372879874,lying,karol
1672331697823706400,-0.0223329123236543,-0.1712410580960038,-0.3604161362455051,-0.8795196073048921,lying,karol
1672331697833706400,-0.0310923555313342,-0.1676692555345658,-0.3620175038410749,-0.879284045362167,lying,karol
1672331697843706400,-0.0220939577805016,-0.1713930818028845,-0.3602071255716498,-0.8795816885135882,lying,karol
1672331697853706400,-0.0308576957431493,-0.1678540968716772,-0.3618352809531772,-0.8793320883953479,lying,karol
1672331697863706400,-0.0218749706467669,-0.1716108803583636,-0.3600436474102142,-0.8796116698126649,lying,karol
1672331697873706400,-0.008044071703838,-0.1773453599291277,-0.3572409724474359,-0.8798521299382585,lying,karol
1672331697883706400,-0.0168351230456725,-0.1738917713619885,-0.3589342003977823,-0.879728070061026,lying,karol
1672331697893706400,-0.0078828360541631,-0.1776657591363468,-0.3570786709010175,-0.8798548793825295,lying,karol
1672331697903706400,-0.021631225039272,-0.1722183820474693,-0.3597460944907246,-0.8796208009632326,lying,karol
1672331697913706400,-0.0078643085872177,-0.1779810931331903,-0.3569436915129652,-0.8798461285865625,lying,karol
1672331697923706400,-0.0167098722627469,-0.1745545323980225,-0.3586659023987889,-0.8797087186775042,lying,karol
1672331697933706400,-0.0255636014636534,-0.1710962654637403,-0.3603687628898466,-0.8794794633094397,lying,karol
1672331697943706400,-0.0166490371865048,-0.1748793236545842,-0.3585927352751369,-0.8796752349202812,lying,karol
1672331697953706400,-0.0028192029448065,-0.1806137043576627,-0.3557910961810082,-0.8798071985772105,lying,karol
1672331697963706400,-0.0116196619361116,-0.1771494382597331,-0.3575801656500503,-0.8797140347306786,lying,karol
1672331697973706400,-0.0204195132774392,-0.173637353420911,-0.359335909515048,-0.8795385956783058,lying,karol
1672331697983706400,-0.0341162447103714,-0.1680761605133648,-0.3619970214503638,-0.8791029465517018,lying,karol
1672331697993706400,-0.0202884570229585,-0.1737861338669165,-0.3593059948477461,-0.8795244914581383,lying,karol
1672331698003706400,-0.0339733750970972,-0.1682310184488676,-0.3619648626519317,-0.8790921262290396,lying,karol
1672331698013706400,-0.0476498728895681,-0.1626334427572248,-0.3645332370400547,-0.8784490823681709,lying,karol
1672331698023706400,-0.038733663117969,-0.1663804473477396,-0.3628508514948887,-0.8788822195474493,lying,karol
1672331698033706400,-0.0298070470285205,-0.1701276875024964,-0.361127430893258,-0.8792227043769373,lying,karol
1672331698043706400,-0.0208859976439402,-0.1738648277969747,-0.3593670865584534,-0.87947006675682,lying,karol
1672331698053706400,-0.0346168121750625,-0.1683219613589442,-0.3620243206868329,-0.8790252088701828,lying,karol
1672331698063706400,-0.0257006552206448,-0.172052490661291,-0.3602774237639373,-0.8793265335138649,lying,karol
1672331698073706400,-0.034535567360123,-0.1684884137760998,-0.3619639189200727,-0.8790214155655048,lying,karol
1672331698083706400,-0.0482211911407817,-0.1628723099833492,-0.364512799219746,-0.878382229728088,lying,karol
1672331698093706400,-0.0344505402167076,-0.1685786354811061,-0.3618745609729409,-0.8790442618791697,lying,karol
1672331698103706400,-0.0206761909538029,-0.1742404151207644,-0.3591434514461456,-0.8794921112764397,lying,karol
1672331698113706400,-0.0295012978049844,-0.1706387021332785,-0.3608255832498943,-0.8792580023985932,lying,karol
1672331698123706400,-0.0205711455975709,-0.1742783422230323,-0.3590229587515889,-0.8795362646531772,lying,karol
1672331698133706400,-0.0342692305755542,-0.1686413520571463,-0.3616476901174196,-0.8791327023313991,lying,karol
1672331698143706400,-0.0204817272963599,-0.1742402698263482,-0.3589157191861569,-0.8795896689795718,lying,karol
1672331698153706400,-0.0293168752851118,-0.1705880444814134,-0.3606130785017513,-0.8793611905446396,lying,karol
1672331698163706400,-0.0430626032039876,-0.1648847252858189,-0.363210402339826,-0.878814258953961,lying,karol
1672331698173706400,-0.0519072186088034,-0.1611584576048767,-0.3648388627750302,-0.8783529231948444,lying,karol
1672331698183706400,-0.0430165265738724,-0.1647708669273206,-0.3631881159202599,-0.8788470839238435,lying,karol
1672331698193706400,-0.0341106237254181,-0.1683873812856488,-0.3615111075271166,-0.879243733877048,lying,karol
1672331698203706400,-0.0252014324201201,-0.1720065641388538,-0.359804214615743,-0.8795437635132182,lying,karol
1672331698213706400,-0.0162892401363992,-0.1756393240915574,-0.3580600467543646,-0.879747789406871,lying,karol
1672331698223706400,-0.0024799445890817,-0.1812641317056723,-0.3552772533462177,-0.8798823376600741,lying,karol
1672331698233706400,-0.0113164472145776,-0.1777492244901457,-0.3571018262185267,-0.8797915325740291,lying,karol
1672331698243706400,-0.0201545946675578,-0.1742246325166229,-0.3589016657278963,-0.8796060981386216,lying,karol
1672331698253706400,-0.0289948595749407,-0.1706857250038086,-0.3606799178189406,-0.8793255533519526,lying,karol
1672331698263706400,-0.015156077202006,-0.1764095181523199,-0.3579869904692224,-0.8796437152865004,lying,karol
1672331698273706400,-0.0239960610318424,-0.1728844871874849,-0.3597690400734415,-0.8794197972728703,lying,karol
1672331698283706400,-0.0150721110893566,-0.1765978430740785,-0.3580042332340153,-0.8796003771381071,lying,karol
1672331698293706400,-0.0238960561052545,-0.1730771399658827,-0.3597503018141211,-0.8793923171267458,lying,karol
1672331698303706400,-0.0101023197476856,-0.1787794814827399,-0.3569669278912802,-0.8796523886014076,lying,karol
1672331698313706400,-0.0189299331485639,-0.1752874707898531,-0.3587131108199682,-0.879499156212844,lying,karol
1672331698323706400,-0.0051095311752617,-0.1809910022468644,-0.3558785987772616,-0.8796843203471502,lying,karol
1672331698333706400,-0.0139296993982707,-0.1775150551781104,-0.3576419066138797,-0.8795820569482581,lying,karol
1672331698343706400,-0.0276415666953223,-0.1719954604648671,-0.360333782283023,-0.879255966573954,lying,karol
1672331698353706400,-0.0413912040214842,-0.1663868523957978,-0.3629483985170645,-0.8787198914324451,lying,karol
1672331698363706400,-0.0276202094278275,-0.1720707865766002,-0.360270238786672,-0.8792679587309826,lying,karol
1672331698373706400,-0.0413452600678849,-0.1664418954582161,-0.3628930065130284,-0.8787345234627284,lying,karol
1672331698383706400,-0.0324382501270042,-0.1700999440870707,-0.3611672098552855,-0.87911890929851,lying,karol
1672331698393706400,-0.0186355444883512,-0.1757327961379929,-0.3584355528188182,-0.8795298192839033,lying,karol
1672331698403706400,-0.0274838835626007,-0.1721045673832471,-0.3601719476688438,-0.879305904797463,lying,karol
1672331698413706400,-0.0137187518551273,-0.1776881335310781,-0.3574220099689506,-0.8796398610288866,lying,karol
1672331698423706400,-0.027493617821052,-0.1720419737867997,-0.3601542577636443,-0.8793250985602085,lying,karol
1672331698433706400,-0.0185855451185361,-0.1756468026942098,-0.3583912488439828,-0.8795661161010417,lying,karol
1672331698443706400,-0.0274338040894558,-0.1720138734966527,-0.3601445032688625,-0.8793364637853989,lying,karol
1672331698453706400,-0.0411765787440124,-0.1663338584967811,-0.3627946220761722,-0.8788035448175957,lying,karol
1672331698463706400,-0.0322651365198028,-0.1699604309976341,-0.3610947740574824,-0.8791820371171165,lying,karol
1672331698473706400,-0.0233458320964471,-0.1735862954067657,-0.3593600885716251,-0.8794664186273312,lying,karol
1672331698483706400,-0.0370464846893093,-0.167955024405054,-0.362030793789011,-0.8789940077213495,lying,karol
1672331698493706400,-0.0281253038808453,-0.1716124910553013,-0.3603106718936127,-0.8793249937609918,lying,karol
1672331698503706400,-0.0369565240364596,-0.1679991146463752,-0.362018463843226,-0.8789944611985041,lying,karol
1672331698513706400,-0.0506939190650691,-0.1623369632050054,-0.3646002486687136,-0.8783061135207851,lying,karol
1672331698523706400,-0.0418080132564316,-0.1660329707764135,-0.3629333704010471,-0.8787733846926752,lying,karol
1672331698533706400,-0.0328988058140787,-0.1697379780514626,-0.3612185413177438,-0.8791507387314261,lying,karol
1672331698543706400,-0.0417364290800116,-0.1661416238244056,-0.3628895727087845,-0.8787743602735605,lying,karol
1672331698553706400,-0.0328264444138654,-0.1698466402879414,-0.361162088092747,-0.8791556714857245,lying,karol
1672331698563706400,-0.0190598231849426,-0.1755212262950203,-0.3584314708230592,-0.8795647366524685,lying,karol
1672331698573706400,-0.0327732142281624,-0.1699640722657517,-0.3610982890438852,-0.8791611888894056,lying,karol
1672331698583706400,-0.0238533077478575,-0.1736589524553539,-0.359327343925644,-0.8794519346402433,lying,karol
1672331698593706400,-0.0100027494046992,-0.1793428272600025,-0.3565227880568144,-0.8797192011869976,lying,karol
1672331698603706400,-0.0188293345087829,-0.1758082364286406,-0.3582843726077604,-0.8795723511275997,lying,karol
1672331698613706400,-0.03255940647171,-0.1702261932250207,-0.3609681412156151,-0.8791719032496345,lying,karol
1672331698623706400,-0.0187080604364028,-0.1759034143796183,-0.3582253862167924,-0.8795799502603988,lying,karol
1672331698633706400,-0.0275375474530945,-0.1723151823574721,-0.3599627287321258,-0.87934880763583,lying,karol
1672331698643706400,-0.013756030156172,-0.1779249629500084,-0.3572113877776551,-0.8796771241474157,lying,karol
1672331698653706400,-0.0225864102912964,-0.1743262576875789,-0.3589755571449251,-0.8794970757680604,lying,karol
1672331698663706400,-0.031420224698603,-0.1706969727838464,-0.3607026275321713,-0.8792310741419772,lying,karol
1672331698673706400,-0.02249984739384,-0.1743263070636753,-0.3589458492771969,-0.8795114181312217,lying,karol
1672331698683706400,-0.0362535510614958,-0.168687188275195,-0.3616262080720288,-0.8790535641382013,lying,karol
1672331698693706400,-0.0273386180258947,-0.172333609082446,-0.3598949896639747,-0.8793791578719616,lying,karol
1672331698703706400,-0.0410345724639331,-0.1667075181698488,-0.3625373226060084,-0.8788457466839974,lying,karol
1672331698713706400,-0.0321334239875365,-0.1703652852101432,-0.3608254812275037,-0.8792192469331692,lying,karol
1672331698723706400,-0.023231134290663,-0.1740206617846882,-0.3590739722076492,-0.8795006627791369,lying,karol
1672331698733706400,-0.0369972844763814,-0.1684029761117369,-0.36175111173822,-0.8790257066773258,lying,karol
1672331698743706400,-0.0281035325854425,-0.1720708006077094,-0.3600263342511761,-0.8793527756184849,lying,karol
1672331698753706400,-0.0418730115606285,-0.1664422228362058,-0.3626757725965958,-0.8787993909492875,lying,karol
1672331698763706400,-0.032979378310246,-0.1701242142387904,-0.3609680226169885,-0.8791761264729516,lying,karol
1672331698773706400,-0.0467028751243218,-0.1644911164230413,-0.3635748144921014,-0.8785518447617587,lying,karol
1672331698783706400,-0.0378092311610719,-0.1681702557691055,-0.3618823249348114,-0.8789817395250162,lying,karol
1672331698793706400,-0.0289016485074173,-0.1718454902600355,-0.3601559791112321,-0.8793179142100119,lying,karol
1672331698803706400,-0.0151215146412082,-0.1774927358183146,-0.3574177858985022,-0.8796582912607265,lying,karol
1672331698813706400,-0.001254957007707,-0.1831381263602462,-0.3545756914238305,-0.8797803474169271,lying,karol
1672331698823706400,-0.0100804693531309,-0.1796158426261969,-0.3563984511135311,-0.8797131467889016,lying,karol
1672331698833706400,-0.0011479138130031,-0.1832566307519959,-0.3545612572827299,-0.8797616504196288,lying,karol
1672331698843706400,-0.0099705906284583,-0.1797275519284557,-0.3563873857502347,-0.8796960812364908,lying,karol
1672331698853706400,-0.0236588355291752,-0.1741859981090379,-0.3591439541918578,-0.8794280518166493,lying,karol
1672331698863706400,-0.0098806760193747,-0.1798040035066664,-0.3563709353846339,-0.8796881490306255,lying,karol
1672331698873706400,-0.0235854243839335,-0.1742578628867713,-0.3591336510229682,-0.8794200053779127,lying,karol
1672331698883706400,-0.032434291307074,-0.1706461249060701,-0.3608820089813692,-0.8791306518244872,lying,karol
1672331698893706400,-0.0235347716133521,-0.174288756652044,-0.3591565196094888,-0.8794059131796075,lying,karol
1672331698903706400,-0.0096982630847679,-0.1799207826128656,-0.3563895382428789,-0.8796587887745078,lying,karol
1672331698913706400,-0.0185371239126877,-0.1763423677154645,-0.3581959568645843,-0.8795078404387465,lying,karol
1672331698923706400,-0.0273722324888645,-0.1727306851049606,-0.3599510598075641,-0.8792774042429038,lying,karol
1672331698933706400,-0.0410820594081798,-0.167079104780406,-0.3625878773494295,-0.8787522534695928,lying,karol
1672331698943706400,-0.027291526949603,-0.1727223679687715,-0.3598961806931209,-0.879304018989167,lying,karol
1672331698953706400,-0.0134916681590863,-0.1783423819030979,-0.3571161326943776,-0.8796355544677112,lying,karol
1672331698963706400,-0.0223265078943468,-0.1747607982944375,-0.3588685263738357,-0.8794613416214117,lying,karol
1672331698973706400,-0.0311661429185995,-0.1711541759267242,-0.3605897237861459,-0.8791977368368651,lying,karol
1672331698983706400,-0.0222479875696542,-0.1748026358969992,-0.3588242519245989,-0.8794730933464584,lying,karol
1672331698993706400,-0.0360069253925945,-0.1691775904084594,-0.3615104321829306,-0.8790172711737053,lying,karol
1672331699003706400,-0.0221969140175707,-0.1748349914937897,-0.3588037718462105,-0.879476321102929,lying,karol
1672331699013706400,-0.0132828495779815,-0.1784763450359364,-0.3570136459684506,-0.879653199925647,lying,karol
1672331699023706400,-0.0043538005037636,-0.1821124778785147,-0.3551879226846673,-0.8797365383748961,lying,karol
1672331699033706400,-0.0131862258394791,-0.1785606022003164,-0.3570063624695789,-0.8796405232167229,lying,karol
1672331699043706400,-0.0269343764548381,-0.1729666033482264,-0.3597621274903371,-0.8793219389296276,lying,karol
1672331699053706400,-0.0357837772615651,-0.169335182784824,-0.3614926462905464,-0.8790033902571198,lying,karol
1672331699063706400,-0.0268821137390513,-0.1729804339267289,-0.3597664800660809,-0.8793190471158902,lying,karol
1672331699073706400,-0.0357257725428829,-0.1693559865480366,-0.3614982493882171,-0.8789994482236827,lying,karol
1672331699083706400,-0.026821595824592,-0.1730014532177006,-0.359774475203904,-0.8793135003528222,lying,karol
1672331699093706400,-0.0179053410177603,-0.1766362356150805,-0.3580181709216254,-0.8795344474407578,lying,karol
1672331699103706400,-0.0040779881055621,-0.1822458533484378,-0.3552157937159671,-0.8796990307970444,lying,karol
1672331699113706400,-0.0129174538647582,-0.1786862497104989,-0.3570451959793563,-0.8796032782204372,lying,karol
1672331699123706400,0.0009001975475696,-0.1842852607843388,-0.3542041914463039,-0.8796910640914222,lying,karol
1672331699133706400,-0.0079174627796548,-0.1807596386340886,-0.3560405857366369,-0.8796460793990788,lying,karol
1672331699143706400,-0.0167368396399386,-0.177211000692826,-0.3578366533149944,-0.8795157408925347,lying,karol
1672331699153706400,-0.0304991923842424,-0.1716153246826849,-0.3605627382486044,-0.8791424081864581,lying,karol
1672331699163706400,-0.044193446119022,-0.1659894427342936,-0.3631867344254146,-0.8785606044239814,lying,karol
1672331699173706400,-0.0352932542023051,-0.1696590111626741,-0.3614779294752721,-0.8789669055938478,lying,karol
1672331699183706400,-0.0263903293458361,-0.1733202132547673,-0.3597328455838335,-0.8792808736563329,lying,karol
1672331699193706400,-0.0125671777330354,-0.1789725850463044,-0.3569559452263479,-0.8795864171914378,lying,karol
1672331699203706400,-0.0214054228826932,-0.1754073095620341,-0.3587320006468138,-0.879411382263335,lying,karol
1672331699213706400,-0.0350968668265465,-0.1698200659532453,-0.36141507982309,-0.8789695392178488,lying,karol
1672331699223706400,-0.0488335605976448,-0.1641586741197715,-0.3640154056379862,-0.8783159828096831,lying,karol
1672331699233706400,-0.0399368984693912,-0.1678329220604576,-0.3623199716441434,-0.8787720828074781,lying,karol
1672331699243706400,-0.026128819039606,-0.1735054920156263,-0.359629748051311,-0.8792943571488933,lying,karol
1672331699253706400,-0.0398717018734669,-0.1678752867625033,-0.3622924946586349,-0.878778293072338,lying,karol
1672331699263706400,-0.0309732899848579,-0.1715353800357481,-0.3605640955464044,-0.8791409539569975,lying,karol
1672331699273706400,-0.0220674610783542,-0.1751859836571034,-0.3587992651080108,-0.8794117413436284,lying,karol
1672331699283706400,-0.0309131367157354,-0.1715775727992444,-0.3605373381869379,-0.879145822272154,lying,karol
1672331699293706400,-0.0171228877113994,-0.1772079504464453,-0.357797235868015,-0.8795250599566067,lying,karol
1672331699303706400,-0.0308741378537178,-0.1715996002734388,-0.3605267961691349,-0.879147227673502,lying,karol
1672331699313706400,-0.0170648544817128,-0.1772364009247384,-0.3577867493088145,-0.8795247322038287,lying,karol
1672331699323706400,-0.0259106683081569,-0.1736416084956597,-0.3595517942437861,-0.8793058679989518,lying,karol
1672331699333706400,-0.0121459653388784,-0.1792518027116628,-0.3567899670654048,-0.8796029043763377,lying,karol
1672331699343706400,-0.0209837151016847,-0.1756756766001169,-0.3585770067008073,-0.8794312735134601,lying,karol
1672331699353706400,-0.0346833075753913,-0.1700816451218302,-0.3612721495778656,-0.8789942217001934,lying,karol
1672331699363706400,-0.0435250688334185,-0.1664435585363475,-0.3629633034319046,-0.8786005168762665,lying,karol
1672331699373706400,-0.0572640510013338,-0.160745005739325,-0.3655227449961933,-0.8778121240931066,lying,karol
1672331699383706400,-0.0483899235030793,-0.1644182620525794,-0.3638786039902273,-0.8783487667640784,lying,karol
1672331699393706400,-0.0394953380676147,-0.1680865349700066,-0.3621960018730013,-0.878794770048965,lying,karol
1672331699403706400,-0.0306018806806355,-0.1717440068091559,-0.360478628806745,-0.8791483652184743,lying,karol
1672331699413706400,-0.0217019001325074,-0.1754030527623218,-0.3587226163396586,-0.8794089281710328,lying,karol
1672331699423706400,-0.0079278027452316,-0.1810280846310716,-0.3559344572901137,-0.8796339236518659,lying,karol
1672331699433706400,-0.0167587387726958,-0.1774852822655351,-0.3577446038967379,-0.8794976555853999,lying,karol
1672331699443706400,-0.0256054829051841,-0.1739088559180279,-0.359521854522583,-0.8792743185906875,lying,karol
1672331699453706400,-0.0166970053326124,-0.177564585227145,-0.3577494619273275,-0.8794808618163135,lying,karol
1672331699463706400,-0.0255370808903046,-0.1739884662182703,-0.3595257651513471,-0.8792589744614886,lying,karol
1672331699473706400,-0.0393038361183549,-0.1683539967727846,-0.3622139406730938,-0.8787448222329057,lying,karol
1672331699483706400,-0.0304078839667084,-0.1720133858245591,-0.3604929981474856,-0.8790965974948495,lying,karol
1672331699493706400,-0.0165758746010104,-0.1776705995339151,-0.3577432037020654,-0.8794643175596185,lying,karol
1672331699503706400,-0.0254011005893693,-0.1740921511563685,-0.3595134745094173,-0.8792474455132008,lying,karol
1672331699513706400,-0.0391161513212765,-0.1684731332991924,-0.3621902767379805,-0.8787401495436732,lying,karol
1672331699523706400,-0.0302052865584507,-0.1721338544705164,-0.360462263433606,-0.8790926365847832,lying,karol
1672331699533706400,-0.0390522656336043,-0.1685033885854324,-0.3621739181359416,-0.8787439464845378,lying,karol
1672331699543706400,-0.0479079105505536,-0.1648457551504058,-0.3638489464620469,-0.878307466601354,lying,karol
1672331699553706400,-0.0390279064945055,-0.1685101920902501,-0.3621607167486689,-0.8787491771812354,lying,karol
1672331699563706400,-0.0301341671976414,-0.1721707435313216,-0.3604431967082611,-0.8790956971157771,lying,karol
1672331699573706400,-0.0163408295688388,-0.1778177020537903,-0.3577123941992599,-0.8794515756233452,lying,karol
1672331699583706400,-0.0251893548376776,-0.1742376269265142,-0.3595067131194659,-0.8792275424121115,lying,karol
1672331699593706400,-0.0113846196490295,-0.1798768148215382,-0.3567459237212559,-0.8795035433055151,lying,karol
1672331699603706400,-0.0251532613068277,-0.174290167123229,-0.3595284206186607,-0.8792092981479017,lying,karol
1672331699613706400,-0.0340050993511435,-0.1706659260261186,-0.3612617312221588,-0.8789119347094039,lying,karol
1672331699623706400,-0.0251022261013322,-0.1743054187423091,-0.3594999355928787,-0.8792193902780152,lying,karol
1672331699633706400,-0.011293135452697,-0.1799291394699069,-0.356702059642688,-0.8795118306572858,lying,karol
1672331699643706400,-0.0201209004863635,-0.1763586493025739,-0.358475348629916,-0.8793563900331987,lying,karol
1672331699653706400,-0.0338385274007774,-0.1707510528935577,-0.3611720465506571,-0.8789387093300276,lying,karol
1672331699663706400,-0.0249301047352677,-0.1743927519925648,-0.3594166563596697,-0.8792410390223565,lying,karol
1672331699673706400,-0.0160186810022666,-0.1780280632797337,-0.3576324502390962,-0.8794475148299391,lying,karol
1672331699683706400,-0.00709881100175,-0.1816575960626076,-0.3558162442144549,-0.8795592228867847,lying,karol
1672331699693706400,-0.020786996580399,-0.1761205486179659,-0.3586118193082025,-0.8793330023502246,lying,karol
1672331699703706400,-0.006955136175717,-0.1817492995440467,-0.355806275333515,-0.8795454716456498,lying,karol
1672331699713706400,0.0068111993606719,-0.1873167914118241,-0.352928616681869,-0.8795379203506372,lying,karol
1672331699723706400,-0.002024179479435,-0.1837931416961778,-0.354805073021242,-0.8795503898761781,lying,karol
1672331699733706400,-0.0108597817474208,-0.1802399633790798,-0.3566443311298329,-0.8794771147632933,lying,karol
1672331699743706400,-0.0246117294445668,-0.1746535921261714,-0.3594286347802717,-0.8791933830961863,lying,karol
1672331699753706400,-0.033459029613036,-0.1710306981196512,-0.3611751317472175,-0.8788976565430805,lying,karol
1672331699763706400,-0.0245627064351075,-0.1746741484499024,-0.3594317422512176,-0.8791894116577272,lying,karol
1672331699773706400,-0.0107661366517893,-0.1802961160433295,-0.3566563179390787,-0.8794619189257061,lying,karol
1672331699783706400,-0.0196032416959031,-0.176715461954659,-0.358463125358645,-0.8793015140183976,lying,karol
1672331699793706400,-0.0284382606314469,-0.1731050364710275,-0.3602326470685461,-0.8790551568654205,lying,karol
1672331699803706400,-0.0195238867262342,-0.176744332287875,-0.3584683397190657,-0.8792953635953044,lying,karol
1672331699813706400,-0.0057032917266946,-0.1823649964508877,-0.3556562664810488,-0.8794877716380963,lying,karol
1672331699823706400,0.0032181966793267,-0.1859931099899333,-0.3537966165743109,-0.8794906554701097,lying,karol
1672331699833706400,-0.005609970948616,-0.1824730621129605,-0.3556524478030598,-0.8794675163307266,lying,karol
1672331699843706400,-0.0144490841109592,-0.17891760576694,-0.3574700612831717,-0.8793603061275025,lying,karol
1672331699853706400,-0.0006784823098911,-0.1845115848244853,-0.3546229120776762,-0.8794755796729639,lying,karol
1672331699863706400,-0.0095149095286149,-0.1809739071361442,-0.3564582201249431,-0.8794175065168396,lying,karol
1672331699873706400,-0.0232116961498287,-0.175426373065775,-0.359232194193842,-0.8791579772899448,lying,karol
1672331699883706400,-0.0320595134852088,-0.1718134175528676,-0.3609786404285572,-0.8788779680658354,lying,karol
1672331699893706400,-0.0183063800996507,-0.1774429657536797,-0.3582435843365869,-0.8792725061716602,lying,karol
1672331699903706400,-0.0045218888452158,-0.1830526074869815,-0.3554159575270675,-0.8794489978752235,lying,karol
1672331699913706400,-0.0133554996583685,-0.1795020394026822,-0.3572371283468376,-0.8793531951602463,lying,karol
1672331699923706400,-0.0270776455415121,-0.1739250369172247,-0.3599940245331408,-0.8790341040530375,lying,karol
1672331699933706400,-0.0408178120988323,-0.1682823895321247,-0.3626655128443969,-0.8785035301229615,lying,karol
1672331699943706400,-0.0319239929238149,-0.171938205174001,-0.3609369171394868,-0.878875673285651,lying,karol
1672331699953706400,-0.0407701019784069,-0.1682943865479249,-0.362644201000383,-0.8785122580473296,lying,karol
1672331699963706400,-0.0318779579241187,-0.1719402572485299,-0.3609147383622654,-0.8788860623972602,lying,karol
1672331699973706400,-0.02297983206712,-0.1755750810506774,-0.3591527463247345,-0.8791669052273812,lying,karol
1672331699983706400,-0.0367385790018094,-0.1699291029897708,-0.3618576577340627,-0.8786997469435852,lying,karol
1672331699993706400,-0.0278425808109962,-0.1735645357119986,-0.3601183503545913,-0.8790305786964808,lying,karol
1672331700003706400,-0.0415437309060641,-0.1679182675288294,-0.3627825516922628,-0.8784908906747468,lying,karol
1672331700013706400,-0.0326687385569536,-0.1715502037759861,-0.3610709082735752,-0.8788691259493687,lying,karol
1672331700023706400,-0.0237648891366083,-0.1751837647126184,-0.3593206621990242,-0.8791555095332518,lying,karol
1672331700033706400,-0.0375239513534607,-0.1695305249618634,-0.3620264832593419,-0.8786740343026026,lying,karol
1672331700043706400,-0.0286249666333519,-0.1731689671842569,-0.3602945097057033,-0.8790113052571225,lying,karol
1672331700053706400,-0.0423870395541691,-0.167502137913867,-0.3629625547932017,-0.8784557215269053,lying,karol
1672331700063706400,-0.0334978238850984,-0.171147260479501,-0.3612485914813383,-0.8788434866477932,lying,karol
1672331700073706400,-0.0246146277608,-0.1747735559466756,-0.3595061031873801,-0.8791379887273546,lying,karol
1672331700083706400,-0.0383681656669965,-0.1691208936459483,-0.3622034050542272,-0.8786436291293096,lying,karol
1672331700093706400,-0.0245483085666743,-0.1747788150202575,-0.3595020098895042,-0.8791404818264734,lying,karol
1672331700103706400,-0.0333911299846117,-0.1711531617356015,-0.3612476924467121,-0.8788467884297733,lying,karol
1672331700113706400,-0.0244911239202157,-0.1747962792583531,-0.3595003326577558,-0.8791393016740424,lying,karol
1672331700123706400,-0.0382155772145293,-0.1691675685075015,-0.3621905417828983,-0.8786466185082054,lying,karol
1672331700133706400,-0.0293234785193005,-0.1728187109172137,-0.3604614100158516,-0.8789888360876059,lying,karol
1672331700143706400,-0.0204225088410508,-0.1764599166771717,-0.3586974305641169,-0.879238851308756,lying,karol
1672331700153706400,-0.029270427217416,-0.172847575298543,-0.3604615267821014,-0.8789848923943175,lying,karol
1672331700163706400,-0.0203674329577416,-0.1764862450026647,-0.3586940061345173,-0.879236252916113,lying,karol
1672331700173706400,-0.0292142378007056,-0.1728732963950889,-0.3604521560268103,-0.8789855576109992,lying,karol
1672331700183706400,-0.0203107381217544,-0.1765152382714077,-0.3586803062842099,-0.8792373455625642,lying,karol
1672331700193706400,-0.0291391000111056,-0.1729114336536201,-0.3604362958598008,-0.8789870677761586,lying,karol
1672331700203706400,-0.0428878301903401,-0.1672467499604666,-0.3631018405053859,-0.8784226002036152,lying,karol
1672331700213706400,-0.0291141046681569,-0.1729015138806657,-0.3604368430776224,-0.8789896374105581,lying,karol
1672331700223706400,-0.0202096057634183,-0.1765466570709265,-0.358668206082412,-0.8792383323127385,lying,karol
1672331700233706400,-0.0339225625533047,-0.1709480784622674,-0.361377668151143,-0.8788129971293775,lying,karol
1672331700243706400,-0.0250391602867907,-0.1746013020460805,-0.3596242703654888,-0.8791120004061778,lying,karol
1672331700253706400,-0.0112724361845408,-0.1802282387497518,-0.3568433567904571,-0.8793939065422494,lying,karol
1672331700263706400,-0.0201233771247125,-0.1766562622303699,-0.3586442001272042,-0.8792281122871255,lying,karol
1672331700273706400,-0.006342037912318,-0.1822758567303531,-0.3558444149934981,-0.8794260498394527,lying,karol
1672331700283706400,-0.0151728620275781,-0.1787265385455948,-0.3576772606761686,-0.8793029822520524,lying,karol
1672331700293706400,-0.0288998855730552,-0.1731356385852326,-0.3604377908077034,-0.8789502864718636,lying,karol
1672331700303706400,-0.0200066128539049,-0.1767675988785243,-0.358672138301999,-0.8791970298835871,lying,karol
1672331700313706400,-0.0062013266044701,-0.1823731584155081,-0.3558493725283037,-0.8794048982600615,lying,karol
1672331700323706400,-0.0199205047546407,-0.1768051383369118,-0.3586491344006677,-0.8792008296526121,lying,karol
1672331700333706400,-0.028768190079771,-0.1731769904771276,-0.3604064642070934,-0.8789593240739317,lying,karol
1672331700343706400,-0.0198669926574565,-0.1767967616370813,-0.3586319726679871,-0.8792107343669231,lying,karol
1672331700353706400,-0.0336140362001832,-0.1711541676637262,-0.3613602244459843,-0.8787919798142582,lying,karol
1672331700363706400,-0.0247101332067658,-0.1747834351616908,-0.3596168740121955,-0.8790882101766465,lying,karol
1672331700373706400,-0.0335453927171418,-0.1711503751425769,-0.3613691583054876,-0.8787916785880125,lying,karol
1672331700383706400,-0.0246331910297611,-0.1747899529759858,-0.3596283535527371,-0.8790843893483875,lying,karol
1672331700393706400,-0.0383864560237028,-0.1691329270274411,-0.3623357015427475,-0.8785861494417939,lying,karol
1672331700403706400,-0.0245513720557094,-0.1747951175761439,-0.3596373742408822,-0.8790819738818928,lying,karol
1672331700413706400,-0.0382499419381924,-0.1691612317500219,-0.3623212248307367,-0.8785926364373605,lying,karol
1672331700423706400,-0.029353989341272,-0.1728060595725484,-0.3605804099777543,-0.8789416691366523,lying,karol
1672331700433706400,-0.0204569019412679,-0.1764483661542618,-0.3587988874014029,-0.8791991455652091,lying,karol
1672331700443706400,-0.0293105398293237,-0.172850350690643,-0.3605472068294882,-0.8789480423858275,lying,karol
1672331700453706400,-0.0381635225381964,-0.169235619695991,-0.3622598992239921,-0.8786073812517163,lying,karol
1672331700463706400,-0.029273687382828,-0.1729150751804443,-0.3605178665714684,-0.8789485908994747,lying,karol
1672331700473706400,-0.0381238553242486,-0.1693082793581261,-0.3622314203457151,-0.8786068639696482,lying,karol
1672331700483706400,-0.0292376365825623,-0.1729823842653123,-0.3604870079598828,-0.8789492209372404,lying,karol
1672331700493706400,-0.0154140155825288,-0.1786559395066996,-0.3577105010754236,-0.8792997423170846,lying,karol
1672331700503706400,-0.0242568642016785,-0.1750887724084466,-0.3594836623631373,-0.8790946561172837,lying,karol
1672331700513706400,-0.033095014312672,-0.1714986335610496,-0.3612225297830257,-0.8788012465312531,lying,karol
1672331700523706400,-0.0241910948151708,-0.1751799630844329,-0.3594645293439559,-0.8790861451857335,lying,karol
1672331700533706400,-0.0379436840035199,-0.1695707872565953,-0.3621624727943263,-0.8785925186487409,lying,karol
1672331700543706400,-0.0290439603019612,-0.1732475038888916,-0.3604250217916928,-0.8789289035987676,lying,karol
1672331700553706400,-0.0152484225551046,-0.1789027171734497,-0.3576631257604668,-0.8792717850415465,lying,karol
1672331700563706400,-0.0240851372838934,-0.1753273542095474,-0.3594477934474657,-0.879066553278882,lying,karol
1672331700573706400,-0.0102742478397735,-0.1809656936165131,-0.3566511441157108,-0.8793328889655442,lying,karol
1672331700583706400,-0.0240091425102623,-0.1753958835136699,-0.3594387846637187,-0.8790586608998263,lying,karol
1672331700593706400,-0.0328459306874335,-0.1717836742426525,-0.3611820202454935,-0.8787716425350248,lying,karol
1672331700603706400,-0.0190781517791308,-0.1774217030711528,-0.3584418555690247,-0.8791800441895011,lying,karol
1672331700613706400,-0.0101768432677607,-0.1810548722944867,-0.3566281222991598,-0.8793250312423305,lying,karol
1672331700623706400,-0.0190038183829463,-0.1774859135391543,-0.3584304424612285,-0.8791733607552372,lying,karol
1672331700633706400,-0.0278487690188745,-0.1738825837427565,-0.360193741317122,-0.8789370556217064,lying,karol
1672331700643706400,-0.0366981375839164,-0.1702492750122236,-0.3619176443943643,-0.8786151862278013,lying,karol
1672331700653706400,-0.02781430091065,-0.1738910337974253,-0.3601655113438147,-0.8789480540260602,lying,karol
1672331700663706400,-0.0366734244822087,-0.1702485934700813,-0.3618895219464565,-0.8786279430096325,lying,karol
1672331700673706400,-0.0277913444924395,-0.1738810993444789,-0.3601390926107619,-0.8789615792408152,lying,karol
1672331700683706400,-0.0188966262191951,-0.1775028927188978,-0.3583530193696801,-0.8792038332010793,lying,karol
1672331700693706400,-0.0099938868889188,-0.1811117964151773,-0.3565320500635999,-0.8793544049262183,lying,karol
1672331700703706400,-0.0188354867243011,-0.1775144940868553,-0.3583372546578912,-0.8792092361131372,lying,karol
1672331700713706400,-0.032576161668124,-0.1718801589046963,-0.361075703120069,-0.8788065713000361,lying,karol
1672331700723706400,-0.0188315718834056,-0.1774807278575793,-0.3583524306221248,-0.8792099611157178,lying,karol
1672331700733706400,-0.0099285815556992,-0.1810902844818425,-0.3565497207151253,-0.8793524291708336,lying,karol
1672331700743706400,-0.0010157606380343,-0.1846967117874138,-0.3547106306573351,-0.8794015787479581,lying,karol
1672331700753706400,-0.0098516082262102,-0.1811349157024405,-0.3565648577190585,-0.8793379756419802,lying,karol
1672331700763706400,-0.018691407197427,-0.1775419490685119,-0.3583820252071802,-0.8791885496288672,lying,karol
1672331700773706400,-0.0323869453192883,-0.1719269699368255,-0.3611163730216501,-0.8787877278404737,lying,karol
1672331700783706400,-0.0186322443513718,-0.1775313462069283,-0.3583906241284139,-0.8791884506357914,lying,karol
1672331700793706400,-0.0274818912910959,-0.1739022966527554,-0.3601708612617785,-0.8789541546657365,lying,karol
1672331700803706400,-0.018583731680599,-0.1775194380328369,-0.3584016757685631,-0.8791873856613178,lying,karol
1672331700813706400,-0.0323628437806421,-0.17186770711656,-0.3611511584103237,-0.8787859308219151,lying,karol
1672331700823706400,-0.0234730736249922,-0.1754841721034757,-0.359402158824378,-0.8790706167435757,lying,karol
1672331700833706400,-0.0097126735553334,-0.1810680721993508,-0.3566211439955269,-0.8793304980823533,lying,karol
1672331700843706400,-0.0185519058376621,-0.1774673839181929,-0.3584334132619413,-0.8791856450208151,lying,karol
1672331700853706400,-0.0273929235066923,-0.1738448191050486,-0.360204779281171,-0.8789544287311065,lying,karol
1672331700863706400,-0.0362369669039686,-0.1701999133733829,-0.3619358385044708,-0.8786364969281223,lying,karol
1672331700873706400,-0.022446567614445,-0.1758405278201663,-0.3592204683401891,-0.8791005049070513,lying,karol
1672331700883706400,-0.0312918430751327,-0.1722134760699207,-0.3609756564293268,-0.8788291677027226,lying,karol
1672331700893706400,-0.0401390773012347,-0.1685612689113365,-0.3626902952843618,-0.8784716863322579,lying,karol
1672331700903706400,-0.0312466951635952,-0.1722080097162572,-0.3609614065504843,-0.8788377091981364,lying,karol
1672331700913706400,-0.0400992847175993,-0.1685594156660537,-0.362674109923402,-0.8784805524943065,lying,karol
1672331700923706400,-0.0262806645644144,-0.1742308026435545,-0.3599727560378776,-0.8790070529185576,lying,karol
1672331700933706400,-0.0351266077899489,-0.1706015558274957,-0.3617068080769035,-0.8786980460880252,lying,karol
1672331700943706400,-0.0262289740927078,-0.1742493046944792,-0.3599604692813196,-0.8790099734410767,lying,karol
1672331700953706400,-0.0124616760877407,-0.1798683495395821,-0.3571941281322922,-0.8793095604070907,lying,karol
1672331700963706400,0.0013666113152288,-0.1854774920418119,-0.3543320893969557,-0.8793894929957901,lying,karol
1672331700973706400,-0.0074550005422243,-0.1819371643528042,-0.3561892808183191,-0.87934826899426,lying,karol
1672331700983706400,-0.0162880354151066,-0.1783670717007202,-0.3580116164580033,-0.8792203782795168,lying,karol
1672331700993706400,-0.0251383204618994,-0.1747703136359578,-0.3597984877759771,-0.8790047585802183,lying,karol
1672331701003706400,-0.0162484511143213,-0.1784055563579335,-0.3580136857738728,-0.8792124715155283,lying,karol
1672331701013706400,-0.0251155705059991,-0.1747951563936446,-0.3597921938140686,-0.8790030542737735,lying,karol
1672331701023706400,-0.0339741209709215,-0.1711612293728241,-0.3615357704140799,-0.8787049663847045,lying,karol
1672331701033706400,-0.0250916181700557,-0.1747990838197995,-0.3597924991606242,-0.8790028421898389,lying,karol
1672331701043706400,-0.0112827640520233,-0.1804296943717575,-0.3570180689807964,-0.8792820264602081,lying,karol
1672331701053706400,-0.0250090792413965,-0.1748472959812715,-0.3598125080306598,-0.8789874279386211,lying,karol
1672331701063706400,-0.0161303353549721,-0.1784732456957835,-0.3580381046051873,-0.8791909960322282,lying,karol
1672331701073706400,-0.024999009427479,-0.174861781697944,-0.3598250875328104,-0.8789796924230877,lying,karol
1672331701083706400,-0.0338586468432814,-0.1712240978260343,-0.3615632302632278,-0.878685907867039,lying,karol
1672331701093706400,-0.0200422279413552,-0.1768709754814282,-0.3588109034822898,-0.8791192772733897,lying,karol
1672331701103706400,-0.0337654383227332,-0.1712375860554638,-0.3615085719104217,-0.8787093632320514,lying,karol
1672331701113706400,-0.0199730347176655,-0.1768605888362542,-0.3587569374920943,-0.8791449741914172,lying,karol
1672331701123706400,-0.0288124956123533,-0.173227091168472,-0.3605079115907252,-0.8789068689872197,lying,karol
1672331701133706400,-0.0199048407454657,-0.1768514374762931,-0.358731966964367,-0.8791585608905554,lying,karol
1672331701143706400,-0.0336100909310737,-0.171234661393007,-0.3614549007411836,-0.878737988263602,lying,karol
1672331701153706400,-0.0247070477328813,-0.1748744533688745,-0.3597105505237788,-0.8790323452240844,lying,karol
1672331701163706400,-0.0335495985687565,-0.1712456285350655,-0.3614632726129431,-0.8787347326844168,lying,karol
1672331701173706400,-0.0197712087614335,-0.1768826968629982,-0.3587456034209608,-0.8791497501926409,lying,karol
1672331701183706400,-0.0286144785197892,-0.1732694194924019,-0.3605218479025416,-0.8788993163985055,lying,karol
1672331701193706400,-0.0197234515423592,-0.1768975547241146,-0.358764348866375,-0.8791401952622797,lying,karol
1672331701203706400,-0.0108332124956953,-0.180514675837055,-0.3569736294655454,-0.8792883656740411,lying,karol
1672331701213706400,-0.0196886313489045,-0.1769237506923553,-0.3587938411911034,-0.8791236784579103,lying,karol
1672331701223706400,-0.0059269232562824,-0.1825246134705301,-0.3560002125133966,-0.8793148547732251,lying,karol
1672331701233706400,-0.0147734494737476,-0.1789443943461952,-0.357844807828803,-0.8791978620805895,lying,karol
1672331701243706400,-0.0236178779558369,-0.1753320569028618,-0.3596536883416823,-0.8789944475870971,lying,karol
1672331701253706400,-0.0097867450537687,-0.1809550894325998,-0.3568769384275737,-0.8792493875549169,lying,karol
1672331701263706400,-0.0186209145679912,-0.1773599468374636,-0.3587057647444424,-0.8790950207363893,lying,karol
1672331701273706400,-0.0048153160390341,-0.1829641024783435,-0.3559037132072437,-0.8792694005487253,lying,karol
1672331701283706400,-0.0136527869648896,-0.1793884821572151,-0.3577527887262454,-0.8791629599703975,lying,karol
1672331701293706400,-0.0224951366510219,-0.1757902053781258,-0.3595609198555591,-0.8789703774908901,lying,karol
1672331701303706400,-0.0362549936371774,-0.1701423207220149,-0.3622843963988564,-0.8785035017406466,lying,karol
1672331701313706400,-0.0224339178215395,-0.1758120414019651,-0.359570432290535,-0.878963698423548,lying,karol
1672331701323706400,-0.0312694488069861,-0.1721927685138031,-0.3613255368133136,-0.8786904883803568,lying,karol
1672331701333706400,-0.0449528117311741,-0.1665371268412489,-0.3639657212734011,-0.8780972845945523,lying,karol
1672331701343706400,-0.0360739184832782,-0.1701891323310691,-0.3622640767901099,-0.8785102950286882,lying,karol
1672331701353706400,-0.0271778691144518,-0.1738394244127224,-0.3605261127958367,-0.8788307111031306,lying,karol
1672331701363706400,-0.040880397123322,-0.1681983568809079,-0.3632011136377767,-0.8782962758738289,lying,karol
1672331701373706400,-0.0319878486212314,-0.1718572855725089,-0.3614852017911842,-0.878664671104456,lying,karol
1672331701383706400,-0.0230879734019624,-0.1755135818169002,-0.3597305791462057,-0.8789409284758598,lying,karol
1672331701393706400,-0.0368641778315674,-0.1698664544899915,-0.3624411034637837,-0.8784669577445836,lying,karol
1672331701403706400,-0.0506379688142847,-0.1641562908991647,-0.36505472899456,-0.8777840803786113,lying,karol
1672331701413706400,-0.0417731942174491,-0.1678113514436544,-0.3633703162235246,-0.8782583395397054,lying,karol
1672331701423706400,-0.0328898398878992,-0.1714559025821408,-0.3616544464193041,-0.8786401703149822,lying,karol
1672331701433706400,-0.0417409262032287,-0.1677847597122924,-0.3633688326850359,-0.8782655776246154,lying,karol
1672331701443706400,-0.0328565970490416,-0.1714183024562014,-0.3616602414619875,-0.8786463745589885,lying,karol
1672331701453706400,-0.0466282917713069,-0.1657013178165106,-0.3643160594144375,-0.8780228163396602,lying,karol
1672331701463706400,-0.0377386390256224,-0.1693450503430623,-0.3626344110825381,-0.8784507530382762,lying,karol
1672331701473706400,-0.0239512378054454,-0.1750008027646103,-0.3599500883159301,-0.8789302566964555,lying,karol
1672331701483706400,-0.0376574924317685,-0.1693752027129868,-0.3626553316989364,-0.8784398001306056,lying,karol
1672331701493706400,-0.0287715611499196,-0.1730297347746372,-0.3609397637403748,-0.8787700641208388,lying,karol
1672331701503706400,-0.0198811459119356,-0.176675542556415,-0.3591884379258461,-0.8790083055769918,lying,karol
1672331701513706400,-0.0287241967923274,-0.17306425407382,-0.360965958050516,-0.8787540706639319,lying,karol
1672331701523706400,-0.0198232220131102,-0.1767142029331096,-0.3592081164132027,-0.8789938151837824,lying,karol
1672331701533706400,-0.0286710305329514,-0.173103105012223,-0.360979404909592,-0.8787426449503182,lying,karol
1672331701543706400,-0.0197815457360629,-0.1767526832876785,-0.3592163679853906,-0.878983658381181,lying,karol
1672331701553706400,-0.0286337695456489,-0.1731371281495463,-0.3609843512262184,-0.87873513727389,lying,karol
1672331701563706400,-0.0374921530578965,-0.1694902997880505,-0.3627169443634938,-0.8783992861970922,lying,karol
1672331701573706400,-0.0286243397712013,-0.1731335652359503,-0.3609961134998135,-0.8787313258449767,lying,karol
1672331701583706400,-0.0148758640308576,-0.1787526775047839,-0.3582563508744671,-0.8790677490190533,lying,karol
1672331701593706400,-0.0237194184157671,-0.1751373489765562,-0.3600537549736521,-0.8788669596976663,lying,karol
1672331701603706400,-0.0099609043199491,-0.1807410154420073,-0.3572838506349634,-0.8791264224820877,lying,karol
1672331701613706400,-0.0188036662169859,-0.1771403628497542,-0.3591016938622653,-0.8789739746621088,lying,karol
1672331701623706400,-0.0325251870667747,-0.1715057657063462,-0.3618395221173086,-0.8785679343253324,lying,karol
1672331701633706400,-0.0236282767842706,-0.1751412348265811,-0.3600974887446857,-0.8788507445705837,lying,karol
1672331701643706400,-0.0147272695650882,-0.1787736981927678,-0.3583191805843952,-0.879040401594663,lying,karol
1672331701653706400,-0.000891251355286,-0.1843977046319027,-0.3554758634410267,-0.8791559609379117,lying,karol
1672331701663706400,-0.0097293711451714,-0.1808340064172939,-0.3573287426179726,-0.8790916804340074,lying,karol
1672331701673706400,-0.0185739034891864,-0.1772394064452699,-0.3591456145927532,-0.8789409834563033,lying,karol
1672331701683706400,-0.0274196522008887,-0.1736137583341377,-0.3609262097506477,-0.878703777929984,lying,karol
1672331701693706400,-0.0185211339477995,-0.1772466249229091,-0.3591642048727115,-0.8789330572699467,lying,karol
1672331701703706400,-0.0273588672254235,-0.1736224992956971,-0.3609462209739797,-0.8786957387974759,lying,karol
1672331701713706400,-0.0135946823141226,-0.1792438811617699,-0.3582012187801316,-0.879011018506505,lying,karol
1672331701723706400,-0.022434491740511,-0.1756380778593405,-0.3600124415014096,-0.8788177754168635,lying,karol
1672331701733706400,-0.0312888818784375,-0.1720021168138016,-0.3617837012149859,-0.8785388574218077,lying,karol
1672331701743706400,-0.0175316517373899,-0.1776403040362441,-0.3590548156028577,-0.8789185995601985,lying,karol
1672331701753706400,-0.0037639678942006,-0.1832520352205898,-0.3562356153778881,-0.8790804403468949,lying,karol
1672331701763706400,-0.0126241347516791,-0.1796761014285074,-0.3580718151393822,-0.878990001825208,lying,karol
1672331701773706400,0.0011707336501458,-0.1852828521183346,-0.3552223217335711,-0.8790720811567589,lying,karol
1672331701783706400,-0.007660678687827,-0.1817212545138913,-0.3570934796974916,-0.879024849011354,lying,karol
1672331701793706400,-0.016497506888964,-0.1781271654819488,-0.35893497514016,-0.8788890597377157,lying,karol
1672331701803706400,-0.0253488967095546,-0.1744944687216674,-0.3607435235152697,-0.8786665955093297,lying,karol
1672331701813706400,-0.0391329992131464,-0.1687987216670984,-0.3634571991868031,-0.8781550178391259,lying,karol
1672331701823706400,-0.0254112749166077,-0.1744320874196588,-0.3607845920869755,-0.8786603273400314,lying,karol
1672331701833706400,-0.0116764393524055,-0.1800390861281084,-0.3580202183970272,-0.8789498837473093,lying,karol
1672331701843706400,0.0021307574296654,-0.1856362244324501,-0.3551526346421668,-0.8790239204795504,lying,karol
1672331701853706400,-0.0066895658926844,-0.1820606944248885,-0.3570026449620795,-0.8789994695494556,lying,karol
1672331701863706400,-0.0155184342886753,-0.17845205023864,-0.3588168461153783,-0.8788892565736423,lying,karol
1672331701873706400,-0.0292286706631518,-0.1728109603116482,-0.3615614658802802,-0.8785426456353691,lying,karol
1672331701883706400,-0.0203410416949285,-0.1764308871893397,-0.3598054400095446,-0.8787947738364896,lying,karol
1672331701893706400,-0.0114396136386667,-0.1800576381707625,-0.358021842213398,-0.8789485643357984,lying,karol
1672331701903706400,-0.0202837203725797,-0.1764509914225318,-0.3598373816472119,-0.8787789961052909,lying,karol
1672331701913706400,-0.0113921567152478,-0.180085882691114,-0.3580511178799479,-0.8789314808985461,lying,karol
1672331701923706400,-0.0202463762373572,-0.1764778663713284,-0.359865624105619,-0.8787629070594892,lying,karol
1672331701933706400,-0.0064299653056766,-0.1821083192422278,-0.3570628790773886,-0.8789671165949868,lying,karol
1672331701943706400,-0.015285951152627,-0.1785064161576452,-0.3588945626651419,-0.8788505993220067,lying,karol
1672331701953706400,-0.0290230929422059,-0.1728681703604873,-0.3616522053558931,-0.878500898875526,lying,karol
1672331701963706400,-0.0201449156950927,-0.1764919997589179,-0.3598983159478292,-0.878749029589832,lying,karol
1672331701973706400,-0.00637674994736,-0.1820928371692536,-0.3571044638282413,-0.8789538346354736,lying,karol
1672331701983706400,-0.0152234070714078,-0.1784791581813587,-0.3589415476158052,-0.878838049635243,lying,karol
1672331701993706400,-0.0240696433213562,-0.1748383547624054,-0.3607410303709714,-0.8786353247720396,lying,karol
1672331702003706400,-0.0103171168969803,-0.1804410171409927,-0.3579752553265461,-0.878902864061833,lying,karol
1672331702013706400,-0.0191603590186261,-0.1768254446941066,-0.3597889854402974,-0.8787488089192423,lying,karol
1672331702023706400,-0.0054043122639242,-0.1824284845496974,-0.3569924054937995,-0.8789362971122792,lying,karol
1672331702033706400,-0.0142384639844214,-0.1788422834372535,-0.3588249095533958,-0.8788283960162803,lying,karol
1672331702043706400,-0.0279730054045354,-0.1732185738900961,-0.3615887564404385,-0.878492106485621,lying,karol
1672331702053706400,-0.0141689371654028,-0.1788754279075455,-0.3588294417074709,-0.8788209372595281,lying,karol
1672331702063706400,-0.0230051390172413,-0.1752729392549379,-0.3606151942497476,-0.8786289545131132,lying,karol
1672331702073706400,-0.036752894326084,-0.1696172320911826,-0.3633134701299548,-0.8781597526894036,lying,karol
1672331702083706400,-0.0278728845913643,-0.1732811001246222,-0.3615731570490189,-0.8784894055787883,lying,karol
1672331702093706400,-0.014125303125376,-0.1789197800376203,-0.3588102629198054,-0.878820467982292,lying,karol
1672331702103706400,-0.0278166395468605,-0.1733198955387437,-0.3615488241832602,-0.8784935616691317,lying,karol
1672331702113706400,-0.018914075988246,-0.1769773034781729,-0.3597661729991226,-0.8787329772346728,lying,karol
1672331702123706400,-0.0326014189031212,-0.1713640688962063,-0.3624735808990662,-0.8783316403791432,lying,karol
1672331702133706400,-0.0414451839187997,-0.1677054640164983,-0.364170330974804,-0.8779631077290905,lying,karol
1672331702143706400,-0.0325612216414025,-0.1713690959697754,-0.3624421906324764,-0.878345115640726,lying,karol
1672331702153706400,-0.0463320262689389,-0.1656545879415188,-0.3650764142000295,-0.8777318525306265,lying,karol
1672331702163706400,-0.0374566744202898,-0.1693119281101971,-0.3633755277103077,-0.8781633078350329,lying,karol
1672331702173706400,-0.0285649959134535,-0.1729595107659978,-0.3616433044896103,-0.8785017239017571,lying,karol
1672331702183706400,-0.0423228692023719,-0.167255831920221,-0.3643121670824992,-0.8779481907683312,lying,karol
1672331702193706400,-0.0334341327306485,-0.1709028746569148,-0.3626028092706016,-0.8783368931126263,lying,karol
1672331702203706400,-0.024533533626281,-0.1745481425874443,-0.3608575834359704,-0.878632457498781,lying,karol
1672331702213706400,-0.0107399647540965,-0.1801842369989437,-0.3580809241345706,-0.8789075585901363,lying,karol
1672331702223706400,-0.0195717402508313,-0.1765845133165375,-0.3598805704762953,-0.878750814396054,lying,karol
1672331702233706400,-0.0284088500027147,-0.1729569265038279,-0.3616391542248905,-0.8785090403261978,lying,karol
1672331702243706400,-0.0195079766986469,-0.1766038984633028,-0.3598648251457622,-0.8787547969145391,lying,karol
1672331702253706400,-0.0283432434984758,-0.1729772636407996,-0.3616178001770057,-0.8785159573867433,lying,karol
1672331702263706400,-0.0194363706939142,-0.1766269465901833,-0.3598360129415078,-0.8787635615822017,lying,karol
1672331702273706400,-0.0331106131534053,-0.1710071888443431,-0.3625322672887597,-0.8783580124415558,lying,karol
1672331702283706400,-0.0242066384260615,-0.1746607807190791,-0.3607685087670751,-0.8786557670770205,lying,karol
1672331702293706400,-0.015298499408646,-0.1783037900311469,-0.3589690717842853,-0.8788612815635141,lying,karol
1672331702303706400,-0.0014879416331481,-0.1839223159476196,-0.3561142608893808,-0.8789967243350956,lying,karol
1672331702313706400,0.0123590809154863,-0.1895219265384457,-0.3531656793911725,-0.8789112265175189,lying,karol
1672331702323706400,0.0035443735264651,-0.1859955404345638,-0.3550424602518015,-0.8789881714360747,lying,karol
1672331702333706400,-0.005263382768783,-0.1824423253298883,-0.3568777597045361,-0.8789810154521471,lying,karol
1672331702343706400,-0.0140901970966617,-0.1788482599555368,-0.3586765554489103,-0.8788903048920167,lying,karol
1672331702353706400,-0.0229112230941403,-0.1752305030436664,-0.3604367374091209,-0.8787132555145075,lying,karol
1672331702363706400,-0.0365912970463702,-0.1695821876631698,-0.3631033005069217,-0.8782603486773858,lying,karol
1672331702373706400,-0.0503033199312433,-0.1638628814633489,-0.3656848298749877,-0.8775963958888183,lying,karol
1672331702383706400,-0.0414099583098144,-0.1675172905752386,-0.3639795702317823,-0.8780799229993285,lying,karol
1672331702393706400,-0.0325040397500809,-0.1711701022292155,-0.3622397584006988,-0.8784696673619538,lying,karol
1672331702403706400,-0.0235931946471198,-0.174818294104516,-0.3604678199792985,-0.8787645882997829,lying,karol
1672331702413706400,-0.0324199328594997,-0.1711853967612352,-0.3621938060899992,-0.8784887546009248,lying,karol
1672331702423706400,-0.0186089214552714,-0.1768502689070142,-0.3594482861962396,-0.8788953123313537,lying,karol
1672331702433706400,-0.0047701688943754,-0.1824995714298211,-0.3566145248398905,-0.8790788339426705,lying,karol
1672331702443706400,-0.0135964694866817,-0.1789393006343252,-0.3584250987280896,-0.8789821886728532,lying,karol
1672331702453706400,-0.027327106399381,-0.1733376312216761,-0.3611658270505097,-0.8786631472200928,lying,karol
1672331702463706400,-0.041031847164041,-0.1676872554207459,-0.3638099524817977,-0.8781355728700445,lying,karol
1672331702473706400,-0.032151657639401,-0.1713490587946713,-0.3620734863706547,-0.8785163416944349,lying,karol
1672331702483706400,-0.0183271937238076,-0.1770196742731533,-0.3593152307450521,-0.8789215679459127,lying,karol
1672331702493706400,-0.0320230314216967,-0.1713937631637045,-0.3620227462132623,-0.8785332393711636,lying,karol
1672331702503706400,-0.0231042883604174,-0.175042005087479,-0.3602550805577221,-0.8788203419072154,lying,karol
1672331702513706400,-0.0319270004294024,-0.1714062209904297,-0.3619869715258231,-0.8785490567829808,lying,karol
1672331702523706400,-0.0230158699211859,-0.1750489533574327,-0.3602115381809657,-0.8788391375485227,lying,karol
1672331702533706400,-0.0140950477257725,-0.1786827617728622,-0.3583807712228735,-0.8790446406167465,lying,karol
1672331702543706400,-0.0229059818894239,-0.1750709014977169,-0.3600991610008802,-0.8788836999351065,lying,karol
1672331702553706400,-0.0317048637949059,-0.1714299816350816,-0.3617646970640019,-0.87864404068261,lying,karol
1672331702563706400,-0.0227518267563905,-0.1750625804201901,-0.3599268305990322,-0.8789599678668386,lying,karol
1672331702573706400,-0.0364415027438488,-0.1693984236417718,-0.3625403778720136,-0.8785346809982763,lying,karol
1672331702583706400,-0.0226211502160616,-0.1750373744667124,-0.3597716478786827,-0.8790319108122386,lying,karol
1672331702593706400,-0.0314044509838635,-0.1714196150492726,-0.3614581021032683,-0.8787830639009033,lying,karol
1672331702603706400,-0.0223983966321715,-0.1751193637979581,-0.3596577684215948,-0.8790679190413395,lying,karol
1672331702613706400,-0.0310919606225807,-0.1715850039503219,-0.3613639447403095,-0.8788006817895555,lying,karol
1672331702623706400,-0.0171116509570034,-0.1773380440848241,-0.3585868213528032,-0.8791795374102143,lying,karol
1672331702633706400,-0.0257404222027526,-0.1738382643665868,-0.3603136274970785,-0.8789622484308427,lying,karol
1672331702643706400,-0.0343810969880688,-0.1702954322598364,-0.3620075005732099,-0.8786642832419572,lying,karol
1672331702653706400,-0.025271466654874,-0.1740412325457781,-0.3602298858688291,-0.8789701191677569,lying,karol
1672331702663706400,-0.011289469115677,-0.1797650190414153,-0.3574398550635344,-0.8792479548418491,lying,karol
1672331702673706400,-0.0247803099388527,-0.1742794318813739,-0.3601971651682522,-0.8789504185641812,lying,karol
1672331702683706400,-0.0334060287446855,-0.1707300096547284,-0.3619454447850589,-0.8786433323900869,lying,karol
1672331702693706400,-0.0242953027193343,-0.1744579380802902,-0.3602278511786432,-0.8789160738265037,lying,karol
1672331702703706400,-0.015164111596603,-0.1781790075832829,-0.358481068178642,-0.8790887987980182,lying,karol
1672331702713706400,-0.0286770585694978,-0.1726113667850071,-0.3612653768695884,-0.8787228555863109,lying,karol
1672331702723706400,-0.0195573244767014,-0.1762819816526365,-0.3595414024126715,-0.8789515480951425,lying,karol
1672331702733706400,-0.0054715777874205,-0.1819367134749314,-0.3567563222801594,-0.8791346799950418,lying,karol
1672331702743706400,-0.0140538283812808,-0.1783647977682869,-0.3585971874204794,-0.8790224173902844,lying,karol
1672331702753706400,4.311201121900109e-05,-0.1840167258543054,-0.3557681479902134,-0.8791193510924433,lying,karol
1672331702763706400,-0.0085295585709805,-0.1804809365110472,-0.3576257362554255,-0.879057325128255,lying,karol
1672331702773706400,-0.0219708081122509,-0.1749243047046549,-0.3604324624409735,-0.8788011088209613,lying,karol
1672331702783706400,-0.0128121392744348,-0.1786044020652337,-0.3586862815154866,-0.8789566307744466,lying,karol
1672331702793706400,-0.0213853562099554,-0.1750630449985734,-0.3605153828582058,-0.8787540422085769,lying,karol
1672331702803706400,-0.0122267448232683,-0.1787779344807585,-0.3587726215067258,-0.8788945837218961,lying,karol
1672331702813706400,0.0017799215052977,-0.1844549338739172,-0.3559752175857496,-0.8789422526561129,lying,karol
1672331702823706400,-0.0068745244790898,-0.1809436021739551,-0.3578711918147367,-0.878877163500776,lying,karol
1672331702833706400,-0.0155929109320989,-0.1774036531835495,-0.3597492968551111,-0.8787206645132408,lying,karol
1672331702843706400,-0.0066021094229556,-0.1811299650092648,-0.3580270741150174,-0.8787774345359243,lying,karol
1672331702853706400,-0.0153718288051005,-0.1776610411019628,-0.3599373423426921,-0.878595621223147,lying,karol
1672331702863706400,-0.029000427214497,-0.172256103853619,-0.3627745417332816,-0.8781608435395117,lying,karol
1672331702873706400,-0.0151768591144615,-0.1782294252909403,-0.3601332988947433,-0.8784037595980632,lying,karol
1672331702883706400,-0.0288123908223809,-0.172971150285734,-0.3629672238200624,-0.8779470899524336,lying,karol
1672331702893706400,-0.0198813526935839,-0.1770571259109669,-0.3612818316314503,-0.8780755797063133,lying,karol
1672331702903706400,-0.0109757473100297,-0.1811998827803518,-0.3595545675765845,-0.8780961330375244,lying,karol
1672331702913706400,-0.0247558997153238,-0.1760778661893682,-0.3624537293045887,-0.8776660186006885,lying,karol
1672331702923706400,-0.0159446740983304,-0.1802828158913622,-0.3607731723526736,-0.8777093485141472,lying,karol
1672331702933706400,-0.0071672370617335,-0.1845101200718278,-0.359075381711181,-0.8776429659224164,lying,karol
1672331702943706400,0.0064200689365426,-0.1907305332582874,-0.3563165427015387,-0.8774436988237193,lying,karol
1672331702953706400,-0.0025772736835387,-0.1878111159858075,-0.3584145230028526,-0.8772390456530802,lying,karol
1672331702963706400,-0.0115943647663603,-0.1849057286948109,-0.3605000257518958,-0.8769292608509404,lying,karol
1672331702973706400,0.0019338174612048,-0.1912761189066923,-0.357777906860309,-0.8767527030109167,lying,karol
1672331702983706400,-0.0119650392864626,-0.186462746857619,-0.3609647547602864,-0.8764043075111938,lying,karol
1672331702993706400,-0.0032443873299599,-0.1909488919081194,-0.3592782680500289,-0.8762075917986272,lying,karol
1672331703003706400,-0.0121608546906232,-0.1882067035272847,-0.3613984638832118,-0.8758511555950408,lying,karol
1672331703013706400,0.0015238830089774,-0.1947415255642735,-0.3585817370987572,-0.8756640185772657,lying,karol
1672331703023706400,0.0103860103247217,-0.1992709311426617,-0.3567588988926878,-0.8753299298294079,lying,karol
1672331703033706400,0.0016171015723663,-0.1966118142162054,-0.3589311710605805,-0.8751040803579128,lying,karol
1672331703043706400,0.0154154914330999,-0.2031447131377846,-0.3559681894441011,-0.8746886295567065,lying,karol
1672331703053706400,0.0066204749536158,-0.2003738418181703,-0.3582028984117277,-0.8745269452321893,lying,karol
1672331703063706400,-0.002219169544547,-0.1974578701726028,-0.3604416757627537,-0.8742931608711282,lying,karol
1672331703073706400,0.006532626835205,-0.2016700462566237,-0.358699654097761,-0.8740270274634597,lying,karol
1672331703083706400,0.0152015638710031,-0.2057278451102632,-0.3569748866750786,-0.8736800348782309,lying,karol
1672331703093706400,0.0061468016337592,-0.202408816190986,-0.3594397144649251,-0.8735556745613735,lying,karol
1672331703103706400,0.0146908824226986,-0.2062407425109265,-0.3578245483533256,-0.8732208708624752,lying,karol
1672331703113706400,0.0055828533351517,-0.2027774280049153,-0.360380555737526,-0.8730869407477828,lying,karol
1672331703123706400,0.0140858494161327,-0.2064841232783594,-0.358843979945687,-0.8727556136740525,lying,karol
1672331703133706400,0.0274490704096173,-0.2121076397804073,-0.3561242781148549,-0.8722032657306713,lying,karol
1672331703143706400,0.0183540369159154,-0.2084856733246168,-0.3588152960603481,-0.8722128346336694,lying,karol
1672331703153706400,0.0268802054120571,-0.2120432918976283,-0.3572563658278224,-0.8717742909135114,lying,karol
1672331703163706400,0.0354433666190421,-0.2156500891435424,-0.3556535236813464,-0.8712390260952477,lying,karol
1672331703173706400,0.0264426119202899,-0.2120946433032209,-0.3583566006358732,-0.8713242166180535,lying,karol
1672331703183706400,0.0173950240143933,-0.2084005788859709,-0.3610116546838887,-0.8713475082939446,lying,karol
1672331703193706400,0.0258877664029516,-0.2118328517906943,-0.3594148398294878,-0.8709692908839033,lying,karol
1672331703203706400,0.0391331627953482,-0.2170425727683367,-0.3566048601923176,-0.8703474016681139,lying,karol
1672331703213706400,0.0299851953304289,-0.2129215584742851,-0.3593340372608927,-0.8706064601444191,lying,karol
1672331703223706400,0.0207970952776445,-0.2086602331601588,-0.3620696493316588,-0.8707733084255223,lying,karol
1672331703233706400,0.0067916244200768,-0.2022820248641177,-0.3659138657720402,-0.870893910202766,lying,karol
1672331703243706400,-0.0024320247181952,-0.1977974113460401,-0.3685945469132263,-0.8708173761852617,lying,karol
1672331703253706400,-0.0165607674823678,-0.1910679396980502,-0.3723570908822511,-0.8705660022492612,lying,karol
1672331703263706400,-0.0082783517069313,-0.1937656321466484,-0.3711837114280339,-0.8705901447227717,lying,karol
1672331703273706400,7.472530410521962e-05,-0.1965190104945634,-0.3699659772533175,-0.8705317243304287,lying,karol
1672331703283706400,0.0133621006357609,-0.2013833290215288,-0.367551327914973,-0.8703412092662437,lying,karol
1672331703293706400,0.0041312322422632,-0.1966115608359087,-0.3702259576099077,-0.8703923653050682,lying,karol
1672331703303706400,0.0124116613227691,-0.1991697352124588,-0.3688613475745982,-0.8703125327104563,lying,karol
1672331703313706400,0.0255914700878463,-0.2037776306908485,-0.3663945594475258,-0.8700011243951188,lying,karol
1672331703323706400,0.0115734140958802,-0.1968450618748496,-0.3702885848472243,-0.8702492080139722,lying,karol
1672331703333706400,0.0199977324256301,-0.1991859285608377,-0.3691105496522343,-0.8700657663577731,lying,karol
1672331703343706400,0.0108125530900599,-0.1938028313553947,-0.3719722227872696,-0.8702274583743063,lying,karol
1672331703353706400,0.0190909662341967,-0.1956337485624351,-0.3709171581774096,-0.8701285989735752,lying,karol
1672331703363706400,0.009725473632907,-0.1897134668229513,-0.3738041184873876,-0.8703625404702438,lying,karol
1672331703373706400,0.0179000163299893,-0.1910939456733031,-0.3728472487402621,-0.870345337295602,lying,karol
1672331703383706400,0.0085587040546055,-0.1848500448931106,-0.3757222001880509,-0.8706038443503763,lying,karol
1672331703393706400,0.016868516460879,-0.1860995628314241,-0.3748388609675832,-0.8706016238928919,lying,karol
1672331703403706400,0.0251183415405185,-0.1872277995050357,-0.3739532309578141,-0.8705466291329473,lying,karol
1672331703413706400,0.0156406792608948,-0.1805644580496466,-0.376772637947076,-0.8709661625068352,lying,karol
1672331703423706400,0.0060022659921827,-0.1736810652039139,-0.3794849074990767,-0.8713148736262014,lying,karol
1672331703433706400,0.0138398207996735,-0.1743547273466419,-0.3786528459781096,-0.8714603912088563,lying,karol
1672331703443706400,-0.0007328011165056,-0.1653188796308437,-0.3822123320401539,-0.8717842801755985,lying,karol
1672331703453706400,-0.015327248347111,-0.1562736341038459,-0.3855773347241674,-0.8718435157082999,lying,karol
1672331703463706400,-0.0074691994353961,-0.1572816364006197,-0.3847690474083193,-0.8721286124748097,lying,karol
1672331703473706400,-0.0220730020631974,-0.1485655017834279,-0.3878632871445644,-0.8720448362419605,lying,karol
1672331703483706400,-0.0141288558575291,-0.1501041469606903,-0.3870130691916163,-0.8723289627316713,lying,karol
1672331703493706400,-0.0060562734122857,-0.1519443965611893,-0.3861326199270881,-0.8724980882603658,lying,karol
1672331703503706400,0.0022314935052335,-0.154057519824404,-0.3852169321275456,-0.8725538076232016,lying,karol
1672331703513706400,-0.0068586123897152,-0.1486502670864029,-0.3873447267925717,-0.8725282866731018,lying,karol
1672331703523706400,0.0067740406740754,-0.1534481697005424,-0.385579396655011,-0.8724822588657866,lying,karol
1672331703533706400,-0.0017368969318662,-0.1485639468563644,-0.3876525027524797,-0.8724350381126883,lying,karol
1672331703543706400,0.0125352693840069,-0.153837261982762,-0.3857437950120975,-0.8722799800844958,lying,karol
1672331703553706400,0.00449395200822,-0.149185550613879,-0.3875768249437723,-0.87235497714269,lying,karol
1672331703563706400,-0.0034800728472884,-0.1444843211453937,-0.3891884184231001,-0.8724344013583044,lying,karol
1672331703573706400,0.006119145776016,-0.1476033862310395,-0.3877144408548623,-0.8725549321550153,lying,karol
1672331703583706400,-0.0019948084085603,-0.1428613748524234,-0.3890646692103141,-0.8727631800606088,lying,karol
1672331703593706400,-0.0102084326369631,-0.1379876789461567,-0.3902853471465068,-0.8729457954672555,lying,karol
1672331703603706400,-0.0185403396294888,-0.1329296719180878,-0.3913892525309223,-0.8731003290961193,lying,karol
1672331703613706400,-0.0318432298360378,-0.1255060744044891,-0.3930770877327456,-0.8730583511107344,lying,karol
1672331703623706400,-0.0227665489145064,-0.1280293667398643,-0.3914312809400921,-0.8737167707828263,lying,karol
1672331703633706400,-0.0088953271680133,-0.1325906008622342,-0.3890274129390487,-0.8743632397234511,lying,karol
1672331703643706400,-0.0174789999623388,-0.1271396657535659,-0.3899445496135435,-0.8746368890625512,lying,karol
1672331703653706400,-0.0033573516239174,-0.1318104946832033,-0.3875063373383423,-0.8751990891220702,lying,karol
1672331703663706400,-0.0117093235844711,-0.1266096174876948,-0.3883504331427535,-0.8755225715827926,lying,karol
1672331703673706400,-0.0199955613350791,-0.1215811862579763,-0.3890673708919056,-0.8757683983568644,lying,karol
1672331703683706400,-0.0283417831150115,-0.1165973339848916,-0.3896704291282944,-0.8759490546043597,lying,karol
1672331703693706400,-0.0416990633959751,-0.1095203649509961,-0.3907710379759486,-0.875839484889244,lying,karol
1672331703703706400,-0.0550884757728084,-0.1025514133263976,-0.3917039864577,-0.8755278147949539,lying,karol
1672331703713706400,-0.0684824524615184,-0.0957495211498684,-0.3924857656611749,-0.8750036692343661,lying,karol
1672331703723706400,-0.0592688859639403,-0.0991861961808968,-0.3906665341617507,-0.876107820894304,lying,karol
1672331703733706400,-0.0725178859927569,-0.092687396916794,-0.3912258506964742,-0.8755741558319817,lying,karol
1672331703743706400,-0.0632049700235675,-0.0963033338341939,-0.3892694817984612,-0.8767777964308259,lying,karol
1672331703753706400,-0.0489827674897555,-0.1020938534368311,-0.3866707141027342,-0.8781823367098859,lying,karol
1672331703763706400,-0.0622922365644706,-0.0957700391150599,-0.3872047388414323,-0.8778170465984373,lying,karol
1672331703773706400,-0.0756056130286022,-0.089482972482685,-0.3877187524124396,-0.8772084461364172,lying,karol
1672331703783706400,-0.0664207127139456,-0.0931733915726839,-0.3859791895058796,-0.8783348655869736,lying,karol
1672331703793706400,-0.0799081843043582,-0.0869794106611446,-0.3866669519775761,-0.8775442492352131,lying,karol
1672331703803706400,-0.0659941734537734,-0.0929850411911918,-0.3846582562786256,-0.8789671053639911,lying,karol
1672331703813706400,-0.0796505293728147,-0.0871263688997201,-0.3855422414930176,-0.8780483663775435,lying,karol
1672331703823706400,-0.0658898300974812,-0.0935625378999535,-0.3836967321384539,-0.8793341661675449,lying,karol
1672331703833706400,-0.057086523209677,-0.09807822577545,-0.3823436199735383,-0.8800469013860506,lying,karol
1672331703843706400,-0.0710620799070283,-0.0929163720501686,-0.3835093051893182,-0.87908196725745,lying,karol
1672331703853706400,-0.0625009665967246,-0.0977013479196578,-0.3823002120940454,-0.879740253645384,lying,karol
1672331703863706400,-0.0766968697547908,-0.0926923336770193,-0.3836032505786478,-0.8785916325161656,lying,karol
1672331703873706400,-0.0683112529790765,-0.0975630296786883,-0.3825104941386913,-0.8792329322486636,lying,karol
1672331703883706400,-0.059957142451968,-0.102441500417102,-0.381367500960756,-0.8797842914190672,lying,karol
1672331703893706400,-0.0466766787262575,-0.1095080446777505,-0.3795290838183102,-0.8805331569206659,lying,karol
1672331703903706400,-0.0560373411675419,-0.1069123842361806,-0.3803936357223144,-0.8799335804791417,lying,karol
1672331703913706400,-0.0653015026057155,-0.1044966258015965,-0.381214852311633,-0.8792302207425257,lying,karol
1672331703923706400,-0.0793810261422611,-0.100127305872203,-0.3825863351095211,-0.8779847667049333,lying,karol
1672331703933706400,-0.065826964004831,-0.1079056545502481,-0.3807389549635785,-0.8789880472913795,lying,karol
1672331703943706400,-0.0571331788653299,-0.1136450154803618,-0.379378000344233,-0.8794628351796983,lying,karol
1672331703953706400,-0.0484361772159873,-0.1194288094454619,-0.3779727918242705,-0.879825215404767,lying,karol
1672331703963706400,-0.039732448214025,-0.1252279621390173,-0.376527906746934,-0.8800763981603746,lying,karol
1672331703973706400,-0.0536459759746039,-0.121346367468735,-0.3782898371860917,-0.8791278244495518,lying,karol
1672331703983706400,-0.0675641205559757,-0.1174401205401172,-0.3800643602578407,-0.8779345911912915,lying,karol
1672331703993706400,-0.0587987356724909,-0.1233362109596615,-0.3787911577318898,-0.8783090646313613,lying,karol
1672331704003706400,-0.049948094973348,-0.1292660353572884,-0.3774299734025418,-0.8785922759774218,lying,karol
1672331704013706400,-0.0409767276290278,-0.1352092464775534,-0.3759492442211312,-0.8787989031866302,lying,karol
1672331704023706400,-0.0270641725086211,-0.1431443756930573,-0.3735556267380862,-0.8791034516856774,lying,karol
1672331704033706400,-0.0356895065312884,-0.1413463350831524,-0.3747156137137479,-0.8785945020610396,lying,karol
1672331704043706400,-0.0443167546014048,-0.1393387521254728,-0.3758480090395129,-0.8780399731716438,lying,karol
1672331704053706400,-0.0303296835475599,-0.1467411985666786,-0.3732977181357851,-0.8785174942886982,lying,karol
1672331704063706400,-0.0439334735181069,-0.1421708183987438,-0.3752565030857978,-0.8778600063216789,lying,karol
1672331704073706400,-0.0526873025609239,-0.1394494608414386,-0.3764108016527636,-0.8773209209566564,lying,karol
1672331704083706400,-0.0437548325052196,-0.1441327508326719,-0.374746169175534,-0.8777678299531422,lying,karol
1672331704093706400,-0.0299363035086109,-0.1507491223310652,-0.3722294344220849,-0.8783074581116351,lying,karol
1672331704103706400,-0.0209146559588263,-0.1551972511168232,-0.3704961902145649,-0.878526906728074,lying,karol
1672331704113706400,-0.0344404449506838,-0.1499929087911799,-0.3727294105685765,-0.8780601259348877,lying,karol
1672331704123706400,-0.0253819841734327,-0.15420606108617,-0.3710901195337945,-0.8783332788561004,lying,karol
1672331704133706400,-0.0340690549947958,-0.1507869325221295,-0.3725587928355353,-0.878011171448114,lying,karol
1672331704143706400,-0.0201866825804756,-0.1567833613348679,-0.3701126049944696,-0.8784242959234629,lying,karol
1672331704153706400,-0.0289480229243359,-0.1531431086033368,-0.3716584399965292,-0.8781687378523471,lying,karol
1672331704163706400,-0.0200152500469173,-0.1569123464894158,-0.3700956431801356,-0.8784123559757308,lying,karol
1672331704173706400,-0.0288388313769186,-0.1531444805622641,-0.3716684308656758,-0.8781678885350435,lying,karol
1672331704183706400,-0.0376839227404759,-0.149305650861837,-0.3732066327054752,-0.8778415378639992,lying,karol
1672331704193706400,-0.0239585484753614,-0.1549913308082449,-0.37084321795199,-0.8783394855123071,lying,karol
1672331704203706400,-0.0328350582494305,-0.1510867124153368,-0.3724013796105433,-0.878073587055058,lying,karol
1672331704213706400,-0.0465626935516415,-0.1450595598174082,-0.3747240871015904,-0.8774810237922724,lying,karol
1672331704223706400,-0.0554480222699447,-0.1410353214224314,-0.376177451060907,-0.8769986613881757,lying,karol
1672331704233706400,-0.0691593690082941,-0.1348813048952052,-0.378338177446802,-0.8760627579195174,lying,karol
1672331704243706400,-0.060331156793644,-0.1384158108248457,-0.3769667665771403,-0.876754892228813,lying,karol
1672331704253706400,-0.0514729960676001,-0.1419659096195867,-0.3755543066722177,-0.8773580702801327,lying,karol
1672331704263706400,-0.0425895785974228,-0.1455367363676886,-0.3740961289695599,-0.8778720894314791,lying,karol
1672331704273706400,-0.0514139210816771,-0.1415746772489995,-0.3755228417708102,-0.8774383458386548,lying,karol
1672331704283706400,-0.0376367404745891,-0.147265305563602,-0.3732337231943123,-0.8781772712761832,lying,karol
1672331704293706400,-0.0513336507952539,-0.1412671184162908,-0.3754493647672297,-0.8775241530792933,lying,karol
1672331704303706400,-0.037541224882553,-0.1469984650975491,-0.3731402018967399,-0.878265890724715,lying,karol
1672331704313706400,-0.0463722310199258,-0.1431220581857254,-0.3745347650866382,-0.877890618864966,lying,karol
1672331704323706400,-0.0374745405723414,-0.1468095187160605,-0.3729931971391824,-0.8783628412225993,lying,karol
1672331704333706400,-0.0511789484987395,-0.1409078901183835,-0.3751554506280249,-0.8777167433594459,lying,karol
1672331704343706400,-0.0373511080136146,-0.1467679107486827,-0.3728037977677071,-0.8784554794419556,lying,karol
1672331704353706400,-0.0461539376600321,-0.1430617062430244,-0.3741606748110573,-0.8780715119636389,lying,karol
1672331704363706400,-0.0372212048940119,-0.1469508439705536,-0.372588699150708,-0.8785216682340165,lying,karol
1672331704373706400,-0.046008369696069,-0.1433792737934172,-0.3739383341836982,-0.8781220723425736,lying,karol
1672331704383706400,-0.0321799674204284,-0.1494703886696529,-0.3715243131229399,-0.8787464967079756,lying,karol
1672331704393706400,-0.0409376935992497,-0.1460493167131832,-0.3728849499855138,-0.8783810346443532,lying,karol
1672331704403706400,-0.0270267464742738,-0.1522571749282576,-0.3704173236654171,-0.8789090541226864,lying,karol
1672331704413706400,-0.0357561109997943,-0.1489356846433912,-0.3718053561814992,-0.8785803091271074,lying,karol
1672331704423706400,-0.0444862940213084,-0.1456173422990315,-0.3731624638178523,-0.8781625026043572,lying,karol
1672331704433706400,-0.0532051737319529,-0.142307392269603,-0.3744910944999866,-0.8776545042599944,lying,karol
1672331704443706400,-0.0442021693498531,-0.1465605061138848,-0.372912045222527,-0.8781265043510037,lying,karol
1672331704453706400,-0.0578389405874608,-0.1411927140861912,-0.3750490468966591,-0.8773032756337442,lying,karol
1672331704463706400,-0.0713949771973821,-0.1358206548104798,-0.3771005611435346,-0.8762730273575845,lying,karol
1672331704473706400,-0.0624296901240261,-0.1400986690054123,-0.375603971343228,-0.8769267299201875,lying,karol
1672331704483706400,-0.0534605428648077,-0.1443561682338883,-0.3740624805743981,-0.8774876895464807,lying,karol
1672331704493706400,-0.0671159758620604,-0.1389326614154575,-0.3761823585010701,-0.876518272591871,lying,karol
1672331704503706400,-0.0581716996111957,-0.1431484612740054,-0.374661914656386,-0.8771302434936062,lying,karol
1672331704513706400,-0.0492202824025983,-0.1473307388778179,-0.3730933482559443,-0.8776542308251528,lying,karol
1672331704523706400,-0.0353885278009033,-0.153534712878278,-0.3706315846586233,-0.8783004408310129,lying,karol
1672331704533706400,-0.0441715690375805,-0.1501471612699974,-0.3720604508721449,-0.8778841089813458,lying,karol
1672331704543706400,-0.0352320080295062,-0.1542127832512668,-0.3704259636193809,-0.8782747791519926,lying,karol
1672331704553706400,-0.0488694653291209,-0.1486939596791497,-0.3726956868805438,-0.8776130806994635,lying,karol
1672331704563706400,-0.035040459243218,-0.1547457590674294,-0.3702286536615011,-0.8782719451143722,lying,karol
1672331704573706400,-0.0487357207051808,-0.1491251937416358,-0.3725300803470538,-0.8776176945749102,lying,karol
1672331704583706400,-0.039819262739016,-0.1530245492351316,-0.3709343981616599,-0.8780720767913174,lying,karol
1672331704593706400,-0.0259724017721363,-0.1589454100432145,-0.3684165625412136,-0.8785988964927571,lying,karol
1672331704603706400,-0.0347696815016509,-0.1553190493541765,-0.3699356822950233,-0.878304987310833,lying,karol
1672331704613706400,-0.0435666189701962,-0.1516416397700618,-0.3714259970589221,-0.8779262453382599,lying,karol
1672331704623706400,-0.0572376077663759,-0.145850275118828,-0.3737032956897328,-0.8771558612234469,lying,karol
1672331704633706400,-0.0483127078220687,-0.1496309579132381,-0.3721675292826896,-0.8777088346732616,lying,karol
1672331704643706400,-0.057081907428261,-0.1458812068237775,-0.3736171384976128,-0.8771975716583557,lying,karol
1672331704653706400,-0.0481318475636555,-0.1496388571495904,-0.3720887179503613,-0.8777508466796756,lying,karol
1672331704663706400,-0.0391871287276324,-0.1533702290057761,-0.370530580871639,-0.8782107182583689,lying,karol
1672331704673706400,-0.0302416920432107,-0.1570842130794064,-0.3689382471562527,-0.878578173309323,lying,karol
1672331704683706400,-0.039037043909107,-0.1533448171039432,-0.3704760427554142,-0.8782448608199295,lying,karol
1672331704693706400,-0.0527316744021646,-0.147509590575532,-0.3728051834585853,-0.8775429643038655,lying,karol
1672331704703706400,-0.0438175217505831,-0.1512522259000283,-0.3712714859334584,-0.8780463249946726,lying,karol
1672331704713706400,-0.0575164853312856,-0.1454243571775664,-0.3735682279333197,-0.8772659074757093,lying,karol
1672331704723706400,-0.0486034814200812,-0.1491983498870132,-0.3720532427654109,-0.8778149164417327,lying,karol
1672331704733706400,-0.0347528936763104,-0.1550471490112384,-0.369628850844073,-0.8784829107372617,lying,karol
1672331704743706400,-0.0484751845965185,-0.1492682940160082,-0.3719693792470308,-0.8778456646864375,lying,karol
1672331704753706400,-0.0621343150604857,-0.1434694162728045,-0.3741971969982503,-0.8770047949211176,lying,karol
1672331704763706400,-0.0532275890358867,-0.1472636689206786,-0.372652405368738,-0.8776192341999172,lying,karol
1672331704773706400,-0.039447554419034,-0.1531198945061022,-0.3702130339393067,-0.8783766837544689,lying,karol
1672331704783706400,-0.0531424640749402,-0.1473964377178384,-0.3724676520222705,-0.8776805346314726,lying,karol
1672331704793706400,-0.0442107625508451,-0.1512558892744585,-0.3708646768099978,-0.8781979086244125,lying,karol
1672331704803706400,-0.0578715896991111,-0.1455731286630389,-0.3730961379072074,-0.8774187923583745,lying,karol
1672331704813706400,-0.0489526848270527,-0.1494755656537096,-0.3715247430278013,-0.8779722059261365,lying,karol
1672331704823706400,-0.0400079066003858,-0.1533936765620986,-0.3699109674298307,-0.878430865075112,lying,karol
1672331704833706400,-0.0536682217834511,-0.147775532114891,-0.3721832151210946,-0.8777055051444681,lying,karol
1672331704843706400,-0.039849126760138,-0.1537587311557003,-0.3697417302953455,-0.8784455381417374,lying,karol
1672331704853706400,-0.0259849390810848,-0.1597336166484831,-0.3671985202674014,-0.8789655506544062,lying,karol
1672331704863706400,-0.0347726461154594,-0.1562284876446723,-0.3687112877617841,-0.8786585083079442,lying,karol
1672331704873706400,-0.0435625432228488,-0.1526979340812637,-0.3702015751082182,-0.8782606289117877,lying,karol
1672331704883706400,-0.0523555320974213,-0.1491398145505609,-0.3716672073906113,-0.8777727616499511,lying,karol
1672331704893706400,-0.038538722748974,-0.1551091931702908,-0.3692336992651686,-0.878480350277534,lying,karol
1672331704903706400,-0.0295915520813159,-0.1590039325866929,-0.3675983128812274,-0.878816783220629,lying,karol
1672331704913706400,-0.0383881845072781,-0.1554564972902382,-0.3691417727373505,-0.8784642086362162,lying,karol
1672331704923706400,-0.0471855269562731,-0.1518710752154703,-0.3706530869568947,-0.8780264227200965,lying,karol
1672331704933706400,-0.0382511957746155,-0.1557292346704152,-0.3690615549582299,-0.8784556005798975,lying,karol
1672331704943706400,-0.0243875512931184,-0.1616208413582691,-0.3665270849839815,-0.8789466883148478,lying,karol
1672331704953706400,-0.0331865483139013,-0.1580296446174242,-0.3680923161641254,-0.8786573703647632,lying,karol
1672331704963706400,-0.0419889193639022,-0.1543989800085325,-0.3696261505463526,-0.8782823265217561,lying,karol
1672331704973706400,-0.0507970268266148,-0.1507314621104084,-0.3711284621388581,-0.8778204884459492,lying,karol
1672331704983706400,-0.0418765897843725,-0.1545292746535835,-0.3695507671283916,-0.8782965034747903,lying,karol
1672331704993706400,-0.028018548039784,-0.1603770681134778,-0.3670403643220994,-0.8788520904096603,lying,karol
1672331705003706400,-0.036817180267312,-0.1567380023612705,-0.3686016851703637,-0.8785305720760065,lying,karol
1672331705013706400,-0.0505351605197776,-0.1509966800895503,-0.3709793583342041,-0.8778530605454837,lying,karol
1672331705023706400,-0.0416098231828841,-0.1547835657131995,-0.3693936740120335,-0.8783305010202171,lying,karol
1672331705033706400,-0.0326713543182037,-0.1585649163437358,-0.3677631615111499,-0.8787180984241131,lying,karol
1672331705043706400,-0.0463228164284771,-0.1528668026669763,-0.3701437869181926,-0.878114461685451,lying,karol
1672331705053706400,-0.0373867181611947,-0.1566524855328772,-0.3685286902919901,-0.8785524083868868,lying,karol
1672331705063706400,-0.0235506641363671,-0.1624827268746877,-0.3659744037626551,-0.8790409372640476,lying,karol
1672331705073706400,-0.0097133843022078,-0.1682818121698908,-0.3633256595539249,-0.8793104440984711,lying,karol
1672331705083706400,-0.018492976253595,-0.1647146583091834,-0.3649390954133977,-0.8791769242104996,lying,karol
1672331705093706400,-0.0272578212095855,-0.1611364277065163,-0.366511299211962,-0.8789579359255856,lying,karol
1672331705103706400,-0.0360546419537091,-0.1575307983490447,-0.3680514538046959,-0.8786511068770494,lying,karol
1672331705113706400,-0.0497489708428088,-0.1518377765727871,-0.3704098906151321,-0.8779933823846657,lying,karol
1672331705123706400,-0.0408215356452606,-0.1556469513579737,-0.3687945885005567,-0.8784666894656158,lying,karol
1672331705133706400,-0.0270070897669054,-0.1614853695362683,-0.366249096849603,-0.8790109461379899,lying,karol
1672331705143706400,-0.0180530779954506,-0.1652815527841493,-0.3645321164138623,-0.8792485376717967,lying,karol
1672331705153706400,-0.026841637620712,-0.1617164022063866,-0.366120409868383,-0.8790271595506197,lying,karol
1672331705163706400,-0.0356361968574295,-0.1581284778479036,-0.3676814934489082,-0.8787157369695411,lying,karol
1672331705173706400,-0.0493426122103135,-0.1524506204221704,-0.3700698196700478,-0.8780535499231833,lying,karol
1672331705183706400,-0.0404037542059563,-0.156274558747782,-0.3684672913841347,-0.8785119574577387,lying,karol
1672331705193706400,-0.0491954977225898,-0.1526516338227267,-0.3699853077039835,-0.8780625100430695,lying,karol
1672331705203706400,-0.0628668718899287,-0.1469354331198817,-0.3722919729974015,-0.8771898607671381,lying,karol
1672331705213706400,-0.04908285214127,-0.1528148415335442,-0.3699110068924838,-0.8780717433128423,lying,karol
1672331705223706400,-0.0578804522843382,-0.149159406350289,-0.3713984726875042,-0.8775364104839346,lying,karol
1672331705233706400,-0.0489594866330231,-0.1529727211040847,-0.3698420272905,-0.8780802089764359,lying,karol
1672331705243706400,-0.0400234056231079,-0.1567822134225122,-0.3682491576808033,-0.8785304194271223,lying,karol
1672331705253706400,-0.0261845649675391,-0.16262474129966,-0.3657204239959258,-0.8790459731809758,lying,karol
1672331705263706400,-0.0398917125846921,-0.1569730609354096,-0.3682015336192442,-0.8785223066813999,lying,karol
1672331705273706400,-0.048683810647207,-0.1533355294420257,-0.3697463010859257,-0.878072600291022,lying,karol
1672331705283706400,-0.0397501613287767,-0.1571311237787551,-0.3681602863851584,-0.8785177665167475,lying,karol
1672331705293706400,-0.0308120991470148,-0.1609195932868453,-0.3665350245298492,-0.8788704757541478,lying,karol
1672331705303706400,-0.0444618507726877,-0.1552718052778656,-0.3689828041814086,-0.8782774331433456,lying,karol
1672331705313706400,-0.030675163162243,-0.1611009569271894,-0.3664916412527633,-0.878860144289057,lying,karol
1672331705323706400,-0.0394767917157656,-0.1574939495726997,-0.3680719052321153,-0.8785021814582473,lying,karol
1672331705333706400,-0.0256119831556804,-0.163344666669422,-0.3655205653779086,-0.8790125396336232,lying,karol
1672331705343706400,-0.0393409565107654,-0.1576888071316537,-0.3680049450801673,-0.8785013845179739,lying,karol
1672331705353706400,-0.0255206247759444,-0.1635195892307991,-0.3654562413903333,-0.8790094320171332,lying,karol
1672331705363706400,-0.0342982428841244,-0.1599424398131214,-0.3670513373440877,-0.8787042627323401,lying,karol
1672331705373706400,-0.0430868763211383,-0.1563455424884268,-0.3686168686309742,-0.8783091905886922,lying,karol
1672331705383706400,-0.0518677223425363,-0.1527374734757976,-0.3701497902221449,-0.8778245816117078,lying,karol
1672331705393706400,-0.0606637768948245,-0.1491052536816809,-0.3716467662709378,-0.8772525814370017,lying,karol
1672331705403706400,-0.0517734256125279,-0.1529519540887157,-0.3700947369772427,-0.8778160394096778,lying,karol
1672331705413706400,-0.0606022929874455,-0.1493262418309359,-0.3715871172850718,-0.8772445328443041,lying,karol
1672331705423706400,-0.0517234510408737,-0.1531818049533001,-0.3700241559468775,-0.8778086822497551,lying,karol
1672331705433706400,-0.0654194399905988,-0.1475045740814776,-0.3723433945398394,-0.8768859989486251,lying,karol
1672331705443706400,-0.0565311560239427,-0.1513749810915792,-0.3708073577356685,-0.8774951464011351,lying,karol
1672331705453706400,-0.0476293251772509,-0.1552314353663849,-0.3692389096942594,-0.8780109822987584,lying,karol
1672331705463706400,-0.0337951099379289,-0.161132192762977,-0.3667349123490088,-0.8786386299382127,lying,karol
1672331705473706400,-0.042618819347916,-0.1575513973673104,-0.3683175850512542,-0.8782422217725838,lying,karol
1672331705483706400,-0.0563638615107634,-0.1518643156497689,-0.3707172756922657,-0.8774594653921232,lying,karol
1672331705493706400,-0.0700576282956064,-0.1461376980019835,-0.3730133522618302,-0.8764718040967707,lying,karol
1672331705503706400,-0.0611814835147132,-0.1499696590516925,-0.3714777786604142,-0.8771409722696766,lying,karol
1672331705513706400,-0.0522725417566876,-0.1538046008749451,-0.3698963421835016,-0.8777212190075363,lying,karol
1672331705523706400,-0.0433565479172788,-0.1576277981625191,-0.3682773205051692,-0.8782093351634737,lying,karol
1672331705533706400,-0.0344350488072189,-0.1614357618936804,-0.3666252787040943,-0.8786038799097381,lying,karol
1672331705543706400,-0.0255169739702026,-0.1652264800803207,-0.3649399238495329,-0.8789050641968308,lying,karol
1672331705553706400,-0.0343453660039261,-0.1616374079525104,-0.3665581876106015,-0.8785983263727664,lying,karol
1672331705563706400,-0.04806337628054,-0.1559766895058029,-0.3690206603346105,-0.8779471122067817,lying,karol
1672331705573706400,-0.0568957223652327,-0.1523322741695251,-0.3705589237273504,-0.877410993410514,lying,karol
1672331705583706400,-0.04800704052958,-0.1561454434751354,-0.3689870848666756,-0.8779343285578998,lying,karol
1672331705593706400,-0.0616709581086259,-0.1504548245617684,-0.3713692551029139,-0.8770696449253059,lying,karol
1672331705603706400,-0.0527805554052633,-0.1542588112156579,-0.3698245933519334,-0.8776414218039968,lying,karol
1672331705613706400,-0.0438806848327614,-0.1580444985114946,-0.3682412819515983,-0.878123600014616,lying,karol
1672331705623706400,-0.0527125503668419,-0.1543730469286717,-0.3698112494564708,-0.8776310595795187,lying,karol
1672331705633706400,-0.0438171777962798,-0.1581428472872179,-0.3682253857298118,-0.8781157428645674,lying,karol
1672331705643706400,-0.0574799638322484,-0.1524245264061813,-0.3706397055453944,-0.8773228219484185,lying,karol
1672331705653706400,-0.0485814133181731,-0.156186883049606,-0.3690705669048589,-0.877860317870745,lying,karol
1672331705663706400,-0.0396717434840104,-0.15993017571165,-0.3674610109870797,-0.8783092978025625,lying,karol
1672331705673706400,-0.0307507672884139,-0.1636663376992844,-0.3658090266663981,-0.878668202191146,lying,karol
1672331705683706400,-0.0169193485412813,-0.1694261387850057,-0.363175137460613,-0.8790441850242576,lying,karol
1672331705693706400,-0.0257402990112495,-0.1658119051457353,-0.3648438197355063,-0.8788283018322985,lying,karol
1672331705703706400,-0.0119555435535595,-0.1715486451496561,-0.3621839480909222,-0.8791230121658912,lying,karol
1672331705713706400,-0.0207630277086258,-0.1679614393935166,-0.3638705404273888,-0.8789553148134408,lying,karol
1672331705723706400,-0.0295714722719846,-0.1643500531696556,-0.3655199263992725,-0.8787013968061784,lying,karol
1672331705733706400,-0.0157487818370304,-0.1701136850752971,-0.3628699239072257,-0.8790592190152366,lying,karol
1672331705743706400,-0.0245596131036201,-0.1665141343645866,-0.3645363312514958,-0.878856940929218,lying,karol
1672331705753706400,-0.0333653189086083,-0.162897016421896,-0.3661651492069291,-0.8785674709990238,lying,karol
1672331705763706400,-0.0470469202162744,-0.1572154268028361,-0.3686367618643245,-0.8779426202253424,lying,karol
1672331705773706400,-0.0607008283336281,-0.1514952089234563,-0.3710170474995604,-0.8771073946194141,lying,karol
1672331705783706400,-0.0518040011266502,-0.1552731619456156,-0.3694395136593855,-0.8776830104926001,lying,karol
1672331705793706400,-0.0428980590143042,-0.1590445418382461,-0.3678217247958222,-0.8781675290053262,lying,karol
1672331705803706400,-0.0517167577626647,-0.1553807832368605,-0.3693781277950664,-0.877694956797723,lying,karol
1672331705813706400,-0.0428067522993443,-0.1591485763894297,-0.3677601956176848,-0.8781789167921191,lying,karol
1672331705823706400,-0.0564892617735519,-0.1534326488174349,-0.3701770648400222,-0.877406858282486,lying,karol
1672331705833706400,-0.0475819263782628,-0.1572060728422308,-0.3685844223214556,-0.8779374774215052,lying,karol
1672331705843706400,-0.0337925947032881,-0.1630048299884037,-0.3660547811177543,-0.8785771872169521,lying,karol
1672331705853706400,-0.0199489799818802,-0.1687939229626067,-0.3634258436047268,-0.8789987529799088,lying,karol
1672331705863706400,-0.0287648883945428,-0.1651971310079724,-0.3650876318643262,-0.8787491241066958,lying,karol
1672331705873706400,-0.0375761097602886,-0.1615785583850126,-0.3667145511094254,-0.8784118440605444,lying,karol
1672331705883706400,-0.0512695346194369,-0.1558837131092078,-0.3691782839653182,-0.8777161461263384,lying,karol
1672331705893706400,-0.0423650515790339,-0.159651539385326,-0.3675657175157077,-0.8781905139464353,lying,karol
1672331705903706400,-0.0285251667774086,-0.1654559905083017,-0.3649951661407634,-0.8787466742620706,lying,karol
1672331705913706400,-0.0373359801180314,-0.1618312213515612,-0.3666290482046352,-0.878411288690521,lying,karol
1672331705923706400,-0.0461516263267883,-0.1581848882033151,-0.3682305279177409,-0.8779865776349162,lying,karol
1672331705933706400,-0.0372361780177515,-0.1619500058709987,-0.3666008828660432,-0.87840540309391,lying,karol
1672331705943706400,-0.0460552966057217,-0.1582992118200694,-0.368204389642141,-0.8779820077103532,lying,karol
1672331705953706400,-0.0371450018129427,-0.1620566035890168,-0.3665748395124213,-0.8784004864826671,lying,karol
1672331705963706400,-0.0508774892555341,-0.1563426175422239,-0.369064862135622,-0.8777050922245441,lying,karol
1672331705973706400,-0.0419741960371361,-0.1601045627170366,-0.3674592611397764,-0.8781714150008486,lying,karol
1672331705983706400,-0.0508009548295995,-0.1564373521937601,-0.3690483776833692,-0.8776995905557633,lying,karol
1672331705993706400,-0.0418971222487543,-0.1601998165606615,-0.3674393302402349,-0.8781660770559948,lying,karol
1672331706003706400,-0.0507150785607515,-0.1565364257092957,-0.3690254117795989,-0.8776965627642767,lying,karol
1672331706013706400,-0.0418052988004408,-0.1602930812546524,-0.3674069463886762,-0.878166996697337,lying,karol
1672331706023706400,-0.0328867329859073,-0.1640344145622516,-0.3657455544491251,-0.8785488407123417,lying,karol
1672331706033706400,-0.046562829127997,-0.1583480044966427,-0.368241927574245,-0.8779307531560342,lying,karol
1672331706043706400,-0.0376457857705198,-0.1620981882805331,-0.3666007751887451,-0.878360726737704,lying,karol
1672331706053706400,-0.046461072581602,-0.1584388409427929,-0.3681998981485042,-0.8779373959071733,lying,karol
1672331706063706400,-0.0326641383091308,-0.1642253686848554,-0.3656568828489229,-0.8785584056402577,lying,karol
1672331706073706400,-0.018838933104796,-0.1699939781419722,-0.3630202933153649,-0.8789597073661631,lying,karol
1672331706083706400,-0.027649577469281,-0.1663950248495095,-0.3646986199604662,-0.8787205950370941,lying,karol
1672331706093706400,-0.0413836655471156,-0.1607143403510585,-0.3672387348156564,-0.8781803829127349,lying,karol
1672331706103706400,-0.0324838074194369,-0.16446032586593,-0.3655703022937305,-0.8785571959250831,lying,karol
1672331706113706400,-0.0462090438383672,-0.1587761682607203,-0.3680754471528559,-0.8779419776537847,lying,karol
1672331706123706400,-0.0324167401307486,-0.1645750804395768,-0.3655189457389428,-0.8785595637250483,lying,karol
1672331706133706400,-0.0412334898292396,-0.1609443323899297,-0.3671477660752188,-0.8781833868420194,lying,karol
1672331706143706400,-0.0323173046472189,-0.1646993899450419,-0.365498445670776,-0.8785484761119421,lying,karol
1672331706153706400,-0.0460518230217964,-0.1590027740272213,-0.3680411690797693,-0.8779236274882071,lying,karol
1672331706163706400,-0.0322399856421437,-0.1647985958809412,-0.3654997384653378,-0.8785321910876991,lying,karol
1672331706173706400,-0.0410747216262073,-0.1611572405583668,-0.3671353657299432,-0.8781569957698462,lying,karol
1672331706183706400,-0.0273200689955004,-0.1669246702768355,-0.364554459872078,-0.8786903324847296,lying,karol
1672331706193706400,-0.0361436825435986,-0.1633092722177417,-0.3661943675129014,-0.8783691133185626,lying,karol
1672331706203706400,-0.0449595622982895,-0.1596638409604878,-0.3677939551887854,-0.8779639017644897,lying,karol
1672331706213706400,-0.0311774362549871,-0.1654396471258188,-0.3652204230623269,-0.8785662505363652,lying,karol
1672331706223706400,-0.0448423673954752,-0.159776964754047,-0.3677323395236415,-0.8779751395843547,lying,karol
1672331706233706400,-0.0585773437825607,-0.1540315885994325,-0.3701730185780384,-0.8771669442986009,lying,karol
1672331706243706400,-0.0496962770350115,-0.1577864092438511,-0.368582570180782,-0.8777172530046732,lying,karol
1672331706253706400,-0.0359330854811102,-0.163571830624148,-0.3660566945182709,-0.8783863248932037,lying,karol
1672331706263706400,-0.0447620406915985,-0.1599337074596087,-0.3676812363247886,-0.8779721303309047,lying,karol
1672331706273706400,-0.0358576594266829,-0.1636956261006746,-0.3660388808796956,-0.878373785428325,lying,karol
1672331706283706400,-0.0495290717731858,-0.1580199419339295,-0.368543662056375,-0.8777010602622085,lying,karol
1672331706293706400,-0.0632645355794922,-0.1522542766208504,-0.3709727211757725,-0.8768138340528909,lying,karol
1672331706303706400,-0.0543995966897186,-0.1559998506549818,-0.3694155143936543,-0.8774075137736208,lying,karol
1672331706313706400,-0.0455093671647667,-0.1597437393036745,-0.3678161046220385,-0.8779118386957587,lying,karol
1672331706323706400,-0.036606732995016,-0.1634789263321052,-0.3661765740930705,-0.8783258866834418,lying,karol
1672331706333706400,-0.0503026213484105,-0.1577660312461429,-0.3686832781162835,-0.8776441397107363,lying,karol
1672331706343706400,-0.036536534020103,-0.1635315829425372,-0.3661646276372685,-0.878324000268142,lying,karol
1672331706353706400,-0.0502698387883194,-0.1578039261137358,-0.3686748620738842,-0.8776427528553764,lying,karol
1672331706363706400,-0.0413764698145732,-0.1615402396779101,-0.3670506153908801,-0.8781080150066413,lying,karol
1672331706373706400,-0.032465800271904,-0.1652787872698972,-0.3653876962676093,-0.8784804146390762,lying,karol
1672331706383706400,-0.0412849666424471,-0.1616340100345784,-0.3670240213001695,-0.8781061959547388,lying,karol
1672331706393706400,-0.0501074117114519,-0.1579617767838018,-0.3686169190266383,-0.8776480090849258,lying,karol
1672331706403706400,-0.041211156254388,-0.1617058036584533,-0.3669815644617277,-0.8781142025154678,lying,karol
1672331706413706400,-0.0322976643527348,-0.1654488152612322,-0.365307101617891,-0.8784881510135858,lying,karol
1672331706423706400,-0.0411132556555245,-0.1618103367021401,-0.3669343392740636,-0.8781192845156335,lying,karol
1672331706433706400,-0.0548061497497012,-0.1560948002674244,-0.3693930307511763,-0.8773748759268336,lying,karol
1672331706443706400,-0.0684832241527908,-0.1503294806580286,-0.3717599313427467,-0.8764204732063468,lying,karol
1672331706453706400,-0.0595975201799757,-0.1540902953054786,-0.3701928109453743,-0.8770797044449107,lying,karol
1672331706463706400,-0.0506950378908477,-0.1578493225669412,-0.3685827750929263,-0.8776488836374522,lying,karol
1672331706473706400,-0.0417818339518156,-0.161603570568842,-0.3669293321989574,-0.8781279304510677,lying,karol
1672331706483706400,-0.050595646729305,-0.1579359018726578,-0.3685035787085191,-0.8776723119174531,lying,karol
1672331706493706400,-0.0367837454264421,-0.1637231838895324,-0.3659433557894113,-0.8783703019479042,lying,karol
1672331706503706400,-0.0278643249354415,-0.1674473043386045,-0.3642308935578049,-0.878708197161366,lying,karol
1672331706513706400,-0.036675010720507,-0.1638066767292293,-0.3658608607137095,-0.8783936557394676,lying,karol
1672331706523706400,-0.0454907272746048,-0.1601333260248796,-0.3674562002457494,-0.877992669407928,lying,karol
1672331706533706400,-0.0365771251379994,-0.1638507208566335,-0.3657805443351661,-0.8784229792725248,lying,karol
1672331706543706400,-0.0227493407632941,-0.1695898710210988,-0.3631247236286916,-0.8789024213743394,lying,karol
1672331706553706400,-0.0315719038180973,-0.1659511763454258,-0.3647785808240293,-0.8786394613908399,lying,karol
1672331706563706400,-0.0403850197366223,-0.1622919092955715,-0.3663959855162592,-0.8782890579141138,lying,karol
1672331706573706400,-0.0540433275124576,-0.1565768452352295,-0.3688473206366222,-0.8775659365393651,lying,karol
1672331706583706400,-0.0402934663716305,-0.1623274380025228,-0.3663200502023912,-0.8783183801744077,lying,karol
1672331706593706400,-0.026471362834849,-0.1680735493423068,-0.3636915900284746,-0.8788551081487951,lying,karol
1672331706603706400,-0.0401619971908029,-0.1623992233509941,-0.3662366103651736,-0.8783459367269856,lying,karol
1672331706613706400,-0.0312340935153581,-0.1661119702507308,-0.3645379852767182,-0.8787210274850683,lying,karol
1672331706623706400,-0.0222976212525705,-0.1698173190679806,-0.3628030218089434,-0.8790029655856622,lying,karol
1672331706633706400,-0.0359432453498355,-0.1641809970830777,-0.3653667278756574,-0.8785597298451175,lying,karol
1672331706643706400,-0.0496373057315288,-0.1584741489858444,-0.3678481865982543,-0.8779049858685831,lying,karol
1672331706653706400,-0.0357909923742725,-0.1642561363937275,-0.3652682617355255,-0.8785928543520343,lying,karol
1672331706663706400,-0.0445986504773449,-0.1606047401027867,-0.3668622487220747,-0.8782007505620485,lying,karol
1672331706673706400,-0.0307640836892607,-0.1663735669885967,-0.3642541089221761,-0.8788058661433741,lying,karol
1672331706683706400,-0.0444425096926272,-0.1607074195899539,-0.3667690102635083,-0.8782288364504487,lying,karol
1672331706693706400,-0.0355178258847206,-0.1644344453580786,-0.3650798169067631,-0.8786489290900853,lying,karol
1672331706703706400,-0.0217016870973144,-0.1701635560951565,-0.3624079031033505,-0.8791139501334542,lying,karol
1672331706713706400,-0.0353960518814656,-0.1645089124816549,-0.3649690066309287,-0.8786859470157646,lying,karol
1672331706723706400,-0.0442078875172707,-0.1608392730758119,-0.3665521179441873,-0.8783071074554918,lying,karol
1672331706733706400,-0.0352837732107665,-0.1645481921818435,-0.3648488957585254,-0.8787329954186199,lying,karol
1672331706743706400,-0.0440913806896249,-0.1608843135814837,-0.3664337552755608,-0.8783541111627237,lying,karol
1672331706753706400,-0.0528929083484371,-0.1571983687862748,-0.367987700574747,-0.8778858289221306,lying,karol
1672331706763706400,-0.0439741950054424,-0.160918644330192,-0.3663373898706607,-0.8783939038362624,lying,karol
1672331706773706400,-0.0350413123442803,-0.1646386980855995,-0.364652807253069,-0.8788071571137441,lying,karol
1672331706783706400,-0.0438613151423046,-0.1609835764551363,-0.3662544261289173,-0.8784222561650826,lying,karol
1672331706793706400,-0.0300698615906453,-0.1667186887521687,-0.3636462400296547,-0.87901626393215,lying,karol
1672331706803706400,-0.0437756656405657,-0.1610560735248377,-0.3661737820207096,-0.8784468678845969,lying,karol
1672331706813706400,-0.0299680532454602,-0.1668117734820656,-0.3635755411368828,-0.8790313359427181,lying,karol
1672331706823706400,-0.0387908274571723,-0.1631830221884442,-0.3652189857928841,-0.8786860592537866,lying,karol
1672331706833706400,-0.0476154430934214,-0.1595212597744257,-0.3668280441389535,-0.8782542101021911,lying,karol
1672331706843706400,-0.0387184172143131,-0.1632272165785116,-0.365177094532998,-0.8786984641024056,lying,karol
1672331706853706400,-0.0524341545521593,-0.1575082260538212,-0.3676592979202466,-0.8779954474833831,lying,karol
1672331706863706400,-0.0612618862149778,-0.1537900239990121,-0.3691879355282215,-0.8774414111219351,lying,karol
1672331706873706400,-0.0523710799766422,-0.1575007608306137,-0.3675653522117009,-0.8780398904473005,lying,karol
1672331706883706400,-0.043461961019821,-0.1612119655634886,-0.3658998757771821,-0.8785480092102126,lying,karol
1672331706893706400,-0.052276464318022,-0.1575309967338935,-0.3674516522643599,-0.8780877001881698,lying,karol
1672331706903706400,-0.0659993661994834,-0.1517586578096044,-0.3698230259305928,-0.8771840730005277,lying,karol
1672331706913706400,-0.0571180352832455,-0.1554767638166689,-0.3682257529755846,-0.8778279339982522,lying,karol
1672331706923706400,-0.0482196616660949,-0.1591982989657104,-0.3665974591934496,-0.8783761476687989,lying,karol
1672331706933706400,-0.0393063812888269,-0.1629170394433318,-0.3649360176114582,-0.8788301006257119,lying,karol
1672331706943706400,-0.0254876121664507,-0.1686473358533691,-0.3623067306185448,-0.8793462886343575,lying,karol
1672331706953706400,-0.0343044660760817,-0.1650293037893279,-0.3639594935329135,-0.8790504155185439,lying,karol
1672331706963706400,-0.020468326846993,-0.1707493863605486,-0.3612971143667984,-0.8794871870126458,lying,karol
1672331706973706400,-0.029277625030052,-0.1671427406141593,-0.3629727314305808,-0.8792408949086178,lying,karol
1672331706983706400,-0.0203480057557157,-0.1708287843628252,-0.3612418683972586,-0.8794972624868568,lying,karol
1672331706993706400,-0.0291540044012788,-0.167217922178793,-0.3629235988000313,-0.8792509969879867,lying,karol
1672331707003706400,-0.0379724425948034,-0.1635778572931363,-0.3645709501458777,-0.8789175449676703,lying,karol
1672331707013706400,-0.0467973063819194,-0.1599152787884611,-0.3661780544837259,-0.8784978117551417,lying,karol
1672331707023706400,-0.0329646471321926,-0.1656571043156476,-0.363597181099716,-0.879133556260435,lying,karol
1672331707033706400,-0.0417846339493878,-0.1620085029202797,-0.3652257339839576,-0.8787634060108818,lying,karol
1672331707043706400,-0.0328608483239698,-0.1657088652361185,-0.3635461134578968,-0.8791488147937534,lying,karol
1672331707053706400,-0.046588757911076,-0.160019586640372,-0.3660755153641241,-0.8785326534142694,lying,karol
1672331707063706400,-0.0327822949386009,-0.1657495700362191,-0.3635022248046515,-0.8791622311933068,lying,karol
1672331707073706400,-0.0416061478909515,-0.1621101903566476,-0.3651373349119921,-0.8787898755194781,lying,karol
1672331707083706400,-0.0504313713213454,-0.1584531482303631,-0.3667329311748569,-0.8783302043068859,lying,karol
1672331707093706400,-0.0641379681352121,-0.1527248900745444,-0.3691442607977908,-0.8774404073335492,lying,karol
1672331707103706400,-0.0552429488115981,-0.1564594060789718,-0.3675576376405149,-0.8780534088189911,lying,karol
1672331707113706400,-0.046341554665026,-0.1601828037121489,-0.3659338930970133,-0.8785750166549747,lying,karol
1672331707123706400,-0.0374358205596554,-0.163897330529232,-0.3642719962059684,-0.8790050568879472,lying,karol
1672331707133706400,-0.0462743385260504,-0.1602485922557725,-0.365882539680249,-0.8785879595036673,lying,karol
1672331707143706400,-0.0600013166559114,-0.154524151627367,-0.3683200414576735,-0.8777643448169975,lying,karol
1672331707153706400,-0.0511083230535365,-0.1582468252642347,-0.3667130992048006,-0.8783365883457,lying,karol
1672331707163706400,-0.0421951250446143,-0.1619671994169738,-0.3650724195384183,-0.8788151761338371,lying,karol
1672331707173706400,-0.0283740018212553,-0.167703065796295,-0.3624659792401069,-0.8793729635270795,lying,karol
1672331707183706400,-0.0372009774878305,-0.1640873494068936,-0.3641167503187905,-0.8790439284268354,lying,karol
1672331707193706400,-0.0460337637928406,-0.1604412614711613,-0.3657332508099792,-0.8786276227655071,lying,karol
1672331707203706400,-0.0371259600910165,-0.1641477668847427,-0.3640755171788258,-0.8790529082130051,lying,karol
1672331707213706400,-0.0459631101764647,-0.1604921151720298,-0.3656959061379777,-0.8786375867992602,lying,karol
1672331707223706400,-0.0597138273785859,-0.1547506891063073,-0.3681508094304575,-0.877815073145342,lying,karol
1672331707233706400,-0.0508195430033216,-0.1584574502339349,-0.3665502900561902,-0.8783833672491161,lying,karol
1672331707243706400,-0.0419162851674468,-0.1621533070535451,-0.3649137196172988,-0.8788601470109156,lying,karol
1672331707253706400,-0.0330000147711135,-0.1658474164659693,-0.3632399075762571,-0.8792441417741556,lying,karol
1672331707263706400,-0.0418305376353578,-0.1622024511103782,-0.3648789255391972,-0.8788696186828766,lying,karol
1672331707273706400,-0.0329169645674377,-0.1659035433948757,-0.363204786329466,-0.8792511845460884,lying,karol
1672331707283706400,-0.0417535455209522,-0.1622646054742045,-0.3648442780498291,-0.8788762002599961,lying,karol
1672331707293706400,-0.055452505997653,-0.1565697275517816,-0.3673194842909462,-0.8781202813808433,lying,karol
1672331707303706400,-0.0465552702007523,-0.1602854558395507,-0.365702293111405,-0.8786415157050965,lying,karol
1672331707313706400,-0.0553928534870242,-0.1566130525635154,-0.3672839388960881,-0.8781311981719522,lying,karol
1672331707323706400,-0.0416378789631508,-0.1623504204475916,-0.3647739975199242,-0.8788950318601637,lying,karol
1672331707333706400,-0.0553731669667515,-0.156643815159088,-0.3672599072232171,-0.878137014563422,lying,karol
1672331707343706400,-0.0464661866050304,-0.1603614637977984,-0.3656433801650644,-0.8786569018014386,lying,karol
1672331707353706400,-0.0552914704798638,-0.1566860759458192,-0.3672274409444175,-0.8781482111658562,lying,karol
1672331707363706400,-0.0463962795237391,-0.1603914956838116,-0.3656117700305103,-0.8786682779753083,lying,karol
1672331707373706400,-0.0325862026259194,-0.1661170447495397,-0.3630376094984628,-0.8792922862769228,lying,karol
1672331707383706400,-0.0414154190677727,-0.1624792134663311,-0.3646830824198027,-0.8789195014824648,lying,karol
1672331707393706400,-0.055128892471967,-0.1567781000279867,-0.3671721877115179,-0.8781651319272635,lying,karol
1672331707403706400,-0.0413316261651029,-0.1625227272154445,-0.3646605386270963,-0.8789247650061582,lying,karol
1672331707413706400,-0.0324156877661691,-0.1662232894197056,-0.3629907806203901,-0.8792978647434229,lying,karol
1672331707423706400,-0.0412460550640251,-0.1625876416702985,-0.3646405593534217,-0.878925078757823,lying,karol
1672331707433706400,-0.0274661524702278,-0.168292516145654,-0.3620444171885865,-0.8794629602961335,lying,karol
1672331707443706400,-0.0362996132482954,-0.1646627694637688,-0.3637107754803739,-0.8791422006002472,lying,karol
1672331707453706400,-0.0500288992692106,-0.1589665640340993,-0.3662303607103224,-0.8784703168044715,lying,karol
1672331707463706400,-0.041119226371082,-0.1626678388233731,-0.3645901122951674,-0.8789371281216853,lying,karol
1672331707473706400,-0.0322041879684977,-0.166361591838921,-0.3629134964196951,-0.879311409523704,lying,karol
1672331707483706400,-0.0183468706469711,-0.1720725098788861,-0.3602401051437234,-0.8797099340784786,lying,karol
1672331707493706400,-0.0271719990968032,-0.1684766135989133,-0.3619434898570441,-0.8794784189940933,lying,karol
1672331707503706400,-0.0359952369829721,-0.1648543469329762,-0.3636118211064301,-0.8791597728937405,lying,karol
1672331707513706400,-0.0497263081512874,-0.1591644305612659,-0.3661368169187459,-0.8784906908917433,lying,karol
1672331707523706400,-0.0585627473552055,-0.1554747438235636,-0.3677088111980044,-0.8779500731831371,lying,karol
1672331707533706400,-0.0722802678732005,-0.149702539155056,-0.3700804003471667,-0.8769340392206691,lying,karol
1672331707543706400,-0.0634133812050947,-0.1534172012189807,-0.3685317340688437,-0.8776299745799331,lying,karol
1672331707553706400,-0.0545280611693882,-0.1571317190206936,-0.3669559260850251,-0.878229910679868,lying,karol
1672331707563706400,-0.045634546989544,-0.1608412631287233,-0.3653512354988545,-0.878734416719374,lying,karol
1672331707573706400,-0.0593298046552347,-0.1551353715558061,-0.3678188131174996,-0.877912549440893,lying,karol
1672331707583706400,-0.0504453815945977,-0.1588429246720045,-0.3662309540288065,-0.8784686776083153,lying,karol
1672331707593706400,-0.0366954179381171,-0.1645476428772571,-0.3636940595094365,-0.8791543078209596,lying,karol
1672331707603706400,-0.0229201007459872,-0.1702231371397901,-0.3610575120597787,-0.8796274078804407,lying,karol
1672331707613706400,-0.0317515109944118,-0.1665932584977298,-0.3627265737974011,-0.8793611975364677,lying,karol
1672331707623706400,-0.0405845826553167,-0.1629331539580523,-0.3643585115526098,-0.8790089383427965,lying,karol
1672331707633706400,-0.0542771547027754,-0.1572205330770605,-0.3668301468788166,-0.8782821314633538,lying,karol
1672331707643706400,-0.0453717886689508,-0.1609066994814428,-0.3651954668763067,-0.8788008169952939,lying,karol
1672331707653706400,-0.0590883119687981,-0.1551757122967269,-0.3676485894726314,-0.8779930298113471,lying,karol
1672331707663706400,-0.0501990970127777,-0.1588681253857326,-0.366046208539424,-0.8785552485334336,lying,karol
1672331707673706400,-0.0364251589601363,-0.1645738501157885,-0.3635028700889091,-0.8792397326218763,lying,karol
1672331707683706400,-0.0501715282970185,-0.1588730501420118,-0.3660289552612911,-0.8785631284953487,lying,karol
1672331707693706400,-0.0363363769311308,-0.164608357021971,-0.363480244848315,-0.8792463083197991,lying,karol
1672331707703706400,-0.0451729034187752,-0.1609444637138952,-0.3651159782242438,-0.8788371976946489,lying,karol
1672331707713706400,-0.0540106268383312,-0.1572475183493775,-0.3667146757703896,-0.8783419789859709,lying,karol
1672331707723706400,-0.0402449867218947,-0.1629514632947795,-0.3642026555070221,-0.8790857799803912,lying,karol
1672331707733706400,-0.0490818563750347,-0.1592749893265251,-0.3658200271644667,-0.8786389382636528,lying,karol
1672331707743706400,-0.0628256500490143,-0.1535168673149984,-0.3682637605972095,-0.8777673635445811,lying,karol
1672331707753706400,-0.0539374216650433,-0.1572117050972962,-0.3666855959315592,-0.8783650418243619,lying,karol
1672331707763706400,-0.0401711695142772,-0.1629265687516785,-0.364175031533239,-0.8791052282623892,lying,karol
1672331707773706400,-0.0490038346099904,-0.1592649779047715,-0.3657938867686043,-0.8786560059891078,lying,karol
1672331707783706400,-0.0626724315000231,-0.1535487132636518,-0.3682285076300187,-0.8777875524390908,lying,karol
1672331707793706400,-0.0537773009988954,-0.1572524958058058,-0.3666526422580964,-0.8783813324219358,lying,karol
1672331707803706400,-0.067497986476602,-0.1514929716643543,-0.3690649368048523,-0.8774356120193489,lying,karol
1672331707813706400,-0.0586032877116228,-0.1552061482224921,-0.367506931429404,-0.8780795237909925,lying,karol
1672331707823706400,-0.049698538809534,-0.1589215217124008,-0.3659083044451565,-0.878631558998429,lying,karol
1672331707833706400,-0.0407845624130633,-0.1626335299406226,-0.3642696304847887,-0.8790920884204136,lying,karol
1672331707843706400,-0.0496120490805667,-0.1589858965658821,-0.3658763193006676,-0.8786381328170265,lying,karol
1672331707853706400,-0.0357883200244223,-0.164736100651213,-0.3633188669009562,-0.8793116313962452,lying,karol
1672331707863706400,-0.0268681141773624,-0.1684455188585562,-0.3616169862876831,-0.8796281647325445,lying,karol
1672331707873706400,-0.0357062321584634,-0.1648416075212802,-0.3632768592473468,-0.8793125632578098,lying,karol
1672331707883706400,-0.0494594603720866,-0.1591665641659675,-0.3657949336704229,-0.8786479347739873,lying,karol
1672331707893706400,-0.0582905835850729,-0.1554918507838196,-0.3673648435311577,-0.8781092948652323,lying,karol
1672331707903706400,-0.0493848220801932,-0.1592098782063769,-0.3657589602027549,-0.8786592723032642,lying,karol
1672331707913706400,-0.0404657178492253,-0.1629259122134761,-0.3641155206616156,-0.879116574150597,lying,karol
1672331707923706400,-0.0492925407496642,-0.1592817705194346,-0.3657258388177493,-0.8786652236941254,lying,karol
1672331707933706400,-0.0629634107236868,-0.1535815240120578,-0.3681521923122201,-0.8777930850529561,lying,karol
1672331707943706400,-0.054064306578121,-0.1573033222815388,-0.3665668770405794,-0.8783904959807243,lying,karol
1672331707953706400,-0.0451615816726086,-0.1610161537870846,-0.3649472703593555,-0.8788948474209535,lying,karol
1672331707963706400,-0.0362480014123623,-0.1647204112254403,-0.3632897771725308,-0.8793078236938201,lying,karol
1672331707973706400,-0.0273284532216588,-0.1684157492845038,-0.3615950986482243,-0.8796287438024075,lying,karol
1672331707983706400,-0.0361614447318722,-0.16480341675824,-0.3632653612566821,-0.8793059317758878,lying,karol
1672331707993706400,-0.044993418127545,-0.1611642401354604,-0.3649002147514907,-0.8788958891733201,lying,karol
1672331708003706400,-0.0360794559702668,-0.1648629382616555,-0.3632459602943583,-0.8793061680385132,lying,karol
1672331708013706400,-0.0449152607327485,-0.1612161873842116,-0.3648864287306012,-0.8788960940624833,lying,karol
1672331708023706400,-0.0537491026998439,-0.1575468627862036,-0.3664899030661093,-0.8783983553830662,lying,karol
1672331708033706400,-0.0448402741628068,-0.1612560946826592,-0.3648741207060985,-0.8788977233073862,lying,karol
1672331708043706400,-0.0310175358894032,-0.1669824860509479,-0.3622989366222092,-0.8794900586835334,lying,karol
1672331708053706400,-0.0172375277555928,-0.1726604237281918,-0.3596458401386704,-0.879860583921524,lying,karol
1672331708063706400,-0.026063540910452,-0.1690829197006894,-0.3613639652384621,-0.8796341766920815,lying,karol
1672331708073706400,-0.0348985828348626,-0.1654757211602999,-0.3630438377087145,-0.8793222381216782,lying,karol
1672331708083706400,-0.021092648636603,-0.1711732038409495,-0.3603964039429042,-0.8797600964492878,lying,karol
1672331708093706400,-0.0299114405866359,-0.1675829116309177,-0.3620903075696638,-0.8795001149467495,lying,karol
1672331708103706400,-0.0387402015255524,-0.1639617140162498,-0.3637497096813542,-0.8791532745557116,lying,karol
1672331708113706400,-0.0524209452275676,-0.1582953147854744,-0.3662541645044808,-0.8784424354304627,lying,karol
1672331708123706400,-0.0435305451162488,-0.1619988588015429,-0.3646317332410492,-0.8789276182984258,lying,karol
1672331708133706400,-0.0296854316485784,-0.1677325844505401,-0.3620320617491628,-0.8795032397598586,lying,karol
1672331708143706400,-0.020761929153961,-0.1714188908541735,-0.3603065919883521,-0.8797569447885695,lying,karol
1672331708153706400,-0.029596807532934,-0.167819324148955,-0.3620072185006289,-0.8794999158917045,lying,karol
1672331708163706400,-0.0433593366310533,-0.1621497518690004,-0.3645868303489172,-0.8789269042038433,lying,karol
1672331708173706400,-0.0521941716288366,-0.1584806845074018,-0.3661940747936286,-0.8784475986653115,lying,karol
1672331708183706400,-0.0432864706360166,-0.1621821366867546,-0.3645629455874007,-0.8789344382036051,lying,karol
1672331708193706400,-0.0570212698316629,-0.1564687652647633,-0.3670493077919922,-0.8781512209842119,lying,karol
1672331708203706400,-0.0432499197557242,-0.1621948678915286,-0.3645457915623886,-0.8789410134735032,lying,karol
1672331708213706400,-0.0569660716945995,-0.1564888776234449,-0.367033251260829,-0.8781579411820142,lying,karol
1672331708223706400,-0.0480655715125183,-0.1601908021682159,-0.3654278727594508,-0.8786920770646997,lying,karol
1672331708233706400,-0.0617620944477306,-0.1544700387853786,-0.3678832723426656,-0.8778354328391211,lying,karol
1672331708243706400,-0.052875333854458,-0.1581720754041959,-0.3663017027425608,-0.8784176479478774,lying,karol
1672331708253706400,-0.0439819854541614,-0.1618724348098781,-0.364684638715303,-0.8789065545387355,lying,karol
1672331708263706400,-0.0350723388985394,-0.1655709858664024,-0.3630292906371603,-0.8793034977724674,lying,karol
1672331708273706400,-0.0439095631176093,-0.161935596736911,-0.3646809461851427,-0.8789000843014788,lying,karol
1672331708283706400,-0.0527460972692612,-0.1582744326172522,-0.3662939102025976,-0.8784102531834224,lying,karol
1672331708293706400,-0.0389127789012877,-0.1640273310522625,-0.3637552792891389,-0.8791312106891194,lying,karol
1672331708303706400,-0.0299945524364649,-0.1677225930995587,-0.3620700209302315,-0.8794791222842465,lying,karol
1672331708313706400,-0.0388216216085119,-0.1640964368475273,-0.3637325250177973,-0.8791317696343713,lying,karol
1672331708323706400,-0.0476589916190134,-0.1604420748182395,-0.3653587842506494,-0.8786971638687359,lying,karol
1672331708333706400,-0.0564985571136901,-0.1567618584570211,-0.3669478898219074,-0.878175195312652,lying,karol
1672331708343706400,-0.0475921789259626,-0.1604692643051537,-0.3653378621748586,-0.8787045303345666,lying,karol
1672331708353706400,-0.0386705152640116,-0.16417482868901,-0.3636945310517203,-0.8791395353946367,lying,karol
1672331708363706400,-0.0474999063997616,-0.1605311890027835,-0.3653336004323331,-0.8786999985734262,lying,karol
1672331708373706400,-0.0385874124766147,-0.1642378441139225,-0.3636914545806258,-0.8791327038966036,lying,karol
1672331708383706400,-0.0247780321963289,-0.169940183028101,-0.361065235084857,-0.8796289733784421,lying,karol
1672331708393706400,-0.033612265905467,-0.1663326514974889,-0.3627512020028855,-0.8793316152168711,lying,karol
1672331708403706400,-0.0424607193065935,-0.1627000677222308,-0.3644026774398905,-0.8789455796345447,lying,karol
1672331708413706400,-0.0562348061065149,-0.1569910130893071,-0.3669075638978218,-0.8781680852027103,lying,karol
1672331708423706400,-0.0473403740396124,-0.1607113656502662,-0.3653050105483036,-0.8786875923768914,lying,karol
1672331708433706400,-0.0335198615479302,-0.1664495691651531,-0.3627442395021041,-0.8793159145327629,lying,karol
1672331708443706400,-0.0472664050078609,-0.1607720456135374,-0.3653173027363607,-0.8786753753271233,lying,karol
1672331708453706400,-0.0609983705360774,-0.155039274816084,-0.3677907884837313,-0.8778273612056902,lying,karol
1672331708463706400,-0.0521229504568243,-0.1587339492734313,-0.3661956717224092,-0.8784055928420093,lying,karol
1672331708473706400,-0.0658063012852748,-0.1529984263964749,-0.3686040560327508,-0.8774970037907773,lying,karol
1672331708483706400,-0.0569240090724523,-0.1566924795272,-0.3670091939917053,-0.8781345629000239,lying,karol
1672331708493706400,-0.0480280227632002,-0.1603793952798616,-0.3653790298728044,-0.8786801831063373,lying,karol
1672331708503706400,-0.0617029902546379,-0.1546590139148685,-0.3678100662733157,-0.8778371336990292,lying,karol
1672331708513706400,-0.0528106125628375,-0.1583535547361084,-0.3662081668898708,-0.8784279848127671,lying,karol
1672331708523706400,-0.0439095634722193,-0.1620454928458883,-0.3645768523651461,-0.8789231424913047,lying,karol
1672331708533706400,-0.0350016465317965,-0.1657363754986761,-0.3629144849173436,-0.8793226866472551,lying,karol
1672331708543706400,-0.0438363024386851,-0.1620982879712716,-0.3645623541117953,-0.8789230882863881,lying,karol
1672331708553706400,-0.0349239595003544,-0.1657982959078617,-0.3629000792647655,-0.8793200590486258,lying,karol
1672331708563706400,-0.0486283095469333,-0.160139551613226,-0.3654433556226852,-0.8786641945056037,lying,karol
1672331708573706400,-0.0397301381288633,-0.1638319998837572,-0.3638063903207072,-0.8791100683471544,lying,karol
1672331708583706400,-0.0258921493808926,-0.1695422548688061,-0.3611871316138168,-0.8796237231107726,lying,karol
1672331708593706400,-0.0347374907210849,-0.1659176519204871,-0.3628792844405581,-0.8793135333262255,lying,karol
1672331708603706400,-0.048480651787104,-0.1602306662457879,-0.3654365567683877,-0.8786585891652241,lying,karol
1672331708613706400,-0.039576201228138,-0.1639163534862899,-0.3638038933232383,-0.8791023388775847,lying,karol
1672331708623706400,-0.0257863015841671,-0.1696010729566457,-0.3612011242450001,-0.8796097664947748,lying,karol
1672331708633706400,-0.0346201115336596,-0.1659778101083768,-0.362901210686233,-0.8792977800791764,lying,karol
1672331708643706400,-0.0434465263457873,-0.1623300151394783,-0.3645628189632548,-0.878899531503994,lying,karol
1672331708653706400,-0.0296524217156517,-0.168024150335058,-0.3619829670798901,-0.8794691750381296,lying,karol
1672331708663706400,-0.0384820375740905,-0.1643901575134438,-0.3636627127626001,-0.8791208845233874,lying,karol
1672331708673706400,-0.0522002178941305,-0.158699131275572,-0.3661908220818771,-0.8784094173985061,lying,karol
1672331708683706400,-0.0610343776378868,-0.1550122436201005,-0.3677682095325874,-0.8778392017378837,lying,karol
1672331708693706400,-0.0521461730109759,-0.1587284873132134,-0.3661776699303126,-0.8784128188228584,lying,karol
1672331708703706400,-0.0609854991308535,-0.1550470648168967,-0.3677582056743177,-0.8778406532524516,lying,karol
1672331708713706400,-0.0520962319497459,-0.1587661880616578,-0.3661683265876188,-0.8784128766561098,lying,karol
1672331708723706400,-0.0658515720482747,-0.1530229061940621,-0.3686073824988143,-0.8774880708270454,lying,karol
1672331708733706400,-0.056974034835501,-0.1567411912362212,-0.367038228055163,-0.8781106223274239,lying,karol
1672331708743706400,-0.0480760654829136,-0.1604559291207543,-0.3654344760582692,-0.878640660181992,lying,karol
1672331708753706400,-0.0618089664697654,-0.1547353869374434,-0.3679030947291134,-0.8777773724402981,lying,karol
1672331708763706400,-0.0529281755884018,-0.158448630266545,-0.3663213787089325,-0.8783566986112084,lying,karol
1672331708773706400,-0.0440306027029174,-0.1621613421552874,-0.3647017062781578,-0.878844062226248,lying,karol
1672331708783706400,-0.0351163155204602,-0.1658724422967607,-0.3630432350079505,-0.8792394524937399,lying,karol
1672331708793706400,-0.0439524832321772,-0.1622460621186674,-0.3646938000902151,-0.8788356315397317,lying,karol
1672331708803706400,-0.0301931233033322,-0.167958476169498,-0.3621071431753984,-0.8794123009733092,lying,karol
1672331708813706400,-0.0439341744472252,-0.1623124309947661,-0.3646883518250557,-0.8788265655560878,lying,karol
1672331708823706400,-0.0301138975614762,-0.1680449104971394,-0.3620924360236773,-0.8794045727518278,lying,karol
1672331708833706400,-0.0389616196367179,-0.1644212861455308,-0.3637717600752125,-0.8790489313359677,lying,karol
1672331708843706400,-0.0478059506903354,-0.1607685190666727,-0.3654176968236839,-0.8786053019145481,lying,karol
1672331708853706400,-0.0340184777170563,-0.1664862564373331,-0.3628631764123647,-0.8792409747527896,lying,karol
1672331708863706400,-0.042861266100705,-0.162845776573516,-0.3645341319240708,-0.8788448953326016,lying,karol
1672331708873706400,-0.0565878772319946,-0.1571407932796398,-0.3670474580978913,-0.8780604061176418,lying,karol
1672331708883706400,-0.047703883824105,-0.1608452586781752,-0.3654526802921387,-0.8785822800961051,lying,karol
1672331708893706400,-0.0338733555033982,-0.1665874908423187,-0.3628944135284276,-0.8792145379882247,lying,karol
1672331708903706400,-0.0475716928550016,-0.1609381835984767,-0.3654650927089956,-0.878567282827815,lying,karol
1672331708913706400,-0.0386686325671007,-0.1646476259080145,-0.3638287471123718,-0.8789959739194367,lying,karol
1672331708923706400,-0.0475099814974742,-0.1610028046947434,-0.3654761099331076,-0.8785542144368442,lying,karol
1672331708933706400,-0.0386087643661808,-0.1647117183164139,-0.3638316057758449,-0.8789854286330687,lying,karol
1672331708943706400,-0.0474545681056124,-0.1610612175887103,-0.3654771106630229,-0.8785460993962265,lying,karol
1672331708953706400,-0.0385582286586179,-0.1647632112112585,-0.363832078612576,-0.8789778129576529,lying,karol
1672331708963706400,-0.0247980442319602,-0.1704555623833637,-0.3612141921315676,-0.8794678540799662,lying,karol
1672331708973706400,-0.0336339142744884,-0.1668483686324099,-0.3629158104679073,-0.8791654836239667,lying,karol
1672331708983706400,-0.0198585804124475,-0.1725325485935443,-0.3602627445257753,-0.8795785198970855,lying,karol
1672331708993706400,-0.028695200011416,-0.168935983827605,-0.3619853633548877,-0.8793254726741037,lying,karol
1672331709003706400,-0.0423800550404246,-0.1633036822162078,-0.3645793709673527,-0.878764588951654,lying,karol
1672331709013706400,-0.0512189366570761,-0.1596336300955264,-0.3662124503428592,-0.8782890521246969,lying,karol
1672331709023706400,-0.0423175922036994,-0.1633284232230561,-0.3645873771450437,-0.8787596918206401,lying,karol
1672331709033706400,-0.0511541084230176,-0.1596570700677558,-0.3662237850015724,-0.8782838558981549,lying,karol
1672331709043706400,-0.0648961834509664,-0.1539059667308162,-0.3686879798141965,-0.8773711523403486,lying,karol
1672331709053706400,-0.0560191053233996,-0.1576155692321166,-0.3671199731544163,-0.8779815805051051,lying,karol
1672331709063706400,-0.0422657745049038,-0.1633405252622714,-0.3646160235230997,-0.8787480766983428,lying,karol
1672331709073706400,-0.0560037610896626,-0.1576245710772542,-0.367136571902052,-0.8779740153575241,lying,karol
1672331709083706400,-0.0471267877492104,-0.1613205369623573,-0.365532883847906,-0.8784930462827268,lying,karol
1672331709093706400,-0.0333334016788061,-0.1670451132878129,-0.3629697263387192,-0.8791173846232389,lying,karol
1672331709103706400,-0.0470974015381688,-0.1613619075086235,-0.3655591443825397,-0.8784761115194362,lying,karol
1672331709113706400,-0.0608568056266477,-0.1556200060779727,-0.3680577971590713,-0.8776228861461431,lying,karol
1672331709123706400,-0.0745912298778182,-0.1498304447210754,-0.3704624653023056,-0.8765581382658549,lying,karol
1672331709133706400,-0.0657320868590136,-0.1535453546486905,-0.3689442917589293,-0.877264419015424,lying,karol
1672331709143706400,-0.0568564424227136,-0.1572592024259467,-0.3673878822277729,-0.8778796498263359,lying,karol
1672331709153706400,-0.0479745340188988,-0.1609721283559478,-0.3657906764927059,-0.8784038134327107,lying,karol
1672331709163706400,-0.0341863449230134,-0.1667060381079326,-0.3632325837186043,-0.8790404737106595,lying,karol
1672331709173706400,-0.0430254480380224,-0.1630718303120412,-0.3649055694218235,-0.878640996730311,lying,karol
1672331709183706400,-0.0292019256833887,-0.1688082607238106,-0.3623075741687688,-0.8792007393401122,lying,karol
1672331709193706400,-0.0380360712266443,-0.1651850622623548,-0.3639975261587632,-0.8788530399751788,lying,karol
1672331709203706400,-0.0468777031748407,-0.1615310539579085,-0.3656504408364282,-0.878418851775739,lying,karol
1672331709213706400,-0.0606328684366537,-0.1557911493215982,-0.3681423586608486,-0.8775726253050616,lying,karol
1672331709223706400,-0.0517692252629435,-0.1594971132824357,-0.3665547508289302,-0.8781389300732256,lying,karol
1672331709233706400,-0.0428850590267392,-0.163204540805055,-0.3649290308882421,-0.8786135170796987,lying,karol
1672331709243706400,-0.0339748488038487,-0.1669123646793418,-0.3632697313152412,-0.8789942263286227,lying,karol
1672331709253706400,-0.047672848937244,-0.1612517708107579,-0.3658462638722197,-0.8783458706743523,lying,karol
1672331709263706400,-0.0387710262883621,-0.1649584415221037,-0.3642082096365081,-0.8787762548422738,lying,karol
1672331709273706400,-0.047615386526715,-0.1612972319836103,-0.3658624109713688,-0.8783339297136703,lying,karol
1672331709283706400,-0.0387407817341376,-0.1649853249419386,-0.364215081465332,-0.8787697051556917,lying,karol
1672331709293706400,-0.0524488977937374,-0.1592906072334737,-0.3667457064809204,-0.8780563965641831,lying,karol
1672331709303706400,-0.0386504365032017,-0.1650274231985105,-0.3641982339095651,-0.8787727694482039,lying,karol
1672331709313706400,-0.0248189154770791,-0.1707423796734481,-0.3615638642322032,-0.8792681515608947,lying,karol
1672331709323706400,-0.033643284467856,-0.1671149336863303,-0.3632795539834332,-0.8789644787675569,lying,karol
1672331709333706400,-0.0424693414569926,-0.1634572805958318,-0.3649611715678462,-0.8785734395178806,lying,karol
1672331709343706400,-0.0561659665922999,-0.1577359179938934,-0.3674864338149557,-0.8777974536845526,lying,karol
1672331709353706400,-0.0424134973691993,-0.1634563430229987,-0.3649844167242416,-0.8785666680121412,lying,karol
1672331709363706400,-0.0512539613377685,-0.1597787982007269,-0.3666175371805842,-0.8780918257418443,lying,karol
1672331709373706400,-0.0374708611384088,-0.1655058059066357,-0.3640573851754936,-0.8787922952742983,lying,karol
1672331709383706400,-0.0512058989153755,-0.1597977996303369,-0.3665870926752026,-0.8781038928010426,lying,karol
1672331709393706400,-0.0649146339666626,-0.1540410042385387,-0.369023540672054,-0.8772052317384902,lying,karol
1672331709403706400,-0.0560317305229135,-0.1577422376606038,-0.3674293819638795,-0.8778288117099583,lying,karol
1672331709413706400,-0.0423016115995015,-0.1634458161168039,-0.3649085814425087,-0.878605551764599,lying,karol
1672331709423706400,-0.0285051377326951,-0.1691494089543528,-0.362295041915352,-0.8791633491919194,lying,karol
1672331709433706400,-0.0373514623201534,-0.1655164994994362,-0.3639817564101033,-0.8788267203774532,lying,karol
1672331709443706400,-0.0235615798231696,-0.1712249307149973,-0.361348178402767,-0.8792976440421479,lying,karol
1672331709453706400,-0.0324060910588032,-0.1676134091099963,-0.3630698121191368,-0.8790027827960526,lying,karol
1672331709463706400,-0.0461576405113315,-0.1619315265840122,-0.3656664367736053,-0.8783767486525413,lying,karol
1672331709473706400,-0.0372645380279339,-0.1656242278150251,-0.3640246545490382,-0.8787923725039389,lying,karol
1672331709483706400,-0.0509933080572604,-0.1599148263919673,-0.3665845504874527,-0.8780960775269625,lying,karol
1672331709493706400,-0.0372240695515415,-0.1656211851138098,-0.3640460103253666,-0.8787858245727884,lying,karol
1672331709503706400,-0.0283266143692094,-0.169291716609881,-0.3623658781336013,-0.8791125797271374,lying,karol
1672331709513706400,-0.0371733942305822,-0.1656402694308716,-0.3640679844766827,-0.8787752792741139,lying,karol
1672331709523706400,-0.0460133515376226,-0.1619678260299724,-0.3657309664179743,-0.8783507920290081,lying,karol
1672331709533706400,-0.037111495872274,-0.1656573573302461,-0.364082489974761,-0.8787686763365894,lying,karol
1672331709543706400,-0.0459495594293127,-0.1619862417817646,-0.365739581114434,-0.878347159936738,lying,karol
1672331709553706400,-0.0370498068838625,-0.1656740229335734,-0.364086468477313,-0.8787665004626815,lying,karol
1672331709563706400,-0.0508174952837314,-0.1599524765764271,-0.3666486484364277,-0.8780726937746551,lying,karol
1672331709573706400,-0.0596575710533871,-0.1562484020664589,-0.3682497340644192,-0.8775133362289554,lying,karol
1672331709583706400,-0.0507766607357474,-0.159957263186333,-0.3666548081134665,-0.8780716250250722,lying,karol
1672331709593706400,-0.0369626475399228,-0.1657055918932249,-0.3640973767879557,-0.8787597247199289,lying,karol
1672331709603706400,-0.0280507796735257,-0.1694061644145351,-0.3624008377096057,-0.8790850267480378,lying,karol
1672331709613706400,-0.0368792588000871,-0.1657817541102762,-0.3640881296125934,-0.878752708446832,lying,karol
1672331709623706400,-0.0457090091313982,-0.1621276910137425,-0.365740038714857,-0.8783334749749045,lying,karol
1672331709633706400,-0.0594502522480544,-0.1563902163175111,-0.3682351459884992,-0.8775083066663054,lying,karol
1672331709643706400,-0.0505785432095,-0.1601000123984412,-0.3666344651775405,-0.8780655792121218,lying,karol
1672331709653706400,-0.041684831927269,-0.163811414321115,-0.36499508189493,-0.8785311566496897,lying,karol
1672331709663706400,-0.0554355946350326,-0.1580944509833087,-0.3675201512552403,-0.8777654573110288,lying,karol
1672331709673706400,-0.0465472276839857,-0.161814988625692,-0.3659072426601733,-0.8782775123074059,lying,karol
1672331709683706400,-0.0376496408140985,-0.1655308231512454,-0.3642588505515703,-0.8786966422227175,lying,karol
1672331709693706400,-0.0238416551269874,-0.1712594367028848,-0.3616187095505501,-0.8791723102255321,lying,karol
1672331709703706400,-0.0326876213708079,-0.1676497429864784,-0.3633284525140451,-0.8788787130639641,lying,karol
1672331709713706400,-0.0237851742604847,-0.171345663300223,-0.3616186443029409,-0.8791570797578614,lying,karol
1672331709723706400,-0.0326224655145863,-0.1677287525776785,-0.3633350712943258,-0.8788633362550036,lying,karol
1672331709733706400,-0.0463390024335973,-0.1620493198910629,-0.3659236003028924,-0.8782385454664147,lying,karol
1672331709743706400,-0.0600636362172793,-0.1563068599624424,-0.3684284565972013,-0.8774003186152949,lying,karol
1672331709753706400,-0.0511816219040603,-0.1600164554150283,-0.3668467873609448,-0.8779572576192807,lying,karol
1672331709763706400,-0.0422804021549087,-0.1637297429453574,-0.3652267823553539,-0.8784217029554598,lying,karol
1672331709773706400,-0.0333710878997083,-0.16744064653545,-0.3635667488645974,-0.8787943947270448,lying,karol
1672331709783706400,-0.0470605971306323,-0.1617795498392561,-0.3661490187807233,-0.8781559990361036,lying,karol
1672331709793706400,-0.0558852215773713,-0.1581053890465827,-0.3677675617798644,-0.8776314428675049,lying,karol
1672331709803706400,-0.0696291578881044,-0.1523295670359468,-0.3702023437488254,-0.8766459509511232,lying,karol
1672331709813706400,-0.0607603518621965,-0.1560550922539479,-0.3686354741536258,-0.8773102656724996,lying,karol
1672331709823706400,-0.0518986250502152,-0.1597648802111425,-0.3670279392581299,-0.8778853259460849,lying,karol
1672331709833706400,-0.0381354620458138,-0.1654987440206207,-0.3644642556257075,-0.8785966688199496,lying,karol
1672331709843706400,-0.0469770913535225,-0.1618350933809128,-0.3660986713266501,-0.8781712677383181,lying,karol
1672331709853706400,-0.0607145817275367,-0.1560885840204303,-0.3685718725003659,-0.8773342203239957,lying,karol
1672331709863706400,-0.0518315547013023,-0.1597894352084585,-0.3669548808910142,-0.8779153803051665,lying,karol
1672331709873706400,-0.0429347719650722,-0.1634785181416584,-0.3652990805469518,-0.8784067631617818,lying,karol
1672331709883706400,-0.0291087453613757,-0.1691911763701497,-0.3626631239822454,-0.878984057162449,lying,karol
1672331709893706400,-0.0379350349531176,-0.1655368473090969,-0.3643281627905619,-0.8786546363671663,lying,karol
1672331709903706400,-0.0516207447150153,-0.159829335255983,-0.3668476128290962,-0.8779653834562603,lying,karol
1672331709913706400,-0.0653523336587877,-0.1540464862009712,-0.3692870849605376,-0.8770611799106043,lying,karol
1672331709923706400,-0.0564712313466365,-0.1577403655713871,-0.36769399432854,-0.8776905059552356,lying,karol
1672331709933706400,-0.0427108628987045,-0.1634597015753915,-0.3651638894693461,-0.8784774167877156,lying,karol
1672331709943706400,-0.0338006448919233,-0.1671548171700849,-0.3634749121468054,-0.8788704749108484,lying,karol
1672331709953706400,-0.0426312965091262,-0.1635059309062893,-0.365123829587249,-0.8784893408775272,lying,karol
1672331709963706400,-0.0288371933332772,-0.1692239289041434,-0.3624978488952823,-0.8790549171658394,lying,karol
1672331709973706400,-0.0199175491589184,-0.1729083451896916,-0.3607475028825493,-0.8793052960011963,lying,karol
1672331709983706400,-0.0287397527547614,-0.1692960693427501,-0.3624495706173451,-0.8790641353198795,lying,karol
1672331709993706400,-0.014888975718187,-0.1749864058029779,-0.3597228331487767,-0.8794135235995196,lying,karol
1672331710003706400,-0.0237059761563896,-0.1713834732787094,-0.3614466170963687,-0.8792227640840266,lying,karol
1672331710013706400,-0.0325125671683384,-0.1677620137389185,-0.3631284048049662,-0.8789466445622444,lying,karol
1672331710023706400,-0.0413350697162671,-0.1641109287555569,-0.3647762233518983,-0.8785829123219125,lying,karol
1672331710033706400,-0.0550448296612695,-0.1583882565297591,-0.3672810749280261,-0.8778373775863635,lying,karol
1672331710043706400,-0.0461325617197543,-0.1620845404944305,-0.3656413355599549,-0.878360652424108,lying,karol
1672331710053706400,-0.0598380494044334,-0.1563390939720427,-0.3681112634639995,-0.8775432963422859,lying,karol
1672331710063706400,-0.0686560565472551,-0.1525973152195556,-0.3696380671230547,-0.8769143381274426,lying,karol
1672331710073706400,-0.05978468525738,-0.1562865391163243,-0.3680356245370224,-0.8775880267812246,lying,karol
1672331710083706400,-0.0509099403866908,-0.1599702090067181,-0.3663965123066579,-0.8781696686601705,lying,karol
1672331710093706400,-0.0420206587666611,-0.1636535304720984,-0.3647201830636035,-0.8786590007400171,lying,karol
1672331710103706400,-0.0331212181551364,-0.1673299236608311,-0.3630124649253456,-0.8790542087963035,lying,karol
1672331710113706400,-0.0419582883932982,-0.1636683303827548,-0.3646559818486926,-0.8786858770153326,lying,karol
1672331710123706400,-0.0281392824294937,-0.1693656663530522,-0.3620246220192887,-0.879245305396321,lying,karol
1672331710133706400,-0.0418630983875288,-0.1636883924790873,-0.3646174869878501,-0.8787026619277347,lying,karol
1672331710143706400,-0.032951591152647,-0.1673654023819034,-0.3629247139705211,-0.8790900762138125,lying,karol
1672331710153706400,-0.0417825910793364,-0.1637108556635223,-0.3645669713827684,-0.8787232762061074,lying,karol
1672331710163706400,-0.0279735685906021,-0.1693987501509433,-0.3619179238964992,-0.8792881595739842,lying,karol
1672331710173706400,-0.0367919047915599,-0.16574731125839,-0.3635621370995886,-0.8789809280051069,lying,karol
1672331710183706400,-0.0278647340166828,-0.1694074503699044,-0.3618196808728209,-0.8793303771876734,lying,karol
1672331710193706400,-0.0366881670233448,-0.1657526202695768,-0.3634632051985834,-0.8790251837384639,lying,karol
1672331710203706400,-0.0503619084016477,-0.1600553470718589,-0.3659654926773006,-0.8783655028033592,lying,karol
1672331710213706400,-0.036595970590218,-0.1657407044361682,-0.3633824785433792,-0.8790646557954487,lying,karol
1672331710223706400,-0.0454254315445347,-0.1620853896062822,-0.3650019742735368,-0.878663282747396,lying,karol
1672331710233706400,-0.0316524497775029,-0.1677857087686904,-0.3623949940169039,-0.8792762391334281,lying,karol
1672331710243706400,-0.040482927787843,-0.1641531134120748,-0.3640477488464002,-0.8789168857955937,lying,karol
1672331710253706400,-0.0542282684825682,-0.1584409078149149,-0.3665564381250524,-0.8781816031209193,lying,karol
1672331710263706400,-0.0453245593665437,-0.1621296406284589,-0.3649151092916983,-0.878696427480062,lying,karol
1672331710273706400,-0.0315629854800891,-0.1678085912225985,-0.362315516665853,-0.8793078597891791,lying,karol
1672331710283706400,-0.0226436703675341,-0.1714721274522944,-0.3605790211545724,-0.8795897567748105,lying,karol
1672331710293706400,-0.0314788263741445,-0.1678495294742207,-0.3622722046202736,-0.8793209152602531,lying,karol
1672331710303706400,-0.0403116177415283,-0.1642050782889179,-0.3639303864466525,-0.8789636794654886,lying,karol
1672331710313706400,-0.0265362699804472,-0.1698822685678506,-0.3613036918609913,-0.879492070150879,lying,karol
1672331710323706400,-0.0353625564180011,-0.1662531245143163,-0.3629845095062765,-0.8791828366391896,lying,karol
1672331710333706400,-0.0264365568130509,-0.16992278711175,-0.3612722398886666,-0.879500175218283,lying,karol
1672331710343706400,-0.0352621263571906,-0.1662905124339453,-0.3629551617846182,-0.8791919253429192,lying,karol
1672331710353706400,-0.0440983627267148,-0.162636071806144,-0.3646040308113825,-0.8787943986726673,lying,karol
1672331710363706400,-0.0578388662001746,-0.1569131797208645,-0.3670983871368859,-0.8779991773624449,lying,karol
1672331710373706400,-0.0489430171466044,-0.1606197056792453,-0.3654845170270102,-0.8785430169657229,lying,karol
1672331710383706400,-0.0351644068852589,-0.1663409957461597,-0.3629155829115263,-0.8792026526943572,lying,karol
1672331710393706400,-0.0439888332353287,-0.1627169390434034,-0.3645571545605295,-0.8788043941467162,lying,karol
1672331710403706400,-0.0350662528115244,-0.1664272209722172,-0.3628701677007201,-0.8792090166097092,lying,karol
1672331710413706400,-0.0212228459129431,-0.1721414744918974,-0.3601860922568867,-0.8796555062375198,lying,karol
1672331710423706400,-0.030057666945101,-0.1685430144861637,-0.3618813713945532,-0.8793989985166605,lying,karol
1672331710433706400,-0.0162237349324778,-0.1742284211142501,-0.3591707486351567,-0.879766199599047,lying,karol
1672331710443706400,-0.0250425362556826,-0.1706493514006708,-0.3608865234995673,-0.8795587195439489,lying,karol
1672331710453706400,-0.0338714777032834,-0.1670434883858272,-0.3625683455178455,-0.8792635293516766,lying,karol
1672331710463706400,-0.042704114157001,-0.1634093806329537,-0.3642159504527801,-0.8788807928675024,lying,karol
1672331710473706400,-0.0515339505548575,-0.1597481776789756,-0.3658259611967354,-0.8784117041426697,lying,karol
1672331710483706400,-0.0377379248540015,-0.1654644021918464,-0.3632517438323303,-0.879122598680597,lying,karol
1672331710493706400,-0.0465742511581226,-0.1618054089644439,-0.3648764084138682,-0.8787070356460779,lying,karol
1672331710503706400,-0.0327793603259701,-0.1674984544594875,-0.3622751654986137,-0.879339235747346,lying,karol
1672331710513706400,-0.0189345811214175,-0.1731787515300491,-0.3595820489174298,-0.8797513081608896,lying,karol
1672331710523706400,-0.0277594381835123,-0.1695738914507608,-0.3612942239707292,-0.8795178292146407,lying,karol
1672331710533706400,-0.0365976069524366,-0.1659354984296922,-0.3629757974869407,-0.8791960090083304,lying,karol
1672331710543706400,-0.0502821201864104,-0.1602540032750911,-0.3655134422009619,-0.8785222365447523,lying,karol
1672331710553706400,-0.0413746979061284,-0.1639291093985642,-0.3638666597048877,-0.8789923076082725,lying,karol
1672331710563706400,-0.0275407102800329,-0.1696233887119587,-0.3612410545078475,-0.8795370177360456,lying,karol
1672331710573706400,-0.0363687993642834,-0.1659962233193334,-0.3629254955757755,-0.8792148243571665,lying,karol
1672331710583706400,-0.0452061463791546,-0.1623443344266376,-0.3645739441130238,-0.8788046587166182,lying,karol
1672331710593706400,-0.0540384947151389,-0.1586712473295825,-0.3661846097190793,-0.8783069994274715,lying,karol
1672331710603706400,-0.040273745196497,-0.1643808121237513,-0.3636500216557675,-0.8790487603708206,lying,karol
1672331710613706400,-0.0491163273383614,-0.1607165286363635,-0.3652813404682949,-0.8786002628353446,lying,karol
1672331710623706400,-0.0628544574768184,-0.1549761272314571,-0.3677436486039158,-0.8777285625661595,lying,karol
1672331710633706400,-0.0539768199456714,-0.1586671591385672,-0.3661450921469835,-0.8783280241615051,lying,karol
1672331710643706400,-0.0401845105215084,-0.1643839577599,-0.3635975839767737,-0.8790739644499347,lying,karol
1672331710653706400,-0.053894518209615,-0.1586941005383009,-0.366108140596831,-0.8783436222475601,lying,karol
1672331710663706400,-0.0400836294655986,-0.1644173886885243,-0.3635575036984368,-0.8790889033463946,lying,karol
1672331710673706400,-0.0489198237487635,-0.1607529094246278,-0.3651843828615695,-0.8786449002557156,lying,karol
1672331710683706400,-0.0400186767248597,-0.1644333366430628,-0.3635287473668638,-0.8791007804502626,lying,karol
1672331710693706400,-0.0488555591048259,-0.1607681041487395,-0.3651561679133238,-0.8786574308943731,lying,karol
1672331710703706400,-0.0399498194207051,-0.1644491546257675,-0.363499614513157,-0.879113008821554,lying,karol
1672331710713706400,-0.0310394717815571,-0.1681208233691498,-0.3618071770978748,-0.8794763662898231,lying,karol
1672331710723706400,-0.0398703810122501,-0.1644830188930167,-0.363475154370286,-0.879120402504666,lying,karol
1672331710733706400,-0.0487044694790791,-0.1608180759018005,-0.3651104311844899,-0.878675699156033,lying,karol
1672331710743706400,-0.0348773662142788,-0.16653408698516,-0.3625343861995406,-0.8793349680965951,lying,karol
1672331710753706400,-0.0437159460201342,-0.162890509830363,-0.3641899485950757,-0.8789382739079332,lying,karol
1672331710763706400,-0.0299522395000733,-0.1685767333444947,-0.361594079272003,-0.8795144623504704,lying,karol
1672331710773706400,-0.0210397655046091,-0.1722527974985135,-0.3598685172078894,-0.8797682539405886,lying,karol
1672331710783706400,-0.0298706586012197,-0.1686607312570423,-0.3615838597550749,-0.8795053450742606,lying,karol
1672331710793706400,-0.0387117042308546,-0.1650370771465147,-0.363263857503893,-0.8791557228717909,lying,karol
1672331710803706400,-0.0475525492622316,-0.1613834656540575,-0.3648995009216434,-0.8787227908515131,lying,karol
1672331710813706400,-0.0612759479795949,-0.1556623232473302,-0.3673644723992498,-0.8778776161903449,lying,karol
1672331710823706400,-0.0523878902086351,-0.1593589649254022,-0.3657532921885451,-0.8784623111357641,lying,karol
1672331710833706400,-0.0386161245686425,-0.1650638298414357,-0.3631964133087818,-0.8791827877682205,lying,karol
1672331710843706400,-0.052369498530675,-0.1593628523110066,-0.3657236914765991,-0.8784750360291914,lying,karol
1672331710853706400,-0.0434639552794811,-0.1630520133859906,-0.3640782257253435,-0.8789671612810034,lying,karol
1672331710863706400,-0.034549066635882,-0.1667365115514148,-0.3623998438452284,-0.8793650892816988,lying,karol
1672331710873706400,-0.0433877806888234,-0.16308776780248,-0.3640553336165439,-0.8789737836495468,lying,karol
1672331710883706400,-0.0295970487525536,-0.1687658565860404,-0.3614501154227296,-0.8795494524504124,lying,karol
1672331710893706400,-0.0384459562480375,-0.1651275751633045,-0.3631271001682559,-0.8792069342101029,lying,karol
1672331710903706400,-0.0472943544584775,-0.1614678605492776,-0.3647653882621006,-0.8787769477751389,lying,karol
1672331710913706400,-0.0610487832213882,-0.1557381752398072,-0.3672501303641142,-0.8779278763386134,lying,karol
1672331710923706400,-0.0472570451499245,-0.1614767288908428,-0.3647664026988423,-0.8787769155551315,lying,karol
1672331710933706400,-0.056103341495885,-0.1577976506352881,-0.3663892022307246,-0.8782497582553035,lying,karol
1672331710943706400,-0.0472252241895057,-0.1614840584733614,-0.3647898370180087,-0.8787675636310869,lying,karol
1672331710953706400,-0.0383296813181315,-0.1651697276032216,-0.363144479979602,-0.8791969467412947,lying,karol
1672331710963706400,-0.0471690187425243,-0.1615183594029613,-0.3647865325894144,-0.8787656594994495,lying,karol
1672331710973706400,-0.0608649159460408,-0.1558044804504216,-0.3672467366671801,-0.8779303287645047,lying,karol
1672331710983706400,-0.0519787726667648,-0.1594905063402623,-0.3656319354664025,-0.8785133363533589,lying,karol
1672331710993706400,-0.0430731989755083,-0.1631763465069468,-0.3639786233901455,-0.8790046406912815,lying,karol
1672331711003706400,-0.0519141789796393,-0.1595016946771212,-0.3655852516041853,-0.8785345616356558,lying,karol
1672331711013706400,-0.0430220887866238,-0.1631771722825772,-0.3639363102739266,-0.8790245181559453,lying,karol
1672331711023706400,-0.0567545157948705,-0.1574645914231045,-0.3664302441481448,-0.87825061427025,lying,karol
1672331711033706400,-0.0478736373550578,-0.1611470216324002,-0.3648092625244152,-0.878786321960233,lying,karol
1672331711043706400,-0.0340876067724263,-0.1668459263661321,-0.3622325239657094,-0.8794313641622341,lying,karol
1672331711053706400,-0.0429257095080078,-0.1632090975934598,-0.3638903677531117,-0.8790423406771813,lying,karol
1672331711063706400,-0.0517679722015211,-0.1595386877127443,-0.3655126982479883,-0.8785666864610765,lying,karol
1672331711073706400,-0.0428655095539076,-0.1632180749867019,-0.3638751455690698,-0.8790499219357332,lying,karol
1672331711083706400,-0.0517088480846885,-0.1595356685104925,-0.3654968478023186,-0.8785773187540656,lying,karol
1672331711093706400,-0.0428095655433762,-0.163206164787962,-0.3638593556384704,-0.8790614027030614,lying,karol
1672331711103706400,-0.0289746987145401,-0.1688976012411496,-0.3612484263197908,-0.8796278415343178,lying,karol
1672331711113706400,-0.0378168751129391,-0.1652604292741199,-0.362934913392637,-0.8792887056604115,lying,karol
1672331711123706400,-0.0466669030506442,-0.1615988652705372,-0.3645875962582096,-0.8788602868598056,lying,karol
1672331711133706400,-0.0604232367379157,-0.1558603710123624,-0.3670787427912134,-0.8780212375650345,lying,karol
1672331711143706400,-0.0515368732697549,-0.1595384003417971,-0.3654854677089276,-0.878591685553324,lying,karol
1672331711153706400,-0.0426252017861783,-0.1632169484542306,-0.3638548154744524,-0.879070264173905,lying,karol
1672331711163706400,-0.0287846026050704,-0.1689145218456213,-0.361249792616198,-0.8796302999422443,lying,karol
1672331711173706400,-0.042524863162143,-0.1632540657899396,-0.3638526365032398,-0.8790691446170316,lying,karol
1672331711183706400,-0.0336069751236572,-0.1669305814193881,-0.3621795669016182,-0.8794556719832874,lying,karol
1672331711193706400,-0.042440012996781,-0.1632977257940458,-0.363839205393497,-0.8790707060789871,lying,karol
1672331711203706400,-0.0335272828232235,-0.1669907671819379,-0.3621638383962626,-0.8794537769126206,lying,karol
1672331711213706400,-0.0246046144576312,-0.1706773385770736,-0.3604475856577966,-0.8797459828890707,lying,karol
1672331711223706400,-0.0334426705235647,-0.1670762074292877,-0.3621403339003941,-0.8794504621038833,lying,karol
1672331711233706400,-0.0471722024158238,-0.1614191033280326,-0.364699964081662,-0.8788197827972626,lying,karol
1672331711243706400,-0.0334009297210784,-0.1671145464859386,-0.3621191551115772,-0.8794534957044065,lying,karol
1672331711253706400,-0.0471396892045459,-0.1614457576005158,-0.3646820252092157,-0.8788240857738255,lying,karol
1672331711263706400,-0.0382264114853963,-0.1651327243143174,-0.3630202772225391,-0.8792598298017876,lying,karol
1672331711273706400,-0.047060269958844,-0.161485853796867,-0.3646573118836076,-0.878831240790029,lying,karol
1672331711283706400,-0.0381479339716695,-0.1651763565071686,-0.3629960219838464,-0.879265067614987,lying,karol
1672331711293706400,-0.0469788981052806,-0.161530638835932,-0.3646330424669805,-0.8788374450069077,lying,karol
1672331711303706400,-0.0380736517026521,-0.1652146183189513,-0.362971365473595,-0.8792712882169166,lying,karol
1672331711313706400,-0.0469163889303727,-0.1615588357512004,-0.3646076383077677,-0.8788461504370522,lying,karol
1672331711323706400,-0.0557614746797041,-0.1578757459709145,-0.3662092604867054,-0.8783327290513065,lying,karol
1672331711333706400,-0.0468710506927223,-0.1615614482024796,-0.3645882813761988,-0.8788561284492178,lying,karol
1672331711343706400,-0.0557136035155868,-0.1578802643900803,-0.3661939006522303,-0.8783413678293024,lying,karol
1672331711353706400,-0.0468161581144456,-0.161566949889958,-0.3645740938373829,-0.8788639382673655,lying,karol
1672331711363706400,-0.0556601429465713,-0.1578866377414363,-0.3661824076941535,-0.8783484133590285,lying,karol
1672331711373706400,-0.0467673305726921,-0.1615760530046796,-0.3645675761468536,-0.8788675784027071,lying,karol
1672331711383706400,-0.0604728906103409,-0.1558681849374212,-0.3670525676764076,-0.8780275072298497,lying,karol
1672331711393706400,-0.0515831528974372,-0.1595621242882113,-0.3654633985779569,-0.8785939758294996,lying,karol
1672331711403706400,-0.0426813547642984,-0.1632551639266604,-0.3638326859581202,-0.8790697376151443,lying,karol
1672331711413706400,-0.0515224870271684,-0.1595974205677489,-0.3654589091989519,-0.8785930037104959,lying,karol
1672331711423706400,-0.0652290245559782,-0.1538800382568233,-0.3679037542968563,-0.8776814515718739,lying,karol
1672331711433706400,-0.0563419335514546,-0.1575898383392191,-0.366323227262482,-0.8782995663165214,lying,karol
1672331711443706400,-0.042573935484697,-0.1633122608443083,-0.3638065158774861,-0.8790751964983686,lying,karol
1672331711453706400,-0.0287841839084737,-0.1690107868557998,-0.3611999413207437,-0.8796324541298097,lying,karol
1672331711463706400,-0.0376260503168837,-0.1653936421509616,-0.3628814721338143,-0.8792940906458209,lying,karol
1672331711473706400,-0.046465068621697,-0.1617482987738301,-0.364525138719597,-0.8788695892959404,lying,karol
1672331711483706400,-0.0602018180193886,-0.1560300842707424,-0.3670070868602227,-0.8780364499065563,lying,karol
1672331711493706400,-0.0513179194214683,-0.1597197553713528,-0.3654048263860272,-0.8786052851453472,lying,karol
1672331711503706400,-0.0424236409660167,-0.1634016332597129,-0.3637657201454038,-0.8790827679348624,lying,karol
1672331711513706400,-0.0335142781089725,-0.1670770055965385,-0.3620897928098407,-0.8794685487759571,lying,karol
1672331711523706400,-0.0245965055295915,-0.1707424533134347,-0.3603783118085038,-0.8797621189733131,lying,karol
1672331711533706400,-0.0334129781114762,-0.167129859062801,-0.3620751287880394,-0.87946840737056,lying,karol
1672331711543706400,-0.0471524266464711,-0.1614501675797663,-0.3646455746442279,-0.8788378693745104,lying,karol
1672331711553706400,-0.0333992213515874,-0.167123812696899,-0.3620785337511449,-0.8794686865906061,lying,karol
1672331711563706400,-0.0244791523338268,-0.1707913617748089,-0.3603709655727236,-0.8797589270373777,lying,karol
1672331711573706400,-0.0333027894925917,-0.1671867345390822,-0.3620739659075803,-0.8794622754382446,lying,karol
1672331711583706400,-0.0421398520387752,-0.1635550891770348,-0.3637439516113066,-0.8790769278084541,lying,karol
1672331711593706400,-0.0282987817813679,-0.1692730767728772,-0.3611335409303055,-0.8796251038778286,lying,karol
1672331711603706400,-0.0371356948010766,-0.1656609663864998,-0.3628270690087723,-0.8792871357018462,lying,karol
1672331711613706400,-0.0459798505031809,-0.1620171196321731,-0.364484620164551,-0.8788624711333335,lying,karol
1672331711623706400,-0.059745413509096,-0.1562944279314987,-0.3669839502840671,-0.8780303543340194,lying,karol
1672331711633706400,-0.050860695714063,-0.1599962141104128,-0.3653826302892005,-0.8785908775324703,lying,karol
1672331711643706400,-0.0645690478835235,-0.1542770101852882,-0.3678329127618829,-0.8776903758038882,lying,karol
1672331711653706400,-0.0556831365718017,-0.1579790687875039,-0.3662471162823024,-0.8783035164835222,lying,karol
1672331711663706400,-0.0467863709144912,-0.1616669514790549,-0.364625096598385,-0.8788261460702504,lying,karol
1672331711673706400,-0.0604988716467313,-0.1559476901483806,-0.3671021867526449,-0.8779910140724118,lying,karol
1672331711683706400,-0.0516040079434608,-0.1596389207457879,-0.365500204117799,-0.8785636474272395,lying,karol
1672331711693706400,-0.0378028275486143,-0.1653496329693364,-0.3629474487309086,-0.8792676750159399,lying,karol
1672331711703706400,-0.0288787319803226,-0.1690271776084463,-0.3612573155235315,-0.879602776432585,lying,karol
1672331711713706400,-0.0377096181685524,-0.1654017268812408,-0.3629443570194808,-0.8792631674647079,lying,karol
1672331711723706400,-0.0514708575023158,-0.1597054704036376,-0.365491150684789,-0.8785631514201085,lying,karol
1672331711733706400,-0.0651688945279443,-0.1539833304558071,-0.3679353162362297,-0.8776547377650817,lying,karol
1672331711743706400,-0.0562989919652596,-0.1576804685574502,-0.3663551785733855,-0.8782728908249442,lying,karol
1672331711753706400,-0.0474136264561508,-0.1613712508249879,-0.3647426669509904,-0.8787981321464075,lying,karol
1672331711763706400,-0.0336200698978231,-0.1670713435408748,-0.3621794646936126,-0.879428794896038,lying,karol
1672331711773706400,-0.0424601781549786,-0.163428704464185,-0.3638597601374816,-0.8790371945962145,lying,karol
1672331711783706400,-0.0286560052888529,-0.1691129929199687,-0.3612679505281211,-0.8795892384891774,lying,karol
1672331711793706400,-0.0375093110465781,-0.1654744940970043,-0.3629681736564197,-0.8792482514229009,lying,karol
1672331711803706400,-0.0237577235321653,-0.1711321607189815,-0.360345074492102,-0.8797232108266871,lying,karol
1672331711813706400,-0.03259416707247,-0.1675181283724553,-0.3620411363788565,-0.8794394037708644,lying,karol
1672331711823706400,-0.0414319325493783,-0.1638743933294562,-0.3636937366715244,-0.8790720124168505,lying,karol
1672331711833706400,-0.050266470984378,-0.1602009679420897,-0.3653113925067544,-0.8786174848936124,lying,karol
1672331711843706400,-0.0365053181184363,-0.1658811069558074,-0.3627480026264104,-0.8793047714325015,lying,karol
1672331711853706400,-0.0453514077825244,-0.1622236464531782,-0.3643977725630553,-0.8788931584545321,lying,karol
1672331711863706400,-0.0315269382202012,-0.1679299599423959,-0.3618048106372198,-0.8794970440304807,lying,karol
1672331711873706400,-0.0403723041420831,-0.1642978167836995,-0.3634837404091869,-0.8791291575550161,lying,karol
1672331711883706400,-0.0265512412880778,-0.1700026895906681,-0.3608674064004057,-0.8796482502277504,lying,karol
1672331711893706400,-0.0353862942892297,-0.1664010298523693,-0.3625746385520258,-0.8793238102579232,lying,karol
1672331711903706400,-0.044233755120168,-0.1627671860285868,-0.3642511507746016,-0.8789104359346894,lying,karol
1672331711913706400,-0.0530775736938868,-0.1591058968947955,-0.3658936776104423,-0.8784088751024616,lying,karol
1672331711923706400,-0.044191609148208,-0.1628050613118437,-0.3642941123488016,-0.8788877507001442,lying,karol
1672331711933706400,-0.0304053734325714,-0.1685168997892933,-0.3617349282919143,-0.8794530636017809,lying,karol
1672331711943706400,-0.0392483122814501,-0.1649066196455507,-0.3634583465338733,-0.8790766222528371,lying,karol
1672331711953706400,-0.0480831669087434,-0.1612767027246351,-0.3651485536035876,-0.8786106590614591,lying,karol
1672331711963706400,-0.0617708761387427,-0.1555979072876977,-0.3676706123872795,-0.877726789705203,lying,karol
1672331711973706400,-0.0528794392095573,-0.1593421944195725,-0.3661275380642179,-0.8782806098582764,lying,karol
1672331711983706400,-0.0390814327285739,-0.1651207543603859,-0.3636335231230359,-0.8789714697817385,lying,karol
1672331711993706400,-0.0479127394758916,-0.1615216274303281,-0.3653302322746196,-0.8784995127426964,lying,karol
1672331712003706400,-0.0341361047663084,-0.1672890153937401,-0.3628036936856925,-0.8791103822217354,lying,karol
1672331712013706400,-0.0478473798046465,-0.1616878110580386,-0.3654194149802352,-0.8784354486340425,lying,karol
1672331712023706400,-0.038963199181321,-0.165457063292652,-0.3638082409805145,-0.8788412459571721,lying,karol
1672331712033706400,-0.0478231051536568,-0.1618897464684251,-0.3654998396810273,-0.8783661603105581,lying,karol
1672331712043706400,-0.0389484310855456,-0.1656968449275545,-0.3638831634425269,-0.8787657545847827,lying,karol
1672331712053706400,-0.0478099110765455,-0.1621496556782529,-0.3655747320611444,-0.8782878224177002,lying,karol
1672331712063706400,-0.0615835245770565,-0.1565126561581025,-0.3681101367284651,-0.877393250353718,lying,karol
1672331712073706400,-0.0527188995468717,-0.1603191887837328,-0.3665363528754673,-0.8779421125759315,lying,karol
1672331712083706400,-0.038923466423276,-0.1661451346258251,-0.3639884173396935,-0.8786387228396647,lying,karol
1672331712093706400,-0.030018020417872,-0.1699086651309653,-0.3622944053419848,-0.878968472714525,lying,karol
1672331712103706400,-0.0388523143067271,-0.1663370139671155,-0.3639878989773493,-0.8786058171706335,lying,karol
1672331712113706400,-0.0526048521056654,-0.1606862618772377,-0.3665465806230327,-0.8778776484643703,lying,karol
1672331712123706400,-0.0437050257270952,-0.1644477243101942,-0.364890773008099,-0.8783589682133812,lying,karol
1672331712133706400,-0.0298827918201932,-0.1702252833604328,-0.3622479603473044,-0.8789310275444119,lying,karol
1672331712143706400,-0.0387138438534002,-0.1666413385924649,-0.3639282157643808,-0.8785790491112598,lying,karol
1672331712153706400,-0.0298052588689119,-0.1703723731400288,-0.3621980967228161,-0.8789257367435882,lying,karol
1672331712163706400,-0.0159712734061497,-0.1761019762514334,-0.3594482685241383,-0.8792854964367463,lying,karol
1672331712173706400,-0.0248150043824207,-0.1725350476044656,-0.3611778675086511,-0.8790787597727536,lying,karol
1672331712183706400,-0.0336701521739868,-0.1689300598284854,-0.3628705269663342,-0.8787872286087339,lying,karol
1672331712193706400,-0.0473823344575864,-0.1632740266814956,-0.3654338872725446,-0.8781615148253672,lying,karol
1672331712203706400,-0.0611202857251263,-0.1575445405757753,-0.3679165797760498,-0.8773223421784561,lying,karol
1672331712213706400,-0.0522595004224414,-0.161236292581874,-0.3662830794547466,-0.8779075059866546,lying,karol
1672331712223706400,-0.0433870821650826,-0.1649112612274176,-0.3646178247774603,-0.8784012559346015,lying,karol
1672331712233706400,-0.0571396882583103,-0.1591612588042182,-0.3671438560228307,-0.8776224885257039,lying,karol
1672331712243706400,-0.0482773537856908,-0.1628207809308705,-0.3655073026816206,-0.8781663860630232,lying,karol
1672331712253706400,-0.0620508753179783,-0.1570322644015969,-0.3680108027321122,-0.8773093589637369,lying,karol
1672331712263706400,-0.0531854471830929,-0.1606979676162993,-0.3664031123313358,-0.877900531413912,lying,karol
1672331712273706400,-0.0394442482061735,-0.1663769446479711,-0.3638491210373027,-0.8786295014621813,lying,karol
1672331712283706400,-0.0483039999655469,-0.1626840908657381,-0.3655166181126746,-0.8781863925573103,lying,karol
1672331712293706400,-0.0394361017891586,-0.1663502206405814,-0.3638629840911316,-0.8786291954097784,lying,karol
1672331712303706400,-0.0483042212271458,-0.1626709084527402,-0.3655357943688975,-0.8781808509305034,lying,karol
1672331712313706400,-0.0345346653911682,-0.1683772960893693,-0.362952424619089,-0.8788259993131924,lying,karol
1672331712323706400,-0.0208059092692757,-0.1740352569000839,-0.3602917965716882,-0.8792507217982408,lying,karol
1672331712333706400,-0.0296646668885962,-0.170418319460595,-0.3620430536948696,-0.8789855565981723,lying,karol
1672331712343706400,-0.0385210021771145,-0.1667746750588941,-0.3637580637269918,-0.8786328015455092,lying,karol
1672331712353706400,-0.0522317406348756,-0.1610824418707244,-0.3663333833982389,-0.8779164798039926,lying,karol
1672331712363706400,-0.0433491287699687,-0.1647762850760561,-0.3647006418028843,-0.8783941516504699,lying,karol
1672331712373706400,-0.0571047041897792,-0.15904559033729,-0.3672539583767766,-0.8775997443208964,lying,karol
1672331712383706400,-0.0433088333710002,-0.1647839223335177,-0.3647231762292935,-0.878385365037736,lying,karol
1672331712393706400,-0.0521579255128311,-0.161102677314473,-0.3663788917602513,-0.8778981943396146,lying,karol
1672331712403706400,-0.0432766529460534,-0.1647963572830658,-0.3647405289705934,-0.8783774276342811,lying,karol
1672331712413706400,-0.034389424696495,-0.1684804340049095,-0.3630658408903369,-0.87876514810499,lying,karol
1672331712423706400,-0.0481137659985394,-0.1627962209643278,-0.3656656409188347,-0.8781141078435036,lying,karol
1672331712433706400,-0.0392253550738912,-0.1664787349168741,-0.3640039841296941,-0.8785559765778835,lying,karol
1672331712443706400,-0.0303267190161262,-0.1701510092351584,-0.3623005204721374,-0.8789087374709997,lying,karol
1672331712453706400,-0.0391717831610244,-0.1664950105186305,-0.3639936512550035,-0.8785595740719361,lying,karol
1672331712463706400,-0.0528763550412412,-0.160784909116115,-0.3665436018796759,-0.8778447590327045,lying,karol
1672331712473706400,-0.0439926880259412,-0.1644623579757649,-0.364892023786952,-0.8783415762896675,lying,karol
1672331712483706400,-0.0350993953322263,-0.16813225604507,-0.3632039467681965,-0.8787467302398351,lying,karol
1672331712493706400,-0.0261930467292062,-0.1717925378779598,-0.3614767647123903,-0.8790615172695742,lying,karol
1672331712503706400,-0.0350357126235758,-0.168142114552561,-0.3631778031836052,-0.8787581991117369,lying,karol
1672331712513706400,-0.0261605451967535,-0.1717820843844041,-0.3614404183704995,-0.8790794785776268,lying,karol
1672331712523706400,-0.0350365452749257,-0.1680990289387132,-0.363127850723651,-0.8787870541394386,lying,karol
1672331712533706400,-0.0439203153152005,-0.1643759369820253,-0.3647679340602411,-0.8784129309520812,lying,karol
1672331712543706400,-0.0301502592107618,-0.170009746641628,-0.3621043402644146,-0.8790230148021292,lying,karol
1672331712553706400,-0.0390140440750555,-0.1662881078618404,-0.3637609729809591,-0.8787021624934571,lying,karol
1672331712563706400,-0.0527955409094579,-0.1604800097773198,-0.3662893212350744,-0.8780115589195621,lying,karol
1672331712573706400,-0.0390749748183829,-0.1660767209364463,-0.3637045946221603,-0.8787627698140528,lying,karol
1672331712583706400,-0.0479741843562264,-0.1622930808625893,-0.3653274059090359,-0.878355674372835,lying,karol
1672331712593706400,-0.0391413433850585,-0.1658597943366726,-0.3636289404633004,-0.8788320946121966,lying,karol
1672331712603706400,-0.0480362626081237,-0.1620771159361402,-0.3652324095522572,-0.878431664058544,lying,karol
1672331712613706400,-0.034284903963944,-0.1676619364632534,-0.3625879061744353,-0.8791230911356828,lying,karol
1672331712623706400,-0.0431580519533099,-0.1638755925534114,-0.3641956707052889,-0.8787815828538036,lying,karol
1672331712633706400,-0.0568736493843055,-0.1580267976362598,-0.3666436290315128,-0.8780539621247531,lying,karol
1672331712643706400,-0.0480006254337749,-0.1615532979922907,-0.3649708577088409,-0.8786388029572332,lying,karol
1672331712653706400,-0.0568631645411967,-0.1577046249398922,-0.3665388474823538,-0.8781563156839806,lying,karol
1672331712663706400,-0.0479874233838686,-0.1612450922671314,-0.3649076359647574,-0.8787224029772702,lying,karol
1672331712673706400,-0.0391005272356485,-0.1647972898766813,-0.3632631017413488,-0.8791850454960903,lying,karol
1672331712683706400,-0.0252695085521524,-0.1703921922694594,-0.3606507230694953,-0.8797001980005499,lying,karol
1672331712693706400,-0.0341054914681576,-0.1666908900888281,-0.362380700322756,-0.8794001520967922,lying,karol
1672331712703706400,-0.0429532631900397,-0.1629692102182958,-0.3640796785214508,-0.8790082399938053,lying,karol
1672331712713706400,-0.0518029572541861,-0.1592323885403672,-0.3657407050294898,-0.8785264305079342,lying,karol
1672331712723706400,-0.0429100246963922,-0.162868157656743,-0.3641484064238325,-0.8790006208753203,lying,karol
1672331712733706400,-0.0566557023018906,-0.1571141473741663,-0.36669202467744,-0.8782116511711467,lying,karol
1672331712743706400,-0.0477707646666144,-0.1607766705893913,-0.3651229772878157,-0.8787306221248098,lying,karol
1672331712753706400,-0.0388742439372426,-0.1644473617641105,-0.3635098441890803,-0.8791586543633482,lying,karol
1672331712763706400,-0.0477172493463772,-0.1607839436952573,-0.3651784388800361,-0.8787091635777419,lying,karol
1672331712773706400,-0.0614375005305294,-0.1550620891041372,-0.3676779072288746,-0.8778426114214699,lying,karol
1672331712783706400,-0.075179631908766,-0.1492778473824841,-0.3700912878260387,-0.8767611489102455,lying,karol
1672331712793706400,-0.0663076736951357,-0.1529981613252482,-0.3685865618694613,-0.8774692831754718,lying,karol
1672331712803706400,-0.0574186899759174,-0.1567197220868275,-0.3670438952603987,-0.8780856219942509,lying,karol
1672331712813706400,-0.0485243819585903,-0.1604374361678229,-0.3654653572618885,-0.8786090494222804,lying,karol
1672331712823706400,-0.0573496144206743,-0.1567776766660918,-0.3670861233464223,-0.8780621588817349,lying,karol
1672331712833706400,-0.0435642341913648,-0.1625316622401064,-0.3646009012224435,-0.8788432250490692,lying,karol
1672331712843706400,-0.0572728107185594,-0.1568468621178828,-0.3671078472335639,-0.8780457556271293,lying,karol
1672331712853706400,-0.0483657947618865,-0.1605699106089059,-0.3655039715683844,-0.8785775718226917,lying,karol
1672331712863706400,-0.0621138203798589,-0.1548382161446765,-0.3679762024943747,-0.87770962007058,lying,karol
1672331712873706400,-0.0532281967658634,-0.1585452851765323,-0.3663873490190911,-0.8782961550782877,lying,karol
1672331712883706400,-0.044326705922317,-0.1622480208522163,-0.36475292209713,-0.878794465256488,lying,karol
1672331712893706400,-0.0305684888051383,-0.1679418441042172,-0.3621553463433701,-0.8793851836571639,lying,karol
1672331712903706400,-0.0394074315970024,-0.1643073850127898,-0.3638103866144649,-0.87903688139062,lying,karol
1672331712913706400,-0.0304976521809138,-0.1679861766967257,-0.3621074671716025,-0.8793988994970114,lying,karol
1672331712923706400,-0.0393159552038211,-0.1643413764355758,-0.3637544348743944,-0.8790577843349874,lying,karol
1672331712933706400,-0.0481530827800978,-0.1606505751240935,-0.3653676918805642,-0.8786312289633914,lying,karol
1672331712943706400,-0.0569903971659368,-0.1569224947004772,-0.3669428846083228,-0.8781196168312337,lying,karol
1672331712953706400,-0.0432446949155946,-0.1625877331123056,-0.3644211059062382,-0.8789232631698161,lying,karol
1672331712963706400,-0.0520843618916569,-0.1588708325181245,-0.3660236222592171,-0.8784575731970685,lying,karol
1672331712973706400,-0.0609287156616073,-0.155128136027856,-0.3675933575899496,-0.8779019317868229,lying,karol
1672331712983706400,-0.0520342312483143,-0.1587926398371075,-0.3659961539440605,-0.8784861306031155,lying,karol
1672331712993706400,-0.0382543396274971,-0.1644743941436787,-0.3634606104611335,-0.8792012850168167,lying,karol
1672331713003706400,-0.0470894111012554,-0.1607918169140128,-0.365098892758682,-0.8787747833048581,lying,karol
1672331713013706400,-0.0333013255070535,-0.1664736316805764,-0.3625339675170758,-0.8794091329067728,lying,karol
1672331713023706400,-0.0421400918865161,-0.1628145547051965,-0.3641925011653171,-0.8790296988868479,lying,karol
1672331713033706400,-0.0509711474476159,-0.159137471069192,-0.3658202202805413,-0.8785593543207333,lying,karol
1672331713043706400,-0.04206421653599,-0.1628258731802005,-0.3642044616358654,-0.8790262928043815,lying,karol
1672331713053706400,-0.05576801792482,-0.1571277432129633,-0.3667199688412762,-0.8782545498259972,lying,karol
1672331713063706400,-0.0468600671619066,-0.1608335490500898,-0.365129911100142,-0.8787665535924285,lying,karol
1672331713073706400,-0.0556728717532013,-0.1571753711535074,-0.3667538458088285,-0.8782379365513812,lying,karol
1672331713083706400,-0.0467443786612075,-0.1609045067491597,-0.3651698529517652,-0.8787431508774713,lying,karol
1672331713093706400,-0.0378026139456974,-0.1646302423459302,-0.363551449562631,-0.8791541712032248,lying,karol
1672331713103706400,-0.0465932502338208,-0.1610167965042186,-0.3652239630582385,-0.8787081487741346,lying,karol
1672331713113706400,-0.032771891479905,-0.1667683427529138,-0.3626961365870947,-0.8793064073509628,lying,karol
1672331713123706400,-0.0189435725889147,-0.1725012750703455,-0.3600773271542082,-0.8796833076670796,lying,karol
1672331713133706400,-0.027740523787051,-0.1689680806415103,-0.3618289365699871,-0.879416882496117,lying,karol
1672331713143706400,-0.0365576598429222,-0.1654068932105871,-0.3635425759826082,-0.8790647883627445,lying,karol
1672331713153706400,-0.0453894649457118,-0.1618145966414114,-0.3652167043694803,-0.8786276954504361,lying,karol
1672331713163706400,-0.0590883033787667,-0.15615390278871,-0.3677222934916911,-0.8777920627776229,lying,karol
1672331713173706400,-0.0501951408040474,-0.1599071240043539,-0.3661414666092108,-0.8783306138580358,lying,karol
1672331713183706400,-0.0364212481790607,-0.1656578259215104,-0.3636085138894851,-0.8789959765111908,lying,karol
1672331713193706400,-0.0501179998684834,-0.1600011778646816,-0.3661691588768477,-0.8783063679804107,lying,karol
1672331713203706400,-0.0362789735771667,-0.1657628113557608,-0.3636294782879854,-0.8789734180934299,lying,karol
1672331713213706400,-0.0273491338562404,-0.1694742419625769,-0.3619578740141594,-0.8792787761334828,lying,karol
1672331713223706400,-0.0361481824639146,-0.1658808987194288,-0.3636686503145658,-0.878940346401591,lying,karol
1672331713233706400,-0.0449727891767199,-0.1622543964189958,-0.3653431981499038,-0.8785155146030512,lying,karol
1672331713243706400,-0.0538057796458186,-0.1586020652802875,-0.36696951251592,-0.8780079267658818,lying,karol
1672331713253706400,-0.0400022784026223,-0.1643713586257506,-0.3644362013740789,-0.8787390766953799,lying,karol
1672331713263706400,-0.0488294881455799,-0.1607331002233828,-0.3660718963687759,-0.87828592695722,lying,karol
1672331713273706400,-0.0625059284504584,-0.155034029542557,-0.3685294736590889,-0.877415381621848,lying,karol
1672331713283706400,-0.0536192525096702,-0.1587669608803619,-0.3669319933395745,-0.8780052506728033,lying,karol
1672331713293706400,-0.0447280206900447,-0.1624902095399567,-0.3652871420457652,-0.8785077867357641,lying,karol
1672331713303706400,-0.0535735204167341,-0.1588245395626059,-0.3668719878462704,-0.87802271523875,lying,karol
1672331713313706400,-0.0398322819015841,-0.1645414316589976,-0.3642925584670454,-0.8787745706369189,lying,karol
1672331713323706400,-0.0260191911689767,-0.170237536721371,-0.3616021944644577,-0.8793181166716917,lying,karol
1672331713333706400,-0.039750012998316,-0.1645639766467507,-0.3641512660948645,-0.8788326415551698,lying,karol
1672331713343706400,-0.0534575648373062,-0.1588383549238732,-0.3666045281496964,-0.8781390070995795,lying,karol
1672331713353706400,-0.0622921563810495,-0.1550968538406956,-0.3681248563103174,-0.8775893563762435,lying,karol
1672331713363706400,-0.0534029834441945,-0.1587610495425466,-0.3664808614089788,-0.8782079298677257,lying,karol
1672331713373706400,-0.0445104210045822,-0.162413893804237,-0.3648046695420358,-0.8787334331448684,lying,karol
1672331713383706400,-0.0355963465062604,-0.1660620611755701,-0.3630909958923206,-0.8791675430880103,lying,karol
1672331713393706400,-0.0217797301232408,-0.1716928064088826,-0.3603898432790256,-0.8796480746162348,lying,karol
1672331713403706400,-0.0306249487722477,-0.1680040209194813,-0.3620501974952457,-0.8794150149547727,lying,karol
1672331713413706400,-0.0394828523820115,-0.1642715395203621,-0.3636711017657859,-0.8790982026380805,lying,karol
1672331713423706400,-0.0483579270031915,-0.1604950486138039,-0.3652528935852576,-0.8786964955873295,lying,karol
1672331713433706400,-0.0394944129777608,-0.1640568203088843,-0.363555134222404,-0.8791857467556285,lying,karol
1672331713443706400,-0.0483812537480625,-0.1602618552351458,-0.3651354289705669,-0.8787865943993298,lying,karol
1672331713453706400,-0.0621435522290464,-0.1544012668426487,-0.3675424809649597,-0.8779665866441253,lying,karol
1672331713463706400,-0.0484227266121448,-0.1599875806341027,-0.365043261809425,-0.8788725800570367,lying,karol
1672331713473706400,-0.0395426360823306,-0.1635388303145978,-0.3633915451704433,-0.8793477152064386,lying,karol
1672331713483706400,-0.0483883476420289,-0.1597458424686295,-0.3650221596077454,-0.8789272178904992,lying,karol
1672331713493706400,-0.039479481686751,-0.163298007048503,-0.3634070154190306,-0.8793889250655541,lying,karol
1672331713503706400,-0.0483082632631045,-0.1595198538360743,-0.3650690221218212,-0.8789532173319772,lying,karol
1672331713513706400,-0.0393850921927559,-0.1631045950539864,-0.3634839765235966,-0.8793972586399333,lying,karol
1672331713523706400,-0.053131295919857,-0.1573251049102756,-0.3660484916256499,-0.8786630897939921,lying,karol
1672331713533706400,-0.0668338763553584,-0.1515394047573169,-0.3685135221555938,-0.8777136694781759,lying,karol
1672331713543706400,-0.0579489474957064,-0.1552337845728181,-0.3670088185359136,-0.878329888528654,lying,karol
1672331713553706400,-0.0490519680208466,-0.1589614010612523,-0.3654599227419436,-0.878850792590765,lying,karol
1672331713563706400,-0.0352552400121585,-0.1647379588718764,-0.3629525433816339,-0.8794876025709651,lying,karol
1672331713573706400,-0.0440872784350171,-0.1611814016214241,-0.3646144917293952,-0.8790606858746703,lying,karol
1672331713583706400,-0.035167527547196,-0.1649801382585435,-0.3629773936010461,-0.8794354979449323,lying,karol
1672331713593706400,-0.0439940052140246,-0.1614570530392431,-0.3646319415521088,-0.8790075765486555,lying,karol
1672331713603706400,-0.0577190781574341,-0.1558733083331814,-0.3671266079759617,-0.8781826376283857,lying,karol
1672331713613706400,-0.0439083537624304,-0.1617534180289599,-0.3646491913121881,-0.8789502721801544,lying,karol
1672331713623706400,-0.0349646000826477,-0.1655974883062023,-0.3630072222650701,-0.8793153521159295,lying,karol
1672331713633706400,-0.0486474076843017,-0.1600662822230265,-0.3655689626193477,-0.878627559671106,lying,karol
1672331713643706400,-0.0348076144521837,-0.1659159054209345,-0.3630295349978899,-0.8792524061374088,lying,karol
1672331713653706400,-0.0435969858173091,-0.1623868800872754,-0.3647001452140338,-0.8788279423275612,lying,karol
1672331713663706400,-0.0297179928128658,-0.1682110806284822,-0.3621164754553764,-0.8793796216630844,lying,karol
1672331713673706400,-0.0385178585454081,-0.1646642567774844,-0.3638048338191422,-0.8790125849924615,lying,karol
1672331713683706400,-0.0473244215548796,-0.1610734556572539,-0.3654533760323297,-0.8785639567319178,lying,karol
1672331713693706400,-0.06106485882213,-0.1553780899494095,-0.3679383620913115,-0.8777044906886905,lying,karol
1672331713703706400,-0.0521649394210674,-0.1591210698530874,-0.3663445030333669,-0.8782745056555966,lying,karol
1672331713713706400,-0.0432771446212428,-0.1628429012784821,-0.3647102773181299,-0.8787552586254933,lying,karol
1672331713723706400,-0.0521263111575515,-0.15917552590817,-0.3663229930758059,-0.8782759172291197,lying,karol
1672331713733706400,-0.0432414209859338,-0.1628562848593829,-0.3646797021689754,-0.8787672345945389,lying,karol
1672331713743706400,-0.0343473651977374,-0.1665161293983247,-0.3629936821025397,-0.8791719713097548,lying,karol
1672331713753706400,-0.0431965781632974,-0.1628271295821099,-0.3646256474619296,-0.878797276029223,lying,karol
1672331713763706400,-0.0520420770193274,-0.1590992342529152,-0.3662126847447171,-0.8783407430242647,lying,karol
1672331713773706400,-0.0431471743823134,-0.1627292611099809,-0.3645463159534891,-0.8788507436539065,lying,karol
1672331713783706400,-0.0519905309105877,-0.1589825258020821,-0.366130287441291,-0.8783992787090208,lying,karol
1672331713793706400,-0.0430953939377564,-0.1625992782554689,-0.3644668227331188,-0.878910312736638,lying,karol
1672331713803706400,-0.0519391553398856,-0.1588511320714586,-0.3660532516292219,-0.8784581958505318,lying,karol
1672331713813706400,-0.0656236810731822,-0.1530500263856277,-0.368454860663296,-0.8775678790500316,lying,karol
1672331713823706400,-0.0567596657102138,-0.156684454585488,-0.3668658293417975,-0.8782100726023246,lying,karol
1672331713833706400,-0.0478793116024501,-0.160325940635269,-0.3652417224738751,-0.8787586678281493,lying,karol
1672331713843706400,-0.0616095482584596,-0.1545565838785958,-0.3676826851946605,-0.8779186287144117,lying,karol
1672331713853706400,-0.0753126899770737,-0.1487523257144998,-0.3700274823800681,-0.8768668990334164,lying,karol
1672331713863706400,-0.066456690297986,-0.1524315713474047,-0.3684775595170496,-0.8776033087068317,lying,karol
1672331713873706400,-0.0575778262193156,-0.1561135175816913,-0.3668909342457616,-0.8782480087625109,lying,karol
1672331713883706400,-0.0486924525628936,-0.1597902616594123,-0.3652712733394864,-0.8787992823141866,lying,karol
1672331713893706400,-0.0623868222945264,-0.1540681559870314,-0.3677003163400548,-0.8779422170779979,lying,karol
1672331713903706400,-0.0535032803160746,-0.1577673201233749,-0.366106174601436,-0.8785376032747533,lying,karol
1672331713913706400,-0.0446179379401303,-0.1614535752435522,-0.3644680816383593,-0.879045041985767,lying,karol
1672331713923706400,-0.0583807600735255,-0.1557236877621907,-0.3669217264495961,-0.8782513629373012,lying,karol
1672331713933706400,-0.0494967511145754,-0.1594121595190196,-0.3652983502537703,-0.8788117802020662,lying,karol
1672331713943706400,-0.0356675800845061,-0.1651283705285199,-0.3627214471089982,-0.8794934888137146,lying,karol
1672331713953706400,-0.0218607926687411,-0.1707855310993414,-0.3600795808811972,-0.8799501744843351,lying,karol
1672331713963706400,-0.030686245276457,-0.1671492584264183,-0.3617870501727873,-0.8796845018031766,lying,karol
1672331713973706400,-0.0395055225794631,-0.1634781558369779,-0.3634719097324873,-0.8793279234620679,lying,karol
1672331713983706400,-0.0256733397874867,-0.1691312740817813,-0.3608897823235895,-0.8798348053718682,lying,karol
1672331713993706400,-0.0344998588747824,-0.1654852401843745,-0.3626059895236557,-0.8795206243204968,lying,karol
1672331714003706400,-0.0482330553493426,-0.1597841038840285,-0.3651806637428827,-0.878863437652296,lying,karol
1672331714013706400,-0.0619047065295396,-0.1540548817253916,-0.3676473662950863,-0.8780008941931701,lying,karol
1672331714023706400,-0.05300454749572,-0.1577363658129474,-0.3660816511330176,-0.8785836581124719,lying,karol
1672331714033706400,-0.066743269003206,-0.1519667617642352,-0.3685101354829173,-0.8776485559723071,lying,karol
1672331714043706400,-0.0578689458489746,-0.1556539843006709,-0.3669509411659926,-0.8782854332394389,lying,karol
1672331714053706400,-0.048988636916782,-0.1593376172504921,-0.3653490256376004,-0.8788327509231373,lying,karol
1672331714063706400,-0.0352233672645096,-0.1650280112441287,-0.3627943377344527,-0.8795002102224718,lying,karol
1672331714073706400,-0.0440797482459365,-0.1613663464666798,-0.3644205622744108,-0.8791079666152026,lying,karol
1672331714083706400,-0.030302865237047,-0.1670475197215157,-0.361830419133081,-0.8796993230205626,lying,karol
1672331714093706400,-0.0391688497671909,-0.1633959641151926,-0.3634822984668678,-0.8793540075495927,lying,karol
1672331714103706400,-0.0302761789273378,-0.1670577458673782,-0.361799652790957,-0.8797109573731633,lying,karol
1672331714113706400,-0.0391421262853466,-0.1634056405020858,-0.363457236245908,-0.879363761822112,lying,karol
1672331714123706400,-0.0479989548617433,-0.1597199668226793,-0.3650818372295205,-0.8789289989771895,lying,karol
1672331714133706400,-0.0342101835154775,-0.1653963992237201,-0.3625349868224686,-0.8795779567545053,lying,karol
1672331714143706400,-0.0479372181171442,-0.1597016334924169,-0.365084928077808,-0.8789344205426017,lying,karol
1672331714153706400,-0.0341498289171555,-0.1653739158479613,-0.3625501288362634,-0.8795782941507658,lying,karol
1672331714163706400,-0.0429816707720157,-0.1616957410797236,-0.3642119543004607,-0.8791882826273115,lying,karol
1672331714173706400,-0.0566834325637338,-0.1559597154627131,-0.3667089828868669,-0.8784095883914623,lying,karol
1672331714183706400,-0.047779822193714,-0.1596176090251904,-0.3651357117967446,-0.878937173480762,lying,karol
1672331714193706400,-0.0388668006596513,-0.1632786153276559,-0.3635294781986675,-0.8793697337318506,lying,karol
1672331714203706400,-0.047702083913392,-0.1596100157617747,-0.3651847806366736,-0.8789224000586289,lying,karol
1672331714213706400,-0.0339271370591971,-0.1653162463455502,-0.3626718099527928,-0.8795476198727009,lying,karol
1672331714223706400,-0.0427435978728777,-0.1617087355438277,-0.3643467533143991,-0.8791416842691665,lying,karol
1672331714233706400,-0.0515552332877799,-0.1580923903316705,-0.36598211305916,-0.8786474595634487,lying,karol
1672331714243706400,-0.042620113824607,-0.1618490522943134,-0.3643809497741524,-0.8791077122289201,lying,karol
1672331714253706400,-0.0514359731938943,-0.158243663214084,-0.3660047498132229,-0.8786178161307218,lying,karol
1672331714263706400,-0.042509960191947,-0.162004014895857,-0.3643873015616256,-0.8790818961447412,lying,karol
1672331714273706400,-0.0513176637471185,-0.1584013913098893,-0.3659931290941433,-0.8786011797808492,lying,karol
1672331714283706400,-0.0423718983035967,-0.1621639547734996,-0.3643550365371942,-0.8790724734142737,lying,karol
1672331714293706400,-0.0511555017677465,-0.1585601753149803,-0.3659498179730842,-0.8786000655644004,lying,karol
1672331714303706400,-0.0421893909619495,-0.162318341980466,-0.364304861956443,-0.8790735840537031,lying,karol
1672331714313706400,-0.0509643026377569,-0.1587131682466423,-0.3659019860979082,-0.8786035078023628,lying,karol
1672331714323706400,-0.0646042294332052,-0.1530444797805926,-0.3683227771121033,-0.8777002111892893,lying,karol
1672331714333706400,-0.05565384729447,-0.1568146241725467,-0.3667586007558273,-0.8783026997692582,lying,karol
1672331714343706400,-0.0466954329470277,-0.1605883485706096,-0.3651687575028688,-0.8788051060945943,lying,karol
1672331714353706400,-0.0377310189099217,-0.164369659113824,-0.3635494856001694,-0.879207890235905,lying,karol
1672331714363706400,-0.0513791280886587,-0.1587848584235563,-0.366103605223868,-0.8784824997389602,lying,karol
1672331714373706400,-0.0424495155694147,-0.1625735661436037,-0.3645176215620961,-0.8789258315285295,lying,karol
1672331714383706400,-0.0335169583361033,-0.1663628266403375,-0.3628956016383058,-0.8792739541888744,lying,karol
1672331714393706400,-0.0472724107532649,-0.1607711637291877,-0.3655036063156602,-0.878601722454088,lying,karol
1672331714403706400,-0.0383695235537079,-0.1645633165793084,-0.3638901590459241,-0.8790031878954467,lying,karol
1672331714413706400,-0.0521129585840129,-0.1589523116693651,-0.3664407790327081,-0.8782684939554602,lying,karol
1672331714423706400,-0.0383270538873757,-0.1647586342757158,-0.3638987696458945,-0.8789649194377139,lying,karol
1672331714433706400,-0.0520944266136296,-0.1591128352847631,-0.3664174061303972,-0.8782503031104953,lying,karol
1672331714443706400,-0.0609459122614258,-0.1554577471323918,-0.3679684302049379,-0.877686600279061,lying,karol
1672331714453706400,-0.0520743730251101,-0.1591920369387436,-0.366337697449092,-0.8782704073032123,lying,karol
1672331714463706400,-0.043184004648001,-0.1629110888601483,-0.364666995267335,-0.8787657104568227,lying,karol
1672331714473706400,-0.0568966162905667,-0.1572129662617814,-0.3671261962489926,-0.8779984598871395,lying,karol
1672331714483706400,-0.0657325451578722,-0.1534965857011737,-0.3686480128727535,-0.877401140868595,lying,karol
1672331714493706400,-0.0568477397770924,-0.1571935167650286,-0.3670266106344395,-0.8780467499514337,lying,karol
1672331714503706400,-0.0479546047141989,-0.1608768389759794,-0.3653630925451706,-0.8786039553153505,lying,karol
1672331714513706400,-0.0341879623942911,-0.1665554021743863,-0.3627423479236819,-0.8792750287345068,lying,karol
1672331714523706400,-0.0430424781138703,-0.162877419408335,-0.3643435188329878,-0.8789130794353054,lying,karol
1672331714533706400,-0.0567439141412554,-0.1571514321386307,-0.3667799590451502,-0.8781640676198587,lying,karol
1672331714543706400,-0.0478716044142611,-0.1608099786745921,-0.3651161838992003,-0.8787233620578472,lying,karol
1672331714553706400,-0.0389891947284591,-0.1644541285395629,-0.3634235239384182,-0.8791894793385578,lying,karol
1672331714563706400,-0.0478439364483186,-0.1607478604778123,-0.365023168978167,-0.8787748782138288,lying,karol
1672331714573706400,-0.038945940366618,-0.1643792587363815,-0.3633504400412217,-0.8792356054785052,lying,karol
1672331714583706400,-0.0300397686836387,-0.1679973504354557,-0.361651505494198,-0.8796015076271749,lying,karol
1672331714593706400,-0.0388862443085129,-0.1642949690304757,-0.3633152356931667,-0.8792685514965429,lying,karol
1672331714603706400,-0.0477391586670605,-0.1605641422976712,-0.3649483202333547,-0.8788452524373289,lying,karol
1672331714613706400,-0.0565927091675707,-0.1568169015460524,-0.3665495383882432,-0.8783298290470216,lying,karol
1672331714623706400,-0.0477015265974926,-0.160455043410491,-0.3649551714731766,-0.8788643799455904,lying,karol
1672331714633706400,-0.0387993811439134,-0.164088526587633,-0.3633371606134991,-0.8793018876476123,lying,karol
1672331714643706400,-0.0476396862760394,-0.1603882163451091,-0.3649991280462389,-0.8788616857138986,lying,karol
1672331714653706400,-0.0387342851774654,-0.1640430048534514,-0.3633852122537049,-0.8792934031195254,lying,karol
1672331714663706400,-0.0249460970323779,-0.1697051614174408,-0.3607895151589865,-0.8797868701504933,lying,karol
1672331714673706400,-0.0337907034515521,-0.1660781052504596,-0.3624868701277224,-0.8794860362747863,lying,karol
1672331714683706400,-0.0474957794525617,-0.1604181079805981,-0.3650375055714709,-0.8788480970900939,lying,karol
1672331714693706400,-0.061208635689798,-0.1547090411589389,-0.3675016713376575,-0.8779961992123506,lying,karol
1672331714703706400,-0.0523079976101146,-0.1584405683702117,-0.3659258831610299,-0.8785641202706558,lying,karol
1672331714713706400,-0.0384788383871359,-0.1642230707758664,-0.3634079277680456,-0.8792616606839485,lying,karol
1672331714723706400,-0.0473154011987921,-0.1606379759698042,-0.3650687978396871,-0.878804711914437,lying,karol
1672331714733706400,-0.0335353081619507,-0.1664137975909589,-0.3625324087134894,-0.8794136499593825,lying,karol
1672331714743706400,-0.0472357935790471,-0.1608275462730233,-0.3651043885205564,-0.8787595669840169,lying,karol
1672331714753706400,-0.0560680764585411,-0.1572117991327216,-0.3667153143239032,-0.87822379459317,lying,karol
1672331714763706400,-0.0471802706590968,-0.1609476487498574,-0.3651044433161583,-0.878740559901023,lying,karol
1672331714773706400,-0.0333996188189727,-0.1666727718052505,-0.3625272335580975,-0.8793719450106263,lying,karol
1672331714783706400,-0.0471404475898444,-0.1609965099998696,-0.3650774397766275,-0.8787449756101999,lying,karol
1672331714793706400,-0.0559846713259917,-0.1572940695348091,-0.3666672519616399,-0.8782344738531758,lying,karol
1672331714803706400,-0.0696782926182054,-0.1515147664583551,-0.3690624638421881,-0.8772670548476358,lying,karol
1672331714813706400,-0.0607964065498092,-0.1551791977488149,-0.3675009890665492,-0.8779422631452519,lying,karol
1672331714823706400,-0.0519036505466326,-0.1588304768710112,-0.3659157855870125,-0.8785220055946149,lying,karol
1672331714833706400,-0.0656444848730728,-0.1530211305079557,-0.3683727479566202,-0.8776065437168624,lying,karol
1672331714843706400,-0.0518936653942629,-0.1586898949478082,-0.365954314725795,-0.8785319590214007,lying,karol
1672331714853706400,-0.0429858396034488,-0.1623286297737692,-0.3643554596373749,-0.8790125929739188,lying,karol
1672331714863706400,-0.0518238677018771,-0.1586081370071272,-0.3659988088383505,-0.8785323163727244,lying,karol
1672331714873706400,-0.0429181179675964,-0.1622618555236789,-0.3643982606499146,-0.8790104970167223,lying,karol
1672331714883706400,-0.0566454175590402,-0.1565219369132359,-0.366911186937727,-0.8782282103259035,lying,karol
1672331714893706400,-0.0477558744143941,-0.160206639667143,-0.3653232434336307,-0.8787539892067048,lying,karol
1672331714903706400,-0.0566056732064197,-0.1565251627322269,-0.3669293009291561,-0.8782226399375334,lying,karol
1672331714913706400,-0.0477231628882882,-0.1602434175140732,-0.3653329881936792,-0.87874502092038,lying,karol
1672331714923706400,-0.0339775802471346,-0.165971888215845,-0.3627837203351995,-0.8793766533268337,lying,karol
1672331714933706400,-0.0428231649638388,-0.1623686942773938,-0.3644319942109942,-0.8789814494578212,lying,karol
1672331714943706400,-0.0516708906995123,-0.1587386544739781,-0.3660390409442438,-0.878501038997979,lying,karol
1672331714953706400,-0.037858821635656,-0.164511159269227,-0.3634826737828068,-0.8792039827008704,lying,karol
1672331714963706400,-0.0467012121674499,-0.1608947240577021,-0.3650994680153799,-0.8787780068058479,lying,karol
1672331714973706400,-0.0377830810437585,-0.164623386108166,-0.3634227484826047,-0.8792110222403837,lying,karol
1672331714983706400,-0.0466064112897598,-0.1610061518241561,-0.36502769446354,-0.8787924641657904,lying,karol
1672331714993706400,-0.03768031414252,-0.1647331288397314,-0.3633407186097947,-0.8792287980786778,lying,karol
1672331715003706400,-0.0513829037026675,-0.1590862184573406,-0.3658320157289083,-0.8785413424868338,lying,karol
1672331715013706400,-0.0650761898085044,-0.1533856603292932,-0.3682329787068984,-0.8776440040017625,lying,karol
1672331715023706400,-0.0561878253535903,-0.1571093340965921,-0.3666282294173402,-0.8782709914069873,lying,karol
1672331715033706400,-0.0472873500350246,-0.1608249789755449,-0.3649933629304899,-0.878803559800722,lying,karol
1672331715043706400,-0.0383742415695368,-0.1645355485076342,-0.3633308592267134,-0.8792398929590335,lying,karol
1672331715053706400,-0.0294536241445446,-0.1682389797395124,-0.3616425146587261,-0.8795791415377289,lying,karol
1672331715063706400,-0.0431547672437787,-0.1626170016144772,-0.3642340217096279,-0.87900148564441,lying,karol
1672331715073706400,-0.0520032418348465,-0.1589587379639621,-0.3658726861072962,-0.878511030101111,lying,karol
1672331715083706400,-0.0431077283666888,-0.1626591731461391,-0.3642688255346712,-0.8789815826026103,lying,karol
1672331715093706400,-0.0341952535365909,-0.166354674005159,-0.3626342547659122,-0.8793576640192841,lying,karol
1672331715103706400,-0.0204040265814035,-0.172040845649685,-0.3600233527250462,-0.8797644699753644,lying,karol
1672331715113706400,-0.0292249041855218,-0.1684644354470167,-0.3617777324261511,-0.8794880584715119,lying,karol
1672331715123706400,-0.0429281607120547,-0.162848801998874,-0.364407450742997,-0.8788978360721011,lying,karol
1672331715133706400,-0.056623939486449,-0.1571807581940712,-0.3669442532772033,-0.8780983040451864,lying,karol
1672331715143706400,-0.0428244109952783,-0.1629475670532489,-0.3644631665310089,-0.8788615136046861,lying,karol
1672331715153706400,-0.0339049906360604,-0.1666776930137563,-0.3628185029118719,-0.8792317974498834,lying,karol
1672331715163706400,-0.0475860876187665,-0.161059425462992,-0.3653928367230187,-0.8785785927264331,lying,karol
1672331715173706400,-0.0564066152497769,-0.1574173992866924,-0.3670112599877161,-0.8780419440189007,lying,karol
1672331715183706400,-0.0474997293888101,-0.1611587095883934,-0.3654089087826135,-0.8785583989853422,lying,karol
1672331715193706400,-0.0385956318868888,-0.1648931683687999,-0.3637586506036718,-0.8789864441336969,lying,karol
1672331715203706400,-0.0296839181533264,-0.168621961212504,-0.3620630732905667,-0.8793251693752795,lying,karol
1672331715213706400,-0.0385239108265288,-0.1650282509150068,-0.3637317733245165,-0.878975381655363,lying,karol
1672331715223706400,-0.0296148934194726,-0.1687482017092227,-0.3620302008622469,-0.8793168320762208,lying,karol
1672331715233706400,-0.0384529688218712,-0.1651418855963225,-0.3637017685751493,-0.8789695785114947,lying,karol
1672331715243706400,-0.047269478609857,-0.161509983825769,-0.3653394928164771,-0.8785352361900307,lying,karol
1672331715253706400,-0.0383490404184926,-0.1652216961905626,-0.3636886966269879,-0.8789645470702026,lying,karol
1672331715263706400,-0.0471722432356964,-0.1615766056879744,-0.3653369123120478,-0.8785293024731834,lying,karol
1672331715273706400,-0.0608956237477541,-0.1558466031979599,-0.3678205182911411,-0.87768368522485,lying,karol
1672331715283706400,-0.0520067013660049,-0.1595490705488494,-0.3662230522623412,-0.87825799664477,lying,karol
1672331715293706400,-0.0431161996774975,-0.1632439839890551,-0.3645898248427771,-0.8787398361998866,lying,karol
1672331715303706400,-0.0342061131865651,-0.1669368776669459,-0.362924231717578,-0.879127452983243,lying,karol
1672331715313706400,-0.0478974743421253,-0.1612750228044472,-0.3654975983850359,-0.8784786692609302,lying,karol
1672331715323706400,-0.0389987591041862,-0.1649664119674335,-0.3638648938451682,-0.8789110296484003,lying,karol
1672331715333706400,-0.0527503407655644,-0.1592523384040497,-0.3664227925134611,-0.8781842180736719,lying,karol
1672331715343706400,-0.0615981212888647,-0.1555311920332775,-0.3680198480247214,-0.8776070922852575,lying,karol
1672331715353706400,-0.0527266358108625,-0.1592132532567055,-0.3664295618687588,-0.878189912164843,lying,karol
1672331715363706400,-0.0438385809710396,-0.1628944893012051,-0.3647888470102792,-0.8786863898003162,lying,karol
1672331715373706400,-0.0349384299469033,-0.1665712460521127,-0.3631095240483737,-0.8790915294873153,lying,karol
1672331715383706400,-0.0437808188169263,-0.1629133892326479,-0.3647578514502636,-0.8786986415194471,lying,karol
1672331715393706400,-0.0574787995266562,-0.1572007265189283,-0.3672443858728815,-0.8779138986015531,lying,karol
1672331715403706400,-0.0485826615190174,-0.1608933033589861,-0.3656226782105461,-0.8784590304944226,lying,karol
1672331715413706400,-0.0347756240688268,-0.1666063647773558,-0.3630396356897626,-0.8791202120214352,lying,karol
1672331715423706400,-0.0209395836479536,-0.1722989416603269,-0.3603618644591627,-0.8795630119715309,lying,karol
1672331715433706400,-0.0297659841764481,-0.1686849127012032,-0.362059777141259,-0.8793118150957316,lying,karol
1672331715443706400,-0.0385988854946933,-0.1650397565579957,-0.3637198672236712,-0.8789749903110244,lying,karol
1672331715453706400,-0.0248154359055247,-0.1707168335480177,-0.3610741886046425,-0.8794785753289067,lying,karol
1672331715463706400,-0.0336517765872744,-0.167091347089342,-0.3627655970802599,-0.8791850461588969,lying,karol
1672331715473706400,-0.0198305248253617,-0.1727763281333693,-0.3600945834839081,-0.8796045550160283,lying,karol
1672331715483706400,-0.0286754041740892,-0.1691636879639501,-0.3618176985916965,-0.8793557413678189,lying,karol
1672331715493706400,-0.0375188807878742,-0.165521794992709,-0.3635030740158739,-0.8790208131959868,lying,karol
1672331715503706400,-0.0463575442597818,-0.1618538468647301,-0.3651504283705039,-0.8785992759772129,lying,karol
1672331715513706400,-0.0325852405664812,-0.16754265598788,-0.3625712173251981,-0.8792195364682353,lying,karol
1672331715523706400,-0.0187710843471404,-0.1732154279903283,-0.3598986846945032,-0.8796216383750959,lying,karol
1672331715533706400,-0.0324823963884977,-0.1675912262413087,-0.3625607788193328,-0.8792183980887642,lying,karol
1672331715543706400,-0.041322880578089,-0.1639333753302174,-0.3642308604713878,-0.8788466250953612,lying,karol
1672331715553706400,-0.0501691010137627,-0.1602525697049395,-0.3658635273103454,-0.8783867623445646,lying,karol
1672331715563706400,-0.0412804281157117,-0.1639412928627149,-0.3642192710563018,-0.878851954952464,lying,karol
1672331715573706400,-0.0274928143909353,-0.1696470983328338,-0.3615937082804118,-0.8793925530768996,lying,karol
1672331715583706400,-0.0363401983922232,-0.1660298035556637,-0.3632659479025784,-0.8790725895723696,lying,karol
1672331715593706400,-0.0500875796090357,-0.16034896891887,-0.3657921214798673,-0.8784035778675231,lying,karol
1672331715603706400,-0.0412106282191169,-0.1640338155574844,-0.3641171214231847,-0.8788803089986074,lying,karol
1672331715613706400,-0.0549480592939574,-0.1583114353479802,-0.3665997453525725,-0.8781458388334963,lying,karol
1672331715623706400,-0.0460784037323444,-0.1619697264529004,-0.3649436771743262,-0.8786785477562573,lying,karol
1672331715633706400,-0.0323033261552039,-0.1676340578503909,-0.3623272728350344,-0.8793131163163256,lying,karol
1672331715643706400,-0.0233891763998861,-0.1712748366031879,-0.3605897243424372,-0.8796079936323998,lying,karol
1672331715653706400,-0.0322232350922121,-0.1676368965968606,-0.3622826020118977,-0.8793339244888667,lying,karol
1672331715663706400,-0.0459067956310199,-0.1619723734671818,-0.364847004551365,-0.8787271977802285,lying,karol
1672331715673706400,-0.0320879453251595,-0.1676722331597372,-0.3622658611828367,-0.8793390413878824,lying,karol
1672331715683706400,-0.0409311015590546,-0.164022518695669,-0.3639634567860409,-0.8789591513184494,lying,karol
1672331715693706400,-0.0546797547992672,-0.1583129537653426,-0.3665192965151864,-0.8781959236796153,lying,karol
1672331715703706400,-0.0684619685830442,-0.1525501942235753,-0.3689926247481105,-0.8772133130785924,lying,karol
1672331715713706400,-0.0596112296160864,-0.1562722888042507,-0.3674667799109332,-0.8778445261697867,lying,karol
1672331715723706400,-0.0733063553794472,-0.1505396451099178,-0.3698953689469328,-0.876788915031765,lying,karol
1672331715733706400,-0.0644477052907793,-0.154273790904352,-0.3683802875512593,-0.8774733407200315,lying,karol
1672331715743706400,-0.0555653539473711,-0.1579997917704462,-0.3668149235866342,-0.8780733419515021,lying,karol
1672331715753706400,-0.0466568529465591,-0.1617129692717091,-0.3652046670621561,-0.8785869591335677,lying,karol
1672331715763706400,-0.0603839242046546,-0.1559863285728263,-0.3676963916124502,-0.8777464701006908,lying,karol
1672331715773706400,-0.0514771915843283,-0.1597050667587673,-0.3660981900280501,-0.8783131431271766,lying,karol
1672331715783706400,-0.0376393984032764,-0.1654594304841985,-0.363539524983375,-0.8790124886074107,lying,karol
1672331715793706400,-0.051339784829443,-0.1597918020497964,-0.3660767534045974,-0.8783143640445907,lying,karol
1672331715803706400,-0.0424199325308753,-0.1635041802894979,-0.3644286014931977,-0.8787924932802615,lying,karol
1672331715813706400,-0.0512346913494993,-0.1598379867545792,-0.3660291208296645,-0.8783319634894049,lying,karol
1672331715823706400,-0.0374664579006169,-0.1655283295331597,-0.3634436801766744,-0.8790465671898993,lying,karol
1672331715833706400,-0.0462965232202605,-0.1618420642310896,-0.3650426279708125,-0.8786496470246892,lying,karol
1672331715843706400,-0.0325010157481751,-0.1675073228251715,-0.362402773353885,-0.8792990150104867,lying,karol
1672331715853706400,-0.023604524741361,-0.1711291528343526,-0.3606302899349171,-0.8796141098354165,lying,karol
1672331715863706400,-0.0324561035193897,-0.1674625165208195,-0.3622750714765834,-0.8793618307569393,lying,karol
1672331715873706400,-0.0413256326785621,-0.1637618920961926,-0.3638879745715884,-0.8790206637753882,lying,karol
1672331715883706400,-0.0324474569795339,-0.1673713469022893,-0.362170569608888,-0.8794225515520041,lying,karol
1672331715893706400,-0.0413168707715966,-0.1636465595341103,-0.3638139745973372,-0.8790731843683028,lying,karol
1672331715903706400,-0.0275494695323517,-0.1692239141168057,-0.3611918266021954,-0.879637603388453,lying,karol
1672331715913706400,-0.0413079189810575,-0.1634541474186668,-0.3637874880499263,-0.8791203682152944,lying,karol
1672331715923706400,-0.0324273443865359,-0.1670167003079858,-0.3621166991295062,-0.8795129056128658,lying,karol
1672331715933706400,-0.0412996417575762,-0.163267029794805,-0.3637836959204141,-0.8791571016126832,lying,karol
1672331715943706400,-0.0501781780890652,-0.1594920688676048,-0.3654115391392368,-0.8787129289774765,lying,karol
1672331715953706400,-0.0364280209882606,-0.1650914706393003,-0.3628694226718988,-0.8794095548313126,lying,karol
1672331715963706400,-0.0452958491820523,-0.161351471807189,-0.3645125831758234,-0.8790120277756153,lying,karol
1672331715973706400,-0.0541592236774843,-0.1575976009303505,-0.3661174970056642,-0.8785245214545664,lying,karol
1672331715983706400,-0.0404052550158236,-0.1632376637360894,-0.3636056261208494,-0.8792777795033306,lying,karol
1672331715993706400,-0.0492515892792689,-0.1595329025159579,-0.3652371619379732,-0.8788304377758999,lying,karol
1672331716003706400,-0.0403375401158513,-0.1632101353666263,-0.3636212806818491,-0.8792795330419109,lying,karol
1672331716013706400,-0.0491659632688765,-0.1595567643987857,-0.3652734257748037,-0.8788158418630378,lying,karol
1672331716023706400,-0.0628592605185547,-0.1538512335226291,-0.3677523225343432,-0.8779261759936452,lying,karol
1672331716033706400,-0.0539476336395072,-0.157575244456589,-0.3662037838727855,-0.878505624102536,lying,karol
1672331716043706400,-0.0450348785013726,-0.1612966526917385,-0.3646150148434505,-0.8789930637103148,lying,karol
1672331716053706400,-0.0361091985238856,-0.1650211107968392,-0.3629838182830778,-0.879388759742195,lying,karol
1672331716063706400,-0.0449315539332848,-0.1614161944741176,-0.3646458814103204,-0.8789636244092134,lying,karol
1672331716073706400,-0.0537578828325231,-0.1577885117352881,-0.3662747159884729,-0.8784494484314523,lying,karol
1672331716083706400,-0.0399613823011814,-0.163556112055889,-0.3637772616377381,-0.8791679800079641,lying,karol
1672331716093706400,-0.0487871934597417,-0.1599464603835242,-0.3654225660791742,-0.8787041912601637,lying,karol
1672331716103706400,-0.0349436749010511,-0.1657252259454703,-0.3628694163026716,-0.8793507057398627,lying,karol
1672331716113706400,-0.0486317447775252,-0.1600979981654841,-0.3654082146178905,-0.8786912013743203,lying,karol
1672331716123706400,-0.0396800253322793,-0.1638292981168851,-0.3637628577390131,-0.8791358641281841,lying,karol
1672331716133706400,-0.0532829473030741,-0.1582036806120465,-0.3662765795973347,-0.8784030124278513,lying,karol
1672331716143706400,-0.0442771023872163,-0.161961388439564,-0.3646772577313987,-0.8788836410243173,lying,karol
1672331716153706400,-0.0303229840040744,-0.1677552812226692,-0.3621365701395729,-0.8794394577257048,lying,karol
1672331716163706400,-0.0390391041509361,-0.1642175836141312,-0.3638723714196749,-0.8790469149198389,lying,karol
1672331716173706400,-0.0477626592555717,-0.1606776737872661,-0.3655768714932749,-0.8785630856061688,lying,karol
1672331716183706400,-0.0564985140527068,-0.1571361575230213,-0.3672404681528165,-0.8779913444149513,lying,karol
1672331716193706400,-0.0475348973987926,-0.1610035433301127,-0.3656874660651886,-0.8784698468301093,lying,karol
1672331716203706400,-0.056331030562356,-0.1574851523084797,-0.3673284166926885,-0.8779028729674628,lying,karol
1672331716213706400,-0.0474152240471093,-0.1613452695790264,-0.3657266516909096,-0.8783973799102214,lying,karol
1672331716223706400,-0.0385024693504879,-0.1651596838989824,-0.3640648992085286,-0.8788145815358024,lying,karol
1672331716233706400,-0.0473482125977831,-0.161563497827458,-0.3656832037789096,-0.8783790065631124,lying,karol
1672331716243706400,-0.038466844256617,-0.1652628794614935,-0.3639841580245011,-0.8788302017166614,lying,karol
1672331716253706400,-0.0295862301923023,-0.168902368282542,-0.3622408289615482,-0.8792023293257966,lying,karol
1672331716263706400,-0.0158141446375695,-0.1744964222053225,-0.3594938622937059,-0.8795928513265469,lying,karol
1672331716273706400,-0.0246808810445164,-0.1707908953291605,-0.3611800224710372,-0.8794252826351079,lying,karol
1672331716283706400,-0.0335380241182554,-0.1670398600693056,-0.362832087574839,-0.8791724972166161,lying,karol
1672331716293706400,-0.0424067262723026,-0.1632334499296426,-0.3644508522163512,-0.878834804642902,lying,karol
1672331716303706400,-0.0335206709501946,-0.1667381916627861,-0.3627388080294844,-0.8792689231809294,lying,karol
1672331716313706400,-0.0423842267795634,-0.1628893952146192,-0.3643561766621208,-0.8789389975999581,lying,karol
1672331716323706400,-0.0561172785444532,-0.1569707172965772,-0.3668019424304947,-0.8782288813176026,lying,karol
1672331716333706400,-0.0472411956529988,-0.1604557860340617,-0.3651387848337943,-0.8788142521975393,lying,karol
1672331716343706400,-0.0609666214884994,-0.1545392819579969,-0.3675398447242652,-0.8780283457481056,lying,karol
1672331716353706400,-0.0472533331810555,-0.1600812498002869,-0.3650316619386855,-0.8789264168585852,lying,karol
1672331716363706400,-0.0383690860762754,-0.163638163742984,-0.363361424094802,-0.8793960937995857,lying,karol
1672331716373706400,-0.0245534777706808,-0.1692562876977236,-0.3607276496050231,-0.8799111600706535,lying,karol
1672331716383706400,-0.0334087398356379,-0.1656018010683831,-0.3624057620420098,-0.8796252704230448,lying,karol
1672331716393706400,-0.0471881846044227,-0.1599080271101258,-0.3649573207913038,-0.878992326969929,lying,karol
1672331716403706400,-0.0382802310572962,-0.1636151664311135,-0.3633211487309924,-0.8794208962112605,lying,karol
1672331716413706400,-0.0471189114958147,-0.1600040779114388,-0.3649519271488337,-0.8789808173639304,lying,karol
1672331716423706400,-0.0608026848870567,-0.1543544922475817,-0.3674033283042935,-0.8781293863689231,lying,karol
1672331716433706400,-0.0519044594326178,-0.1581170466237879,-0.3658219599564311,-0.8786910378284218,lying,karol
1672331716443706400,-0.06562244169403,-0.1524379455490581,-0.3682460429660504,-0.8777641808696848,lying,karol
1672331716453706400,-0.0567345073100592,-0.1561845100175626,-0.3666681198755882,-0.8783853569267126,lying,karol
1672331716463706400,-0.0478407958879378,-0.1599063871427097,-0.3650464003143475,-0.8789204131208455,lying,karol
1672331716473706400,-0.0389229867633877,-0.16360476050108,-0.3633836987142086,-0.8793688309839299,lying,karol
1672331716483706400,-0.0477506355601526,-0.1599417493020063,-0.3649894623890969,-0.8789425367892569,lying,karol
1672331716493706400,-0.0388264280943911,-0.1636065627096525,-0.3633290637158815,-0.879395346586008,lying,karol
1672331716503706400,-0.0249618223422198,-0.1692748472857316,-0.3606938705414104,-0.8799100260482946,lying,karol
1672331716513706400,-0.0337726819570619,-0.1656200600939744,-0.362363628412675,-0.8796253727035583,lying,karol
1672331716523706400,-0.0425977461141017,-0.1619287862446594,-0.3639966509137904,-0.8792552168461271,lying,karol
1672331716533706400,-0.0514371842983722,-0.158202879039197,-0.3655914106971908,-0.8787990592560403,lying,karol
1672331716543706400,-0.0425548781895537,-0.1618238617703784,-0.3639525544849578,-0.8792948654774676,lying,karol
1672331716553706400,-0.056315073019679,-0.1560581144019236,-0.366416498495166,-0.8785398283396891,lying,karol
1672331716563706400,-0.0700370504435988,-0.1502637008061132,-0.3687817501267408,-0.8775730487089931,lying,karol
1672331716573706400,-0.0611836817498781,-0.1539150711942864,-0.3672190565827219,-0.8782571810804637,lying,karol
1672331716583706400,-0.0523140526340019,-0.1575586737045899,-0.3656257312407102,-0.8788487545454519,lying,karol
1672331716593706400,-0.0611670037165367,-0.1538154576756563,-0.3671839952747833,-0.8782904543909541,lying,karol
1672331716603706400,-0.0522720693162,-0.1574663215606232,-0.3656108373485535,-0.878874003057878,lying,karol
1672331716613706400,-0.0433543051843032,-0.1611256869038992,-0.3640089618981547,-0.8793606811476053,lying,karol
1672331716623706400,-0.0295592105427403,-0.1667980965265445,-0.3614615754877498,-0.8799255655542821,lying,karol
1672331716633706400,-0.038365174607524,-0.1631882949721492,-0.3631469966987673,-0.8795685246182052,lying,karol
1672331716643706400,-0.0471790593953829,-0.1595662688103429,-0.364802536845019,-0.8791192791423799,lying,karol
1672331716653706400,-0.0559874584504327,-0.1559324842713642,-0.3664180229390131,-0.8785824803502293,lying,karol
1672331716663706400,-0.042159565914491,-0.1617101943776828,-0.3639471146192847,-0.8793371268187765,lying,karol
1672331716673706400,-0.0559109439466655,-0.1560528678755177,-0.3664558451019434,-0.8785502299603889,lying,karol
1672331716683706400,-0.0470038592931009,-0.1598157407001331,-0.3648690089999263,-0.8790558118316248,lying,karol
1672331716693706400,-0.0380991624884618,-0.1635841800002444,-0.3632380410839838,-0.8794690259663732,lying,karol
1672331716703706400,-0.0469528059088881,-0.1600227045434205,-0.364867224611942,-0.8790216575125637,lying,karol
1672331716713706400,-0.0607351418450029,-0.1543879531622989,-0.3673240469049889,-0.8781615295984133,lying,karol
1672331716723706400,-0.0469605331405576,-0.1602230082489927,-0.364842656676747,-0.8789949850902198,lying,karol
1672331716733706400,-0.0331917903488768,-0.1660124989050159,-0.3622742319591037,-0.8796104894492706,lying,karol
1672331716743706400,-0.0420285647324676,-0.1624546311188716,-0.36391086359959,-0.8792212887969302,lying,karol
1672331716753706400,-0.0281833797367821,-0.1682164312562321,-0.3612921277236846,-0.8797704495602908,lying,karol
1672331716763706400,-0.0369946487606348,-0.1646327543771534,-0.3629527824078957,-0.8794383793725395,lying,karol
1672331716773706400,-0.0506685979558654,-0.1589843638900618,-0.3654712703481979,-0.8787528474640277,lying,karol
1672331716783706400,-0.0368528632323571,-0.164702805936482,-0.3629289120709759,-0.8794410860871411,lying,karol
1672331716793706400,-0.0229866629016282,-0.1703993061820936,-0.3602922348680979,-0.8799115722492635,lying,karol
1672331716803706400,-0.0318161393339777,-0.1667853537314701,-0.3619859614256923,-0.8796338619986894,lying,karol
1672331716813706400,-0.0406640832837277,-0.1631448603362912,-0.363644035997235,-0.8792681031489701,lying,karol
1672331716823706400,-0.0495012984912938,-0.1594864696700606,-0.3652700391453666,-0.8788120901160584,lying,karol
1672331716833706400,-0.0632052341006331,-0.1537679733381674,-0.3677249934479988,-0.8779282725093539,lying,karol
1672331716843706400,-0.0543168715692679,-0.1574661376484213,-0.3661715068371968,-0.878516787020004,lying,karol
1672331716853706400,-0.0454207629573364,-0.1611547301974293,-0.3645871645515181,-0.8790116847166154,lying,karol
1672331716863706400,-0.0365398834997264,-0.1648306907352386,-0.3629661907346191,-0.8794148442723885,lying,karol
1672331716873706400,-0.0503413930727894,-0.1591209691150854,-0.3655317906789639,-0.8787218116236372,lying,karol
1672331716883706400,-0.0414665474251883,-0.1627979057365242,-0.3639140157344619,-0.8791832645146076,lying,karol
1672331716893706400,-0.0503298523092461,-0.159117438722533,-0.3655310350444857,-0.8787234314234347,lying,karol
1672331716903706400,-0.0640676519391233,-0.1533513204246182,-0.367955195957786,-0.8778422100789057,lying,karol
1672331716913706400,-0.0551800985903986,-0.1570127183770828,-0.3663635235748881,-0.8784641134321927,lying,karol
1672331716923706400,-0.0462827828522619,-0.1606558991810903,-0.3647391358895592,-0.8789950048983257,lying,karol
1672331716933706400,-0.0373789183978142,-0.1642956985336802,-0.3630838027114846,-0.8794311597580313,lying,karol
1672331716943706400,-0.0462305432820636,-0.1606077929713712,-0.3647145267636208,-0.8790167593789611,lying,karol
1672331716953706400,-0.0600143454288789,-0.1548473762726905,-0.3671848715867067,-0.8781885432881413,lying,karol
1672331716963706400,-0.0511417506668277,-0.1585225517065277,-0.3655970651021556,-0.8787566164335692,lying,karol
1672331716973706400,-0.0648767835670235,-0.1527622848403742,-0.3680254817608083,-0.8778560353150003,lying,karol
1672331716983706400,-0.0560119683337167,-0.1564214615579277,-0.3664564020557846,-0.8784782189558491,lying,karol
1672331716993706400,-0.0471300838028637,-0.1600602843991375,-0.3648490660421,-0.8790130327747192,lying,karol
1672331717003706400,-0.0382385805222918,-0.1636820481700184,-0.3632064379831355,-0.8794580010878167,lying,karol
1672331717013706400,-0.0470921279622841,-0.1599626776350245,-0.3648381580003902,-0.8790373646163433,lying,karol
1672331717023706400,-0.0607892264040157,-0.154195478927054,-0.367297709804128,-0.8782027766261422,lying,karol
1672331717033706400,-0.0745452252060371,-0.1483527516731871,-0.3696925916637537,-0.8771437536005597,lying,karol
1672331717043706400,-0.0656631758196849,-0.1520067409296558,-0.3682058844773291,-0.8778530851223275,lying,karol
1672331717053706400,-0.0793803058919808,-0.1461572125245847,-0.370580434193014,-0.876713352305919,lying,karol
1672331717063706400,-0.0705134237378251,-0.1498158338072453,-0.3691320520482294,-0.8774644927594901,lying,karol
1672331717073706400,-0.0616333138334043,-0.1534870684872421,-0.3676515794479223,-0.8781199903635352,lying,karol
1672331717083706400,-0.0753167346258664,-0.147697793434693,-0.3700567814285441,-0.877034828490227,lying,karol
1672331717093706400,-0.0664351729104018,-0.1513964814194905,-0.3686012039900925,-0.8777345854375675,lying,karol
1672331717103706400,-0.0575301845440735,-0.1551187536975146,-0.3671041117624724,-0.8783407179489603,lying,karol
1672331717113706400,-0.0486168224545124,-0.1588570344270338,-0.3655650468498043,-0.8788529237332169,lying,karol
1672331717123706400,-0.0574268973145937,-0.1552288489227027,-0.3671876682473348,-0.8782931268974294,lying,karol
1672331717133706400,-0.04849338028862,-0.1590056264747996,-0.3656312374121171,-0.8788053693980763,lying,karol
1672331717143706400,-0.0621480979102101,-0.1533774104661876,-0.3680977755175651,-0.8779160119245304,lying,karol
1672331717153706400,-0.0532236727953029,-0.1571846166601135,-0.3665540766659484,-0.8784747576184995,lying,karol
1672331717163706400,-0.0668612412790463,-0.1515666289114896,-0.3689868363906637,-0.8775109388567145,lying,karol
1672331717173706400,-0.0530783610427135,-0.1574325531979972,-0.3665915370827801,-0.8784235758680128,lying,karol
1672331717183706400,-0.0667749980526758,-0.1518088025870151,-0.369029703766537,-0.8774576781120246,lying,karol
1672331717193706400,-0.0578481421547666,-0.1556581249420182,-0.3674825045387607,-0.8780663516174478,lying,karol
1672331717203706400,-0.0489163062894886,-0.1594987925384319,-0.3658875216428485,-0.878586064298791,lying,karol
1672331717213706400,-0.0351149532441131,-0.1653374067407733,-0.3633358671152562,-0.879225452629054,lying,karol
1672331717223706400,-0.0213021785452581,-0.1711362989726698,-0.3606834209668478,-0.8796510434867963,lying,karol
1672331717233706400,-0.0301312182686413,-0.1676218946918812,-0.36236277162235,-0.8793794201755929,lying,karol
1672331717243706400,-0.0389687295418968,-0.1640642698891324,-0.3639984493802363,-0.879027551212829,lying,karol
1672331717253706400,-0.03008168354015,-0.1677988850112172,-0.3622859817016699,-0.8793790201522136,lying,karol
1672331717263706400,-0.0389530596649498,-0.1641855949312606,-0.3639239892111554,-0.8790364352816591,lying,karol
1672331717273706400,-0.0478253833598376,-0.1605193573240688,-0.3655227687898265,-0.8786121739302274,lying,karol
1672331717283706400,-0.0567162433500041,-0.156795010892667,-0.3670859043718388,-0.8781039289364772,lying,karol
1672331717293706400,-0.0656048417644962,-0.1530239838952844,-0.3686138007466428,-0.8775098347357504,lying,karol
1672331717303706400,-0.0567733879033596,-0.1566484260262988,-0.3670184312936081,-0.8781546012002212,lying,karol
1672331717313706400,-0.0479262426923392,-0.1602464331753189,-0.3653907017625016,-0.8787114270234856,lying,karol
1672331717323706400,-0.0341712927960473,-0.1658491566837711,-0.3628171472275454,-0.8793805098115237,lying,karol
1672331717333706400,-0.0430312986670025,-0.1620935643474501,-0.3644601330915538,-0.8790123900366963,lying,karol
1672331717343706400,-0.0567527232018712,-0.1562801231285777,-0.366948471585815,-0.8782507968002843,lying,karol
1672331717353706400,-0.0430179706849244,-0.161886399090912,-0.3644814555331522,-0.8790423849585399,lying,karol
1672331717363706400,-0.0518616897525506,-0.1581285660981298,-0.3661199404145858,-0.8785681053578606,lying,karol
1672331717373706400,-0.0607094479890403,-0.1543685014709461,-0.3677229281292403,-0.8780003351760542,lying,karol
1672331717383706400,-0.0518191286247916,-0.1580401468316199,-0.3661738906551815,-0.8785640515326163,lying,karol
1672331717393706400,-0.0380052209563196,-0.1637731606532384,-0.3636830907284034,-0.8792545702008965,lying,karol
1672331717403706400,-0.0468318906200129,-0.1601488162643722,-0.365353256311021,-0.8788038363258024,lying,karol
1672331717413706400,-0.0330271913459769,-0.1659165522892449,-0.3628376829373931,-0.8794030914812757,lying,karol
1672331717423706400,-0.0418540094628027,-0.1623476817474933,-0.3645307264541205,-0.8789931349744025,lying,karol
1672331717433706400,-0.0506781488777035,-0.15877042617876,-0.3661876335545286,-0.8784932784462648,lying,karol
1672331717443706400,-0.0417546217410119,-0.1625818205861547,-0.364596309252359,-0.8789274281056726,lying,karol
1672331717453706400,-0.0554349827043065,-0.1570056108362906,-0.3671261690040885,-0.8781314343821606,lying,karol
1672331717463706400,-0.0416206266228963,-0.1628759501417739,-0.3646552191817834,-0.8788549454183336,lying,karol
1672331717473706400,-0.0504283693135776,-0.1593448185722492,-0.3663168467175483,-0.8783498913495988,lying,karol
1672331717483706400,-0.0365694573550567,-0.1652303108641973,-0.3638003253007268,-0.8789945160766797,lying,karol
1672331717493706400,-0.0503140862230099,-0.1596578173507521,-0.3663824210718561,-0.8782723220944182,lying,karol
1672331717503706400,-0.0591405309181576,-0.1560827859358302,-0.3679983803285744,-0.8776891702544926,lying,karol
1672331717513706400,-0.0502548587609436,-0.1598995652599066,-0.3664126228978317,-0.878219183916086,lying,karol
1672331717523706400,-0.0413679302062137,-0.163696922170722,-0.3647728331231917,-0.8786656884827357,lying,karol
1672331717533706400,-0.0324728063746722,-0.1674687009759357,-0.3630862661680832,-0.8790271562792445,lying,karol
1672331717543706400,-0.0461483512106511,-0.1618671121468042,-0.3656373463933445,-0.8784072792700848,lying,karol
1672331717553706400,-0.054982898664447,-0.1582097947405163,-0.3672307852614928,-0.877900197870499,lying,karol
1672331717563706400,-0.0412183695541193,-0.1639389880201354,-0.3646834271348475,-0.8786647407213748,lying,karol
1672331717573706400,-0.0323320762615181,-0.1676042803917657,-0.3629801211342456,-0.879050369539956,lying,karol
1672331717583706400,-0.0411984869225976,-0.1639163898696264,-0.3646202137568336,-0.8786961258862275,lying,karol
1672331717593706400,-0.050057390462914,-0.16018989373526,-0.3662107424543026,-0.8782618224314723,lying,karol
1672331717603706400,-0.0411714589416847,-0.1638186678824214,-0.3645205008735702,-0.878756986729234,lying,karol
1672331717613706400,-0.0322643418554924,-0.1674262547530423,-0.362790540743366,-0.8791650411947488,lying,karol
1672331717623706400,-0.041103807733343,-0.1636858713460533,-0.3644075714548376,-0.8788317370845968,lying,karol
1672331717633706400,-0.0273251917819035,-0.16927241651863,-0.3617626367775374,-0.8794024497858163,lying,karol
1672331717643706400,-0.0361758566039368,-0.1655276837942468,-0.3634253464798428,-0.8791101214744786,lying,karol
1672331717653706400,-0.0224253586899626,-0.1710945243772359,-0.3607773194667515,-0.8795931963327838,lying,karol
1672331717663706400,-0.0312921074168092,-0.1673769095357887,-0.3624747604356296,-0.8793398226023451,lying,karol
1672331717673706400,-0.0175539574183161,-0.1729507928294575,-0.3598112275012567,-0.8797365892772995,lying,karol
1672331717683706400,-0.0263947231613401,-0.169276645968118,-0.3615293530862136,-0.8795259912107014,lying,karol
1672331717693706400,-0.0352490865449767,-0.1655719438833028,-0.3632157944981756,-0.8792260399776052,lying,karol
1672331717703706400,-0.0440984813057771,-0.1618421429489431,-0.3648679421086458,-0.8788370397979893,lying,karol
1672331717713706400,-0.0303474688481504,-0.1674576655620633,-0.3623018929700996,-0.8794288016506466,lying,karol
1672331717723706400,-0.0391855020789865,-0.1637598802443831,-0.3639865988026013,-0.879080017569485,lying,karol
1672331717733706400,-0.0253860930740703,-0.1694119755310407,-0.3614033848121113,-0.8795814087260515,lying,karol
1672331717743706400,-0.0342079379057519,-0.1657747544640176,-0.3631327658467361,-0.8792632648920754,lying,karol
1672331717753706400,-0.0479141631683064,-0.1601058557151005,-0.3657362564419389,-0.8785943933588466,lying,karol
1672331717763706400,-0.0389907250123726,-0.1638418715948062,-0.3641671077496909,-0.8789986827247503,lying,karol
1672331717773706400,-0.0526978604164301,-0.1582020346649064,-0.3667682265009053,-0.8782351419782894,lying,karol
1672331717783706400,-0.0389090279873212,-0.1640053283166376,-0.3643366037512082,-0.8789016301961811,lying,karol
1672331717793706400,-0.0477183512555633,-0.1604393231661557,-0.3660624156091744,-0.8784084729449717,lying,karol
1672331717803706400,-0.0338971180575678,-0.1662821246029261,-0.3635891192383307,-0.8789910194096835,lying,karol
1672331717813706400,-0.0427053152757902,-0.1627622935523779,-0.3653306233206338,-0.8785438616693781,lying,karol
1672331717823706400,-0.0563870629339399,-0.1571881676761556,-0.36790078085679,-0.8777143929812393,lying,karol
1672331717833706400,-0.0426158546592372,-0.1630664224153872,-0.3654434677915156,-0.8784449486738801,lying,karol
1672331717843706400,-0.0287997115622197,-0.1689244073515015,-0.3628606310818041,-0.8789701702092519,lying,karol
1672331717853706400,-0.0376191123831639,-0.1654046524418468,-0.3645437392614511,-0.8786098587556816,lying,karol
1672331717863706400,-0.0464418044923796,-0.1618388557386989,-0.3661696909872541,-0.8781756390506417,lying,karol
1672331717873706400,-0.0375300785713854,-0.1656140255873104,-0.3644680263279146,-0.8786056699267181,lying,karol
1672331717883706400,-0.0285982042119207,-0.1693529323836816,-0.3627082658533397,-0.8789572449316357,lying,karol
1672331717893706400,-0.0373933604078941,-0.1657274654022671,-0.3643165829239954,-0.8786529382764616,lying,karol
1672331717903706400,-0.0510522847265996,-0.160014665235564,-0.3667720682883584,-0.8780026489687005,lying,karol
1672331717913706400,-0.064740062016729,-0.1542093358124124,-0.3691369653542026,-0.8771473941375271,lying,karol
1672331717923706400,-0.0558184972837085,-0.1578586947259625,-0.3674591906640064,-0.8778155436100927,lying,karol
1672331717933706400,-0.0468984550783597,-0.1614906712510648,-0.3657441097302294,-0.8783928569966737,lying,karol
1672331717943706400,-0.055723386375377,-0.1577222418129464,-0.3672529489414143,-0.877932425848935,lying,karol
1672331717953706400,-0.0419663906576487,-0.1633628699456915,-0.3646412477099379,-0.8787545930545881,lying,karol
1672331717963706400,-0.0330753189846371,-0.1669701862479899,-0.3628713557995395,-0.8791887419270297,lying,karol
1672331717973706400,-0.0419379391690931,-0.1632460281358323,-0.3644287393457992,-0.8788658191465071,lying,karol
1672331717983706400,-0.050802477013543,-0.1594933152829352,-0.3659444907252207,-0.8784572373913071,lying,karol
1672331717993706400,-0.0419247568693316,-0.16309670283745,-0.3642010797845226,-0.8789885432090374,lying,karol
1672331718003706400,-0.0330349277570128,-0.1666815995505547,-0.3624301639185392,-0.8794269879669068,lying,karol
1672331718013706400,-0.0418892775421091,-0.1629322764236496,-0.3640024010759962,-0.8791030277477934,lying,karol
1672331718023706400,-0.0556659893878958,-0.1571034478656014,-0.3664426225540109,-0.8783855265678949,lying,karol
1672331718033706400,-0.0694172354331711,-0.1512302700738337,-0.3688081362920697,-0.8774467162030286,lying,karol
1672331718043706400,-0.0605473475559259,-0.1548315379905042,-0.3672300037594059,-0.8781371585777469,lying,karol
1672331718053706400,-0.0516514118699744,-0.1584490541364099,-0.3656361255646221,-0.8787250921274149,lying,karol
1672331718063706400,-0.0427413931465883,-0.1620829341561773,-0.364032062243048,-0.8792067416438939,lying,karol
1672331718073706400,-0.0564993847648689,-0.1563252243152312,-0.3665636318138826,-0.8784206840735314,lying,karol
1672331718083706400,-0.0653392428827445,-0.1525895265503104,-0.3681651485072805,-0.8777945123435287,lying,karol
1672331718093706400,-0.0564553676783643,-0.1562790796848495,-0.3666556924061759,-0.8783933183149527,lying,karol
1672331718103706400,-0.0475682232617373,-0.1599838756691965,-0.3651159212663353,-0.8788938409142917,lying,karol
1672331718113706400,-0.0613146410688532,-0.1542802145968625,-0.3676397353108073,-0.8780095517293837,lying,karol
1672331718123706400,-0.0475676839478463,-0.1600473512465361,-0.3652463583705714,-0.8788281414627958,lying,karol
1672331718133706400,-0.0613241792112635,-0.1543654735448228,-0.367773981359016,-0.8779377070262548,lying,karol
1672331718143706400,-0.052425430754154,-0.158139031605815,-0.3662450179090871,-0.878481594775832,lying,karol
1672331718153706400,-0.0435109712006277,-0.1619095769989702,-0.3646676081410865,-0.8789376291651708,lying,karol
1672331718163706400,-0.0571972696981943,-0.1562750548243338,-0.36718661787233,-0.8781243280925588,lying,karol
1672331718173706400,-0.0708930058216385,-0.1505814790833237,-0.3696180154908522,-0.8770996125975639,lying,karol
1672331718183706400,-0.0619511791845294,-0.1543839163802892,-0.3680960152616304,-0.8777555662021758,lying,karol
1672331718193706400,-0.0530075296240187,-0.1581762776274065,-0.3665329780623282,-0.8783199530771548,lying,karol
1672331718203706400,-0.0440540325536727,-0.1619637394283813,-0.3649246120972958,-0.878794035461294,lying,karol
1672331718213706400,-0.0351145480700379,-0.1657390383566546,-0.363260947470865,-0.8791820051549437,lying,karol
1672331718223706400,-0.043933280678643,-0.1621650076699135,-0.3648905096053953,-0.8787771586732012,lying,karol
1672331718233706400,-0.0527663733693192,-0.1585511516939169,-0.3664692399885068,-0.8782935504370517,lying,karol
1672331718243706400,-0.0438695388433339,-0.1622946948189706,-0.3648058226127629,-0.8787915824752175,lying,karol
1672331718253706400,-0.0527140228541267,-0.1586452376415513,-0.3663862468572405,-0.8783143441561866,lying,karol
1672331718263706400,-0.066420316755803,-0.152909252329868,-0.3687861599813514,-0.8773972442833683,lying,karol
1672331718273706400,-0.0527347263154528,-0.1586108842625646,-0.3663300062067127,-0.8783427682014324,lying,karol
1672331718283706400,-0.0438956884280583,-0.1622647021363522,-0.3646894212741289,-0.8788441375545079,lying,karol
1672331718293706400,-0.0302059538734088,-0.1679070180283838,-0.3620915922398073,-0.8794353707585515,lying,karol
1672331718303706400,-0.0391059347008654,-0.1642245798693811,-0.3637409463283719,-0.879099310164374,lying,karol
1672331718313706400,-0.02537801348763,-0.1698515744397727,-0.3610922625091002,-0.8796253959955603,lying,karol
1672331718323706400,-0.0391793090299607,-0.1641252015792884,-0.3636720982724769,-0.8791430859411964,lying,karol
1672331718333706400,-0.0480545853767464,-0.1603747654430211,-0.3652675743752283,-0.8787333795171484,lying,karol
1672331718343706400,-0.0391695171448592,-0.1639759106354469,-0.3635855237604642,-0.8792071881103818,lying,karol
1672331718353706400,-0.025337106771092,-0.1696051317652194,-0.360925221592693,-0.8797426779539373,lying,karol
1672331718363706400,-0.0341689417316855,-0.1659428767853628,-0.3625807064516835,-0.8794616223800795,lying,karol
1672331718373706400,-0.0203313885066356,-0.171616994325622,-0.3599005985987111,-0.8799021992865104,lying,karol
1672331718383706400,-0.0291264402065601,-0.168045265129191,-0.3615822948568796,-0.87965492248894,lying,karol
1672331718393706400,-0.037919445626182,-0.1644767462545829,-0.3632351793285724,-0.879313282898131,lying,karol
1672331718403706400,-0.0467254776739035,-0.1609164621551834,-0.3648623230011182,-0.8788744370154559,lying,karol
1672331718413706400,-0.055545183331008,-0.1573572565300453,-0.3664657078850175,-0.8783385043713917,lying,karol
1672331718423706400,-0.0692357470767679,-0.1517552268074323,-0.3688923415307198,-0.8773354410855382,lying,karol
1672331718433706400,-0.0603520333757641,-0.1556226299522343,-0.3673581172089862,-0.8779576194912508,lying,karol
1672331718443706400,-0.0514536824957595,-0.15950122064323,-0.365787307300837,-0.8784838848568011,lying,karol
1672331718453706400,-0.0425420582808365,-0.1633699336449188,-0.364178008166537,-0.8789182550538326,lying,karol
1672331718463706400,-0.0287139030673804,-0.169237473505739,-0.3615954880975072,-0.8794347308557152,lying,karol
1672331718473706400,-0.0375029397003642,-0.1657620273372053,-0.363314689701999,-0.8790571867875137,lying,karol
1672331718483706400,-0.0462837042894094,-0.1622341367458623,-0.3650101640519362,-0.8785944282700068,lying,karol
1672331718493706400,-0.0599819784289319,-0.1565972937641248,-0.3675678135639796,-0.8777221072128282,lying,karol
1672331718503706400,-0.0510434869350824,-0.1603816323721987,-0.3660363126551144,-0.8782439952128619,lying,karol
1672331718513706400,-0.0421044296247135,-0.1641614177172426,-0.3644786129980932,-0.8786674273391561,lying,karol
1672331718523706400,-0.0282509988586836,-0.169965293910308,-0.3619436870377643,-0.8791662905373071,lying,karol
1672331718533706400,-0.0370672585721187,-0.1664228308204084,-0.3637305872521045,-0.8787789793103252,lying,karol
1672331718543706400,-0.0459067172780842,-0.1628400328810878,-0.365480357090217,-0.878306797799544,lying,karol
1672331718553706400,-0.0370190579884752,-0.1665973911090393,-0.3638910566963168,-0.8786815487101886,lying,karol
1672331718563706400,-0.0458728573668517,-0.1629807473459835,-0.3656120198305155,-0.8782277069797575,lying,karol
1672331718573706400,-0.0596340850312823,-0.1572596815231838,-0.368155141277688,-0.8773813755851606,lying,karol
1672331718583706400,-0.0458865406935441,-0.1630093877158668,-0.365657072773363,-0.8782029393268802,lying,karol
1672331718593706400,-0.0369991121180693,-0.1667055693853837,-0.3639840114463115,-0.8786234134093708,lying,karol
1672331718603706400,-0.0280993277765462,-0.1703971476322422,-0.3622582244938496,-0.8789581182234695,lying,karol
1672331718613706400,-0.0369412576652898,-0.1667705623458286,-0.3639229101383242,-0.878638835644209,lying,karol
1672331718623706400,-0.0457720296627516,-0.1631232648533955,-0.3655340540113133,-0.8782390067286592,lying,karol
1672331718633706400,-0.0368617659337264,-0.1668327666651874,-0.3637970690037557,-0.8786824903197498,lying,karol
1672331718643706400,-0.0506054730625114,-0.1611345388375826,-0.3662828957635445,-0.8780289217173258,lying,karol
1672331718653706400,-0.0417014636212906,-0.1648344616845947,-0.3645343132984741,-0.8785377262232529,lying,karol
1672331718663706400,-0.0505313706022962,-0.1611610703338219,-0.3660683746289404,-0.8781177956588015,lying,karol
1672331718673706400,-0.041625940710146,-0.1648513191126258,-0.3643077539981841,-0.8786321337796567,lying,karol
1672331718683706400,-0.0277871384831787,-0.1705602097523116,-0.3615649216843739,-0.8792219028692252,lying,karol
1672331718693706400,-0.0366216211487696,-0.1669263738990312,-0.3631678537907967,-0.8789350508477279,lying,karol
1672331718703706400,-0.0503884372864436,-0.1612288897229164,-0.3656592637735147,-0.8782840289690955,lying,karol
1672331718713706400,-0.0415081641760922,-0.1649206072140175,-0.3639478933980819,-0.8787738550114839,lying,karol
1672331718723706400,-0.0326229512322991,-0.1686064002750615,-0.362221261307488,-0.8791624896770021,lying,karol
1672331718733706400,-0.0414856529979812,-0.1649707948955893,-0.3638822331965095,-0.8787926985659189,lying,karol
1672331718743706400,-0.0551866783678831,-0.1592899751240284,-0.3664063147755979,-0.8780380772236,lying,karol
1672331718753706400,-0.0463229028073347,-0.1629755481279849,-0.3647905740043114,-0.8785467119926358,lying,karol
1672331718763706400,-0.0600851672758867,-0.1572315946972518,-0.3673248226410693,-0.877703716337847,lying,karol
1672331718773706400,-0.0511888789709259,-0.1609143157617687,-0.365737875431218,-0.8782627409311693,lying,karol
1672331718783706400,-0.0374253433513217,-0.1665926079090761,-0.3631993825721498,-0.8789515477998519,lying,karol
1672331718793706400,-0.0285001907140988,-0.1702507713200316,-0.361517391640895,-0.8792786653118727,lying,karol
1672331718803706400,-0.0373205964050496,-0.1666008364355332,-0.3632342788613317,-0.878940036131702,lying,karol
1672331718813706400,-0.0461610410646541,-0.1629166774340667,-0.3649106030215076,-0.8785163463206329,lying,karol
1672331718823706400,-0.0598780134895637,-0.157164021850353,-0.3674221366194381,-0.877689284644943,lying,karol
1672331718833706400,-0.0510010641578499,-0.1608204547082569,-0.365818992267311,-0.8782571137807614,lying,karol
1672331718843706400,-0.0421139831151339,-0.1644629169703773,-0.3641782607195509,-0.878735444501405,lying,karol
1672331718853706400,-0.0283031055529798,-0.170108123767343,-0.361554607971766,-0.8792973645297275,lying,karol
1672331718863706400,-0.0371664723429122,-0.1664037009370658,-0.3632563479081868,-0.8789748117896542,lying,karol
1672331718873706400,-0.0460329732790053,-0.162670783657743,-0.3649177221658799,-0.8785656905238807,lying,karol
1672331718883706400,-0.0597854481678335,-0.1568644795703624,-0.3674171495436723,-0.8777512807876593,lying,karol
1672331718893706400,-0.0460577899897661,-0.1624973773400675,-0.3649135630492136,-0.8785982094976797,lying,karol
1672331718903706400,-0.0322507274949234,-0.1681258858080411,-0.3623119008755749,-0.8792309742533527,lying,karol
1672331718913706400,-0.045950187443212,-0.1623814843424857,-0.3648847017459871,-0.8786372594352322,lying,karol
1672331718923706400,-0.0548053596307824,-0.1586053147610037,-0.3664982769617864,-0.8781475890069418,lying,karol
1672331718933706400,-0.0685253242166712,-0.1527625495615565,-0.3689260543531493,-0.8772028848246513,lying,karol
1672331718943706400,-0.0596736464480888,-0.1563772413485059,-0.3673573292821107,-0.8778708678837734,lying,karol
1672331718953706400,-0.0459553144149786,-0.162017176354775,-0.3648627763190355,-0.878713351328718,lying,karol
1672331718963706400,-0.0548182834795602,-0.1582851043618636,-0.3664672326850773,-0.8782175165338035,lying,karol
1672331718973706400,-0.0410295370118247,-0.1639862580977735,-0.3639230079772296,-0.8789815635879458,lying,karol
1672331718983706400,-0.0321285794612181,-0.1676638122360066,-0.3622317032964536,-0.8793567311482491,lying,karol
1672331718993706400,-0.0409779760264808,-0.1640214714656415,-0.3638865860027966,-0.8789924851269594,lying,karol
1672331719003706400,-0.0546820719512377,-0.1583269646914436,-0.3663770794277397,-0.8782560893210287,lying,karol
1672331719013706400,-0.0684246926676804,-0.1525568745941384,-0.3687746278033381,-0.8773102184990886,lying,karol
1672331719023706400,-0.0595597266787722,-0.1562445575138622,-0.367161377404438,-0.8779842190029423,lying,karol
1672331719033706400,-0.0733023157223683,-0.1504555354149247,-0.3694989607016851,-0.8769742954216787,lying,karol
1672331719043706400,-0.0644221848167893,-0.1541523682079366,-0.367884054260867,-0.8777081830342336,lying,karol
1672331719053706400,-0.0781175399608565,-0.1483631085980206,-0.3701760612306174,-0.8766294730198501,lying,karol
1672331719063706400,-0.0692423865809914,-0.1520616333092393,-0.3685855448562046,-0.8774115160234436,lying,karol
1672331719073706400,-0.0603554744254688,-0.1557576628717034,-0.3669760206003134,-0.8780938998745891,lying,karol
1672331719083706400,-0.0514540703110193,-0.1594530402597805,-0.3653519123054213,-0.8786744133642701,lying,karol
1672331719093706400,-0.0376680999628854,-0.1651627463459149,-0.3627886903176627,-0.8793806307457822,lying,karol
1672331719103706400,-0.0514115917092928,-0.1594906354117014,-0.3653158265653146,-0.8786850894780412,lying,karol
1672331719113706400,-0.0376631752181044,-0.1651888872665028,-0.3627674541872631,-0.8793847008861511,lying,karol
1672331719123706400,-0.0465202990418419,-0.161538230311018,-0.3644100268213103,-0.8789597043548728,lying,karol
1672331719133706400,-0.0603084947336476,-0.1557985587715057,-0.3669005883125315,-0.8781214190931,lying,karol
1672331719143706400,-0.0465307862407242,-0.161515746281502,-0.3644157866597003,-0.8789609004297283,lying,karol
1672331719153706400,-0.0553943787271716,-0.1578232030759525,-0.366038551820423,-0.878443319505455,lying,karol
1672331719163706400,-0.0465137008304697,-0.1614945950247162,-0.3644420894053344,-0.878954794317784,lying,karol
1672331719173706400,-0.0376221022114245,-0.1651595988888666,-0.3628155842816885,-0.8793721285470422,lying,karol
1672331719183706400,-0.0464710607755208,-0.1614932038876964,-0.3644928788410266,-0.878936255740795,lying,karol
1672331719193706400,-0.0375536993414211,-0.1651677616956336,-0.3628768599536325,-0.8793482494959916,lying,karol
1672331719203706400,-0.0512411693829579,-0.1594913449662555,-0.3654553703433698,-0.8786369404128689,lying,karol
1672331719213706400,-0.0374507475184212,-0.1651896778023515,-0.3629646569141528,-0.8793123099925129,lying,karol
1672331719223706400,-0.0236163522866493,-0.1708867948262301,-0.3603819340050139,-0.8797661761625116,lying,karol
1672331719233706400,-0.0324416160003599,-0.1672997781808139,-0.3621382460684823,-0.8794532006318648,lying,karol
1672331719243706400,-0.0412779843052952,-0.1637066019019102,-0.3638477316411155,-0.8790533799340826,lying,karol
1672331719253706400,-0.0274852006586426,-0.169459246974704,-0.3612635354851639,-0.8795683881273773,lying,karol
1672331719263706400,-0.0363316195914408,-0.1659016345956015,-0.3629646652093025,-0.8792252836081605,lying,karol
1672331719273706400,-0.0451685298242512,-0.1623210923548166,-0.364611370082922,-0.8788026072734046,lying,karol
1672331719283706400,-0.0588970522592105,-0.1566520543838857,-0.3670780819585327,-0.8779913288906979,lying,karol
1672331719293706400,-0.0500105123808827,-0.1603727751437612,-0.3654301613354615,-0.8785579943496662,lying,karol
1672331719303706400,-0.0637061927225721,-0.1546532687380651,-0.3678355417588878,-0.8776928507121734,lying,karol
1672331719313706400,-0.054808389755375,-0.1583468317727928,-0.3661936614134378,-0.8783213366271981,lying,karol
1672331719323706400,-0.0410207426748296,-0.1640473243708069,-0.3636101092955664,-0.8791002889452282,lying,karol
1672331719333706400,-0.049848473136777,-0.1603751483804898,-0.3651890948680935,-0.8786670194973708,lying,karol
1672331719343706400,-0.0360479805099794,-0.1660708034880015,-0.3625791705185791,-0.8793641171972763,lying,karol
1672331719353706400,-0.0497741333377593,-0.1603863989178447,-0.3650886093919283,-0.8787109470062826,lying,karol
1672331719363706400,-0.0586181592794718,-0.1566889168183444,-0.3666489486497726,-0.8781827440539544,lying,karol
1672331719373706400,-0.0448811695007189,-0.1623787003803275,-0.364120788476795,-0.8790101161242865,lying,karol
1672331719383706400,-0.0310996739194417,-0.1680534251355897,-0.3615025903188554,-0.8796195959834839,lying,karol
1672331719393706400,-0.017282660314453,-0.173702110194421,-0.3587940829341617,-0.8800111342108183,lying,karol
1672331719403706400,-0.0261208615139655,-0.1700894774230756,-0.3605005182493521,-0.8798014284522527,lying,karol
1672331719413706400,-0.0398991694488772,-0.1644078777947729,-0.3631086151071691,-0.8792918461221728,lying,karol
1672331719423706400,-0.0487390853143355,-0.1607161292171588,-0.3647377954025235,-0.8788544157972533,lying,karol
1672331719433706400,-0.0575752406330345,-0.1569971333558831,-0.3663346389347871,-0.8783278692949555,lying,karol
1672331719443706400,-0.0486703541413357,-0.1606514240029186,-0.3647298854201802,-0.8788733443186657,lying,karol
1672331719453706400,-0.0623567864927555,-0.1549114283175495,-0.3672044489265657,-0.8780084900881749,lying,karol
1672331719463706400,-0.0485537251039062,-0.1606162443031736,-0.3647454200939671,-0.8788797873108424,lying,karol
1672331719473706400,-0.0347393796096007,-0.1662999219794322,-0.3622047214953871,-0.8795278315096372,lying,karol
1672331719483706400,-0.0484904347269728,-0.1606065449566579,-0.3647929521941054,-0.8788653392449249,lying,karol
1672331719493706400,-0.0395793949304381,-0.1642863571403403,-0.3631747078520996,-0.8793017540455088,lying,karol
1672331719503706400,-0.0484203995225188,-0.1606305370699853,-0.3648355825967285,-0.8788471333364625,lying,karol
1672331719513706400,-0.0346411385416622,-0.1663291276380285,-0.3622947767628153,-0.8794891187825165,lying,karol
1672331719523706400,-0.0434754454695738,-0.1626938887737414,-0.363967512904542,-0.8790860297866715,lying,karol
1672331719533706400,-0.0523128082194971,-0.1590303893977646,-0.3656014970516473,-0.8785967653173695,lying,karol
1672331719543706400,-0.0611516689334419,-0.1553397229198988,-0.3672011653943624,-0.8780190117222192,lying,karol
1672331719553706400,-0.0522627856426661,-0.1590371547647378,-0.3656287409301105,-0.8785871938700939,lying,karol
1672331719563706400,-0.0610976746548869,-0.1553464845953672,-0.3672271510785314,-0.8780107196406004,lying,karol
1672331719573706400,-0.0522087747812736,-0.1590382125793836,-0.3656516448714622,-0.8785806949553929,lying,karol
1672331719583706400,-0.0610328050300793,-0.1553421897546251,-0.367250216998103,-0.8780063572805272,lying,karol
1672331719593706400,-0.0521289698631315,-0.1590328336603929,-0.365675117392302,-0.8785766522137156,lying,karol
1672331719603706400,-0.0658337174974537,-0.153288413116578,-0.3681316542553525,-0.8776512849526409,lying,karol
1672331719613706400,-0.0569320587003669,-0.1569787947022197,-0.3665731554628103,-0.8782736702499563,lying,karol
1672331719623706400,-0.0480220886064966,-0.1606599609858707,-0.3649695262324101,-0.8788080728338314,lying,karol
1672331719633706400,-0.0617705558510622,-0.1549140752521221,-0.3674412067885136,-0.8779505241584116,lying,karol
1672331719643706400,-0.0754930350899275,-0.1491352660064534,-0.3698115514069411,-0.8768825650375137,lying,karol
1672331719653706400,-0.0666380689501517,-0.1528403845346812,-0.3682690248618906,-0.8776111087248667,lying,karol
1672331719663706400,-0.0577707075278647,-0.156541800909768,-0.3666786468615624,-0.8782528867402243,lying,karol
1672331719673706400,-0.0440176949977897,-0.1622551463840546,-0.3641503045582888,-0.8790645163305917,lying,karol
1672331719683706400,-0.0351123888508299,-0.1659327754920167,-0.3624516450091916,-0.87948075738275,lying,karol
1672331719693706400,-0.043958673824207,-0.1622754182512033,-0.3640607361891023,-0.8791008315718886,lying,karol
1672331719703706400,-0.0577125496652668,-0.1565407818006942,-0.3665102040490705,-0.8783272100803119,lying,karol
1672331719713706400,-0.0488152160249388,-0.1602138153391246,-0.3648628475522867,-0.8788901455931725,lying,karol
1672331719723706400,-0.0350368384902125,-0.1658923854087859,-0.3622724088293645,-0.8795652459052353,lying,karol
1672331719733706400,-0.0438745666552303,-0.1622457464498517,-0.3639040827884485,-0.8791753805471036,lying,karol
1672331719743706400,-0.0576398842721507,-0.1565287144062647,-0.3663991004577803,-0.8783805012322683,lying,karol
1672331719753706400,-0.0487461234554519,-0.1602293019390087,-0.3648084612529579,-0.8789137529034263,lying,karol
1672331719763706400,-0.0398416785768074,-0.1639301863747884,-0.3631824736008516,-0.8793533134146657,lying,karol
1672331719773706400,-0.0260652824591032,-0.1696251801929558,-0.360585795942882,-0.8798579540754006,lying,karol
1672331719783706400,-0.0349078531815583,-0.1660336467118258,-0.3622868281965817,-0.8795378174332785,lying,karol
1672331719793706400,-0.0211026096922194,-0.1717306311851339,-0.3596425157982714,-0.8799686309280206,lying,karol
1672331719803706400,-0.0348222554294329,-0.1661489790121493,-0.362283713950767,-0.8795207280620808,lying,karol
1672331719813706400,-0.0436676670475841,-0.1625364206840695,-0.3639410796239067,-0.8791167294179918,lying,karol
1672331719823706400,-0.0347633735411306,-0.166248363409703,-0.3622857291230375,-0.8795034628211585,lying,karol
1672331719833706400,-0.0436047409051333,-0.1626440669534575,-0.3639594034094008,-0.8790923751798491,lying,karol
1672331719843706400,-0.0346926888749347,-0.1663667210858692,-0.3623163185052472,-0.879471291593879,lying,karol
1672331719853706400,-0.0435296858007612,-0.1627682310146095,-0.3639982172615564,-0.8790570647477982,lying,karol
1672331719863706400,-0.0346146047232048,-0.1664930523366423,-0.3623551942600882,-0.879434466898625,lying,karol
1672331719873706400,-0.0434499417508373,-0.1628928644440776,-0.3640374331259488,-0.8790217063116683,lying,karol
1672331719883706400,-0.0345376329075189,-0.1666111012640566,-0.3623942218283696,-0.8793990769121888,lying,karol
1672331719893706400,-0.043365785372398,-0.1630043726655509,-0.3640766830658004,-0.8789889574587274,lying,karol
1672331719903706400,-0.0295334852386571,-0.1687398679066252,-0.3614879988722755,-0.8795484690138242,lying,karol
1672331719913706400,-0.0383780006053154,-0.165138172600556,-0.3631828705523078,-0.8791923475335419,lying,karol
1672331719923706400,-0.024559438751411,-0.1708608189787667,-0.3605467670988602,-0.8796783086341081,lying,karol
1672331719933706400,-0.0334023129371284,-0.1672778790677554,-0.3622452602009461,-0.879377772339824,lying,karol
1672331719943706400,-0.0422360403199284,-0.1636756814871761,-0.3639008387054522,-0.87899208287193,lying,karol
1672331719953706400,-0.0284755021893119,-0.169385259725591,-0.361283412515377,-0.8795434068779757,lying,karol
1672331719963706400,-0.0422005825351646,-0.1637668271054393,-0.3638728712226521,-0.8789884039030383,lying,karol
1672331719973706400,-0.0332867886052873,-0.1674725722881926,-0.3621772071366593,-0.8793731600253277,lying,karol
1672331719983706400,-0.0421250788918163,-0.1638548321854394,-0.3638252329860602,-0.8789953588768897,lying,karol
1672331719993706400,-0.0558580178114177,-0.1581725106281227,-0.366323602111699,-0.8782328502909885,lying,karol
1672331720003706400,-0.0469581165174074,-0.1618872517195584,-0.3646820197017245,-0.8787599628268656,lying,karol
1672331720013706400,-0.060704098691396,-0.1561789692067831,-0.3671519523053849,-0.8779220880869429,lying,karol
1672331720023706400,-0.0744603481685238,-0.1504052416862578,-0.3695334243631058,-0.8768714763594105,lying,karol
1672331720033706400,-0.0655859400941109,-0.1541136032609052,-0.3679655505901058,-0.8775952726520412,lying,karol
1672331720043706400,-0.0567010502562822,-0.1578019353875776,-0.3663572177768622,-0.8782314977565239,lying,karol
1672331720053706400,-0.0478062866833271,-0.1614661741473689,-0.3647065081095248,-0.8787815635830508,lying,karol
1672331720063706400,-0.0388930643672129,-0.1651198665081361,-0.3630192667594229,-0.8792408184395833,lying,karol
1672331720073706400,-0.0477121719052732,-0.1614402077866936,-0.3646307568315628,-0.8788228897320708,lying,karol
1672331720083706400,-0.0387897009112929,-0.1650951367939572,-0.3629479948289731,-0.8792794591171063,lying,karol
1672331720093706400,-0.0476174004707758,-0.1614141672828284,-0.3645705696584742,-0.878857790314595,lying,karol
1672331720103706400,-0.038698000235535,-0.1650713019354369,-0.3629022136424943,-0.8793068782705524,lying,karol
1672331720113706400,-0.0249076269319364,-0.1707198621625727,-0.3602636762320579,-0.8798119695037045,lying,karol
1672331720123706400,-0.0337380901040685,-0.1670865575436771,-0.3619528356156296,-0.8795218325310827,lying,karol
1672331720133706400,-0.0425710345879607,-0.1634228336774363,-0.3636018051920898,-0.8791468039300647,lying,karol
1672331720143706400,-0.0514059678215466,-0.1597245076122375,-0.3652122800801269,-0.8786866302862526,lying,karol
1672331720153706400,-0.0375868817825287,-0.1653940463332022,-0.362640822443936,-0.8794022793192143,lying,karol
1672331720163706400,-0.0464315339172505,-0.1616973173334841,-0.3642747254205988,-0.8789918755249735,lying,karol
1672331720173706400,-0.0601628140149765,-0.1559348112281558,-0.3667471446104607,-0.8781719695782805,lying,karol
1672331720183706400,-0.0512845719902536,-0.1595651750919511,-0.3651459291293954,-0.8787502527221053,lying,karol
1672331720193706400,-0.0649988165524259,-0.1537838159634847,-0.3675913234692192,-0.8778536451607857,lying,karol
1672331720203706400,-0.0561192821417571,-0.1574203893346104,-0.3660179486947186,-0.8784788120540723,lying,karol
1672331720213706400,-0.047232042544185,-0.1610518393620955,-0.3644101256214951,-0.879011613949528,lying,karol
1672331720223706400,-0.0609700070159966,-0.1552819918202085,-0.3668854629683399,-0.8781742075908575,lying,karol
1672331720233706400,-0.0520960438958546,-0.1589108578805478,-0.3652967187513068,-0.8787584261564526,lying,karol
1672331720243706400,-0.0658483851541619,-0.1531034373582002,-0.3677342985630856,-0.8778493822290461,lying,karol
1672331720253706400,-0.0569946848028992,-0.1567179747548746,-0.3661590121668928,-0.8784892634609369,lying,karol
1672331720263706400,-0.0707432498119762,-0.1508880281096752,-0.3685474809463746,-0.8775110692701834,lying,karol
1672331720273706400,-0.0618876135208674,-0.1544929856440817,-0.3669783595201095,-0.8782103691911852,lying,karol
1672331720283706400,-0.0530194782238058,-0.1580733887464677,-0.3653725517024343,-0.8788227171564643,lying,karol
1672331720293706400,-0.044125388856444,-0.1616448699006301,-0.3637351357535284,-0.8793437166324143,lying,karol
1672331720303706400,-0.052977141482687,-0.1578596261249763,-0.365331525506736,-0.8788807524666836,lying,karol
1672331720313706400,-0.0440770976574464,-0.1614220188565431,-0.3637085214079196,-0.8793980885264024,lying,karol
1672331720323706400,-0.057790612484998,-0.1556092395983915,-0.3661822618738617,-0.8786246708973106,lying,karol
1672331720333706400,-0.0488957254336907,-0.1591869923404698,-0.3645956694120588,-0.8791834078697958,lying,karol
1672331720343706400,-0.0577295737797046,-0.1554151205373322,-0.3661904110787012,-0.8786596510543073,lying,karol
1672331720353706400,-0.0439685901166538,-0.1610323903000808,-0.3637294539837483,-0.8794663068755765,lying,karol
1672331720363706400,-0.0577088910045712,-0.1552590442381512,-0.3662209958158069,-0.8786758608320104,lying,karol
1672331720373706400,-0.0488133800739663,-0.1588963149631189,-0.3646487640469123,-0.8792185569756373,lying,karol
1672331720383706400,-0.0576661045185105,-0.1551817949165775,-0.3662480214960268,-0.8786810562335765,lying,karol
1672331720393706400,-0.0487750634094715,-0.1588546428614364,-0.3646762581762397,-0.8792168151892246,lying,karol
1672331720403706400,-0.0398648073609312,-0.1625397538253393,-0.3630675705640351,-0.8796580911643938,lying,karol
1672331720413706400,-0.0309397205121531,-0.1662319274043306,-0.3614216249943615,-0.880005051487406,lying,karol
1672331720423706400,-0.0397818369304282,-0.1626241464086616,-0.363094062609571,-0.8796353251105165,lying,karol
1672331720433706400,-0.0259399758346133,-0.1683479124473956,-0.360506159800191,-0.8801398908216748,lying,karol
1672331720443706400,-0.0397272167446566,-0.1627273866092953,-0.3631146764332512,-0.879610202904329,lying,karol
1672331720453706400,-0.048571967187548,-0.1591094299222695,-0.3647453072685891,-0.879153375913932,lying,karol
1672331720463706400,-0.0396526243142321,-0.1628411388360628,-0.3631296247530449,-0.8795863629527971,lying,karol
1672331720473706400,-0.048475382266432,-0.1592429371274859,-0.3647707640752062,-0.8791239938021542,lying,karol
1672331720483706400,-0.0622062423434451,-0.1535716040355076,-0.3672538956537521,-0.87823438152788,lying,karol
1672331720493706400,-0.0484514371066792,-0.1593439944501345,-0.364846746964915,-0.8790755003073596,lying,karol
1672331720503706400,-0.0621962698843172,-0.1536938137987588,-0.3673367734756452,-0.8781790798784779,lying,karol
1672331720513706400,-0.0532921354198305,-0.1574846090913841,-0.3657967530365834,-0.8787356154945114,lying,karol
1672331720523706400,-0.044372532630593,-0.1612754907581088,-0.3642032103801702,-0.8792055226705813,lying,karol
1672331720533706400,-0.0354413684551905,-0.1650621106865648,-0.3625615820367975,-0.8795865954977098,lying,karol
1672331720543706400,-0.0442582736617462,-0.1615206447393034,-0.3642112357553954,-0.8791629936503375,lying,karol
1672331720553706400,-0.0579685002954358,-0.1559056528382516,-0.366700971680195,-0.878344249162312,lying,karol
1672331720563706400,-0.0716770575143011,-0.1502265716416462,-0.3691072487083406,-0.8773137355317722,lying,karol
1672331720573706400,-0.0627820278989935,-0.1540122724495563,-0.3675840120047459,-0.877978268498717,lying,karol
1672331720583706400,-0.053855854623639,-0.1578019528693536,-0.3660220796938317,-0.8785506087729762,lying,karol
1672331720593706400,-0.0399998195218141,-0.1636136151769674,-0.3635098499942541,-0.8792704158219535,lying,karol
1672331720603706400,-0.0488213203331607,-0.1600161554881486,-0.3651542964837118,-0.8788054104408071,lying,karol
1672331720613706400,-0.0576417456065148,-0.1563793332275726,-0.3667600880890612,-0.8782569627538593,lying,karol
1672331720623706400,-0.0487361878080122,-0.160105888737873,-0.3651697296201194,-0.8787874004657472,lying,karol
1672331720633706400,-0.0349223257023418,-0.1658390607202973,-0.3626185867457964,-0.8794378598523799,lying,karol
1672331720643706400,-0.0437588751404899,-0.162206141943096,-0.3642757424116643,-0.8790351952874854,lying,karol
1672331720653706400,-0.034854686586827,-0.1658959976117334,-0.3626193406223101,-0.879429505116254,lying,karol
1672331720663706400,-0.0437063508233436,-0.1622501847313611,-0.3642760533612081,-0.8790295608225878,lying,karol
1672331720673706400,-0.0525639005565609,-0.1585671749718996,-0.3658953162126688,-0.8785439604361773,lying,karol
1672331720683706400,-0.0436775500898303,-0.1622423058897787,-0.3642752416092208,-0.8790327895541463,lying,karol
1672331720693706400,-0.0525323352797916,-0.1585510656441245,-0.3658993573408639,-0.8785470790997655,lying,karol
1672331720703706400,-0.0436424535574404,-0.1622213519471547,-0.3642832538561221,-0.8790350859459753,lying,karol
1672331720713706400,-0.034740113314426,-0.16588378056202,-0.3626276165140286,-0.8794329509309619,lying,karol
1672331720723706400,-0.0435816013044284,-0.162218119192779,-0.3642865823821819,-0.8790373290102392,lying,karol
1672331720733706400,-0.0297355673685274,-0.16791811884305,-0.361698533839204,-0.879612923164568,lying,karol
1672331720743706400,-0.0385651680755174,-0.1642789273110619,-0.3633771617609437,-0.8792653934132332,lying,karol
1672331720753706400,-0.0247390012058853,-0.1699670165149092,-0.3607577243149717,-0.879760479657682,lying,karol
1672331720763706400,-0.0335630744496272,-0.1663560048175645,-0.3624583506160803,-0.8794592646183165,lying,karol
1672331720773706400,-0.0423852888209592,-0.1627269166389897,-0.3641246314929233,-0.8790689160808626,lying,karol
1672331720783706400,-0.0334553232839468,-0.1664352916422075,-0.3624656544647708,-0.8794453753021623,lying,karol
1672331720793706400,-0.0422827288212872,-0.1628268412021838,-0.3641303687958345,-0.879052993353369,lying,karol
1672331720803706400,-0.0284949984529429,-0.1685593844488909,-0.3615409370895612,-0.8795961785574402,lying,karol
1672331720813706400,-0.0373124967024409,-0.1649879210677231,-0.3632231216608373,-0.8792503987459375,lying,karol
1672331720823706400,-0.0234843718320999,-0.1707331463644997,-0.3605926838425514,-0.8797142430232688,lying,karol
1672331720833706400,-0.0323009429838751,-0.1671748708843214,-0.3622951070731187,-0.8794185819341326,lying,karol
1672331720843706400,-0.0459787115511715,-0.1615676438428479,-0.3648562780682112,-0.8787988069372328,lying,karol
1672331720853706400,-0.0596929927063859,-0.1558826040095027,-0.3673354942785096,-0.8779678823950058,lying,karol
1672331720863706400,-0.0508079742559032,-0.1596025635131955,-0.3657374623372241,-0.8785256407498798,lying,karol
1672331720873706400,-0.0419082715246947,-0.1633106505162806,-0.3641043696049512,-0.8789920193624002,lying,karol
1672331720883706400,-0.0556091843831664,-0.1576272930780702,-0.3666175349727115,-0.8782246205584412,lying,karol
1672331720893706400,-0.0418229735860531,-0.1633590136173577,-0.364111787380438,-0.8789840365154516,lying,karol
1672331720903706400,-0.0280300916989085,-0.1690594500344544,-0.3615224405673741,-0.8795228325082667,lying,karol
1672331720913706400,-0.0368670604569342,-0.16543045512137,-0.3632260135204547,-0.8791849243863862,lying,karol
1672331720923706400,-0.0457047762586863,-0.1617684482701387,-0.3648955481645602,-0.8787599086939967,lying,karol
1672331720933706400,-0.0367950290640426,-0.16544984214873,-0.363266027379617,-0.8791677753334126,lying,karol
1672331720943706400,-0.0229484732991191,-0.1711505844402863,-0.3606507943377827,-0.8796235394870509,lying,karol
1672331720953706400,-0.0317816098336435,-0.1675413986200043,-0.3623902520943744,-0.8793286361205465,lying,karol
1672331720963706400,-0.0406202645200356,-0.1639042630038416,-0.3640934767957519,-0.8789465725615587,lying,karol
1672331720973706400,-0.0494545847017556,-0.1602355175118889,-0.3657556602822553,-0.8784801556678844,lying,karol
1672331720983706400,-0.0405491699511128,-0.1639260868454575,-0.3641432106547325,-0.8789251970666073,lying,karol
1672331720993706400,-0.0493867783784143,-0.1602587094825545,-0.3658033662105672,-0.8784598905525997,lying,karol
1672331721003706400,-0.0582268149597461,-0.1565637957995397,-0.3674235690375797,-0.877908388792107,lying,karol
1672331721013706400,-0.0493317205709111,-0.1602666219688656,-0.3658363386439056,-0.8784478233738351,lying,karol
1672331721023706400,-0.0630434528000146,-0.1545292132900753,-0.3683094440051691,-0.8775649395031371,lying,karol
1672331721033706400,-0.0541636366422759,-0.1582212800894326,-0.3667364235724785,-0.878158616555082,lying,karol
1672331721043706400,-0.0452737544574338,-0.1619037651771363,-0.3651209634402763,-0.8786637473898874,lying,karol
1672331721053706400,-0.058974220457538,-0.1561748678618572,-0.3676020957965474,-0.8778530623216635,lying,karol
1672331721063706400,-0.0500842507040471,-0.1598617220287813,-0.3659967600437642,-0.8784122175002557,lying,karol
1672331721073706400,-0.0362605291122359,-0.1655802008618377,-0.3634318761833142,-0.8790969819407827,lying,karol
1672331721083706400,-0.0499516499352089,-0.1598944890251984,-0.3659691710391701,-0.8784253071654192,lying,karol
1672331721093706400,-0.0410435282471641,-0.1635809385552211,-0.364333154352267,-0.8788878975208364,lying,karol
1672331721103706400,-0.032135232442143,-0.1672540452451701,-0.3626627910478735,-0.8792582087555275,lying,karol
1672331721113706400,-0.0409748718121125,-0.1635968844250078,-0.3643340197086524,-0.8788877828584327,lying,karol
1672331721123706400,-0.0271924672495924,-0.1692907879815104,-0.3617303687517531,-0.8794192623777967,lying,karol
1672331721133706400,-0.0133958014818084,-0.1749658056307769,-0.359038385323272,-0.8797299949428562,lying,karol
1672331721143706400,-0.0222460457063953,-0.1713860818035492,-0.3607941950944053,-0.8795370311232243,lying,karol
1672331721153706400,-0.031080878717134,-0.1677860846706012,-0.3625171067517033,-0.8792548454291429,lying,karol
1672331721163706400,-0.0447913310149458,-0.1621306471526407,-0.3651192321380474,-0.8786474133665336,lying,karol
1672331721173706400,-0.0585000268361685,-0.1564190519244927,-0.3676383395256885,-0.8778261979397974,lying,karol
1672331721183706400,-0.0496134884335841,-0.1601298837184454,-0.3660708308687734,-0.8783592884739841,lying,karol
1672331721193706400,-0.0407162457439802,-0.163840562600347,-0.3644611468772391,-0.8788017502825027,lying,karol
1672331721203706400,-0.0269124407938546,-0.1695695664315434,-0.3618652909953657,-0.8793187117711794,lying,karol
1672331721213706400,-0.0357269398116124,-0.1659724101938158,-0.3635603711300907,-0.8789918210304934,lying,karol
1672331721223706400,-0.0445493542234568,-0.1623429448083017,-0.3652127139953235,-0.8785817173486434,lying,karol
1672331721233706400,-0.0307263852431623,-0.1680847819836776,-0.3626119658928536,-0.879171206600949,lying,karol
1672331721243706400,-0.0169166144709292,-0.1737905193819358,-0.3599249362805317,-0.8795401025886336,lying,karol
1672331721253706400,-0.0257300327161847,-0.1702312155517882,-0.3616537370444212,-0.8793133451149622,lying,karol
1672331721263706400,-0.0345665595844872,-0.166648324059411,-0.3633514082541291,-0.8789967849423057,lying,karol
1672331721273706400,-0.0434048481365307,-0.1630486393288895,-0.3650110965237309,-0.8785921605124092,lying,karol
1672331721283706400,-0.0345051578048595,-0.1667915275425429,-0.3633424671721272,-0.878975754225965,lying,karol
1672331721293706400,-0.0207226889633474,-0.1725176184002361,-0.3606904753003259,-0.8793956932928113,lying,karol
1672331721303706400,-0.0295550461222228,-0.1689374150016387,-0.3624141071819152,-0.8791295937428765,lying,karol
1672331721313706400,-0.0383908690935885,-0.1653147111836912,-0.3640978727970772,-0.8787810407416795,lying,karol
1672331721323706400,-0.0472359561426099,-0.1616496509362921,-0.365747417201833,-0.878346846800221,lying,karol
1672331721333706400,-0.0383422167786284,-0.165336169035385,-0.3640979903186579,-0.8787790907247114,lying,karol
1672331721343706400,-0.0471846063370147,-0.1616609318447012,-0.3657534687171961,-0.8783450214042976,lying,karol
1672331721353706400,-0.033450049934155,-0.1673470122538737,-0.3631924260875971,-0.8789730160430704,lying,karol
1672331721363706400,-0.0196448457060055,-0.173026090029387,-0.3605319545265171,-0.8793855813942589,lying,karol
1672331721373706400,-0.028466001745354,-0.1694066033300615,-0.3622628691088956,-0.8791376178509742,lying,karol
1672331721383706400,-0.0372838480144804,-0.165767653989106,-0.3639532885595326,-0.8788033113406258,lying,karol
1672331721393706400,-0.0509797275499458,-0.1600717764675704,-0.3664997438971645,-0.8781129180024803,lying,karol
1672331721403706400,-0.0598258133754666,-0.1563560800797055,-0.368098059262074,-0.8775555486117886,lying,karol
1672331721413706400,-0.0460249797163017,-0.1621002985756299,-0.3655978357986208,-0.8783904026979698,lying,karol
1672331721423706400,-0.0548577708851236,-0.1584053736311786,-0.3672153044021572,-0.8778824384231757,lying,karol
1672331721433706400,-0.0459551884349309,-0.16209895119241,-0.3655921959956449,-0.8783966645462528,lying,karol
1672331721443706400,-0.0370458650256253,-0.1657811220462629,-0.3639278902148619,-0.8788213855875011,lying,karol
1672331721453706400,-0.0458709427088199,-0.1621099412367417,-0.3655699754292012,-0.878408299285342,lying,karol
1672331721463706400,-0.0596095871432627,-0.1563619178634245,-0.3680521816819443,-0.877588498818191,lying,karol
1672331721473706400,-0.0732876194602186,-0.1505904376586426,-0.3704333557572977,-0.876559706415535,lying,karol
1672331721483706400,-0.0644106894955031,-0.1543149378629786,-0.3688754618807973,-0.8772658741961779,lying,karol
1672331721493706400,-0.055528324662777,-0.158040323852452,-0.3672800526210284,-0.8778790322340916,lying,karol
1672331721503706400,-0.0466230590755308,-0.1617703380879566,-0.3656418291434545,-0.8784014381240881,lying,karol
1672331721513706400,-0.0554449145921207,-0.158111152374399,-0.3672308369067836,-0.8778921559290799,lying,karol
1672331721523706400,-0.046540046960632,-0.1618400292639268,-0.3655867430406078,-0.8784159474052434,lying,karol
1672331721533706400,-0.032721163960554,-0.1675820424161526,-0.3629727768270319,-0.8790465147100776,lying,karol
1672331721543706400,-0.0189410435341831,-0.1732671329742672,-0.3602797959583892,-0.8794570171942382,lying,karol
1672331721553706400,-0.0277515997707471,-0.1696726463268638,-0.3619847455764338,-0.879223826022552,lying,karol
1672331721563706400,-0.0365579159464946,-0.1660487719260046,-0.3636582775096585,-0.8789029768734001,lying,karol
1672331721573706400,-0.0453850544443087,-0.1623850178150421,-0.3653032650858362,-0.8784937669511415,lying,karol
1672331721583706400,-0.0316244369958957,-0.168075895918917,-0.3627157753643887,-0.8790984791531853,lying,karol
1672331721593706400,-0.0404461672939014,-0.1644370289392805,-0.3643930224037088,-0.8787313527200492,lying,karol
1672331721603706400,-0.0541540410508304,-0.1587320699351951,-0.3669264352867968,-0.877988022698261,lying,karol
1672331721613706400,-0.0452457497153221,-0.1624318407032159,-0.3653108560333836,-0.8784891681363177,lying,karol
1672331721623706400,-0.031411137259283,-0.1681557957100422,-0.3627221193424012,-0.8790882589721274,lying,karol
1672331721633706400,-0.0451000850767661,-0.1624883900395186,-0.3653089833387259,-0.8784869938604574,lying,karol
1672331721643706400,-0.0539269747673435,-0.1587982207189668,-0.3669290574084775,-0.8779889696035613,lying,karol
1672331721653706400,-0.0450246201117139,-0.1624919959292983,-0.3653003376781328,-0.8784938051334797,lying,karol
1672331721663706400,-0.0361152644974108,-0.1661782020323917,-0.3636305176500525,-0.8789083660713626,lying,karol
1672331721673706400,-0.0449528545766708,-0.1625133113559477,-0.3652783434031953,-0.878502692739835,lying,karol
1672331721683706400,-0.0537925575007626,-0.1588254389298534,-0.3668878518344383,-0.8780095317508219,lying,karol
1672331721693706400,-0.0626315621143376,-0.1551139784110023,-0.3684589175438047,-0.8774289533864711,lying,karol
1672331721703706400,-0.0537453430524359,-0.1588165818934805,-0.3668536081140865,-0.8780283426422911,lying,karol
1672331721713706400,-0.0448424680137165,-0.1625120994195431,-0.365206712477978,-0.8785383568140301,lying,karol
1672331721723706400,-0.0536700587152749,-0.1588227803545016,-0.3668027872731909,-0.8780530672994978,lying,karol
1672331721733706400,-0.0447662964121528,-0.1625128991186634,-0.3651532380598046,-0.8785643296931175,lying,karol
1672331721743706400,-0.0535949055887349,-0.1588256379437248,-0.3667476618357271,-0.8780801759024793,lying,karol
1672331721753706400,-0.0398364809520927,-0.1645361120173255,-0.3641932836642944,-0.8788235450666543,lying,karol
1672331721763706400,-0.0486565392366254,-0.1608787477863007,-0.3658065442247353,-0.878386476706658,lying,karol
1672331721773706400,-0.0348813858621596,-0.1665911858750866,-0.3632189940267974,-0.87905022639329,lying,karol
1672331721783706400,-0.0210650361176868,-0.1722876472170958,-0.3605396498208946,-0.8794947840204047,lying,karol
1672331721793706400,-0.0298900741571784,-0.1686836262586442,-0.3622355359242575,-0.8792408810492354,lying,karol
1672331721803706400,-0.0387305637308852,-0.1650490667904934,-0.3638979079141954,-0.8788991765771041,lying,karol
1672331721813706400,-0.0475718197473336,-0.1613959454462019,-0.365526882801058,-0.8784674606688625,lying,karol
1672331721823706400,-0.0337903905385948,-0.1671277236227843,-0.3629410070206985,-0.8791058422884721,lying,karol
1672331721833706400,-0.0199383901991633,-0.1728577900442163,-0.3602666475421126,-0.8795210779587707,lying,karol
1672331721843706400,-0.0287470800641761,-0.1692848253670439,-0.361990898360288,-0.8792642373808295,lying,karol
1672331721853706400,-0.0375659079023632,-0.1656784850819399,-0.3636786181566671,-0.8789221107164953,lying,karol
1672331721863706400,-0.0463899949811583,-0.162039891343776,-0.3653279823575735,-0.8784949021975731,lying,karol
1672331721873706400,-0.0552110005840501,-0.1583722957769696,-0.3669266867679296,-0.8779872244833493,lying,karol
1672331721883706400,-0.0414279118574234,-0.1641067576275058,-0.364371070177496,-0.8787566405844895,lying,karol
1672331721893706400,-0.0275949651201963,-0.1698234978358533,-0.3617074425778429,-0.8793139622226765,lying,karol
1672331721903706400,-0.0186629398941412,-0.1735021963935084,-0.359928453422543,-0.8795606984938787,lying,karol
1672331721913706400,-0.0274722703522792,-0.1699104012259754,-0.361614556539,-0.8793392317626808,lying,karol
1672331721923706400,-0.036289897427603,-0.1662914008820322,-0.3632684452900402,-0.8790296371814229,lying,karol
1672331721933706400,-0.0499755959526986,-0.1606262647286203,-0.3657886410405677,-0.8783661979719813,lying,karol
1672331721943706400,-0.0362109606154745,-0.1663392556350733,-0.3632064042561578,-0.8790494887295667,lying,karol
1672331721953706400,-0.0499169636150142,-0.1606723478138462,-0.3657432725370489,-0.8783800103723063,lying,karol
1672331721963706400,-0.0636445900032157,-0.1549363062851138,-0.3681974993195545,-0.8774973570425937,lying,karol
1672331721973706400,-0.0773858735039042,-0.1491318528152121,-0.3705654648569804,-0.8764013162537848,lying,karol
1672331721983706400,-0.0685267476572549,-0.1528347561840131,-0.3690256415632551,-0.8771502845383381,lying,karol
1672331721993706400,-0.0596464085077293,-0.1565322750445908,-0.3674486696158638,-0.8778088404702288,lying,karol
1672331722003706400,-0.0507607790913891,-0.1602167498703942,-0.365832248866059,-0.8783778468733067,lying,karol
1672331722013706400,-0.0369322307792856,-0.1659324609900055,-0.3632521953592066,-0.8790774810730119,lying,karol
1672331722023706400,-0.0506533963172962,-0.1602309676232377,-0.3657870504786931,-0.8784002827768217,lying,karol
1672331722033706400,-0.04175480274433,-0.1639028946683412,-0.3641327630987943,-0.8788780727827614,lying,karol
1672331722043706400,-0.0328475093734206,-0.1675623649415666,-0.36244690502724,-0.8792628163104431,lying,karol
1672331722053706400,-0.0416826413009602,-0.1638946999942349,-0.3641092565755879,-0.8788927716511816,lying,karol
1672331722063706400,-0.0554319744346892,-0.1581493292664249,-0.366625548085604,-0.8781393793582506,lying,karol
1672331722073706400,-0.0465297913146683,-0.1618176020988134,-0.3649983387665025,-0.8786656004665963,lying,karol
1672331722083706400,-0.0553630758824414,-0.1581106180553664,-0.3666030531306848,-0.8781600954197087,lying,karol
1672331722093706400,-0.0415720891419986,-0.1638138281848483,-0.3640711284435084,-0.8789288944735723,lying,karol
1672331722103706400,-0.0552982645269569,-0.158095226251124,-0.3665824667604263,-0.8781755529463361,lying,karol
1672331722113706400,-0.0463957014002787,-0.1617871168168221,-0.3649534419331135,-0.8786969714498405,lying,karol
1672331722123706400,-0.0600771831524691,-0.1560805502073989,-0.3674191558802882,-0.8778723041012912,lying,karol
1672331722133706400,-0.0511808058098924,-0.1597770661283337,-0.3658029821673417,-0.8784458014043189,lying,karol
1672331722143706400,-0.042276617857921,-0.1634657463839798,-0.3641491886779081,-0.8789277830379437,lying,karol
1672331722153706400,-0.0511143992258701,-0.1597976877376472,-0.3657592346856191,-0.878464142617307,lying,karol
1672331722163706400,-0.0422108416003334,-0.1634923112181646,-0.3641045646552123,-0.8789444998560518,lying,karol
1672331722173706400,-0.0559580378974736,-0.1577835937852171,-0.3666070115832793,-0.8781795958072002,lying,karol
1672331722183706400,-0.0470588831536142,-0.1614881048577504,-0.3649784183319,-0.87870637059552,lying,karol
1672331722193706400,-0.0332324602167402,-0.1672185430261435,-0.3623854455666365,-0.8793392071557435,lying,karol
1672331722203706400,-0.0243020060167127,-0.1709075020843972,-0.3606638414426678,-0.8796298842670758,lying,karol
1672331722213706400,-0.0331273920477344,-0.1672924440133006,-0.3623569733234877,-0.8793408605867437,lying,karol
1672331722223706400,-0.0419565729028006,-0.1636428044627836,-0.3640124707690432,-0.8789668473987658,lying,karol
1672331722233706400,-0.0556855777481796,-0.1579238737086576,-0.366515229416177,-0.8782100427575342,lying,karol
1672331722243706400,-0.0418860927884639,-0.1636439202436626,-0.3639761960179508,-0.8789850307704532,lying,karol
1672331722253706400,-0.0280703547514461,-0.1693474389782195,-0.3613474217219747,-0.8795389026006306,lying,karol
1672331722263706400,-0.036916870123082,-0.1657196632513705,-0.3630199022514256,-0.8792143285172348,lying,karol
1672331722273706400,-0.0457680245110445,-0.1620610204829007,-0.3646524939051713,-0.878804429555265,lying,karol
1672331722283706400,-0.0319993701603118,-0.16774616553858,-0.3620482897491571,-0.8794233675742519,lying,karol
1672331722293706400,-0.0408408021706215,-0.1641006892822356,-0.3636977757345012,-0.8790643242423402,lying,karol
1672331722303706400,-0.0545684097062494,-0.1583890250363476,-0.3662023372505403,-0.878326947028026,lying,karol
1672331722313706400,-0.045661533198217,-0.1620657182690032,-0.3645640795161726,-0.8788457991479448,lying,karol
1672331722323706400,-0.0593503026344378,-0.1563457443841246,-0.3670306214227857,-0.8780371632800961,lying,karol
1672331722333706400,-0.0455811351612135,-0.1620460331869652,-0.3645180326898392,-0.8788727112930297,lying,karol
1672331722343706400,-0.0593156037934992,-0.1563079205915185,-0.3669920351934655,-0.8780623798856442,lying,karol
1672331722353706400,-0.0455361075723036,-0.1620114827793784,-0.3644781041625626,-0.8788979834920282,lying,karol
1672331722363706400,-0.0592981852180305,-0.1562603595271968,-0.3669541189942568,-0.8780878756914657,lying,karol
1672331722373706400,-0.0504008922453805,-0.1599375263336509,-0.3653323604169537,-0.8786576282018665,lying,karol
1672331722383706400,-0.0592405968479814,-0.1562325087628598,-0.3669037031318836,-0.8781177919875794,lying,karol
1672331722393706400,-0.0503455923900927,-0.1599114605253328,-0.3652857630367179,-0.8786849220586934,lying,karol
1672331722403706400,-0.0365145576072617,-0.1656204729469901,-0.3627162203337553,-0.8793751931339592,lying,karol
1672331722413706400,-0.0453600072297906,-0.1619567765195654,-0.3643599223148982,-0.8789661912551223,lying,karol
1672331722423706400,-0.0542138819615512,-0.1582602907418093,-0.3659675126050986,-0.8784700140441635,lying,karol
1672331722433706400,-0.0404263269045276,-0.1639514389293909,-0.3634335495686205,-0.8792206477021742,lying,karol
1672331722443706400,-0.0541738797555209,-0.1582246735566244,-0.365950428663488,-0.878486019153998,lying,karol
1672331722453706400,-0.0452734608533017,-0.1618848018715609,-0.364329517008268,-0.8789965252253004,lying,karol
1672331722463706400,-0.0363620586975742,-0.1655388818178711,-0.3626776603902721,-0.8794127949391145,lying,karol
1672331722473706400,-0.0451923330349614,-0.1618732266918554,-0.3643361585722039,-0.8790000875589878,lying,karol
1672331722483706400,-0.0362673011628708,-0.1655445065331202,-0.3626909296635813,-0.8794101876000872,lying,karol
1672331722493706400,-0.0450980893971225,-0.1618873214526398,-0.3643555042711942,-0.8789943255209983,lying,karol
1672331722503706400,-0.0539334801167689,-0.1582043881011501,-0.3659818590370787,-0.8784914006345933,lying,karol
1672331722513706400,-0.0450347376718522,-0.1618866761223941,-0.3643741046098177,-0.8789899934567126,lying,karol
1672331722523706400,-0.0361307991187753,-0.16557280426839,-0.3627310155413504,-0.8793939691907608,lying,karol
1672331722533706400,-0.0272102950671708,-0.1692750404294822,-0.3610536510793135,-0.8797006122694562,lying,karol
1672331722543706400,-0.0360410609841853,-0.1656844894555225,-0.3627614848416359,-0.8793640651838566,lying,karol
1672331722553706400,-0.0448694279392524,-0.1620658895588084,-0.364436001874605,-0.8789397942997742,lying,karol
1672331722563706400,-0.0359529045608127,-0.1657746097074339,-0.3627955288687118,-0.8793366627003848,lying,karol
1672331722573706400,-0.0447927909946401,-0.1621429526904906,-0.3644579458397051,-0.878920406669291,lying,karol
1672331722583706400,-0.0536263283789902,-0.1584807554362588,-0.3660719399959856,-0.8784229158529987,lying,karol
1672331722593706400,-0.0447241355942998,-0.1621777404256372,-0.3644377942379374,-0.8789258520381819,lying,karol
1672331722603706400,-0.0535554870024431,-0.1585097868087492,-0.3660304710016325,-0.8784392910888079,lying,karol
1672331722613706400,-0.0397218702008892,-0.1642443128709928,-0.363466927037819,-0.879184404763633,lying,karol
1672331722623706400,-0.0258937527215845,-0.1699407882368769,-0.3608210722621888,-0.8797074800326043,lying,karol
1672331722633706400,-0.0347292752543105,-0.1663223890876463,-0.3624977545375012,-0.8794052429334696,lying,karol
1672331722643706400,-0.0435707116975641,-0.1626787248931022,-0.3641441461484156,-0.8790129338651833,lying,karol
1672331722653706400,-0.0524165529258757,-0.1590100543816345,-0.3657540202787439,-0.8785327450779488,lying,karol
1672331722663706400,-0.038628140935914,-0.1647267660269075,-0.3632028140736785,-0.8792520476925757,lying,karol
1672331722673706400,-0.0474775131644453,-0.1610687975466822,-0.3648347431321328,-0.8788207065598165,lying,karol
1672331722683706400,-0.0336476837432819,-0.1667743115476537,-0.3622502571617741,-0.8794637090687805,lying,karol
1672331722693706400,-0.0425012899951222,-0.1631142762942466,-0.3639072025829293,-0.8790827199945004,lying,karol
1672331722703706400,-0.0562111651641463,-0.1574038350167013,-0.3664020844986178,-0.8783173473991207,lying,karol
1672331722713706400,-0.0699433964589301,-0.1516298634060146,-0.3688141172667493,-0.8773368628582183,lying,karol
1672331722723706400,-0.0611099305691962,-0.1553020921689145,-0.3672653850764391,-0.8780037004563668,lying,karol
1672331722733706400,-0.052221376958939,-0.1589896480741669,-0.365674707176733,-0.878581106112025,lying,karol
1672331722743706400,-0.0610611285034602,-0.1552915194026913,-0.3672590200128842,-0.8780116373050357,lying,karol
1672331722753706400,-0.0521694428047121,-0.1589882733083273,-0.3656702876629187,-0.8785862899983737,lying,karol
1672331722763706400,-0.0432613326927543,-0.1626863162764744,-0.3640444679254078,-0.8790681463102085,lying,karol
1672331722773706400,-0.0569427239524923,-0.1570072843366858,-0.3665412158615205,-0.8782831828265141,lying,karol
1672331722783706400,-0.0480327701266812,-0.1607132458875663,-0.3649357814019537,-0.8788137275584814,lying,karol
1672331722793706400,-0.0617518899387509,-0.1550010692743382,-0.3674049620440885,-0.87795362458127,lying,karol
1672331722803706400,-0.0528435037688968,-0.1587197943003998,-0.3658145567715649,-0.8785345277583095,lying,karol
1672331722813706400,-0.0439273102421974,-0.1624455182200906,-0.3641859830968286,-0.8790210733372565,lying,karol
1672331722823706400,-0.0527573045421697,-0.1588160496759335,-0.3658011324733294,-0.8785279231223632,lying,karol
1672331722833706400,-0.0438463339127085,-0.1625517966224338,-0.3641708241328632,-0.8790117708929499,lying,karol
1672331722843706400,-0.0349270006136186,-0.1662778505428414,-0.3625023710536556,-0.8794040595065056,lying,karol
1672331722853706400,-0.0437576100729535,-0.1626683386240165,-0.3641538040644662,-0.8790017023875827,lying,karol
1672331722863706400,-0.0299456977882791,-0.1683918513732131,-0.3615481004608619,-0.8795783794237485,lying,karol
1672331722873706400,-0.0387817283044885,-0.1647816605019064,-0.3632148100696937,-0.8792301797852133,lying,karol
1672331722883706400,-0.0476173893819242,-0.161137859870902,-0.3648467189983007,-0.8787956426049786,lying,karol
1672331722893706400,-0.0613075272082889,-0.1554336310656935,-0.3673074190940414,-0.8779491890097422,lying,karol
1672331722903706400,-0.0524144034882119,-0.1591281107896418,-0.3656986765261312,-0.8785346926210829,lying,karol
1672331722913706400,-0.0612521440464371,-0.1554251341878798,-0.3672626625103978,-0.8779732910967478,lying,karol
1672331722923706400,-0.0523597559929228,-0.1591026116753647,-0.3656507413813484,-0.8785625289221622,lying,karol
1672331722933706400,-0.043453841462338,-0.162769727600769,-0.3640024490649647,-0.879060731263014,lying,karol
1672331722943706400,-0.0522938399022698,-0.1590759739927768,-0.3656082493469851,-0.8785889681158813,lying,karol
1672331722953706400,-0.0433968560886854,-0.162737061751555,-0.3639681553480283,-0.8790837998211005,lying,karol
1672331722963706400,-0.0295881072643583,-0.1684116193045145,-0.3613621228555345,-0.8796631607350304,lying,karol
1672331722973706400,-0.0384175484314299,-0.1647685580368834,-0.363033930901056,-0.8793233622954759,lying,karol
1672331722983706400,-0.0472586725811209,-0.1610945036663622,-0.3646732421450847,-0.8788949925840748,lying,karol
1672331722993706400,-0.0561014014308494,-0.1573951767175437,-0.3662744358920555,-0.8783793246198341,lying,karol
1672331723003706400,-0.0472245530802627,-0.1610608248915705,-0.364661711691875,-0.8789077902335978,lying,karol
1672331723013706400,-0.0383218878441266,-0.164727763072647,-0.3630123235183994,-0.8793441145391957,lying,karol
1672331723023706400,-0.0471648546392935,-0.1610608628707378,-0.3646552828621076,-0.8789136635627708,lying,karol
1672331723033706400,-0.0334010146802011,-0.1667364408852823,-0.3620896207274537,-0.8795466290756647,lying,karol
1672331723043706400,-0.0422517117444369,-0.1630867554104242,-0.3637468991833411,-0.8791663875324361,lying,karol
1672331723053706400,-0.0284653116218752,-0.1687665134452355,-0.3611372698291108,-0.8797245639823719,lying,karol
1672331723063706400,-0.0373087653131444,-0.1651391160501495,-0.36280771248978,-0.879394987363581,lying,karol
1672331723073706400,-0.0510585862637233,-0.1594452995390574,-0.3653380632195628,-0.8787071036798613,lying,karol
1672331723083706400,-0.0373048059167744,-0.1651255392873279,-0.3627897936564883,-0.8794051036161838,lying,karol
1672331723093706400,-0.0461426950909124,-0.161461784970886,-0.3644247971717957,-0.8789899766274013,lying,karol
1672331723103706400,-0.0372344595284127,-0.1651245591356336,-0.3627643119509961,-0.8794187867890997,lying,karol
1672331723113706400,-0.0509831520454194,-0.1594153642689634,-0.3653005305160027,-0.8787325317262824,lying,karol
1672331723123706400,-0.0372201074074935,-0.1650875933935614,-0.3627586285061251,-0.8794286865144227,lying,karol
1672331723133706400,-0.0460481705217135,-0.1614248346706416,-0.3644021833757555,-0.8790111104458846,lying,karol
1672331723143706400,-0.037127246686772,-0.1650998505074478,-0.3627491757456168,-0.8794342192379829,lying,karol
1672331723153706400,-0.0508162584120202,-0.1594367085490244,-0.3652806229626921,-0.8787466211670487,lying,karol
1672331723163706400,-0.0370104374873338,-0.1651567052635283,-0.3627346140881762,-0.8794344860572286,lying,karol
1672331723173706400,-0.0458490953463111,-0.1615277173381298,-0.3643838416275976,-0.8790102449852312,lying,karol
1672331723183706400,-0.0320508143260939,-0.1672467948218878,-0.3618139118182051,-0.8796134944807051,lying,karol
1672331723193706400,-0.0457990721240021,-0.1616050266588822,-0.3643980113314075,-0.8789927846209202,lying,karol
1672331723203706400,-0.0319829761156537,-0.1673330164361464,-0.3618215396670459,-0.879596443792866,lying,karol
1672331723213706400,-0.0408193831594031,-0.1637244018216222,-0.3634924585526213,-0.8792208620228251,lying,karol
1672331723223706400,-0.0319059801359848,-0.1674302742194092,-0.3618190817165035,-0.8795817590678066,lying,karol
1672331723233706400,-0.0229829708150061,-0.1711304000133853,-0.3601067364952311,-0.8798507420094309,lying,karol
1672331723243706400,-0.0091380025677517,-0.1768176387856369,-0.3573722146914576,-0.8800938323689641,lying,karol
1672331723253706400,-0.017946231308125,-0.1732827644207493,-0.3591298963699401,-0.8799458968636725,lying,karol
1672331723263706400,-0.026763246454955,-0.169711311060052,-0.3608578871386947,-0.8797110010821185,lying,karol
1672331723273706400,-0.0355930399743095,-0.166104571852907,-0.3625509277616268,-0.8793903023407041,lying,karol
1672331723283706400,-0.0266808728428913,-0.1697872867312929,-0.3608517699324944,-0.8797013645876445,lying,karol
1672331723293706400,-0.0355308694280711,-0.1661797543627379,-0.3625445188699553,-0.879381266068851,lying,karol
1672331723303706400,-0.0443823703114681,-0.1625511721002799,-0.3642003675792248,-0.8789729902493717,lying,karol
1672331723313706400,-0.0354791804034604,-0.1662486313464213,-0.3625405284135833,-0.8793719921782898,lying,karol
1672331723323706400,-0.0216647565881428,-0.1719418078956263,-0.3598996415105405,-0.879810791183384,lying,karol
1672331723333706400,-0.0304950112580061,-0.1683485563713578,-0.3616302845657517,-0.8795342483490634,lying,karol
1672331723343706400,-0.0393382409974587,-0.1647195833717109,-0.3633292391938582,-0.8791700492986432,lying,karol
1672331723353706400,-0.0481865631759246,-0.1610615914308383,-0.3649871727412545,-0.8787205148224387,lying,karol
1672331723363706400,-0.0343814379790598,-0.1667734874503664,-0.3624216550118122,-0.8793652454289089,lying,karol
1672331723373706400,-0.0432250271455654,-0.163130650397984,-0.3640787664797474,-0.8789737304298597,lying,karol
1672331723383706400,-0.0520662191965966,-0.1594587949030725,-0.3656909462288666,-0.8784989019855584,lying,karol
1672331723393706400,-0.0382570929179722,-0.1651688896448974,-0.3631264120424126,-0.8792172864003402,lying,karol
1672331723403706400,-0.0244447490664987,-0.1708473756272565,-0.3604769304475969,-0.8797148480691477,lying,karol
1672331723413706400,-0.0332816684501653,-0.167229897893104,-0.3621706323982352,-0.8794243208735552,lying,karol
1672331723423706400,-0.0194359101960345,-0.1729187826523752,-0.3594880826544643,-0.8798396893003191,lying,karol
1672331723433706400,-0.0282611737611541,-0.1693320367770222,-0.3612001010441124,-0.8795968874225701,lying,karol
1672331723443706400,-0.0370972189457907,-0.1657133056808281,-0.3628782122703546,-0.8792670466695549,lying,karol
1672331723453706400,-0.0459349597966024,-0.1620631942706713,-0.364520790924386,-0.8788505805766027,lying,karol
1672331723463706400,-0.0596639694786592,-0.1563371027707054,-0.3670011871386784,-0.8780303566974236,lying,karol
1672331723473706400,-0.0507758389104191,-0.1600093698302157,-0.3653886542249566,-0.8786001426580229,lying,karol
1672331723483706400,-0.0645391890210652,-0.1542354150215077,-0.3678461725479589,-0.8777035902913555,lying,karol
1672331723493706400,-0.0556821682416282,-0.1578972792170636,-0.3662688861852584,-0.8783184635273162,lying,karol
1672331723503706400,-0.0467922989321709,-0.1615640213908286,-0.3646519284376539,-0.8788428753842893,lying,karol
1672331723513706400,-0.0378939838219278,-0.1652253185886447,-0.3629991353618714,-0.8792750163184725,lying,karol
1672331723523706400,-0.0467444542016253,-0.1615464553468205,-0.3646462558779302,-0.8788510104543537,lying,karol
1672331723533706400,-0.0329850465382178,-0.1672082305538395,-0.3620749343789964,-0.8794790692360176,lying,karol
1672331723543706400,-0.0418206442283133,-0.1635487312752809,-0.3637438884213325,-0.8791026866719017,lying,karol
1672331723553706400,-0.0506575157234858,-0.1598609982004881,-0.3653761999022232,-0.8786391870820375,lying,karol
1672331723563706400,-0.0594931247565813,-0.1561470210943067,-0.3669702232305993,-0.8780887481691776,lying,karol
1672331723573706400,-0.0505975449254287,-0.159820009607649,-0.3653728822487561,-0.8786514871092691,lying,karol
1672331723583706400,-0.0416926714834678,-0.1634993526694366,-0.363737703068232,-0.8791205265460766,lying,karol
1672331723593706400,-0.0327809399230671,-0.1671827452611428,-0.3620644568795052,-0.8794958852979325,lying,karol
1672331723603706400,-0.0189901976853978,-0.1728598327207004,-0.3593991385911195,-0.8798974169116968,lying,karol
1672331723613706400,-0.0278200012228995,-0.1692745243090564,-0.3611157539189755,-0.8796567285852095,lying,karol
1672331723623706400,-0.0366566935763162,-0.1656547932114257,-0.3627951079263141,-0.8793309165073909,lying,karol
1672331723633706400,-0.0454954152272049,-0.1620103959325493,-0.364433379429232,-0.8789195043146711,lying,karol
1672331723643706400,-0.0365840876757071,-0.165701812986353,-0.362759702621737,-0.8793396986092111,lying,karol
1672331723653706400,-0.0503139633018786,-0.1600350745785306,-0.3652956978253785,-0.8786607636325673,lying,karol
1672331723663706400,-0.0414031956601942,-0.1637418314363692,-0.3636483838951442,-0.879126075986576,lying,karol
1672331723673706400,-0.0502379683067704,-0.1601010018534651,-0.3652753650533104,-0.8786615691952656,lying,karol
1672331723683706400,-0.0413267718523322,-0.1638111776294421,-0.363632249542446,-0.8791234419745295,lying,karol
1672331723693706400,-0.050164377789699,-0.160166697069139,-0.3652610213941428,-0.8786597784804654,lying,karol
1672331723703706400,-0.0638776388681253,-0.1544534707147126,-0.3677152040435887,-0.8777686305807295,lying,karol
1672331723713706400,-0.077551477739266,-0.1487006108060392,-0.3700715496123955,-0.8766695062420985,lying,karol
1672331723723706400,-0.0686912105139581,-0.1524152493441226,-0.3685436755685518,-0.8774139033810452,lying,karol
1672331723733706400,-0.0598132506848238,-0.1561240117802705,-0.3669863999858421,-0.8780644344535136,lying,karol
1672331723743706400,-0.050921085095338,-0.1598282302649658,-0.3653984330591796,-0.8786207816919493,lying,karol
1672331723753706400,-0.0420252984083321,-0.1635224417243001,-0.3637796128155967,-0.8790831612281327,lying,karol
1672331723763706400,-0.0508656991630119,-0.1598645332706014,-0.3654248227816956,-0.8786064241025079,lying,karol
1672331723773706400,-0.059707456889423,-0.1561773887040978,-0.3670323467224066,-0.8780429652461845,lying,karol
1672331723783706400,-0.0508207132776859,-0.1598807784713297,-0.3654509176560538,-0.8785952315284936,lying,karol
1672331723793706400,-0.0596616882578182,-0.1562076550064081,-0.3670630089184556,-0.8780278900432559,lying,karol
1672331723803706400,-0.0507764562181834,-0.1599211326897623,-0.3654839434958323,-0.8785767251151705,lying,karol
1672331723813706400,-0.0645232617384628,-0.1541968951246405,-0.3679642163959079,-0.8776622410514746,lying,karol
1672331723823706400,-0.0556525944550314,-0.1579078201706751,-0.3664077537779385,-0.8782607189676537,lying,karol
1672331723833706400,-0.0418981993053467,-0.1636339714960222,-0.363911821773564,-0.8790138163644698,lying,karol
1672331723843706400,-0.0507382229008416,-0.1599938806122171,-0.365552165984085,-0.8785373404398287,lying,karol
1672331723853706400,-0.0418427193630662,-0.1637075164361883,-0.3639219684411159,-0.8789985805528306,lying,karol
1672331723863706400,-0.0280370938001594,-0.1694278818141957,-0.361315286764631,-0.8795385487982547,lying,karol
1672331723873706400,-0.0368820318387186,-0.1658231999210311,-0.3630121819348079,-0.879200336660095,lying,karol
1672331723883706400,-0.0230724394294826,-0.1715295363867716,-0.360374224200064,-0.8796615295210156,lying,karol
1672331723893706400,-0.0319122870479079,-0.1679379866098414,-0.3620927768727819,-0.8793724921880592,lying,karol
1672331723903706400,-0.0407393768158979,-0.164325046329916,-0.3637722377764713,-0.8789971985338949,lying,karol
1672331723913706400,-0.0544842688324113,-0.158632985376217,-0.3663091869644104,-0.8782444798412931,lying,karol
1672331723923706400,-0.0455922318982844,-0.1623325110584492,-0.3646938794635729,-0.878747197510345,lying,karol
1672331723933706400,-0.054433226023679,-0.1586643619220462,-0.3663199260764989,-0.8782375119133426,lying,karol
1672331723943706400,-0.0406075727169266,-0.1644127572985529,-0.3637875090641895,-0.8789806046327591,lying,karol
1672331723953706400,-0.0494444852320012,-0.160756709315523,-0.3654348940509136,-0.8785207220586341,lying,karol
1672331723963706400,-0.058279155677285,-0.1570700746267225,-0.3670444911523281,-0.8779747622856495,lying,karol
1672331723973706400,-0.0493860766005518,-0.1607715108080852,-0.3654433733382655,-0.8785177857670347,lying,karol
1672331723983706400,-0.0404841192252848,-0.1644688821942151,-0.3638055642091378,-0.8789683548115544,lying,karol
1672331723993706400,-0.0493243617077241,-0.1608097898338334,-0.3654559565671444,-0.8785090260926078,lying,karol
1672331724003706400,-0.0404273301482857,-0.1644997231860676,-0.363821742837721,-0.8789585138188929,lying,karol
1672331724013706400,-0.0492649382097861,-0.1608369133586624,-0.3654681822244538,-0.8785023214562333,lying,karol
1672331724023706400,-0.0630316297543694,-0.1550815329368524,-0.3679499515654907,-0.8776208988992834,lying,karol
1672331724033706400,-0.0541541061210051,-0.1587726347876822,-0.3663623788587959,-0.8782175564133361,lying,karol
1672331724043706400,-0.0452561175859305,-0.1624599233097658,-0.364739570120051,-0.878722139476644,lying,karol
1672331724053706400,-0.0590096953415943,-0.1567173302672651,-0.3672521928076172,-0.8779021974698115,lying,karol
1672331724063706400,-0.0727223402774353,-0.1509345009130127,-0.3696724712003731,-0.8768702420513793,lying,karol
1672331724073706400,-0.0638542179219136,-0.1546301590206777,-0.3681449237487448,-0.8775593429554718,lying,karol
1672331724083706400,-0.0549810989098923,-0.1583200574926068,-0.3665764181400089,-0.8781585906545422,lying,karol
1672331724093706400,-0.0461079578658247,-0.1620021329337521,-0.364968988240794,-0.8786671458967268,lying,karol
1672331724103706400,-0.0549701070904645,-0.1583093172424801,-0.3665968016020449,-0.8781527150537102,lying,karol
1672331724113706400,-0.0412458565605882,-0.1640071033525679,-0.3640900969414549,-0.8789014832178045,lying,karol
1672331724123706400,-0.0500974100447677,-0.160329091939924,-0.3657406923262063,-0.8784347176599818,lying,karol
1672331724133706400,-0.0363192143624347,-0.1660271771028624,-0.3632008093488107,-0.8791075293129487,lying,karol
1672331724143706400,-0.0274104960920066,-0.1696854760187911,-0.3615246504403758,-0.8794227793739718,lying,karol
1672331724153706400,-0.0362527513161449,-0.1660350582774345,-0.3632378559241511,-0.8790934876071769,lying,karol
1672331724163706400,-0.0450984343039985,-0.1623657386108736,-0.3649052338564397,-0.8786789395703611,lying,karol
1672331724173706400,-0.0539447123846857,-0.1586726856186399,-0.3665273344846447,-0.8781797525600151,lying,karol
1672331724183706400,-0.040137555527371,-0.1643934656767116,-0.363985473446271,-0.8789239815969263,lying,karol
1672331724193706400,-0.0489733369327021,-0.1607154055285071,-0.3656170154582907,-0.8784790275602653,lying,karol
1672331724203706400,-0.0578025203242107,-0.1570076833184695,-0.3672093847618389,-0.8779486122042555,lying,karol
1672331724213706400,-0.0489129536177122,-0.160684660663206,-0.3655961142710045,-0.878496724335929,lying,karol
1672331724223706400,-0.062644777951075,-0.1549290606934619,-0.368062614415853,-0.8776283889890807,lying,karol
1672331724233706400,-0.0537651659647054,-0.1586229859385674,-0.3664761871147676,-0.8782211163158926,lying,karol
1672331724243706400,-0.0674648727029186,-0.1528822226132892,-0.3689110358061633,-0.8772737578474626,lying,karol
1672331724253706400,-0.0585861932216631,-0.1565951118875824,-0.3673491972733998,-0.8779118918510386,lying,karol
1672331724263706400,-0.0496990996002899,-0.1603023569381494,-0.3657518339101001,-0.8784576573004096,lying,karol
1672331724273706400,-0.040802686430459,-0.1639989025344945,-0.364116878940747,-0.8789126895510985,lying,karol
1672331724283706400,-0.054535413255784,-0.1582937425462015,-0.3666435758289748,-0.8781631935270358,lying,karol
1672331724293706400,-0.045646453010921,-0.1619864624663289,-0.36503116773437,-0.8786684071409779,lying,karol
1672331724303706400,-0.0318160538728432,-0.1677083468281401,-0.3624499504579032,-0.8792728973542822,lying,karol
1672331724313706400,-0.040662091367999,-0.1640642015615434,-0.3641369506512147,-0.8788987250010183,lying,karol
1672331724323706400,-0.0495062169388897,-0.1603952349565451,-0.3657861450928766,-0.878437342750123,lying,karol
1672331724333706400,-0.0406054432277181,-0.1640909570050522,-0.3641559160873349,-0.8788885038816387,lying,karol
1672331724343706400,-0.0316906817508635,-0.1677790486715042,-0.3624884961809789,-0.8792480715457066,lying,karol
1672331724353706400,-0.0405206973308054,-0.1641374638956622,-0.3641730171084377,-0.8788766588613723,lying,karol
1672331724363706400,-0.0542745363850859,-0.1584196708038829,-0.3667125623931047,-0.8781278911609577,lying,karol
1672331724373706400,-0.0631132568491135,-0.1547183818849399,-0.3682992882815769,-0.8775327914593435,lying,karol
1672331724383706400,-0.0493786886159228,-0.1604575274932055,-0.3658436376597969,-0.8784092443844006,lying,karol
1672331724393706400,-0.0404797697445116,-0.1641698982947132,-0.364212173882514,-0.8788562915501146,lying,karol
1672331724403706400,-0.0266599243633465,-0.16989858884964,-0.3615937164636217,-0.879376468184306,lying,karol
1672331724413706400,-0.0354927583093242,-0.16629388850111,-0.3632873862147343,-0.8790552693505199,lying,karol
1672331724423706400,-0.049258721184391,-0.1606105219811812,-0.3658501861980879,-0.8783853242387536,lying,karol
1672331724433706400,-0.0629864170691943,-0.1548854737229965,-0.3683160982412474,-0.8775054209241708,lying,karol
1672331724443706400,-0.0541007705079726,-0.1586078926999063,-0.3667264468092122,-0.8780989008150456,lying,karol
1672331724453706400,-0.0403029482914933,-0.1643580714135259,-0.3641874754926743,-0.8788395276946298,lying,karol
1672331724463706400,-0.0491377745734624,-0.1607070893942471,-0.3658153161503098,-0.8783889874417284,lying,karol
1672331724473706400,-0.0353669192862726,-0.1664309733235413,-0.3632424628875141,-0.8790530050506942,lying,karol
1672331724483706400,-0.0442052143515093,-0.1627965041722911,-0.3648891459832777,-0.8786515127090495,lying,karol
1672331724493706400,-0.0530412887264195,-0.1591338597078896,-0.3664990639569054,-0.8781633428535375,lying,karol
1672331724503706400,-0.0441367811963796,-0.1628392091374614,-0.3648586050660617,-0.8786597352844097,lying,karol
1672331724513706400,-0.0303676750729677,-0.1685330671096249,-0.3622578713639563,-0.8792457279896015,lying,karol
1672331724523706400,-0.0391972191546375,-0.1648906513327942,-0.36393317498106,-0.8788951649016691,lying,karol
1672331724533706400,-0.0480257895207218,-0.1612205462417208,-0.3655773237504388,-0.8784555228833951,lying,karol
1672331724543706400,-0.056852231175783,-0.1575240351420066,-0.36719022944511,-0.8779264069327146,lying,karol
1672331724553706400,-0.0705433523789128,-0.1517600409785122,-0.3696169173373955,-0.8769294791179071,lying,karol
1672331724563706400,-0.0616726280685751,-0.1554677670769185,-0.3680773596315208,-0.8775960248628574,lying,karol
1672331724573706400,-0.0479240832733652,-0.1612018506895518,-0.3656161581888177,-0.8784483761662965,lying,karol
1672331724583706400,-0.0616060024656578,-0.1554917058005019,-0.3681042828988214,-0.8775851867028235,lying,karol
1672331724593706400,-0.0527236117878968,-0.1592055566934458,-0.3665294482602951,-0.8781568664122987,lying,karol
1672331724603706400,-0.0438365653509426,-0.1629133604848409,-0.364917233996334,-0.8786367424755056,lying,karol
1672331724613706400,-0.0575472099912307,-0.1572065543565574,-0.3674319454411601,-0.8778369523223558,lying,karol
1672331724623706400,-0.0713225281011689,-0.1514105630503635,-0.3698676179201962,-0.8768212047792064,lying,karol
1672331724633706400,-0.0624661699591078,-0.155112920464166,-0.3683314859272577,-0.8774961124290701,lying,karol
1672331724643706400,-0.0535961886644937,-0.1588068951570052,-0.3667575930716377,-0.8780810025332727,lying,karol
1672331724653706400,-0.0398297275027935,-0.1645182284646525,-0.3642350003478183,-0.8788115717481246,lying,karol
1672331724663706400,-0.0309246919735785,-0.1681922422929126,-0.3625647929065996,-0.8791651617931752,lying,karol
1672331724673706400,-0.0446741935536374,-0.162496538122929,-0.3651701918128856,-0.878566679333127,lying,karol
1672331724683706400,-0.0583898588978086,-0.1567546187105799,-0.3676750095375896,-0.8777603873646677,lying,karol
1672331724693706400,-0.0495033320178157,-0.1604336288777497,-0.3660724374832998,-0.8783114740794626,lying,karol
1672331724703706400,-0.0406036130841363,-0.1641125042936111,-0.3644292126117727,-0.8787715251041774,lying,karol
1672331724713706400,-0.0543485937408283,-0.1583823682993678,-0.3669514548836569,-0.8780304693999972,lying,karol
1672331724723706400,-0.0454519192160818,-0.1620729474783259,-0.3653221887082675,-0.878541865207091,lying,karol
1672331724733706400,-0.0542876533222458,-0.1583820220441688,-0.3669284078286584,-0.8780439428378127,lying,karol
1672331724743706400,-0.045392213696613,-0.1620793958673843,-0.3652974817861371,-0.8785540457088866,lying,karol
1672331724753706400,-0.0542320219953891,-0.1583950150789794,-0.3669037851291742,-0.8780553364633623,lying,karol
1672331724763706400,-0.0453323128620694,-0.162096442502267,-0.3652741121021108,-0.8785637213538288,lying,karol
1672331724773706400,-0.0314967755788987,-0.1678264410631937,-0.3626732030188183,-0.879170098311774,lying,karol
1672331724783706400,-0.0403268701039297,-0.1641871991518506,-0.3643389286925766,-0.8788077934335665,lying,karol
1672331724793706400,-0.0491546397115223,-0.1605198388963161,-0.3659695106530047,-0.8783582505373647,lying,karol
1672331724803706400,-0.0402446599948956,-0.1642104374552298,-0.3643269977041832,-0.8788121791092823,lying,karol
1672331724813706400,-0.0264561184787354,-0.1698974624113456,-0.3617099129695895,-0.8793353071523591,lying,karol
1672331724823706400,-0.0353043472128206,-0.1662495714087984,-0.3634006614093629,-0.8790246674269832,lying,karol
1672331724833706400,-0.0214934094305853,-0.1719283906342532,-0.3607386965370294,-0.8794748334067757,lying,karol
1672331724843706400,-0.0303492631960428,-0.1682923434902286,-0.3624456981724884,-0.8792152505284181,lying,karol
1672331724853706400,-0.0391979479848929,-0.1646338830367285,-0.3641184898092039,-0.8788666945572113,lying,karol
1672331724863706400,-0.0254086613735402,-0.1703127939698224,-0.3614946097354497,-0.8793744032495125,lying,karol
1672331724873706400,-0.0342514756104537,-0.1666647244359826,-0.3632029634749245,-0.8790694298739273,lying,karol
1672331724883706400,-0.043094395361963,-0.1629880724369848,-0.364879203265551,-0.8786755292663323,lying,karol
1672331724893706400,-0.0568673321956205,-0.1572340731695028,-0.367405403907131,-0.8778875710263888,lying,karol
1672331724903706400,-0.0479952495321824,-0.1609170476892152,-0.3658095629575094,-0.8784163573231467,lying,karol
1672331724913706400,-0.0568420551127975,-0.1572135835334029,-0.3674168538597058,-0.8778880946144427,lying,karol
1672331724923706400,-0.0479619509001614,-0.1609031346087147,-0.365806368271029,-0.8784220643018349,lying,karol
1672331724933706400,-0.0341952964171083,-0.1666009377727659,-0.3632375970856591,-0.8790694262574883,lying,karol
1672331724943706400,-0.0430259351193874,-0.1629449057240851,-0.3648932079207217,-0.878681104155333,lying,karol
1672331724953706400,-0.0292245952230107,-0.1686524954268096,-0.3622925663070163,-0.8792475058629493,lying,karol
1672331724963706400,-0.0380521677401701,-0.1650239013441389,-0.3639759578969422,-0.8789029987932219,lying,karol
1672331724973706400,-0.0291316753504113,-0.1687279645596289,-0.3622911311374979,-0.8792367174009672,lying,karol
1672331724983706400,-0.037939702862519,-0.1651258801883972,-0.3639746780963003,-0.8788892552999751,lying,karol
1672331724993706400,-0.0241280624912571,-0.1708581336025016,-0.3613456707399455,-0.879365980102467,lying,karol
1672331725003706400,-0.0329477549245149,-0.1672718443347324,-0.363051923768755,-0.8790664251910107,lying,karol
1672331725013706400,-0.0466897793428535,-0.1616114147402007,-0.3656313354629632,-0.8784335269029059,lying,karol
1672331725023706400,-0.0377801444801528,-0.1653304859540666,-0.363976520972171,-0.8788569377175373,lying,karol
1672331725033706400,-0.0466137088330248,-0.1616857029456393,-0.3656196798458841,-0.8784287628893359,lying,karol
1672331725043706400,-0.0554502813575096,-0.1580111279132113,-0.3672180773366464,-0.8779171886193582,lying,karol
1672331725053706400,-0.0465588836226084,-0.1617220276480934,-0.3655829384275916,-0.8784402866580068,lying,karol
1672331725063706400,-0.0602802156099663,-0.1559901272316715,-0.3680497681448966,-0.8776119409480291,lying,karol
1672331725073706400,-0.0513854213605688,-0.1596875309222717,-0.3664313589725458,-0.8781898845660108,lying,karol
1672331725083706400,-0.0376285234013081,-0.1653775065521757,-0.3638673176808106,-0.8788998466312878,lying,karol
1672331725093706400,-0.0464543362510497,-0.1616982757763533,-0.3654933091814324,-0.8784875078708416,lying,karol
1672331725103706400,-0.0601999261425072,-0.1559361425243334,-0.3679617406429986,-0.8776639745572328,lying,karol
1672331725113706400,-0.0512967000567906,-0.1596280407291956,-0.3663421274490154,-0.8782431314910354,lying,karol
1672331725123706400,-0.0375330726870293,-0.1653269104985668,-0.3637798678936078,-0.8789496648088041,lying,karol
1672331725133706400,-0.0463496244029376,-0.1616669482868106,-0.3654029464634001,-0.878536414142561,lying,karol
1672331725143706400,-0.0325057172286713,-0.1673963565809934,-0.3627891157831019,-0.8791677539508789,lying,karol
1672331725153706400,-0.0413288831243103,-0.1637535498072226,-0.36443140012526,-0.8788040206934343,lying,karol
1672331725163706400,-0.0550226847951265,-0.158053122466839,-0.366918862941311,-0.8780616871153598,lying,karol
1672331725173706400,-0.046110412572297,-0.1617567974889795,-0.3652736429969316,-0.8785862551149859,lying,karol
1672331725183706400,-0.032257952044234,-0.1674922853512666,-0.3626581994303408,-0.8792126436795579,lying,karol
1672331725193706400,-0.0410795852681819,-0.16385579407209,-0.3643021685203792,-0.8788502545410409,lying,karol
1672331725203706400,-0.0547678032385035,-0.1581623475096996,-0.3667911212339471,-0.8781113462194059,lying,karol
1672331725213706400,-0.0458549743298004,-0.1618652571171824,-0.3651455878429078,-0.8786328999769122,lying,karol
1672331725223706400,-0.0596000108787399,-0.1561285185695585,-0.3676137351487692,-0.87781660355169,lying,karol
1672331725233706400,-0.050694212060438,-0.1598329180074582,-0.3659890031330208,-0.8783881363647562,lying,karol
1672331725243706400,-0.0369005634949326,-0.1655496128483215,-0.3634145292556313,-0.8790857167323852,lying,karol
1672331725253706400,-0.0457262270671831,-0.1618965569573632,-0.3650402585799127,-0.8786776314284697,lying,karol
1672331725263706400,-0.0594688222888804,-0.1561619083553372,-0.367509005783319,-0.8778634356241591,lying,karol
1672331725273706400,-0.050563352720284,-0.1598637384997887,-0.3658846650398141,-0.8784335591214374,lying,karol
1672331725283706400,-0.0367658264575163,-0.1655793787782243,-0.363309812428355,-0.8791290616328271,lying,karol
1672331725293706400,-0.0455919171889076,-0.1619278584245247,-0.3649366924309,-0.8787218842324032,lying,karol
1672331725303706400,-0.0593311119714283,-0.156197457144018,-0.3674061217381357,-0.8779095163444207,lying,karol
1672331725313706400,-0.0504244329538987,-0.1599004362431892,-0.3657823354062261,-0.8784775033548711,lying,karol
1672331725323706400,-0.0366215733740488,-0.1656185128509846,-0.3632070317813864,-0.8791702022299632,lying,karol
1672331725333706400,-0.0454475385946766,-0.1619697276193604,-0.3648350961727393,-0.8787638563116036,lying,karol
1672331725343706400,-0.0591833292125448,-0.1562433685712336,-0.3673053064685431,-0.8779535291185883,lying,karol
1672331725353706400,-0.0502762978263901,-0.1599454988522452,-0.3656818312064216,-0.8785196548094929,lying,karol
1672331725363706400,-0.0364689551178154,-0.1656639826324594,-0.3631058778391011,-0.8792097850383777,lying,karol
1672331725373706400,-0.0452952261505604,-0.162016840311697,-0.3647351599337334,-0.8788045423717309,lying,karol
1672331725383706400,-0.0590271321636988,-0.1562954828540523,-0.3672062061283695,-0.8779962452814832,lying,karol
1672331725393706400,-0.0501185421301049,-0.1599996775956945,-0.3655830609680763,-0.8785599327812451,lying,karol
1672331725403706400,-0.036305622418366,-0.1657211649000663,-0.3630062660710111,-0.8792469239951793,lying,karol
1672331725413706400,-0.0451312941730966,-0.162077684025806,-0.364636792444081,-0.8788426000935549,lying,karol
1672331725423706400,-0.058858933989344,-0.1563619752537309,-0.367108824745411,-0.8780364429494539,lying,karol
1672331725433706400,-0.0499492837192684,-0.1600670912824567,-0.3654857393136326,-0.8785978065862124,lying,karol
1672331725443706400,-0.0361315039380903,-0.1657898480897872,-0.3629077977011522,-0.8792818190869313,lying,karol
1672331725453706400,-0.0449575827839147,-0.1621475611153231,-0.3645396449843854,-0.8788789382039871,lying,karol
1672331725463706400,-0.0586825304040281,-0.1564335836143724,-0.3670126333728742,-0.8780757304494217,lying,karol
1672331725473706400,-0.0497736725071114,-0.1601351967105792,-0.3653892972663867,-0.8786354983610947,lying,karol
1672331725483706400,-0.0359526293919189,-0.1658553093562692,-0.3628101190188968,-0.8793171384133284,lying,karol
1672331725493706400,-0.0447805002444313,-0.1622109482339855,-0.3644432869290717,-0.8789162665480492,lying,karol
1672331725503706400,-0.0585033798911475,-0.1564971698153551,-0.3669171023955012,-0.8781163013129397,lying,karol
1672331725513706400,-0.0495951122403511,-0.1601957511740877,-0.365293655829806,-0.8786743479887477,lying,karol
1672331725523706400,-0.0357698871495131,-0.1659153096229797,-0.362713417344197,-0.8793531890701144,lying,karol
1672331725533706400,-0.0445977377505817,-0.1622731562098345,-0.3643478501414678,-0.8789536666417942,lying,karol
1672331725543706400,-0.0583158187040998,-0.1565659064816465,-0.3668226606756863,-0.8781560041873866,lying,karol
1672331725553706400,-0.0494054305212993,-0.1602679870597221,-0.3651993684649904,-0.8787110772708626,lying,karol
1672331725563706400,-0.0355735849055508,-0.1659928027033437,-0.3626179099563371,-0.8793859400823489,lying,karol
1672331725573706400,-0.04439890018527,-0.1623586502997504,-0.3642536457631362,-0.878987013024452,lying,karol
1672331725583706400,-0.0581104091184467,-0.1566617507094261,-0.366729782070642,-0.8781913429365867,lying,karol
1672331725593706400,-0.049197350742509,-0.1603687144945209,-0.3651062916828635,-0.8787430762145485,lying,karol
1672331725603706400,-0.0353595536468408,-0.1660971721464177,-0.3625229940461804,-0.8794140223935468,lying,karol
1672331725613706400,-0.0441867784817836,-0.1624603841469287,-0.3641603274107129,-0.8790175943977332,lying,karol
1672331725623706400,-0.0578969334505773,-0.1567612661812377,-0.366637676303379,-0.8782261659090195,lying,karol
1672331725633706400,-0.0489858615683928,-0.16046197109495,-0.3650134470494923,-0.8787764612542772,lying,karol
1672331725643706400,-0.0351455985914065,-0.1661855791468431,-0.3624283809883876,-0.8794449178691585,lying,karol
1672331725653706400,-0.0439748609037037,-0.1625459305041002,-0.3640672133106771,-0.8790510005479236,lying,karol
1672331725663706400,-0.057683700676286,-0.1568445181712622,-0.3665455644574953,-0.8782638059438456,lying,karol
1672331725673706400,-0.0487753558062558,-0.1605371331562011,-0.3649207235420451,-0.878812975277651,lying,karol
1672331725683706400,-0.0349320775850857,-0.1662569947794051,-0.3623342079752686,-0.8794787549528553,lying,karol
1672331725693706400,-0.0437610331611998,-0.1626200691493663,-0.3639743095223255,-0.8790864546472007,lying,karol
1672331725703706400,-0.0574634951085398,-0.1569282419976019,-0.366453738784237,-0.8783016276867085,lying,karol
1672331725713706400,-0.0485506295193904,-0.160630129929523,-0.3648290170072772,-0.8788465252759621,lying,karol
1672331725723706400,-0.0346979344679411,-0.1663615098789953,-0.36224079946365,-0.8795067618469938,lying,karol
1672331725733706400,-0.0435233818988626,-0.1627346492482347,-0.3638823005556163,-0.8791151635146917,lying,karol
1672331725743706400,-0.0572195504134102,-0.1570517048013683,-0.3663633071628377,-0.8783332358077618,lying,karol
1672331725753706400,-0.0483056305419919,-0.160754685335014,-0.3647378629725968,-0.878875110633637,lying,karol
1672331725763706400,-0.0620586929646717,-0.1550271442379902,-0.3671979950737384,-0.8780157275734078,lying,karol
1672331725773706400,-0.0531528489293192,-0.1587296154414805,-0.365593006134168,-0.8786080643181146,lying,karol
1672331725783706400,-0.0393624160373836,-0.1644375524856162,-0.3630448531711087,-0.8793406790500938,lying,karol
1672331725793706400,-0.0481941289946609,-0.1607870235210343,-0.364667799328958,-0.8789044143570538,lying,karol
1672331725803706400,-0.0619466786165889,-0.1550572772999128,-0.3671281842121158,-0.878047533631424,lying,karol
1672331725813706400,-0.0530408609872316,-0.1587584620846543,-0.365523288217958,-0.8786386512712477,lying,karol
1672331725823706400,-0.0392450861326681,-0.1644713215944716,-0.3629746791712451,-0.8793686010975381,lying,karol
1672331725833706400,-0.0480751811425253,-0.1608262800524164,-0.3645984461195383,-0.8789325430336361,lying,karol
1672331725843706400,-0.0618242395759446,-0.1551012400669812,-0.3670594897142019,-0.8780771424269774,lying,karol
1672331725853706400,-0.0529179730893145,-0.158802361676338,-0.3654546750764076,-0.8786666931415658,lying,karol
1672331725863706400,-0.0391188137728992,-0.1645155015680023,-0.3629053226357476,-0.8793946127302872,lying,karol
1672331725873706400,-0.0479485646647951,-0.1608728925198494,-0.364530048344688,-0.8789593234220993,lying,karol
1672331725883706400,-0.0616939860330154,-0.1551527563261464,-0.3669918562726609,-0.8781054967062458,lying,karol
1672331725893706400,-0.052786733871463,-0.1588551287330658,-0.3653870850426689,-0.8786931827261611,lying,karol
1672331725903706400,-0.0389836197448448,-0.1645698860886997,-0.3628368098150575,-0.8794187357461064,lying,karol
1672331725913706400,-0.0478135291074594,-0.1609284336675135,-0.3644625237740537,-0.87898453835792,lying,karol
1672331725923706400,-0.0615561800652537,-0.155210972310196,-0.3669250835823647,-0.878132808258252,lying,karol
1672331725933706400,-0.052648258917081,-0.15891384597528,-0.36532019067193,-0.8787187119412105,lying,karol
1672331725943706400,-0.0388416147495087,-0.1646291416866472,-0.3627688227860337,-0.8794420008403567,lying,karol
1672331725953706400,-0.0476726867523092,-0.1609864292821932,-0.3643955452199797,-0.8790093623139882,lying,karol
1672331725963706400,-0.0614135834266394,-0.155269126442034,-0.3668587819781684,-0.8781602376898819,lying,karol
1672331725973706400,-0.0525063816721233,-0.1589691634346673,-0.3652535748050841,-0.8787449122676952,lying,karol
1672331725983706400,-0.0386962433341527,-0.1646848057211463,-0.3627011599717041,-0.8794659202159585,lying,karol
1672331725993706400,-0.04752635767498,-0.1610458479834376,-0.3643288552180567,-0.8790340705322296,lying,karol
1672331726003706400,-0.0612633481311316,-0.1553336799583084,-0.366792952278312,-0.8781868382766759,lying,karol
1672331726013706400,-0.0523551599324858,-0.1590349944345987,-0.3651875829601971,-0.8787694753139775,lying,karol
1672331726023706400,-0.0385415434274876,-0.164750903334997,-0.3626339192514213,-0.8794880866845564,lying,karol
1672331726033706400,-0.0473728709200531,-0.1611105065379225,-0.3642626677919753,-0.8790579619073245,lying,karol
1672331726043706400,-0.0611085591840723,-0.1553971743103917,-0.3667274478069103,-0.8782137712582496,lying,karol
1672331726053706400,-0.0522017076965228,-0.1590941686025883,-0.3651215940951782,-0.8787953382870786,lying,karol
1672331726063706400,-0.0383855757410309,-0.1648078927407782,-0.3625667356433872,-0.879511953965922,lying,karol
1672331726073706400,-0.0472175128933688,-0.1611675252183357,-0.3641964700190717,-0.8790833216971963,lying,karol
1672331726083706400,-0.060949224956248,-0.1554593215414675,-0.3666620551971025,-0.8782411739683147,lying,karol
1672331726093706400,-0.0520402977618627,-0.1591601897183873,-0.3650562023251387,-0.8788201481000979,lying,karol
1672331726103706400,-0.0382184335004236,-0.1648793882396262,-0.3625001536338226,-0.8795333026895393,lying,karol
1672331726113706400,-0.0470484091385927,-0.1612450273984629,-0.3641309510645781,-0.8791053424817257,lying,karol
1672331726123706400,-0.060775345283914,-0.1555435533781911,-0.3665976324266242,-0.8782652286190235,lying,karol
1672331726133706400,-0.0518652787013157,-0.1592461053179636,-0.3649913613605787,-0.8788418876972504,lying,karol
1672331726143706400,-0.0380396181069961,-0.1649660995261266,-0.3624336442082217,-0.8795522297114142,lying,karol
1672331726153706400,-0.0468701824405185,-0.1613316318208552,-0.3640656183159525,-0.8791260575574775,lying,karol
1672331726163706400,-0.060594791034116,-0.155630911002896,-0.3665332804928825,-0.878289112563692,lying,karol
1672331726173706400,-0.0516852109225927,-0.1593312314187508,-0.3649263214053482,-0.8788641015040726,lying,karol
1672331726183706400,-0.0378564972762595,-0.1650500953966625,-0.3623668980147045,-0.8795718989042569,lying,karol
1672331726193706400,-0.0466888808284907,-0.161412629364765,-0.364000043331536,-0.8791480157768384,lying,karol
1672331726203706400,-0.060412093441239,-0.1557104104399138,-0.3664685434497404,-0.8783146467107236,lying,karol
1672331726213706400,-0.0515034442301105,-0.1594073981782887,-0.3648609549619221,-0.8788881250356739,lying,karol
1672331726223706400,-0.0376710891315368,-0.1651263771709011,-0.3623000157815467,-0.8795931187518535,lying,karol
1672331726233706400,-0.0465017317212172,-0.1614943650008375,-0.36393424945022,-0.8791701881499897,lying,karol
1672331726243706400,-0.0602195424207853,-0.1558000006713399,-0.3664038936250138,-0.8783389796276082,lying,karol
1672331726253706400,-0.0513091758771855,-0.1595000426245635,-0.3647958989145904,-0.8789097099108892,lying,karol
1672331726263706400,-0.0374719063665921,-0.1652221375910122,-0.3622331927542783,-0.8796111913792097,lying,karol
1672331726273706400,-0.0463025437626749,-0.1615913798525999,-0.3638686965417927,-0.8791900339619599,lying,karol
1672331726283706400,-0.0600171399039499,-0.1558994585151315,-0.366339508551801,-0.8783620673008717,lying,karol
1672331726293706400,-0.0511067727458021,-0.1595984483271825,-0.3647307651052926,-0.8789306960267574,lying,karol
1672331726303706400,-0.0372665482709038,-0.1653188343474784,-0.3621660916618881,-0.8796294032869917,lying,karol
1672331726313706400,-0.0460987628985854,-0.1616855852282203,-0.3638028852713071,-0.8792106831014274,lying,karol
1672331726323706400,-0.0598108185026739,-0.1559944220050703,-0.3662747539192579,-0.8783863109726845,lying,karol
1672331726333706400,-0.0509000873349098,-0.1596931977677192,-0.3646653467922356,-0.8789526496186648,lying,karol
1672331726343706400,-0.0370545650232957,-0.1654173230152972,-0.3620988190983491,-0.8796475639479526,lying,karol
1672331726353706400,-0.0458852935202504,-0.1617887982184146,-0.3637368461117597,-0.8792302120964879,lying,karol
1672331726363706400,-0.059592810105236,-0.156102908489928,-0.3662099916567894,-0.878408883617019,lying,karol
1672331726373706400,-0.0506815431164695,-0.1598019074174691,-0.3645997720941535,-0.8789727498751523,lying,karol
1672331726383706400,-0.0368327894355181,-0.1655247127374432,-0.3620310624794854,-0.879664591515635,lying,karol
1672331726393706400,-0.0456641655194656,-0.1618958340959137,-0.3636704333815911,-0.8792495202527922,lying,karol
1672331726403706400,-0.0593674228717102,-0.1562143959691438,-0.3661448489468921,-0.8784315071219884,lying,karol
1672331726413706400,-0.050455467152676,-0.1599139609191832,-0.364533757733152,-0.8789927834588032,lying,karol
1672331726423706400,-0.0366024323669281,-0.1656377730565385,-0.3619627509217791,-0.8796810623399427,lying,karol
1672331726433706400,-0.0454351238483295,-0.1620069122967616,-0.3636034545238657,-0.8792686527002286,lying,karol
1672331726443706400,-0.05913741085128,-0.1563219884338748,-0.3660789324246473,-0.8784553802841951,lying,karol
1672331726453706400,-0.0502269778784196,-0.1600167679350686,-0.3644667595682281,-0.8790149683992233,lying,karol
1672331726463706400,-0.0639843883182523,-0.1542907182681114,-0.3669210626060371,-0.8781234346281149,lying,karol
1672331726473706400,-0.0550799532774484,-0.1579902311751836,-0.3653295181728329,-0.8787326672958643,lying,karol
1672331726483706400,-0.0412863623139161,-0.1636995594415493,-0.3627988092570312,-0.8794921249564303,lying,karol
1672331726493706400,-0.050120268712425,-0.1600558361473234,-0.3644204196676494,-0.8790331851323252,lying,karol
1672331726503706400,-0.0638753742228087,-0.154331938493088,-0.3668752122017174,-0.8781433108486135,lying,karol
1672331726513706400,-0.0549709875972561,-0.158030555060597,-0.3652835122654974,-0.8787513913424132,lying,karol
1672331726523706400,-0.0411749075706131,-0.1637396841257271,-0.3627519991361532,-0.8795092150927759,lying,karol
1672331726533706400,-0.0500087668832649,-0.1600971498805754,-0.3643743415840036,-0.8790511396235688,lying,karol
1672331726543706400,-0.0637606464148712,-0.1543775050501231,-0.36682976390612,-0.8781626516944193,lying,karol
1672331726553706400,-0.0548544803744418,-0.1580796440965369,-0.3652381613026096,-0.8787687191919217,lying,karol
1672331726563706400,-0.0410534834385581,-0.1637944054030073,-0.3627058640418181,-0.8795237553551922,lying,karol
1672331726573706400,-0.0498849882442898,-0.1601584397914856,-0.3643291011336221,-0.8790657856884064,lying,karol
1672331726583706400,-0.0636328844285881,-0.1544445944991845,-0.3667854735116318,-0.8781786484938333,lying,karol
1672331726593706400,-0.0547263036755963,-0.1581470362829044,-0.365193479261177,-0.8787831814088275,lying,karol
1672331726603706400,-0.0409229246234405,-0.1638613316948262,-0.3626598677988047,-0.8795363669313996,lying,karol
1672331726613706400,-0.0497555220892403,-0.1602237000274557,-0.3642840139977508,-0.8790799423306367,lying,karol
1672331726623706400,-0.0635019499156399,-0.1545095851759813,-0.3667411031745126,-0.8781952511991602,lying,karol
1672331726633706400,-0.0545957838468679,-0.1582103094169305,-0.3651485969015188,-0.8787985877099845,lying,karol
1672331726643706400,-0.0407909245359722,-0.163921832330389,-0.3626136306074453,-0.8795503152902306,lying,karol
1672331726653706400,-0.0496254484836084,-0.1602805688816091,-0.3642385565595182,-0.8790957903231469,lying,karol
1672331726663706400,-0.0633703750174959,-0.154566227022924,-0.3666961585909144,-0.8782135825315881,lying,karol
1672331726673706400,-0.0544649233191737,-0.158264436821201,-0.365103109723941,-0.8788158870700469,lying,karol
1672331726683706400,-0.0406577093855052,-0.1639751073312936,-0.3625669445550351,-0.8795658253916999,lying,karol
1672331726693706400,-0.0494922213148263,-0.1603348390733224,-0.3641926105975153,-0.8791124667233255,lying,karol
1672331726703706400,-0.0632341598937836,-0.1546237451929289,-0.3666508545030154,-0.8782322178193736,lying,karol
1672331726713706400,-0.0543270241536436,-0.1583252162095282,-0.3650576584879115,-0.8788323828531027,lying,karol
1672331726723706400,-0.0405144895670684,-0.1640421156745301,-0.3625203947073447,-0.8795791530034118,lying,karol
1672331726733706400,-0.0493469927713077,-0.1604075097116812,-0.3641469664172177,-0.8791263084969188,lying,karol
1672331726743706400,-0.063085213960316,-0.1547011610938292,-0.3666061766521078,-0.8782479740074608,lying,karol
1672331726753706400,-0.0541776812218709,-0.158402859504412,-0.365012422060723,-0.8788464271661973,lying,karol
1672331726763706400,-0.0403625774284415,-0.1641193482568603,-0.3624735998102118,-0.8795910418684971,lying,karol
1672331726773706400,-0.0491957622310253,-0.1604839932926614,-0.3641011403855655,-0.8791398329380885,lying,karol
1672331726783706400,-0.0629320963944346,-0.1547779420140522,-0.3665611764631963,-0.8782642410066187,lying,karol
1672331726793706400,-0.0540250260794612,-0.1584777830164544,-0.364966750269124,-0.8788613116212577,lying,karol
1672331726803706400,-0.0402076662140801,-0.1641929773528845,-0.3624264013299791,-0.8796038711946259,lying,karol
1672331726813706400,-0.0490422511197232,-0.1605552067411957,-0.3640549065643872,-0.8791545807543412,lying,karol
1672331726823706400,-0.0627774272264412,-0.1548477042062354,-0.3665156589727413,-0.8782820363395395,lying,karol
1672331726833706400,-0.0538717532287453,-0.1585434081100305,-0.364920532861258,-0.8788781024605481,lying,karol
1672331726843706400,-0.0400523388820545,-0.1642566596762405,-0.362378805332909,-0.8796187046324894,lying,karol
1672331726853706400,-0.0488870381582822,-0.1606195668271771,-0.364008197271131,-0.8791708369962364,lying,karol
1672331726863706400,-0.0626189881737629,-0.1549154720697172,-0.3664697294880468,-0.8783005887082557,lying,karol
1672331726873706400,-0.0537122464536651,-0.1586129358276684,-0.3648742550113972,-0.8788945607980466,lying,karol
1672331726883706400,-0.0398885735185578,-0.1643294351996862,-0.3623311611967395,-0.8796322070867646,lying,karol
1672331726893706400,-0.048722176151531,-0.1606958273849039,-0.3639614858364948,-0.8791854190242562,lying,karol
1672331726903706400,-0.0624504468622257,-0.1549960100553338,-0.3664239498505539,-0.8783175069525673,lying,karol
1672331726913706400,-0.053542977065722,-0.1586944331302478,-0.3648278935545663,-0.8789094503919018,lying,karol
1672331726923706400,-0.0397159730022735,-0.1644118601915179,-0.3622831198489415,-0.8796444293660047,lying,karol
1672331726933706400,-0.0485499566773385,-0.1607781828046867,-0.3639144066763032,-0.8791994048621559,lying,karol
1672331726943706400,-0.0622755493745534,-0.1550801172243698,-0.3663777431698127,-0.8783343814838364,lying,karol
1672331726953706400,-0.0533675774971317,-0.1587789398374117,-0.3647810102991206,-0.8789243423662949,lying,karol
1672331726963706400,-0.0395366039203427,-0.1644986940350449,-0.362234517887428,-0.879656317979285,lying,karol
1672331726973706400,-0.0483696092996717,-0.1608681546167432,-0.3638668178981742,-0.8792126111597943,lying,karol
1672331726983706400,-0.0620908316121756,-0.1551756929563227,-0.3663312802614358,-0.878349985531732,lying,karol
1672331726993706400,-0.0531814156814247,-0.1588772086451892,-0.364733890736545,-0.878937450314362,lying,karol
1672331727003706400,-0.039346491936335,-0.1645991766000687,-0.3621854601525884,-0.8796662731379093,lying,karol
1672331727013706400,-0.0481800137182919,-0.1609681981467603,-0.363818936521242,-0.8792245526015828,lying,karol
1672331727023706400,-0.0619000761040555,-0.1552735867751814,-0.3662844362454061,-0.8783657123342032,lying,karol
1672331727033706400,-0.0529925472693204,-0.1589697913652682,-0.3646859704301481,-0.8789520290464438,lying,karol
1672331727043706400,-0.0391562782772023,-0.1646875512625394,-0.3621356122427595,-0.8796787696228645,lying,karol
1672331727053706400,-0.0479916188838325,-0.1610531373210805,-0.3637702059495738,-0.8792394917309528,lying,karol
1672331727063706400,-0.0617094388510943,-0.1553589737277324,-0.366236627034898,-0.8783839903915042,lying,karol
1672331727073706400,-0.0528019333349732,-0.1590542813370423,-0.3646374708676897,-0.8789683642941499,lying,karol
1672331727083706400,-0.0389618938360352,-0.1647734683179195,-0.3620854005048446,-0.8796920079948563,lying,karol
1672331727093706400,-0.0477953170170482,-0.1611444596023391,-0.3637210456543053,-0.8792538171903496,lying,karol
1672331727103706400,-0.0615069055456217,-0.1554600081299345,-0.3661887443587832,-0.8784003103959652,lying,karol
1672331727113706400,-0.052595702072409,-0.1591633934820902,-0.3645891722864233,-0.8789810402881368,lying,karol
1672331727123706400,-0.0387491958698294,-0.1648904391801535,-0.3620350236667221,-0.8797002467023392,lying,karol
1672331727133706400,-0.0475815245337179,-0.161264717297478,-0.3636719230074546,-0.879263711017611,lying,karol
1672331727143706400,-0.0612905173579698,-0.1555810022348739,-0.3661409246803586,-0.8784139748554626,lying,karol
1672331727153706400,-0.0523812630047757,-0.159278911135239,-0.364539916502844,-0.8789933770298449,lying,karol
1672331727163706400,-0.0385329770644337,-0.1650023756130103,-0.3619833184526785,-0.8797100606643757,lying,karol
1672331727173706400,-0.0473658283810692,-0.1613761548915823,-0.3636214216753815,-0.8792758251602159,lying,karol
1672331727183706400,-0.0610720393390636,-0.1556935818084791,-0.3660915935948295,-0.878429833228877,lying,karol
1672331727193706400,-0.0521630645177221,-0.1593899639604581,-0.3644894617546929,-0.8790071733003676,lying,karol
1672331727203706400,-0.0383121624985127,-0.1651116417848208,-0.3619305213081704,-0.8797209547366672,lying,karol
1672331727213706400,-0.0471470085124958,-0.1614814815485992,-0.3635698497205291,-0.8792896017481353,lying,karol
1672331727223706400,-0.0608505707713408,-0.1557996979163493,-0.3660411326109763,-0.8784474442054773,lying,karol
1672331727233706400,-0.0519407645218359,-0.1594971986519423,-0.3644381592592671,-0.8790221849759928,lying,karol
1672331727243706400,-0.0656997500013604,-0.1537727978577576,-0.3668882339437814,-0.8781018610981813,lying,karol
1672331727253706400,-0.0567974005855302,-0.1574718099240833,-0.3653056142409679,-0.8787268574134726,lying,karol
1672331727263706400,-0.0430059946133034,-0.1631805280155336,-0.3627868111013936,-0.8795116479957041,lying,karol
1672331727273706400,-0.0518413311963597,-0.1595383554218035,-0.3644070031019875,-0.8790335302977619,lying,karol
1672331727283706400,-0.0655977084849023,-0.1538170409456568,-0.3668576536734749,-0.8781145451912448,lying,karol
1672331727293706400,-0.056694238983373,-0.1575182292303889,-0.3652749550480815,-0.878737972400082,lying,karol
1672331727303706400,-0.0428997178359178,-0.1632294870458835,-0.3627553071305558,-0.8795207753881155,lying,karol
1672331727313706400,-0.0517341643442291,-0.1595900697520409,-0.3643762176520071,-0.8790432461152812,lying,karol
1672331727323706400,-0.0654872831981561,-0.1538732270886477,-0.3668276284902687,-0.8781255147164937,lying,karol
1672331727333706400,-0.0565832194680314,-0.1575753511052714,-0.3652445960549123,-0.8787475338196152,lying,karol
1672331727343706400,-0.0427868597570241,-0.1632860347500115,-0.3627237640556912,-0.8795288135555515,lying,karol
1672331727353706400,-0.0516226357570078,-0.1596440592768787,-0.3643453485596935,-0.8790528223362991,lying,karol
1672331727363706400,-0.0653759597614472,-0.1539233857562413,-0.3667971070594891,-0.8781377963531748,lying,karol
1672331727373706400,-0.0564732523685784,-0.1576216933632296,-0.3652134429626096,-0.878759272402087,lying,karol
1672331727383706400,-0.0426748058905375,-0.1633322213453056,-0.3626915799727523,-0.8795389819206919,lying,karol
1672331727393706400,-0.0515103255274039,-0.1596914915947304,-0.364313756856629,-0.8790639164592323,lying,karol
1672331727403706400,-0.0652609126925305,-0.1539739423408783,-0.3667660660827861,-0.8781504838020977,lying,karol
1672331727413706400,-0.0563577657189816,-0.1576727452788164,-0.3651820697447708,-0.8787705940451099,lying,karol
1672331727423706400,-0.0425570913335026,-0.1633833964037818,-0.3626591302385554,-0.8795485891668725,lying,karol
1672331727433706400,-0.0513932387249038,-0.1597418167156223,-0.3642819698259008,-0.8790748270076479,lying,karol
1672331727443706400,-0.0651420393039855,-0.1540250730786234,-0.3667348085729071,-0.8781634256210066,lying,karol
1672331727453706400,-0.0562381886033363,-0.1577250131775075,-0.3651505626239572,-0.8787819955188555,lying,karol
1672331727463706400,-0.0424337653725959,-0.1634393825322345,-0.3626266677035547,-0.8795575584780093,lying,karol
1672331727473706400,-0.051267941176423,-0.1598030991269227,-0.3642503005810238,-0.8790841561546707,lying,karol
1672331727483706400,-0.0650126333928293,-0.1540925108594477,-0.3667040764002526,-0.8781740463370711,lying,karol
1672331727493706400,-0.0561076277486164,-0.1577947215176024,-0.3651194583212768,-0.8787907789670485,lying,karol
1672331727503706400,-0.0423009030350589,-0.1635093178534581,-0.3625941711266794,-0.8795643854104848,lying,karol
1672331727513706400,-0.0511362895228606,-0.1598707164935668,-0.3642186187678451,-0.8790926847942009,lying,karol
1672331727523706400,-0.0648801917587919,-0.1541582918003089,-0.3666730199978371,-0.878185292172024,lying,karol
1672331727533706400,-0.0559763951321579,-0.1578570498058909,-0.3650876476637249,-0.878801198292657,lying,karol
1672331727543706400,-0.0421680931741947,-0.1635699722918449,-0.3625610197378157,-0.8795731788919782,lying,karol
1672331727553706400,-0.0510042676164905,-0.1599301075406018,-0.3641862099718224,-0.8791030066103033,lying,karol
1672331727563706400,-0.0647468411370085,-0.1542171262968731,-0.3666411778489969,-0.8781981268544204,lying,karol
1672331727573706400,-0.0558436455322781,-0.1579138543405619,-0.3650552377153413,-0.8788129303085099,lying,karol
1672331727583706400,-0.0420327914779574,-0.1636273072664116,-0.3625274186558738,-0.8795828688081291,lying,karol
1672331727593706400,-0.0508685577727755,-0.1599890308052997,-0.3641533350840223,-0.8791137949363652,lying,karol
1672331727603706400,-0.0646078634640113,-0.1542800139565413,-0.3666090374018657,-0.8782107625448207,lying,karol
1672331727613706400,-0.0557034581033833,-0.157979065877906,-0.3650227548413419,-0.8788236278516101,lying,karol
1672331727623706400,-0.0418894421648242,-0.1636944542743122,-0.3624936329401029,-0.8795911662371029,lying,karol
1672331727633706400,-0.0507244419227984,-0.1600585757053974,-0.364120376116615,-0.879123143168455,lying,karol
1672331727643706400,-0.0644601086604347,-0.1543542460463206,-0.3665769972897373,-0.878221979034763,lying,karol
1672331727653706400,-0.0555545931552573,-0.1580554110149859,-0.3649902336533125,-0.8788328591460982,lying,karol
1672331727663706400,-0.041737392351585,-0.1637727355028804,-0.3624596066553697,-0.8795978728660023,lying,karol
1672331727673706400,-0.0505724012029189,-0.1601373699304982,-0.3640872602140996,-0.8791312971556744,lying,karol
1672331727683706400,-0.0643061307941282,-0.1544335466082345,-0.3665447438561776,-0.8782328166047312,lying,karol
1672331727693706400,-0.0554008097189214,-0.1581336850719049,-0.3649572420632662,-0.8788422156854878,lying,karol
1672331727703706400,-0.0415807653918824,-0.1638520125793084,-0.3624250477346497,-0.8796047952761661,lying,karol
1672331727713706400,-0.0504149015153399,-0.1602192509591155,-0.3640536292143841,-0.879139380338718,lying,karol
1672331727723706400,-0.0641452815711874,-0.1545191712671604,-0.3665121326855029,-0.8782431573014765,lying,karol
1672331727733706400,-0.055239809246461,-0.1582191161503729,-0.3649238691405106,-0.8788508606108663,lying,karol
1672331727743706400,-0.0414174264580997,-0.1639371359254086,-0.3623899354611338,-0.8796111357612394,lying,karol
1672331727753706400,-0.0502528126771613,-0.1603019311021453,-0.364019460255496,-0.879147765745632,lying,karol
1672331727763706400,-0.0639822949660535,-0.1545997043585037,-0.3664787358211386,-0.878254838771874,lying,karol
1672331727773706400,-0.0550780357180241,-0.158296125341286,-0.3648895499629238,-0.8788614247105687,lying,karol
1672331727783706400,-0.0412540717147145,-0.1640118248045274,-0.3623539432101888,-0.879619745180443,lying,karol
1672331727793706400,-0.0500905052930985,-0.1603747170726619,-0.3639843168345792,-0.8791583329724231,lying,karol
1672331727803706400,-0.0638175863245553,-0.1546739072363911,-0.3664443625648221,-0.8782681286101888,lying,karol
1672331727813706400,-0.054911941112933,-0.158373019772792,-0.3648547282237134,-0.8788724501775464,lying,karol
1672331727823706400,-0.0410822977278839,-0.1640961356105628,-0.3623177086288922,-0.8796270145538642,lying,karol
1672331727833706400,-0.0499150220625513,-0.1604683503239436,-0.3639490784314124,-0.8791658453503214,lying,karol
1672331727843706400,-0.0636355113615884,-0.1547786207144133,-0.366410576396907,-0.8782770169801468,lying,karol
1672331727853706400,-0.0547265116042967,-0.158485259307894,-0.3648204389483066,-0.8788780462677925,lying,karol
1672331727863706400,-0.0408942853998013,-0.1642083924638364,-0.3622811978807625,-0.8796298931362162,lying,karol
1672331727873706400,-0.0497296095619089,-0.1605748698434268,-0.3639137528063741,-0.8791715556118356,lying,karol
1672331727883706400,-0.0634511691512177,-0.1548778928607591,-0.3663761509878607,-0.8782872437880087,lying,karol
1672331727893706400,-0.054545732803468,-0.1585753636667052,-0.3647845597597648,-0.878887952938661,lying,karol
1672331727903706400,-0.0407116838309852,-0.1642964101235299,-0.3622434185735065,-0.8796375154158089,lying,karol
1672331727913706400,-0.0495476225218003,-0.1606619784796907,-0.3638769509763386,-0.8791811777736616,lying,karol
1672331727923706400,-0.0632678216653756,-0.1549635715768344,-0.3663401572955371,-0.8783004002261872,lying,karol
1672331727933706400,-0.0543641249472436,-0.1586561688813674,-0.3647474959111548,-0.8789000332886513,lying,karol
1672331727943706400,-0.0405296671929034,-0.1643715027112657,-0.3622044863869522,-0.8796479523928029,lying,karol
1672331727953706400,-0.0493668938761628,-0.1607346469595599,-0.363838878489763,-0.879193847302811,lying,karol
1672331727963706400,-0.0630834934311281,-0.1550401569828204,-0.366302916982853,-0.8783157039588398,lying,karol
1672331727973706400,-0.0541783687674309,-0.1587354631396406,-0.3647097937409883,-0.8789128604917035,lying,karol
1672331727983706400,-0.0403393213510537,-0.164455006662577,-0.3621652132242481,-0.8796572933922996,lying,karol
1672331727993706400,-0.0491758199988239,-0.1608204747319185,-0.363800578049926,-0.879204737967623,lying,karol
1672331728003706400,-0.0628894947526179,-0.1551281050234275,-0.3662655645450849,-0.8783296929989107,lying,karol
1672331728013706400,-0.0539841168375835,-0.1588233143536066,-0.36467168205841,-0.8789247850780064,lying,karol
1672331728023706400,-0.0401418106620756,-0.164543757567816,-0.3621252907902104,-0.8796661962982141,lying,karol
1672331728033706400,-0.0489782654664905,-0.160909915590787,-0.363761670001242,-0.8792155281624237,lying,karol
1672331728043706400,-0.0626889488765118,-0.1552196989370513,-0.3662276444658324,-0.8783436883263663,lying,karol
1672331728053706400,-0.0537833172613927,-0.1589148026862945,-0.3646329613845984,-0.8789366519195096,lying,karol
1672331728063706400,-0.0399376887907287,-0.164636158816064,-0.3620846852783786,-0.8796749422153458,lying,karol
1672331728073706400,-0.0487740951291666,-0.161003011488088,-0.3637221110282794,-0.8792262300723531,lying,karol
1672331728083706400,-0.0624817185853663,-0.1553149825346794,-0.3661891138850218,-0.8783577041239823,lying,karol
1672331728093706400,-0.053575832631469,-0.1590099717896093,-0.3645935886628093,-0.8789484736527677,lying,karol
1672331728103706400,-0.0397268160216323,-0.1647322544952508,-0.3620433527373229,-0.8796835414404461,lying,karol
1672331728113706400,-0.0485631691593669,-0.1610998073038856,-0.3636818578224986,-0.8792368552535825,lying,karol
1672331728123706400,-0.0622676619212828,-0.1554140025721719,-0.3661499299713481,-0.8783717540204363,lying,karol
1672331728133706400,-0.0533615208089042,-0.1591088682556572,-0.3645535208246575,-0.8789602623171029,lying,karol
1672331728143706400,-0.0671213456397961,-0.1533800231433571,-0.3670001244076431,-0.8780169195590919,lying,karol
1672331728153706400,-0.0582222814215303,-0.1570774761123411,-0.3654240946368877,-0.878655555461786,lying,karol
1672331728163706400,-0.0444337506854299,-0.1627854572144851,-0.3629140576532959,-0.8794620275353805,lying,karol
1672331728173706400,-0.0532714054693785,-0.1591384919401289,-0.364533093928604,-0.8789688665342771,lying,karol
1672331728183706400,-0.0670294760107019,-0.1534109885440047,-0.3669800218708592,-0.8780269593922668,lying,karol
1672331728193706400,-0.0581302149163092,-0.1571085102005052,-0.3654038508729783,-0.8786645506732758,lying,karol
1672331728203706400,-0.0443396666895059,-0.1628171831776714,-0.3628931616353952,-0.8794695546428041,lying,karol
1672331728213706400,-0.0531773086226642,-0.1591706969036768,-0.3645126804343166,-0.8789772279001034,lying,karol
1672331728223706400,-0.0669335920970746,-0.153444541368088,-0.3669599619221294,-0.878036824044441,lying,karol
1672331728233706400,-0.0580341362773338,-0.1571421266455849,-0.3653836175344773,-0.8786733334692785,lying,karol
1672331728243706400,-0.0442415450853026,-0.1628514978205016,-0.3628722242802735,-0.8794768108619022,lying,karol
1672331728253706400,-0.0530791712449723,-0.1592054853960272,-0.3644922460358164,-0.8789853622418486,lying,karol
1672331728263706400,-0.0668336338614566,-0.153480685183836,-0.3669399103772461,-0.8780465301438158,lying,karol
1672331728273706400,-0.057933985231578,-0.1571783289485937,-0.3653633607133871,-0.8786819196905765,lying,karol
1672331728283706400,-0.0441393241088191,-0.1628884048835696,-0.3628512116892623,-0.8794838109339534,lying,karol
1672331728293706400,-0.0529769316114215,-0.1592428618041343,-0.3644717571581823,-0.878993284750646,lying,karol
1672331728303706400,-0.0667295385411864,-0.1535194256851265,-0.3669198337990673,-0.8780560937309131,lying,karol
1672331728313706400,-0.0578296987878803,-0.1572171227380398,-0.3653430472133107,-0.8786903245694978,lying,karol
1672331728323706400,-0.0440329392738014,-0.1629279102455313,-0.362830090624801,-0.8794905689547631,lying,karol
1672331728333706400,-0.0528705252669312,-0.1592828326411334,-0.3644511808953423,-0.8790010100062439,lying,karol
1672331728343706400,-0.0666212406210524,-0.1535607706810539,-0.3668996994359226,-0.878065530283301,lying,karol
1672331728353706400,-0.0577212112093925,-0.1572585157590507,-0.3653226444885538,-0.8786985627540659,lying,karol
1672331728363706400,-0.0439223233428187,-0.1629700219118946,-0.3628088284500332,-0.8794970983980118,lying,karol
1672331728373706400,-0.0527598849974277,-0.1593254065360023,-0.364430484950098,-0.879008552000356,lying,karol
1672331728383706400,-0.0665086717998178,-0.1536047300888223,-0.3668794751610728,-0.8780748547393078,lying,karol
1672331728393706400,-0.0576084539798918,-0.1573025178658381,-0.3653021205842227,-0.8787066483310819,lying,karol
1672331728403706400,-0.0438074062912813,-0.163014750007551,-0.3627873930691555,-0.8795034121375055,lying,karol
1672331728413706400,-0.0526449407939946,-0.1593705942269506,-0.3644096375749224,-0.8790159241589914,lying,karol
1672331728423706400,-0.0663917609554403,-0.153651315927961,-0.3668591294140232,-0.8780840815204874,lying,karol
1672331728433706400,-0.0574913557688063,-0.1573491410154953,-0.365281444078141,-0.8787145948479637,lying,karol
1672331728443706400,-0.0436881152710676,-0.1630621067702949,-0.3627657528696936,-0.8795095224681079,lying,karol
1672331728453706400,-0.0525256198165694,-0.159418408555788,-0.3643886075146618,-0.8790231393634852,lying,karol
1672331728463706400,-0.0662704341074263,-0.1537005423164714,-0.3668386311432977,-0.8780932245529367,lying,karol
1672331728473706400,-0.0573698423933982,-0.1573983992637315,-0.3652605840241874,-0.8787224153334081,lying,karol
1672331728483706400,-0.0435643745706089,-0.1631121065465933,-0.3627438766660201,-0.879515441125507,lying,karol
1672331728493706400,-0.0524018463541156,-0.1594688644645157,-0.3643673639504889,-0.8790302099704072,lying,karol
1672331728503706400,-0.0661446143744533,-0.1537524254696636,-0.3668179497502598,-0.878102297287622,lying,karol
1672331728513706400,-0.057243836776208,-0.1574503087633117,-0.3652395098966319,-0.8787301223170337,lying,karol
1672331728523706400,-0.0434361055705915,-0.1631647657899311,-0.3627217336438635,-0.8795211793048595,lying,karol
1672331728533706400,-0.0522735417803828,-0.1595219789944838,-0.3643458764448481,-0.8790371478304011,lying,karol
1672331728543706400,-0.0660142219306126,-0.1538069837002774,-0.3667970550344975,-0.8781113127195277,lying,karol
1672331728553706400,-0.0571132589011611,-0.1575048877637768,-0.365218191536006,-0.8787377278478341,lying,karol
1672331728563706400,-0.043303226698434,-0.163220103060412,-0.3626992933063269,-0.8795267476782285,lying,karol
1672331728573706400,-0.0521406245084104,-0.1595777712867938,-0.3643241148879009,-0.879043964305841,lying,karol
1672331728583706400,-0.0658791739574469,-0.1538642374210283,-0.3667759171401718,-0.8781202834058132,lying,karol
1672331728593706400,-0.0569780257654572,-0.157562156613607,-0.3651965990958923,-0.8787452435116089,lying,karol
1672331728603706400,-0.0431656533779266,-0.1632781390270772,-0.3626765254206504,-0.8795321564109693,lying,karol
1672331728613706400,-0.0520030099401894,-0.1596362625854033,-0.3643020494447256,-0.8790506702874903,lying,karol
1672331728623706400,-0.0657393845920477,-0.1539242091494622,-0.3667545065033081,-0.8781292214829983,lying,karol
1672331728633706400,-0.056838051327543,-0.1576221377646934,-0.3651747029906152,-0.8787526804473913,lying,karol
1672331728643706400,-0.0430232979759131,-0.1633388964721488,-0.3626533999659864,-0.8795374151769899,lying,karol
1672331728653706400,-0.0518606104133397,-0.1596974762421479,-0.3642796505035281,-0.8790572762100762,lying,karol
1672331728663706400,-0.0655947648735189,-0.1539869235141374,-0.3667327938003548,-0.8781381386830276,lying,karol
1672331728673706400,-0.0566932464534686,-0.1576848557781428,-0.3651524738441709,-0.8787600493627455,lying,karol
1672331728683706400,-0.0428760697462638,-0.1634024002970784,-0.3626298870821726,-0.8795425331729276,lying,karol
1672331728693706400,-0.0517133351450504,-0.1597614377235613,-0.3642568886248489,-0.879063792066816,lying,karol
1672331728703706400,-0.0654452226845293,-0.154052407263478,-0.3667107498973533,-0.8781470463484556,lying,karol
1672331728713706400,-0.0565435188583452,-0.1577503373327569,-0.3651298824397252,-0.8787673605481423,lying,karol
1672331728723706400,-0.042723874769873,-0.1634686775308994,-0.3626059570191732,-0.8795475191312639,lying,karol
1672331728733706400,-0.0515610901720423,-0.159828174619983,-0.3642337344914454,-0.879070227422923,lying,karol
1672331728743706400,-0.0652906626900366,-0.1541206892764163,-0.366688345800011,-0.8781559554466047,lying,karol
1672331728753706400,-0.0563887730449754,-0.1578186112353099,-0.365106899669979,-0.8787746238902887,lying,karol
1672331728763706400,-0.042566615891091,-0.163537757340696,-0.3625815800872023,-0.8795523813323954,lying,karol
1672331728773706400,-0.0514037782869222,-0.159897716656789,-0.3642101588588571,-0.8790765914281204,lying,karol
1672331728783706400,-0.0651309862721014,-0.1541918005752611,-0.3666655526044177,-0.8781648765827997,lying,karol
1672331728793706400,-0.0562289102386168,-0.1578897084330422,-0.3650834964881441,-0.8787818488844973,lying,karol
1672331728803706400,-0.0424041926508055,-0.163609671044085,-0.3625567266074944,-0.8795571276156455,lying,karol
1672331728813706400,-0.0512412989711849,-0.1599700957076184,-0.3641861325066245,-0.8790828928281292,lying,karol
1672331728823706400,-0.0649660914611603,-0.1542657743406184,-0.3666423414483956,-0.8781738200126343,lying,karol
1672331728833706400,-0.0560638283181876,-0.157963662028221,-0.3650596438595138,-0.8787890446460613,lying,karol
1672331728843706400,-0.0422365012152772,-0.1636844521240619,-0.3625313668634879,-0.8795617653892676,lying,karol
1672331728853706400,-0.0510735483239362,-0.1600453458099685,-0.3641616261899263,-0.879089139975201,lying,karol
1672331728863706400,-0.0647958728633375,-0.1543426459285315,-0.3666186834633446,-0.8781827956533268,lying,karol
1672331728873706400,-0.0558934217435364,-0.1580405072949167,-0.3650353127134949,-0.878796219920684,lying,karol
1672331728883706400,-0.0420634343023543,-0.1637621362455225,-0.3625054710526527,-0.8795663016393483,lying,karol
1672331728893706400,-0.0509004189879668,-0.1601235031824609,-0.3641366105918571,-0.879095340837579,lying,karol
1672331728903706400,-0.0646202215843826,-0.1544224528895689,-0.366594549726609,-0.8781918130940807,lying,karol
1672331728913706400,-0.0557175814793746,-0.1581202816977191,-0.3650104738961319,-0.878803383093885,lying,karol
1672331728923706400,-0.0418848811025751,-0.1638427612744713,-0.3624790092384334,-0.8795707429377434,lying,karol
1672331728933706400,-0.0507218000707061,-0.1602046062447914,-0.36411105627584,-0.879101503008054,lying,karol
1672331728943706400,-0.064439025149134,-0.1545052349903183,-0.3665699112141166,-0.8782008816055699,lying,karol
1672331728953706400,-0.0555361949147103,-0.158203024912873,-0.3649850981228609,-0.87881054219949,lying,karol
1672331728963706400,-0.0417007271957208,-0.1639263672996757,-0.3624519513023568,-0.8795750954490202,lying,karol
1672331728973706400,-0.050537577060592,-0.1602886956401314,-0.3640849336382059,-0.8791076337115739,lying,karol
1672331728983706400,-0.0642521674158351,-0.154591034237551,-0.3665447387531105,-0.8782100101485808,lying,karol
1672331728993706400,-0.0553491457771952,-0.1582887788520657,-0.3649591559313262,-0.8788177049272308,lying,karol
1672331729003706400,-0.0415108544661613,-0.1640129966553615,-0.3624242668968332,-0.8795793649361753,lying,karol
1672331729013706400,-0.0503476317422143,-0.1603758142585612,-0.3640582128614652,-0.8791137398116458,lying,karol
1672331729023706400,-0.0640595284892843,-0.1546798949033677,-0.3665190029755785,-0.8782192073814442,lying,karol
1672331729033706400,-0.0551563140462746,-0.1583775876872131,-0.3649326176348642,-0.8788248786291313,lying,karol
1672331729043706400,-0.041315141009486,-0.1641026939480411,-0.362395925397235,-0.8795835567655838,lying,karol
1672331729053706400,-0.0501518421027041,-0.1604660072646585,-0.3640308638668807,-0.8791198278160647,lying,karol
1672331729063706400,-0.0638609846252234,-0.15477186355451,-0.3664926742710346,-0.8782284816669254,lying,karol
1672331729073706400,-0.0549575758576421,-0.1584694978793845,-0.364905453275298,-0.878832070325263,lying,karol
1672331729083706400,-0.0411134610347793,-0.164195506085669,-0.3623668958539793,-0.8795876759108943,lying,karol
1672331729093706400,-0.0499500822337603,-0.1605593221274097,-0.364002856267056,-0.8791259038816323,lying,karol
1672331729103706400,-0.0636564081301994,-0.1548669890840485,-0.3664657227393054,-0.8782378410781632,lying,karol
1672331729113706400,-0.0547528034031471,-0.158564558210115,-0.3648776325756958,-0.8788392867085096,lying,karol
1672331729123706400,-0.0685141438261259,-0.1528291296655919,-0.3673188755552503,-0.8778728229432581,lying,karol
1672331729133706400,-0.0596177233785928,-0.1565292695870543,-0.3657511783974788,-0.8785244355616344,lying,karol
1672331729143706400,-0.0458345565790574,-0.1622409872265843,-0.3632528966820439,-0.8793515766036548,lying,karol
1672331729153706400,-0.0546723185212537,-0.1585900257420064,-0.3648692562163668,-0.8788432096288415,lying,karol
1672331729163706400,-0.0684322025674794,-0.1528555361639801,-0.3673107990953633,-0.877878026089505,lying,karol
1672331729173706400,-0.0595356470861756,-0.1565558042521544,-0.3657429861985403,-0.8785287139449316,lying,karol
1672331729183706400,-0.0457509039712666,-0.1622681934506142,-0.3632441693302925,-0.8793545480183599,lying,karol
1672331729193706400,-0.0545886213347661,-0.1586175223505344,-0.3648609465167224,-0.8788469300296133,lying,karol
1672331729203706400,-0.0683470234008147,-0.1528839761908278,-0.3673028131904153,-0.8778830807871724,lying,karol
1672331729213706400,-0.0594503346253175,-0.1565843696787797,-0.3657348601315546,-0.8785328133139153,lying,karol
1672331729223706400,-0.0456639960073399,-0.1622974367187517,-0.3632354683921827,-0.8793572927508255,lying,karol
1672331729233706400,-0.0545016664437563,-0.1586470519073299,-0.364852680156715,-0.8788504585995263,lying,karol
1672331729243706400,-0.0682585604535047,-0.1529144544382645,-0.3672948946838483,-0.8778879983385339,lying,karol
1672331729253706400,-0.0593617399593981,-0.156614970528533,-0.3657267772070172,-0.8785367443815996,lying,karol
1672331729263706400,-0.0455737855989138,-0.1623287218867405,-0.3632267708454887,-0.8793598206886926,lying,karol
1672331729273706400,-0.0544114067850846,-0.1586786197195247,-0.3648444343602604,-0.878853805580564,lying,karol
1672331729283706400,-0.068166765932131,-0.1529469771249253,-0.3672870209299104,-0.8778927896446791,lying,karol
1672331729293706400,-0.0592698151358239,-0.1566476129905195,-0.3657187149210142,-0.8785405174451437,lying,karol
1672331729303706400,-0.0454802237389655,-0.1623620553448147,-0.3632180541177798,-0.8793621412777904,lying,karol
1672331729313706400,-0.0543177933718471,-0.1587122326202282,-0.3648361868069625,-0.8788569807968791,lying,karol
1672331729323706400,-0.0680715900843815,-0.152981551996035,-0.3672791697473094,-0.8778974652243764,lying,karol
1672331729333706400,-0.059174510247749,-0.1566823047811149,-0.3657106512092934,-0.8785441424041195,lying,karol
1672331729343706400,-0.0453832594621482,-0.1623974450173702,-0.3632092960406629,-0.8793642635395812,lying,karol
1672331729353706400,-0.0542207752537858,-0.1587478989688763,-0.3648279155867358,-0.8788599936724308,lying,karol
1672331729363706400,-0.0679729811795821,-0.1530181883163911,-0.3672713193777965,-0.8779020352308415,lying,karol
1672331729373706400,-0.0590757734144368,-0.1567190551366627,-0.3657025644063129,-0.8785476287768804,lying,karol
1672331729383706400,-0.0452828398238733,-0.1624349003555885,-0.3632004748091094,-0.879366196087011,lying,karol
1672331729393706400,-0.0541202994964956,-0.1587856286444298,-0.3648195991594302,-0.878862853246855,lying,karol
1672331729403706400,-0.0678708854845546,-0.1530568968658258,-0.3672634484453863,-0.8779065094679012,lying,karol
1672331729413706400,-0.0589735507569796,-0.1567578748086471,-0.3656944332048905,-0.8785509857162894,lying,karol
1672331729423706400,-0.0451789098748397,-0.1624744323325095,-0.3631915689413387,-0.8793679471396367,lying,karol
1672331729433706400,-0.054016311156032,-0.1588254330410291,-0.364811216315017,-0.878865568190658,lying,karol
1672331729443706400,-0.0677652472393243,-0.1530976899352636,-0.3672555359169662,-0.8779108974052875,lying,karol
1672331729453706400,-0.0588677863738634,-0.1567987760594757,-0.3656862366172205,-0.8785542220245822,lying,karol
1672331729463706400,-0.0450714126354744,-0.1625160534387075,-0.3631825572400536,-0.8793695245378934,lying,karol
1672331729473706400,-0.0539087532534096,-0.1588673250642408,-0.3648027461351163,-0.8788681468195662,lying,karol
1672331729483706400,-0.0676560086272192,-0.1531405813256197,-0.3672475610632473,-0.8779152081934236,lying,karol
1672331729493706400,-0.0587584223109369,-0.1568417726611035,-0.3656779539361887,-0.8785573461676704,lying,karol
1672331729503706400,-0.0449602890645269,-0.1625597776809216,-0.3631734187538687,-0.8793709357567314,lying,karol
1672331729513706400,-0.0537975667432733,-0.1589113191302432,-0.364794167954736,-0.8788705971083021,lying,karol
1672331729523706400,-0.067543109745606,-0.1531855863469481,-0.3672395034211292,-0.8779194506773362,lying,karol
1672331729533706400,-0.0586453985320166,-0.1568868798939209,-0.3656695646980826,-0.8785603662885864,lying,karol
1672331729543706400,-0.0448454780286199,-0.1626056205808352,-0.363164132740166,-0.8793721879183831,lying,karol
1672331729553706400,-0.0536826904834874,-0.1589574311651559,-0.364785461325423,-0.8788729267034951,lying,karol
1672331729563706400,-0.0674264885735208,-0.1532327218193682,-0.3672313427567381,-0.8779236334099346,lying,karol
1672331729573706400,-0.0585286528864144,-0.1569341145474144,-0.3656610486459495,-0.8785632902202662,lying,karol
1672331729583706400,-0.0447269162683327,-0.1626535991758042,-0.3631546786284863,-0.8793732878044536,lying,karol
1672331729593706400,-0.0535640612012566,-0.1590056786063048,-0.3647766059789545,-0.8788751429359514,lying,karol
1672331729603706400,-0.0673060809370826,-0.1532820060753938,-0.3672230590292474,-0.8779277646646296,lying,karol
1672331729613706400,-0.0584081210742305,-0.156983494922247,-0.3656523856937043,-0.8785661254976611,lying,karol
1672331729623706400,-0.0446045383625654,-0.1627037320208007,-0.3631450359847228,-0.8793742418672686,lying,karol
1672331729633706400,-0.0534416134575192,-0.1590560804046948,-0.3647675817918347,-0.8788772528322067,lying,karol
1672331729643706400,-0.0671818204728935,-0.1533334589635663,-0.3672146323554603,-0.8779318524472784,lying,karol
1672331729653706400,-0.0582837366096657,-0.1570350408336365,-0.3656435558909776,-0.8785688793691543,lying,karol
1672331729663706400,-0.0444782766904569,-0.1627560391918617,-0.3631351844759345,-0.8793750562405305,lying,karol
1672331729673706400,-0.0533152796088709,-0.1591086570289824,-0.3647583687504082,-0.8788792631254171,lying,karol
1672331729683706400,-0.0670536385893339,-0.1533871018534199,-0.3672060429750847,-0.8779359045074847,lying,karol
1672331729693706400,-0.0581554307822201,-0.1570887736160765,-0.3656345393886308,-0.8785715588073211,lying,karol
1672331729703706400,-0.0443480613912736,-0.1628105422908562,-0.3631251038358045,-0.879375736749278,lying,karol
1672331729713706400,-0.053184989767445,-0.1591634304707627,-0.364748946916621,-0.8788811802655812,lying,karol
1672331729723706400,-0.0669214644249751,-0.1534429576420913,-0.3671972712165136,-0.8779399283493126,lying,karol
1672331729733706400,-0.0580231326150169,-0.1571447161297051,-0.3656253164047454,-0.8785741705190786,lying,karol
1672331729743706400,-0.0442138203216072,-0.162867264451832,-0.363114773830566,-0.8793762889191795,lying,karol
1672331729753706400,-0.0530506717581236,-0.1592204242514155,-0.3647392963942579,-0.8788830104291219,lying,karol
1672331729763706400,-0.0667852248056623,-0.1535010507619184,-0.3671882974633354,-0.8779439312413208,lying,karol
1672331729773706400,-0.0578867688218311,-0.1572028927676555,-0.3656158671913299,-0.8785767209551429,lying,karol
1672331729783706400,-0.0440754790111464,-0.1629262303484089,-0.3631041742255882,-0.8793767179851212,lying,karol
1672331729793706400,-0.0529122510742515,-0.1592796634300149,-0.3647293972958275,-0.8788847595277894,lying,karol
1672331729803706400,-0.0666448441980836,-0.1535614071899203,-0.3671791021211345,-0.8779479202260599,lying,karol
1672331729813706400,-0.0577462637605728,-0.1572633294653057,-0.3656061720012782,-0.878579216318925,lying,karol
1672331729823706400,-0.043932960614909,-0.1629874662030762,-0.3630932847521729,-0.8793770288991761,lying,karol
1672331729833706400,-0.0527696508298529,-0.1593411746131206,-0.3647192297096779,-0.8788864332169832,lying,karol
1672331729843706400,-0.0665002446620687,-0.1536240544582267,-0.367169665584941,-0.8779519021289075,lying,karol
1672331729853706400,-0.0576015393855326,-0.1573260537104694,-0.3655962110559627,-0.8785816625747493,lying,karol
1672331729863706400,-0.0437861858640648,-0.1630509997975107,-0.3630820850749241,-0.8793772263378877,lying,karol
1672331729873706400,-0.0526227917104001,-0.159404985965592,-0.3647087736676772,-0.8788880369034018,lying,karol
1672331729883706400,-0.0663513457995138,-0.1536890216663112,-0.367159968206904,-0.8779558835663684,lying,karol
1672331729893706400,-0.0574525151962732,-0.1573910945553879,-0.3655859645130271,-0.8785840654555138,lying,karol
1672331729903706400,-0.0436350730134265,-0.1631168604846916,-0.3630705547592784,-0.8793773147089359,lying,karol
1672331729913706400,-0.0524715919202277,-0.1594711272232049,-0.3646980091130619,-0.8788895757521206,lying,karol
1672331729923706400,-0.0661980647009984,-0.1537563394945848,-0.3671499902643382,-0.8779598709537876,lying,karol
1672331729933706400,-0.0572991081841825,-0.157458482630098,-0.3655754124345209,-0.8785864304697368,lying,karol
1672331729943706400,-0.0434795377873609,-0.1631850792020822,-0.3630586732394774,-0.879377298157101,lying,karol
1672331729953706400,-0.0523159671283805,-0.1595396297063172,-0.3646869158687327,-0.8788910546929843,lying,karol
1672331729963706400,-0.0660403158902113,-0.1538260402192823,-0.3671397119281108,-0.877963870512436,lying,karol
1672331729973706400,-0.0571412327768859,-0.1575282501570764,-0.3655645347553622,-0.8785887629079648,lying,karol
1672331729983706400,-0.0433194933215907,-0.1632556884869116,-0.3630464197864808,-0.8793771805696815,lying,karol
1672331729993706400,-0.0521558304103145,-0.1596105263356504,-0.3646754736054968,-0.8788924784264938,lying,karol
1672331730003706400,-0.0658780112647694,-0.1538981577292374,-0.3671291132310962,-0.8779678882761206,lying,karol
1672331730013706400,-0.0569788007790409,-0.1576004309677797,-0.3655533112518359,-0.8785910678486647,lying,karol
1672331730023706400,-0.0431548501039208,-0.1633287224922973,-0.363033773476327,-0.8793769655811672,lying,karol
1672331730033706400,-0.0519910921885279,-0.1596838516488964,-0.3646636618107607,-0.87889385142897,lying,karol
1672331730043706400,-0.0657110600353248,-0.1539727275437321,-0.367118174036966,-0.8779719300971178,lying,karol
1672331730053706400,-0.0568117213114294,-0.1576750605202596,-0.3655417215104101,-0.8785933501634329,lying,karol
1672331730063706400,-0.0429855159114329,-0.1634042170052085,-0.3630207131584534,-0.8793766565773166,lying,karol
1672331730073706400,-0.0518216601696207,-0.1597596418191794,-0.3646514597571866,-0.8788951779571575,lying,karol
1672331730083706400,-0.0655393686614239,-0.1540497868320635,-0.3671068740090213,-0.8779760016515833,lying,karol
1672331730093706400,-0.0566399007468097,-0.1577521759184917,-0.36552974489657,-0.878595614521644,lying,karol
1672331730103706400,-0.0428113957441896,-0.1634822094662496,-0.3630072174239467,-0.8793762566986346,lying,karol
1672331730113706400,-0.0516474392778785,-0.1598379346753295,-0.364638846471293,-0.8788964620522631,lying,karol
1672331730123706400,-0.0653628407836407,-0.1541293744350194,-0.3670951925789409,-0.8779801084444512,lying,karol
1672331730133706400,-0.0564632426420681,-0.1578318159336066,-0.3655173605235437,-0.8785978653945595,lying,karol
1672331730143706400,-0.0426323917569832,-0.1635627389906177,-0.362993264573957,-0.8793757688431301,lying,karol
1672331730153706400,-0.0514683315868585,-0.1599187697233401,-0.3646258007022174,-0.8788977075433034,lying,karol
1672331730163706400,-0.0651813771539058,-0.1542115308874491,-0.3670831089157362,-0.8779842558136632,lying,karol
1672331730173706400,-0.0562816476685571,-0.1579140210262206,-0.3655045472212147,-0.8786001070587469,lying,karol
1672331730183706400,-0.0424484031874764,-0.1636458463909113,-0.3629788325879423,-0.8793751956684656,lying,karol
1672331730193706400,-0.0512842362473708,-0.1600021881696739,-0.3646123008903223,-0.8788989180498799,lying,karol
1672331730203706400,-0.0649948755617788,-0.1542962984428645,-0.367070601894485,-0.8779884489338945,lying,karol
1672331730213706400,-0.0560950135384033,-0.1579988333707865,-0.3654912835047888,-0.8786023435989607,lying,karol
1672331730223706400,-0.0422593262809472,-0.1637315742016915,-0.3629638990917381,-0.8793745395934538,lying,karol
1672331730233706400,-0.0510950494120354,-0.1600882329463313,-0.3645983251356325,-0.8789000969843351,lying,karol
1672331730243706400,-0.0648032307576906,-0.1543837210996385,-0.3670576500649866,-0.8779926928196854,lying,karol
1672331730253706400,-0.0559032349277854,-0.1580862968815423,-0.3654775475433599,-0.8786045789103979,lying,karol
1672331730263706400,-0.0420650542159549,-0.1638199667039981,-0.3629484413261958,-0.879373802798624,lying,karol
1672331730273706400,-0.0509006641607447,-0.1601769487358646,-0.3645838511668335,-0.8789012475529792,lying,karol
1672331730283706400,-0.0646063343766426,-0.1544738446273125,-0.3670442316208857,-0.8779969923276433,lying,karol
1672331730293706400,-0.0557062034006855,-0.1581764572385668,-0.3654633171289361,-0.8786068167000327,lying,karol
1672331730303706400,-0.0418654770148216,-0.1639110699564912,-0.3629324361134484,-0.8793729872268594,lying,karol
1672331730313706400,-0.050700970410929,-0.1602683820030587,-0.3645688563079552,-0.8789023727575319,lying,karol
1672331730323706400,-0.0644040748468597,-0.154566716599555,-0.3670303243666018,-0.8780013521590817,lying,karol
1672331730333706400,-0.0555038073176077,-0.1582693619204671,-0.3654485696432053,-0.878609060488237,lying,karol
1672331730343706400,-0.0692616695638735,-0.1525245426382987,-0.3678883021625597,-0.8776295901894433,lying,karol
1672331730353706400,-0.0603686231189032,-0.1562298201587132,-0.3663269778309347,-0.8782874512487518,lying,karol
1672331730363706400,-0.0465892107484143,-0.1619502765583692,-0.3638364954951657,-0.8791251336623093,lying,karol
1672331730373706400,-0.0554257152052726,-0.1582925957394549,-0.3654532491392708,-0.8786078893951257,lying,karol
1672331730383706400,-0.0691823599969614,-0.1525483470817987,-0.3678933063992045,-0.8776296417191549,lying,karol
1672331730393706400,-0.0602892400289203,-0.1562538533409819,-0.3663319005710551,-0.87828660652155,lying,karol
1672331730403706400,-0.0465086488636388,-0.1619750273413349,-0.363840986690653,-0.8791230118103168,lying,karol
1672331730413706400,-0.0553450674991174,-0.1583174672163526,-0.3654581408054153,-0.8786064884047242,lying,karol
1672331730423706400,-0.0691004765721997,-0.1525737893538859,-0.3678985429312442,-0.8776295060001321,lying,karol
1672331730433706400,-0.0602072853082157,-0.1562795241559343,-0.366337036185614,-0.8782855500834461,lying,karol
1672331730443706400,-0.0464255041095201,-0.1620014225208861,-0.3638456595357118,-0.8791206400946706,lying,karol
1672331730453706400,-0.0552618346172267,-0.1583439784751917,-0.3654632280596517,-0.8786048650464989,lying,karol
1672331730463706400,-0.0690159891759211,-0.1526008722464368,-0.367903995262293,-0.8776291909640169,lying,karol
1672331730473706400,-0.0601227287319784,-0.156306835373594,-0.3663423683162411,-0.8782842894665517,lying,karol
1672331730483706400,-0.0463397455515295,-0.162029464993951,-0.3638504976781122,-0.8791180254948442,lying,karol
1672331730493706400,-0.0551759856514021,-0.1583721327322091,-0.3654684947339301,-0.8786030265201131,lying,karol
1672331730503706400,-0.0689288664163904,-0.1526295996117799,-0.367909647328753,-0.8776287042332173,lying,karol
1672331730513706400,-0.0600355388009099,-0.1563357908257212,-0.366347881019088,-0.8782828318844756,lying,karol
1672331730523706400,-0.046251340981167,-0.1620591587243011,-0.3638554851549647,-0.879115174655077,lying,karol
1672331730533706400,-0.0550874884158786,-0.1584019342634425,-0.3654739250529825,-0.8786009797063963,lying,karol
1672331730543706400,-0.0688390756037081,-0.1526599763593662,-0.367915483466012,-0.8776280531352839,lying,karol
1672331730553706400,-0.0599456827209841,-0.1563663954022484,-0.3663535587313788,-0.8782811842463416,lying,karol
1672331730563706400,-0.0461602568949736,-0.1620905087388024,-0.363860606359523,-0.8791120938979067,lying,karol
1672331730573706400,-0.0549963094264131,-0.1584333884014614,-0.3654795036013833,-0.8785987311809325,lying,karol
1672331730583706400,-0.0687465827399852,-0.1526920084486088,-0.3679214883777082,-0.8776272447159639,lying,karol
1672331730593706400,-0.0598531263934959,-0.156398655043902,-0.3663593862410511,-0.8782793531695894,lying,karol
1672331730603706400,-0.0460664584836107,-0.1621235211199861,-0.3638658460110792,-0.8791087892366746,lying,karol
1672331730613706400,-0.0549024138894961,-0.1584665015283468,-0.3654852152936661,-0.87859628722653,lying,karol
1672331730623706400,-0.0686513525062978,-0.152725702883452,-0.3679276471055721,-0.8776262857518187,lying,karol
1672331730633706400,-0.0597578344018912,-0.156432576736559,-0.3663653486569466,-0.8782773449923192,lying,karol
1672331730643706400,-0.0459699096179063,-0.1621582030002879,-0.3638711891254,-0.8791052663875131,lying,karol
1672331730653706400,-0.0548057656884541,-0.1585012810703609,-0.3654910453449706,-0.8785936538452103,lying,karol
1672331730663706400,-0.0685533482510187,-0.1527610677067525,-0.367933945000627,-0.8776251827621371,lying,karol
1672331730673706400,-0.0596597699999921,-0.1564681685054207,-0.3663714313803499,-0.8782751657849466,lying,karol
1672331730683706400,-0.0458705728362758,-0.1621945625561326,-0.3638766209864972,-0.8791015307806732,lying,karol
1672331730693706400,-0.0547063273709619,-0.1585377354924274,-0.3654969792430196,-0.8785908367695265,lying,karol
1672331730703706400,-0.0684525319748961,-0.152798111996379,-0.3679403676948623,-0.8776239420204461,lying,karol
1672331730713706400,-0.0595588950969556,-0.1565054394109162,-0.3663776200769704,-0.8782728213614289,lying,karol
1672331730723706400,-0.0457684093289673,-0.1622326090037207,-0.3638821271188167,-0.8790975875713715,lying,karol
1672331730733706400,-0.0546040601333767,-0.1585758742943059,-0.3655030027205227,-0.8785878414734397,lying,karol
1672331730743706400,-0.0683488643132256,-0.1528368458628836,-0.3679469010733992,-0.8776225695656147,lying,karol
1672331730753706400,-0.0594551702393518,-0.1565443995461737,-0.3663839006493924,-0.8782703172900598,lying,karol
1672331730763706400,-0.0456633789191848,-0.1622723525964905,-0.363887693259816,-0.8790934416501724,lying,karol
1672331730773706400,-0.0544989238019058,-0.158615708008455,-0.3655091017279648,-0.878584673182766,lying,karol
1672331730783706400,-0.0682423045206134,-0.1528772804464579,-0.3679535312480994,-0.8776210712122265,lying,karol
1672331730793706400,-0.0593485545958212,-0.1565850600337933,-0.3663902592109637,-0.8782676589035645,lying,karol
1672331730803706400,-0.0455554400470621,-0.16231380462179,-0.363893305334026,-0.8790890976527092,lying,karol
1672331730813706400,-0.0543908768166539,-0.15865724819707,-0.3655152624078701,-0.8785813368849391,lying,karol
1672331730823706400,-0.0681328104512526,-0.1529194279160921,-0.3679602445312926,-0.8776194525606774,lying,karol
1672331730833706400,-0.0592390059372562,-0.1566274330248204,-0.3663966820597695,-0.8782648513088784,lying,karol
1672331730843706400,-0.0454445497490538,-0.1623569773997995,-0.3638989494271329,-0.8790845599690148,lying,karol
1672331730853706400,-0.0542798762110586,-0.1587005074513791,-0.3655214710690933,-0.8785778373384344,lying,karol
1672331730863706400,-0.0680203385388754,-0.1529633014692092,-0.3679670274103361,-0.8776177190067472,lying,karol
1672331730873706400,-0.0591264806166681,-0.1566715316982005,-0.3664031556534273,-0.8782618993964006,lying,karol
1672331730883706400,-0.0453306636368704,-0.1624018842830039,-0.3639046117608374,-0.8790798327523459,lying,karol
1672331730893706400,-0.0541658775908719,-0.1587454993914794,-0.3655277141618853,-0.8785741790816928,lying,karol
1672331730903706400,-0.067904843776241,-0.1530089153318239,-0.3679738665229433,-0.8776158757506763,lying,karol
1672331730913706400,-0.0590109335485907,-0.1567173702607637,-0.3664096665846337,-0.878258807848753,lying,karol
1672331730923706400,-0.0452137358763522,-0.1624485396560425,-0.3639102786685156,-0.879074919927472,lying,karol
1672331730933706400,-0.0540488351130678,-0.1587922386665384,-0.3655339782537555,-0.8785703664415156,lying,karol
1672331730943706400,-0.0677862796910051,-0.1530562847605223,-0.3679807486326673,-0.8776139278059403,lying,karol
1672331730953706400,-0.058892318184867,-0.156764963949033,-0.3664162015568403,-0.8782555811492023,lying,karol
1672331730963706400,-0.045093719162219,-0.1624969589375955,-0.3639159365708821,-0.8790698251986127,lying,karol
1672331730973706400,-0.0539287014606242,-0.1588407409570354,-0.3655402500053471,-0.8785664035411532,lying,karol
1672331730983706400,-0.0676645983226129,-0.1531054260443375,-0.3679876606053507,-0.8776118800074603,lying,karol
1672331730993706400,-0.0587705864914705,-0.1568143290309332,-0.3664227473608886,-0.8782522235895357,lying,karol
1672331731003706400,-0.0449705646941347,-0.1625471585820694,-0.3639215719526492,-0.8790645520568228,lying,karol
1672331731013706400,-0.053805427818612,-0.1588910229767849,-0.3655465161472999,-0.8785622943078337,lying,karol
1672331731023706400,-0.0675397501962921,-0.153156356508135,-0.3679945893857914,-0.8776097370194966,lying,karol
1672331731033706400,-0.0586456889224286,-0.1568654828090105,-0.3664292908518375,-0.8782487392775922,lying,karol
1672331731043706400,-0.0448442221500927,-0.1625991560827069,-0.3639271713393869,-0.8790591037869789,lying,karol
1672331731053706400,-0.0536789638475919,-0.1589431024763878,-0.3655527634573158,-0.8785580424799182,lying,karol
1672331731063706400,-0.0674116842964637,-0.1532090945165395,-0.3680015219750062,-0.8776075033430811,lying,karol
1672331731073706400,-0.0585175927957165,-0.1569184074036841,-0.366435838348082,-0.8782451292823056,lying,karol
1672331731083706400,-0.0447175487011768,-0.1626472936934888,-0.3639356110126903,-0.8790531887806741,lying,karol
1672331731093706400,-0.0535579567691508,-0.1589796790630072,-0.3655660335475702,-0.8785533181289111,lying,karol
1672331731103706400,-0.0672994505390352,-0.1532327344807073,-0.3680147409357477,-0.8776064749201907,lying,karol
1672331731113706400,-0.058416927048429,-0.1569295730958705,-0.3664469964153856,-0.8782452062090247,lying,karol
1672331731123706400,-0.0446219049732457,-0.1626595408238459,-0.363946001583057,-0.8790515066277707,lying,karol
1672331731133706400,-0.0534652492026035,-0.1589993175718141,-0.3655758324401369,-0.8785513596506412,lying,karol
1672331731143706400,-0.0672069146753961,-0.1532552219909035,-0.3680279992733711,-0.8776041061578769,lying,karol
1672331731153706400,-0.0583270935998981,-0.1569474144212727,-0.3664643691205044,-0.878240765985545,lying,karol
1672331731163706400,-0.0445388234207353,-0.1626597687968963,-0.3639628245287929,-0.8790487366403714,lying,karol
1672331731173706400,-0.0533886951591576,-0.158979869725889,-0.3655941888754248,-0.878551917942922,lying,karol
1672331731183706400,-0.0671293245750398,-0.1532247608096317,-0.3680556446161128,-0.8776037914086453,lying,karol
1672331731193706400,-0.0582457673118582,-0.1569157122380133,-0.3665062018220167,-0.8782343942021891,lying,karol
1672331731203706400,-0.0444500274898968,-0.162636630834637,-0.36402181558485,-0.8790331102069685,lying,karol
1672331731213706400,-0.0532932844899621,-0.1589670599640812,-0.3656703339476317,-0.8785283659762892,lying,karol
1672331731223706400,-0.0670300865035587,-0.1532217672828226,-0.3681430550207283,-0.8775752652278085,lying,karol
1672331731233706400,-0.0581476101617023,-0.1569232804099924,-0.3666007208358774,-0.8782001267723755,lying,karol
1672331731243706400,-0.0443561750383576,-0.1626535253998057,-0.364119819459938,-0.8789941656081932,lying,karol
1672331731253706400,-0.0532031209995506,-0.1589875362405484,-0.3657656458131495,-0.8784904796872228,lying,karol
1672331731263706400,-0.0669437949113632,-0.1532436345285074,-0.3682302813201331,-0.8775414686387525,lying,karol
1672331731273706400,-0.0580674354450866,-0.1569461684658684,-0.3666755835967146,-0.8781701167302406,lying,karol
1672331731283706400,-0.0442822454049263,-0.1626738206657855,-0.3641815449625864,-0.8789685936254189,lying,karol
1672331731293706400,-0.0531369424417941,-0.1589999242988533,-0.3658175494103194,-0.878470657354588,lying,karol
1672331731303706400,-0.0668845434807322,-0.1532472599720942,-0.3682758918774176,-0.8775262382508346,lying,karol
1672331731313706400,-0.0580078684299047,-0.1569420306989921,-0.3667199070231971,-0.8781563087853966,lying,karol
1672331731323706400,-0.0442166393308467,-0.1626623206546611,-0.3642264875379655,-0.8789554260615401,lying,karol
1672331731333706400,-0.0530626381541675,-0.1589783924145038,-0.3658634297782812,-0.8784599619283119,lying,karol
1672331731343706400,-0.0668009153818767,-0.153216663140622,-0.3683200453525541,-0.8775194427311362,lying,karol
1672331731353706400,-0.057918766325705,-0.1569049874534242,-0.3667594101557706,-0.8781523341983878,lying,karol
1672331731363706400,-0.044124256832652,-0.1626222672341941,-0.364263602137288,-0.8789521212127498,lying,karol
1672331731373706400,-0.0529697416673615,-0.1589385754241576,-0.3658997206161428,-0.878457679690831,lying,karol
1672331731383706400,-0.0667053420205422,-0.153180021212494,-0.3683542688051902,-0.8775187666583201,lying,karol
1672331731393706400,-0.0578203707072468,-0.1568753068688309,-0.3667941062153738,-0.8781496521386841,lying,karol
1672331731403706400,-0.0440211730523289,-0.1626026752934016,-0.3642995913689929,-0.8789460224200141,lying,karol
1672331731413706400,-0.0528612395086305,-0.1589312470843597,-0.3659357625610268,-0.8784505530456072,lying,karol
1672331731423706400,-0.0665894580037283,-0.1531883058225839,-0.3683938102919649,-0.8775095494544352,lying,karol
1672331731433706400,-0.0576968449487704,-0.156902199406881,-0.3668395060759747,-0.8781340372623283,lying,karol
1672331731443706400,-0.0438830133607784,-0.1626516186203074,-0.3643473365737652,-0.8789241173055077,lying,karol
1672331731453706400,-0.0527134616222831,-0.1589939131045749,-0.3659846630870714,-0.8784277558538215,lying,karol
1672331731463706400,-0.0664518402310745,-0.1532448845326224,-0.3684407370500211,-0.8774904341073756,lying,karol
1672331731473706400,-0.0575844478721439,-0.1569446371731073,-0.3668793655336764,-0.8781172092739522,lying,karol
1672331731483706400,-0.0438077586530824,-0.1626750825761262,-0.3643744901938619,-0.8789122977548698,lying,karol
1672331731493706400,-0.0526658834957009,-0.1590022681829605,-0.3660029121892254,-0.8784215159420151,lying,karol
1672331731503706400,-0.066400500962977,-0.1532545349005767,-0.3684589286262117,-0.8774850189068638,lying,karol
1672331731513706400,-0.0575200246934745,-0.1569489764776987,-0.3669063917501977,-0.8781093870038246,lying,karol
1672331731523706400,-0.0437265414103278,-0.1626655584714357,-0.3644205075215649,-0.878899049850442,lying,karol
1672331731533706400,-0.0525837688179812,-0.158981586527879,-0.3660675913971442,-0.8784032513665889,lying,karol
1672331731543706400,-0.0663348636454075,-0.1532266304277164,-0.3685360062561048,-0.8774625120616936,lying,karol
1672331731553706400,-0.0574639998622364,-0.1569322401048666,-0.3669802815206687,-0.8780851936497465,lying,karol
1672331731563706400,-0.0436690685207818,-0.1626710585576804,-0.3644739079183614,-0.8788787708395166,lying,karol
1672331731573706400,-0.0525025435520959,-0.1589979994049465,-0.3660900381336754,-0.8783958092361565,lying,karol
1672331731583706400,-0.066221247462288,-0.1532451046035268,-0.3685257489179468,-0.8774721996572112,lying,karol
1672331731593706400,-0.0573371895810285,-0.1569310221479965,-0.3669493957549615,-0.8781066298957334,lying,karol
1672331731603706400,-0.0435391262394048,-0.1626492537128693,-0.3644391647690903,-0.8789036799305366,lying,karol
1672331731613706400,-0.0523854164636577,-0.1589708024666078,-0.3660696922510101,-0.878416223031182,lying,karol
1672331731623706400,-0.0661188323559015,-0.1532250872279982,-0.36852861584695,-0.877482234736919,lying,karol
1672331731633706400,-0.0572419409979286,-0.1569379848084973,-0.3669799190734352,-0.8780988681065975,lying,karol
1672331731643706400,-0.0434472466643778,-0.1626828423631584,-0.3644914598625434,-0.8788803518321048,lying,karol
1672331731653706400,-0.052298311714824,-0.1590144321066652,-0.3661343481109867,-0.8783865985124503,lying,karol
1672331731663706400,-0.0660354624687823,-0.1532623124347124,-0.3685982232111459,-0.8774528038632147,lying,karol
1672331731673706400,-0.0571599837065616,-0.1569580930341022,-0.3670485044314517,-0.8780719739129552,lying,karol
1672331731683706400,-0.0433628016390933,-0.1626858369490374,-0.3645628747099828,-0.8788543738056569,lying,karol
1672331731693706400,-0.0522080343591717,-0.1590014924043377,-0.3662115045319711,-0.8783621726968065,lying,karol
1672331731703706400,-0.065936125448698,-0.1532439780492651,-0.3686782287002408,-0.8774298902094841,lying,karol
1672331731713706400,-0.057052789617452,-0.1569444725762882,-0.367128335217269,-0.8780480323851215,lying,karol
1672331731723706400,-0.04324988417365,-0.1626793363272041,-0.364636054851961,-0.8788308086074266,lying,karol
1672331731733706400,-0.052090019006253,-0.1590008558220703,-0.3662715640218594,-0.8783442786980912,lying,karol
1672331731743706400,-0.0658128542967367,-0.1532464303458847,-0.3687213957229464,-0.8774206034536446,lying,karol
1672331731753706400,-0.0569259183900219,-0.1569497927268312,-0.3671540432525064,-0.8780445913215328,lying,karol
1672331731763706400,-0.0431162793055383,-0.1626913113210106,-0.3646442198857603,-0.8788317931811918,lying,karol
1672331731773706400,-0.0519515703828868,-0.159022409939447,-0.366264069583142,-0.8783517256873394,lying,karol
1672331731783706400,-0.0656708912506881,-0.1532829574082393,-0.368701523773117,-0.8774332350270796,lying,karol
1672331731793706400,-0.0567836981818257,-0.1569966582536478,-0.3671202294271015,-0.8780595851285544,lying,karol
1672331731803706400,-0.0429751489151968,-0.1627383878530796,-0.364591744922662,-0.8788517843432476,lying,karol
1672331731813706400,-0.0518146930001552,-0.1590580024976731,-0.3661945046531069,-0.8783823923181568,lying,karol
1672331731823706400,-0.0655322328329035,-0.1532992303168928,-0.3686150490755701,-0.8774771094532505,lying,karol
1672331731833706400,-0.0566434564850511,-0.1569931045566003,-0.3670155858054126,-0.8781130393058169,lying,karol
1672331731843706400,-0.042826533332517,-0.1627225706272461,-0.3644714755137335,-0.8789118665136869,lying,karol
1672331731853706400,-0.0516607862353263,-0.1590345881856727,-0.3660624311397986,-0.8784507601681183,lying,karol
1672331731863706400,-0.0653700887011868,-0.1532737720504856,-0.3684733839380689,-0.877553162021442,lying,karol
1672331731873706400,-0.0564771154730902,-0.156959670034351,-0.3668762451431698,-0.8781879688699056,lying,karol
1672331731883706400,-0.0426527423878271,-0.1626814854577458,-0.3643391987999523,-0.8789827771219186,lying,karol
1672331731893706400,-0.0514890307736984,-0.1589887385289444,-0.3659362058078175,-0.8785217445997332,lying,karol
1672331731903706400,-0.0651982392320526,-0.1532289132349899,-0.3683570661764567,-0.8776226232956377,lying,karol
1672331731913706400,-0.0563029760353981,-0.1569161866641123,-0.3667760543081145,-0.8782487834822632,lying,karol
1672331731923706400,-0.0424624910008362,-0.1626438788476072,-0.3642571470875503,-0.8790329684322556,lying,karol
1672331731933706400,-0.0512864476418382,-0.1589678003116666,-0.3658772066289085,-0.8785619737342926,lying,karol
1672331731943706400,-0.0649857604884384,-0.1532327631922293,-0.3683204456660293,-0.8776531004885797,lying,karol
1672331731953706400,-0.0560878134057292,-0.1569452741241535,-0.3667525157043005,-0.8782672068039531,lying,karol
1672331731963706400,-0.0422512069230322,-0.1627032276588656,-0.3642373907355877,-0.8790403786903495,lying,karol
1672331731973706400,-0.0510787085122676,-0.1590545864940361,-0.3658514232609833,-0.8785691335102622,lying,karol
1672331731983706400,-0.0647715507378004,-0.1533421008810944,-0.3682798543424136,-0.8776669020014467,lying,karol
1672331731993706400,-0.0558729956902393,-0.1570651933084564,-0.3666957887602692,-0.8782831776245137,lying,karol
1672331732003706400,-0.0696273698223234,-0.1513073030262944,-0.3691013523530229,-0.8773031068139817,lying,karol
1672331732013706400,-0.060736083839012,-0.1550302590548926,-0.3675379014704892,-0.8779698571419859,lying,karol
1672331732023706400,-0.0469559591934202,-0.1607735975116613,-0.3650519653316987,-0.8788188068453249,lying,karol
1672331732033706400,-0.0557809647473918,-0.1571056351853949,-0.366643241786492,-0.8783037592475111,lying,karol
1672331732043706400,-0.0695237303016484,-0.1513432473402582,-0.3690506097376814,-0.8773265006937816,lying,karol
1672331732053706400,-0.0606289663046272,-0.1550502428556268,-0.3674837957864748,-0.877996406048085,lying,karol
1672331732063706400,-0.0468501706989085,-0.1607757082004295,-0.3649897374557782,-0.8788499369142269,lying,karol
1672331732073706400,-0.0556910939214272,-0.1570930052204701,-0.3665683201861384,-0.8783430142681188,lying,karol
1672331732083706400,-0.0694462756090701,-0.1513136100242683,-0.3689628044214956,-0.8773746954459868,lying,karol
1672331732093706400,-0.0605627073326878,-0.1550040202440201,-0.3673863627986208,-0.8780499298396792,lying,karol
1672331732103706400,-0.0467898173417084,-0.1607121043829369,-0.3648833998358799,-0.878908953481859,lying,karol
1672331732113706400,-0.055632197839816,-0.1570144071816205,-0.3664584780225589,-0.8784066455448324,lying,karol
1672331732123706400,-0.0693872924635114,-0.15123151306557,-0.3688520791105386,-0.8774400828726044,lying,karol
1672331732133706400,-0.0605026868007336,-0.1549238593684568,-0.3672831732479829,-0.8781113947924964,lying,karol
1672331732143706400,-0.0467233255750536,-0.1606427887188448,-0.3647932678615009,-0.8789625885422936,lying,karol
1672331732153706400,-0.0555537859911446,-0.1569599852368076,-0.3663796867063237,-0.87845421539126,lying,karol
1672331732163706400,-0.0692906036868665,-0.1511911017987896,-0.3687811731851761,-0.8774845081294447,lying,karol
1672331732173706400,-0.0603944222514832,-0.1548876313546635,-0.3672170650093594,-0.8781529042812519,lying,karol
1672331732183706400,-0.0466104262259793,-0.1606026568760096,-0.3647276448953214,-0.8790031665448047,lying,karol
1672331732193706400,-0.0554642693742254,-0.1569065698592537,-0.3663059258339701,-0.8785001894606,lying,karol
1672331732203706400,-0.069229963680134,-0.1511240083270337,-0.3686961094123967,-0.877536608879733,lying,karol
1672331732213706400,-0.0603540470066238,-0.1548103809582426,-0.3671245711754437,-0.8782079840889367,lying,karol
1672331732223706400,-0.0465713068029075,-0.1605217489612548,-0.3646335612224115,-0.8790590604978079,lying,karol
1672331732233706400,-0.0554051402849634,-0.1568277823899946,-0.3662241637352009,-0.8785520871815997,lying,karol
1672331732243706400,-0.0691495180310987,-0.1510458574219588,-0.3686308322251601,-0.8775838419698417,lying,karol
1672331732253706400,-0.0602646819936653,-0.1547225539582758,-0.3670786162718283,-0.8782488206627752,lying,karol
1672331732263706400,-0.0464775323784071,-0.160426773773469,-0.3646001355554676,-0.8790952380793271,lying,karol
1672331732273706400,-0.0553173232097988,-0.1567314252241332,-0.3661850750056641,-0.8785911207604628,lying,karol
1672331732283706400,-0.0690567323550033,-0.1509556640909987,-0.3685752168321329,-0.8776300377515022,lying,karol
1672331732293706400,-0.0601575889660871,-0.1546428042807711,-0.367005012257408,-0.8783009810501325,lying,karol
1672331732303706400,-0.0463596743040022,-0.1603537357556432,-0.3645157848589745,-0.879149778472221,lying,karol
1672331732313706400,-0.0551995951986706,-0.1566610679242094,-0.3661026911475349,-0.8786454176010914,lying,karol
1672331732323706400,-0.0689397063250547,-0.1508966462194104,-0.3685118304803932,-0.8776760184801821,lying,karol
1672331732333706400,-0.060045728480066,-0.1545955019699985,-0.366969052713517,-0.8783320031990088,lying,karol
1672331732343706400,-0.0462496794722075,-0.1603230391905112,-0.3645017863076627,-0.8791669913502937,lying,karol
1672331732353706400,-0.0550916127284109,-0.1566465060834885,-0.3661029884918207,-0.8786546858441853,lying,karol
1672331732363706400,-0.0688386040565074,-0.1508808101897752,-0.3685176760462069,-0.8776842405761677,lying,karol
1672331732373706400,-0.0599569651868736,-0.1545697640570995,-0.366980404659088,-0.8783378710597128,lying,karol
1672331732383706400,-0.0461738550623576,-0.1602852086695523,-0.3645217616182365,-0.8791696090917251,lying,karol
1672331732393706400,-0.055029566745765,-0.1565936821619173,-0.3661291320608632,-0.8786571113375493,lying,karol
1672331732403706400,-0.0687865770728133,-0.1508179484295992,-0.3685425700939018,-0.8776886849333057,lying,karol
1672331732413706400,-0.0599065829788389,-0.1545062757762602,-0.3670002181237273,-0.8783442139628899,lying,karol
1672331732423706400,-0.0461109616769089,-0.1602315586937956,-0.3645332187264691,-0.8791779529226432,lying,karol
1672331732433706400,-0.0549526779323559,-0.1565550445329502,-0.3661324874132842,-0.8786674253803646,lying,karol
1672331732443706400,-0.0686926767032146,-0.1508004824140192,-0.3685417753392392,-0.8776993907269669,lying,karol
1672331732453706400,-0.0597979902084406,-0.1545129288108861,-0.3669960417569792,-0.8783522074790553,lying,karol
1672331732463706400,-0.0459904064810538,-0.1602625868245976,-0.3645243201972687,-0.8791823230393945,lying,karol
1672331732473706400,-0.0548281960134243,-0.1566153355753363,-0.3661186565191796,-0.8786702445999061,lying,karol
1672331732483706400,-0.0685641203737014,-0.1508957507123255,-0.3685231706068426,-0.8777009082451365,lying,karol
1672331732493706400,-0.0596660440248528,-0.1546439122520219,-0.3669702650250523,-0.878348929871632,lying,karol
1672331732503706400,-0.0458560876479212,-0.1604230131457671,-0.3644901872603751,-0.8791742666586737,lying,karol
1672331732513706400,-0.0546878781386046,-0.1567967811061082,-0.3660814112035545,-0.8786621846508533,lying,karol
1672331732523706400,-0.0684160872322375,-0.1510871940580596,-0.3684844843428188,-0.8776958066030345,lying,karol
1672331732533706400,-0.0595181029610223,-0.1548202543364072,-0.3669286120861835,-0.8783453403282349,lying,karol
1672331732543706400,-0.0457091664804072,-0.160577512722482,-0.364445433387903,-0.8791722994151523,lying,karol
1672331732553706400,-0.0545446603126565,-0.1569276196364031,-0.3660379086577107,-0.8786658836281948,lying,karol
1672331732563706400,-0.0682746159888121,-0.1511993309867786,-0.3684420759015211,-0.877705344147133,lying,karol
1672331732573706400,-0.0593793115825188,-0.154924350417428,-0.3668847448542863,-0.8783547314346236,lying,karol
1672331732583706400,-0.0455701486262571,-0.1606771953226566,-0.3643994841947347,-0.8791803768853529,lying,karol
1672331732593706400,-0.0544081876897257,-0.1570218159661538,-0.3659927562976635,-0.8786763511742168,lying,karol
1672331732603706400,-0.0681416679144111,-0.1512822775639971,-0.3683972464005826,-0.87772022475592,lying,karol
1672331732613706400,-0.0592529556184307,-0.1549907592854186,-0.3668383937931629,-0.8783709305523285,lying,karol
1672331732623706400,-0.0454481622498709,-0.160729366171077,-0.3643550397761287,-0.8791955960280541,lying,karol
1672331732633706400,-0.0542910470895667,-0.1570642519797251,-0.3659538366090344,-0.8786922424669188,lying,karol
1672331732643706400,-0.068019869846282,-0.1513253385349456,-0.3683648424585348,-0.8777358693731886,lying,karol
1672331732653706400,-0.0591228465540487,-0.1550357751147836,-0.3668136539586212,-0.8783821066626504,lying,karol
1672331732663706400,-0.0453052789344069,-0.1607756174322436,-0.3643413091904736,-0.879200226628967,lying,karol
1672331732673706400,-0.0541387237348386,-0.1571111208459747,-0.3659553430700121,-0.8786926584612338,lying,karol
1672331732683706400,-0.0678652995927552,-0.1513718464349837,-0.3683828541869969,-0.8777322804590959,lying,karol
1672331732693706400,-0.0589747391831764,-0.1550835026911557,-0.3668447345150313,-0.8783706834048133,lying,karol
1672331732703706400,-0.045167703193921,-0.1608283157373965,-0.3643766625639238,-0.8791830410336411,lying,karol
1672331732713706400,-0.0540123141819077,-0.1571643567104497,-0.3659903150127139,-0.8786763766457826,lying,karol
1672331732723706400,-0.0677473328548236,-0.1514177245564968,-0.368411137049861,-0.8777216329221205,lying,karol
1672331732733706400,-0.0588644378111128,-0.1551153103793083,-0.3668589009492976,-0.8783665700968164,lying,karol
1672331732743706400,-0.0450620264098316,-0.16084041584778,-0.3643727358924958,-0.8791878956640572,lying,karol
1672331732753706400,-0.0539105363104254,-0.1571547269547392,-0.3659710169907009,-0.8786924024988072,lying,karol
1672331732763706400,-0.0676425930068947,-0.1513919994638488,-0.3683804811692289,-0.8777470286516805,lying,karol
1672331732773706400,-0.0587517531090055,-0.1550792019452312,-0.3668256390055955,-0.8783943945803627,lying,karol
1672331732783706400,-0.0449352337028088,-0.160802327417353,-0.3643422024020936,-0.8792140193209631,lying,karol
1672331732793706400,-0.0537728250677455,-0.1571218276023104,-0.3659456345348901,-0.8787173097348685,lying,karol
1672331732803706400,-0.0674937805587193,-0.1513716355255494,-0.3683629652889851,-0.8777693631514513,lying,karol
1672331732813706400,-0.0585961287359124,-0.1550747086688076,-0.3668197899289058,-0.8784080437629623,lying,karol
1672331732823706400,-0.0447742831837117,-0.1608171152747871,-0.3643467536925848,-0.8792176600029186,lying,karol
1672331732833706400,-0.0536155292540311,-0.1571584654397664,-0.3659565574569655,-0.87871584255606,lying,karol
1672331732843706400,-0.0673406140074739,-0.1514259860695281,-0.3683755929692041,-0.8777664765290994,lying,karol
1672331732853706400,-0.0584516998936901,-0.1551368109850709,-0.3668255347113112,-0.8784043245269697,lying,karol
1672331732863706400,-0.044637016085765,-0.1608793690034576,-0.3643409966890282,-0.8792156581979362,lying,karol
1672331732873706400,-0.0534812570906457,-0.1572116027976382,-0.3659398651276596,-0.8787214917416527,lying,karol
1672331732883706400,-0.0672086823922707,-0.1514680766951054,-0.3683516194069758,-0.8777794053222849,lying,karol
1672331732893706400,-0.0583240379134683,-0.1551677692534164,-0.3667998989141635,-0.8784180647506117,lying,karol
1672331732903706400,-0.0445020169038845,-0.1609063213462185,-0.3643185466113341,-0.8792268898215949,lying,karol
1672331732913706400,-0.0533341792008524,-0.1572396565810883,-0.3659252096968727,-0.8787315331116435,lying,karol
1672331732923706400,-0.0670455909302292,-0.1515017153974037,-0.3683421318329432,-0.8777900735572266,lying,karol
1672331732933706400,-0.0581470385804014,-0.1552074003748463,-0.3667922230003899,-0.8784260240158557,lying,karol
1672331732943706400,-0.0443343672486323,-0.1609423104684635,-0.3643078005800972,-0.879233245239799,lying,karol
1672331732953706400,-0.0531885334605595,-0.1572684818997453,-0.3659114314044954,-0.8787409582913874,lying,karol
1672331732963706400,-0.0669166225372081,-0.1515342962753789,-0.3683290170049507,-0.8777998115845976,lying,karol
1672331732973706400,-0.058030931844326,-0.1552505886144328,-0.3667852966613287,-0.8784289803923995,lying,karol
1672331732983706400,-0.0442088119285487,-0.1610074014397815,-0.3643165239594204,-0.8792240569284655,lying,karol
1672331732993706400,-0.0530550446719654,-0.1573518630881205,-0.3659375298417162,-0.8787232576347922,lying,karol
1672331733003706400,-0.0667895772090642,-0.151617768754515,-0.3683671259477499,-0.8777791067221876,lying,karol
1672331733013706400,-0.0579147412406904,-0.1553274479989346,-0.3668212732417025,-0.8784080622322937,lying,karol
1672331733023706400,-0.0441051216503748,-0.1610748062382707,-0.364328046789758,-0.8792121646578743,lying,karol
1672331733033706400,-0.0529520968062504,-0.1574140825187374,-0.3659138219640808,-0.8787282148410631,lying,karol
1672331733043706400,-0.0666643399649852,-0.1516849379698278,-0.3683037448863054,-0.8778036361270153,lying,karol
1672331733053706400,-0.0577639950759558,-0.1553909811818042,-0.3667267774715503,-0.8784462244107901,lying,karol
1672331733063706400,-0.0439258428953857,-0.1611307528637168,-0.3642205891741271,-0.8792554268985955,lying,karol
1672331733073706400,-0.0527545357038713,-0.1574687239069972,-0.3658162097745769,-0.8787709670371664,lying,karol
1672331733083706400,-0.0664543905670847,-0.1517429553752213,-0.3682251281697513,-0.877842529438362,lying,karol
1672331733093706400,-0.0575532948229916,-0.1554566594363704,-0.3666622141979996,-0.8784754054128215,lying,karol
1672331733103706400,-0.0437149196234524,-0.1612086011302168,-0.364165225739285,-0.8792746230924484,lying,karol
1672331733113706400,-0.052551160503472,-0.1575485365689428,-0.3657716661257867,-0.8787874109437313,lying,karol
1672331733123706400,-0.0662594930609022,-0.151819332992556,-0.3681924417105853,-0.8778577879935212,lying,karol
1672331733133706400,-0.0573703470584317,-0.1555245153426823,-0.3666422468727394,-0.8784837165342997,lying,karol
1672331733143706400,-0.0435459356173179,-0.1612669565326318,-0.3641589284676874,-0.8792749355091075,lying,karol
1672331733153706400,-0.0524000018719184,-0.1575987552478501,-0.3657761844620189,-0.8787855711416852,lying,karol
1672331733163706400,-0.0661207892565426,-0.1518669313174959,-0.3682017345978163,-0.8778561340278521,lying,karol
1672331733173706400,-0.0572384973726732,-0.1555740984988974,-0.3666504663239516,-0.8784801256361983,lying,karol
1672331733183706400,-0.071009706743806,-0.1498022365169502,-0.3690508232045516,-0.8774724217970951,lying,karol
1672331733193706400,-0.0621291379297098,-0.1535097148672907,-0.3675211142099908,-0.8781471553268452,lying,karol
1672331733203706400,-0.0483531744368703,-0.1592325540279433,-0.3650754832356789,-0.8790144038705001,lying,karol
1672331733213706400,-0.0571846790694864,-0.1555413067798811,-0.3666650917114968,-0.8784833518474782,lying,karol
1672331733223706400,-0.0709360876349142,-0.1497571457500939,-0.3690622438549882,-0.8774812885145143,lying,karol
1672331733233706400,-0.0620401406829536,-0.1534551816222556,-0.3675296720349226,-0.8781594157219453,lying,karol
1672331733243706400,-0.0482543261173928,-0.1591890130100576,-0.3650792319928595,-0.8790261847565073,lying,karol
1672331733253706400,-0.0570846593295422,-0.1555172277621317,-0.3666628429720197,-0.8784950793099232,lying,karol
1672331733263706400,-0.0708378215611251,-0.1497511563771756,-0.3690534291562834,-0.8774939779491765,lying,karol
1672331733273706400,-0.0619501365582852,-0.1534619534026213,-0.3675142830552072,-0.8781710484274712,lying,karol
1672331733283706400,-0.0481794560474848,-0.1591908939761489,-0.3650595251171423,-0.8790381553853173,lying,karol
1672331733293706400,-0.0570272110165659,-0.1555052870666483,-0.3666419759797659,-0.8785096510819583,lying,karol
1672331733303706400,-0.0707944430344285,-0.1497250279532022,-0.3690349834522427,-0.8775097109555183,lying,karol
1672331733313706400,-0.0619118375226659,-0.1534291286541385,-0.3675008653958264,-0.8781851155383557,lying,karol
1672331733323706400,-0.0481320402439317,-0.1591653576690751,-0.3650532940132523,-0.8790479815411912,lying,karol
1672331733333706400,-0.0569696075756245,-0.1554888683513502,-0.3666358903548063,-0.8785188522704515,lying,karol
1672331733343706400,-0.0707239950916243,-0.149718812553049,-0.369019786168837,-0.8775228618807567,lying,karol
1672331733353706400,-0.0618319130390028,-0.1534254668262136,-0.3674827190128724,-0.8781989991817171,lying,karol
1672331733363706400,-0.0480471402173781,-0.1591551067153124,-0.3650356401262796,-0.8790618321460313,lying,karol
1672331733373706400,-0.0568831132085645,-0.155478487318716,-0.3666200207198059,-0.8785329359475714,lying,karol
1672331733383706400,-0.070634516957462,-0.1497155267338289,-0.3690096318842701,-0.8775349192975715,lying,karol
1672331733393706400,-0.0617415255031244,-0.1534333950175685,-0.3674752382568899,-0.8782071245673089,lying,karol
1672331733403706400,-0.0479570705614815,-0.1591767017976398,-0.3650287278707473,-0.8790657326730148,lying,karol
1672331733413706400,-0.0567974472097735,-0.155510288362459,-0.3666209424298616,-0.8785324882292372,lying,karol
1672331733423706400,-0.0705532478193601,-0.1497535835359172,-0.3690205989476453,-0.8775303753470218,lying,karol
1672331733433706400,-0.0616665174383441,-0.1534742195820587,-0.3674920590649553,-0.8781982465847519,lying,karol
1672331733443706400,-0.0478891982626731,-0.1592188474574418,-0.3650472782997422,-0.8790541208235911,lying,karol
1672331733453706400,-0.0567376836871488,-0.1555495059258768,-0.3666388022047402,-0.8785219769256332,lying,karol
1672331733463706400,-0.0704976336056818,-0.1497907064261613,-0.3690378525176662,-0.877521276009618,lying,karol
1672331733473706400,-0.0616110259141918,-0.1535114497448442,-0.3675086315738307,-0.8781887217859649,lying,karol
1672331733483706400,-0.0478348288161686,-0.159255869639263,-0.365062659854211,-0.8790440094440599,lying,karol
1672331733493706400,-0.0566834872495163,-0.1555861900433593,-0.3666542266159991,-0.8785125645999906,lying,karol
1672331733503706400,-0.0704428700880629,-0.1498253842595354,-0.3690510927046531,-0.8775142077261543,lying,karol
1672331733513706400,-0.0615570061073222,-0.1535411555332383,-0.3675152433140494,-0.8781845711869579,lying,karol
1672331733523706400,-0.0477729187441191,-0.1592810220194488,-0.3650601830550852,-0.8790438684271559,lying,karol
1672331733533706400,-0.0566092681807906,-0.1556075842762947,-0.3666430950390623,-0.8785182274137098,lying,karol
1672331733543706400,-0.0703632906929806,-0.149842515248215,-0.3690321873197431,-0.8775256379675134,lying,karol
1672331733553706400,-0.0614787267225301,-0.1535544600144708,-0.3674916155399087,-0.8781976355385139,lying,karol
1672331733563706400,-0.0476966831994402,-0.1592987816393073,-0.3650388105019514,-0.8790536852405508,lying,karol
1672331733573706400,-0.0565358788676625,-0.1556351420989776,-0.3666269015707912,-0.8785248503617392,lying,karol
1672331733583706400,-0.0702851179328701,-0.1498853411972363,-0.3690224935913105,-0.8775286877734683,lying,karol
1672331733593706400,-0.0613933435779687,-0.1536114026410169,-0.3674859867898689,-0.8781960299843499,lying,karol
1672331733603706400,-0.0476009603795274,-0.1593622400822366,-0.3650290950423163,-0.8790514315128592,lying,karol
1672331733613706400,-0.0564338217353643,-0.155700643040775,-0.3666132939036535,-0.8785255100926165,lying,karol
1672331733623706400,-0.0701803492951565,-0.1499521227558867,-0.3690043758363993,-0.8775333080193484,lying,karol
1672331733633706400,-0.0612936345698128,-0.1536781015228924,-0.3674647687181782,-0.8782002291233144,lying,karol
1672331733643706400,-0.0475137828561302,-0.1594275906000012,-0.3650095409559648,-0.8790524421032467,lying,karol
1672331733653706400,-0.0563579245382852,-0.1557598470927231,-0.3665949428979317,-0.8785275684309752,lying,karol
1672331733663706400,-0.0701079084917907,-0.1500012279302438,-0.368985956691964,-0.8775384730039711,lying,karol
1672331733673706400,-0.061217223237449,-0.1537153260903483,-0.3674440997126417,-0.8782077132976799,lying,karol
1672331733683706400,-0.0474264636596599,-0.159455434633983,-0.3649844328434178,-0.87906255276353,lying,karol
1672331733693706400,-0.0562641073461781,-0.1557791012646275,-0.3665690030570517,-0.8785410116110425,lying,karol
1672331733703706400,-0.0700086789293509,-0.1500144792220172,-0.3689617688224841,-0.8775543194281871,lying,karol
1672331733713706400,-0.0611091371955669,-0.153723055397011,-0.3674294140101625,-0.8782200525941526,lying,karol
1672331733723706400,-0.0473088262511598,-0.1594584930444518,-0.3649835089292642,-0.8790687413737165,lying,karol
1672331733733706400,-0.0561422877458214,-0.1557781121297733,-0.3665840928569319,-0.8785427057123052,lying,karol
1672331733743706400,-0.0698899430097779,-0.1500128479982652,-0.3689933378110555,-0.8775508116266962,lying,karol
1672331733753706400,-0.0610133370650821,-0.1537247973889154,-0.3674702734889443,-0.8782093348463669,lying,karol
1672331733763706400,-0.0472334694364343,-0.159470316008317,-0.3650292287757018,-0.8790516870869165,lying,karol
1672331733773706400,-0.0560741339936949,-0.1558098140470565,-0.3666343765325716,-0.87852047710929,lying,karol
1672331733783706400,-0.0698156173069496,-0.1500577320441271,-0.3690501955241407,-0.877525170118686,lying,karol
1672331733793706400,-0.0609201489125324,-0.1537741963220313,-0.3675348280602755,-0.878180169066679,lying,karol
1672331733803706400,-0.0471391248647928,-0.1595158278770385,-0.3650939897241076,-0.8790216262414855,lying,karol
1672331733813706400,-0.0559974794929354,-0.1558377054917752,-0.366689190264473,-0.8784975664496486,lying,karol
1672331733823706400,-0.0697579294666072,-0.1500694942188882,-0.3690770416491971,-0.8775164762950308,lying,karol
1672331733833706400,-0.0608796862654215,-0.1537732485085909,-0.3675171991734124,-0.8781905351103944,lying,karol
1672331733843706400,-0.047092280777197,-0.1594997236200721,-0.3650292468041787,-0.8790539601192232,lying,karol
1672331733853706400,-0.0559304490614953,-0.1558079982239616,-0.3665866940759762,-0.8785498925700432,lying,karol
1672331733863706400,-0.0696707072712612,-0.1500302334183917,-0.3689575573162434,-0.8775803741073458,lying,karol
1672331733873706400,-0.0607762125429547,-0.153723603142752,-0.3674022348161455,-0.8782545074030103,lying,karol
1672331733883706400,-0.0469707913129878,-0.1594515692121596,-0.3649349579642261,-0.8791083559545328,lying,karol
1672331733893706400,-0.0558012872042815,-0.155770577156784,-0.3665190525403049,-0.878592976828361,lying,karol
1672331733903706400,-0.069540526679545,-0.1500111074568682,-0.3689137649706357,-0.8776123952290431,lying,karol
1672331733913706400,-0.0606512467717622,-0.1537180866257471,-0.3673798646893204,-0.8782734874033276,lying,karol
1672331733923706400,-0.0468584882906962,-0.1594477335109326,-0.3649285996573847,-0.8791177020970021,lying,karol
1672331733933706400,-0.055706560099754,-0.1557567098638439,-0.366522214409513,-0.8786001442265157,lying,karol
1672331733943706400,-0.0694604813755234,-0.1499789971027475,-0.3689202153400829,-0.8776215257415667,lying,karol
1672331733953706400,-0.0605876487859198,-0.15367331714364,-0.3673892398759542,-0.8782818033839467,lying,karol
1672331733963706400,-0.0468078008302222,-0.1594025177323435,-0.3649416099568224,-0.8791232143482688,lying,karol
1672331733973706400,-0.0556601137060718,-0.1557216657705583,-0.3665392642532054,-0.8786022007172873,lying,karol
1672331733983706400,-0.069405983476317,-0.1499603833057907,-0.368943264945552,-0.8776193441168232,lying,karol
1672331733993706400,-0.0605139776938585,-0.1536680155712613,-0.3674179064056289,-0.8782758357621151,lying,karol
1672331734003706400,-0.0467101451341582,-0.1594083937280734,-0.3649732223848755,-0.8791142389634896,lying,karol
1672331734013706400,-0.0555422388509386,-0.1557354022738379,-0.3665701279652829,-0.8785943701404326,lying,karol
1672331734023706400,-0.0692707335518959,-0.1499832488935725,-0.3689696329222512,-0.8776150595374042,lying,karol
1672331734033706400,-0.0603680895281185,-0.1537066400963974,-0.3674357443839736,-0.8782716777999844,lying,karol
1672331734043706400,-0.0465533390322591,-0.1594688429383504,-0.3649765578339515,-0.8791102338416191,lying,karol
1672331734053706400,-0.0553777839799905,-0.1558218579228912,-0.3665570283087354,-0.878594914790288,lying,karol
1672331734063706400,-0.0690991007549477,-0.1500932086603547,-0.3689432658845201,-0.877620904878756,lying,karol
1672331734073706400,-0.0601942397487621,-0.1538322438867245,-0.3673961289648662,-0.8782782220152141,lying,karol
1672331734083706400,-0.0463791701281326,-0.1596036126588324,-0.3649269173695914,-0.879115620588504,lying,karol
1672331734093706400,-0.055209150930778,-0.1559595126685166,-0.3665073893832975,-0.8786018420028433,lying,karol
1672331734103706400,-0.0689380662009742,-0.1502355018481546,-0.3688968249433313,-0.8776287745585605,lying,karol
1672331734113706400,-0.0600449647482217,-0.1539776120067403,-0.3673517586723501,-0.8782815563624861,lying,karol
1672331734123706400,-0.0462350332661987,-0.1597504326566884,-0.3648843077981411,-0.8791142621439971,lying,karol
1672331734133706400,-0.0550664697545428,-0.1561053122339743,-0.3664715478745378,-0.8785998841036173,lying,karol
1672331734143706400,-0.0687952219756729,-0.1503699529117214,-0.3688652324831481,-0.8776302651680488,lying,karol
1672331734153706400,-0.059904239129448,-0.1540916164225763,-0.367318516840016,-0.8782851017600266,lying,karol
1672331734163706400,-0.0460992789209748,-0.1598427224887748,-0.3648482782720232,-0.8791195937785299,lying,karol
1672331734173706400,-0.0549392408913745,-0.1561776141553766,-0.3664352794495483,-0.878610148624552,lying,karol
1672331734183706400,-0.068669330033235,-0.1504365619121688,-0.3688293695016642,-0.8776438026533322,lying,karol
1672331734193706400,-0.0597769391728465,-0.1541613028480206,-0.3672835622995475,-0.8782961855927126,lying,karol
1672331734203706400,-0.045966953632955,-0.159922152970676,-0.3648175059781804,-0.8791248701066025,lying,karol
1672331734213706400,-0.0548044326251535,-0.1562652989865529,-0.3664111498342026,-0.8786130641206691,lying,karol
1672331734223706400,-0.0685333357786041,-0.1505262145962419,-0.3688117157988146,-0.8776465038664778,lying,karol
1672331734233706400,-0.0596409891214089,-0.1542527414160874,-0.3672713915840015,-0.8782944877727465,lying,karol
1672331734243706400,-0.0458284111293285,-0.1600190765467837,-0.3648094008417015,-0.8791178555767408,lying,karol
1672331734253706400,-0.0546671270613296,-0.1563669327898878,-0.3664089814591395,-0.8786044668131098,lying,karol
1672331734263706400,-0.0683991299719105,-0.1506352796500876,-0.3688153552515691,-0.8776367585849504,lying,karol
1672331734273706400,-0.059515975703363,-0.1543660997108185,-0.3672725071474338,-0.8782826124528581,lying,karol
1672331734283706400,-0.0457144503783372,-0.1601316832939949,-0.3648001041704336,-0.879107168600358,lying,karol
1672331734293706400,-0.0545594253624353,-0.1564767183916984,-0.3663905405809728,-0.8785993310645176,lying,karol
1672331734303706400,-0.068289777211263,-0.150738970930132,-0.3687862665711905,-0.8776397181645587,lying,karol
1672331734313706400,-0.0594023034010865,-0.1544535776696906,-0.3672302074735866,-0.8782926378613227,lying,karol
1672331734323706400,-0.0455920289570434,-0.1601971798968329,-0.3647475523403263,-0.8791234185822052,lying,karol
1672331734333706400,-0.0544305197406247,-0.1565206217565285,-0.3663329097379029,-0.8786235549476175,lying,karol
1672331734343706400,-0.0681550164093233,-0.1507649890298157,-0.3687242761458089,-0.8776717866171232,lying,karol
1672331734353706400,-0.0592646352913914,-0.1544637837682324,-0.3671630305558716,-0.8783282429373743,lying,karol
1672331734363706400,-0.0454493071685952,-0.1601993253097356,-0.364675260693505,-0.8791604220895297,lying,karol
1672331734373706400,-0.0542870091105184,-0.1565230940479327,-0.3662558863607287,-0.8786641172114413,lying,karol
1672331734383706400,-0.0680089348567092,-0.1507704268471775,-0.3686455737244622,-0.8777152579155012,lying,karol
1672331734393706400,-0.0591188540886815,-0.1544685157993733,-0.3670898695107192,-0.8783678285455294,lying,karol
1672331734403706400,-0.0452981321521127,-0.1602036066676674,-0.3646079623516821,-0.8791953706010536,lying,karol
1672331734413706400,-0.0541313262086737,-0.1565265899001044,-0.3661954303340586,-0.878698311397514,lying,karol
1672331734423706400,-0.0678441119554525,-0.1507800060084184,-0.3685928951214085,-0.877748506910993,lying,karol
1672331734433706400,-0.0589446146751278,-0.1544864287750249,-0.3670443769094113,-0.8783954160392398,lying,karol
1672331734443706400,-0.0451185335207978,-0.1602310054607064,-0.3645676506056556,-0.8792163470584062,lying,karol
1672331734453706400,-0.0539570086451477,-0.1565623996827323,-0.3661604292287904,-0.8787172572912726,lying,karol
1672331734463706400,-0.0676781121551568,-0.150822917422205,-0.3685628857206022,-0.8777665691995515,lying,karol
1672331734473706400,-0.0587896766529999,-0.1545335123505136,-0.3670166931550039,-0.8784091031405167,lying,karol
1672331734483706400,-0.0449692051253784,-0.1602818927611634,-0.3645382160772824,-0.8792269447144286,lying,karol
1672331734493706400,-0.0538110200649535,-0.1566143232909089,-0.3661305172534351,-0.8787294382815148,lying,karol
1672331734503706400,-0.067527034783477,-0.1508706980856419,-0.3685296695719648,-0.8777839571475674,lying,karol
1672331734513706400,-0.058635032838705,-0.154571750314894,-0.3669773637554674,-0.8784291597913485,lying,karol
1672331734523706400,-0.0448096798186899,-0.1603084388206564,-0.3644926082794957,-0.8792491733779477,lying,karol
1672331734533706400,-0.0536453602164109,-0.1566318610264427,-0.3660847452146696,-0.8787555263038606,lying,karol
1672331734543706400,-0.0673470780931624,-0.1508896932831032,-0.3684912640537259,-0.8778106567644011,lying,karol
1672331734553706400,-0.0584412240147448,-0.1546011155617514,-0.3669519539721192,-0.8784475406436233,lying,karol
1672331734563706400,-0.0446020254806055,-0.1603574112120185,-0.3644840806159233,-0.8792543579124038,lying,karol
1672331734573706400,-0.0534416677164822,-0.1567027875392992,-0.3660882532761029,-0.8787538545311961,lying,karol
1672331734583706400,-0.0671589830996064,-0.150981316854531,-0.3684979659509685,-0.8778065242325459,lying,karol
1672331734593706400,-0.0582654447652797,-0.1547111214105596,-0.3669568728959059,-0.8784378204069179,lying,karol
1672331734603706400,-0.0444300589071218,-0.1604822299924312,-0.3644857972082651,-0.8792396057575825,lying,karol
1672331734613706400,-0.0532627242121345,-0.1568329231425078,-0.3660962075216362,-0.8787382164549784,lying,karol
1672331734623706400,-0.0669700599343497,-0.1511095498032351,-0.3685136789612486,-0.8777923244201894,lying,karol
1672331734633706400,-0.058089942520036,-0.154825443951441,-0.3669705450825076,-0.878423616255525,lying,karol
1672331734643706400,-0.0442719690243126,-0.1605808425423807,-0.3644877050495666,-0.8792288077880767,lying,karol
1672331734653706400,-0.0531183470779231,-0.1569192250395163,-0.3660691228618885,-0.8787428521163019,lying,karol
1672331734663706400,-0.0668302928418965,-0.1511861080973309,-0.3684459724999839,-0.8778182323918943,lying,karol
1672331734673706400,-0.0579410961476515,-0.1548842939595469,-0.3668586485009773,-0.8784698246037452,lying,karol
1672331734683706400,-0.0717057528620278,-0.1490936076125167,-0.3692080352838756,-0.8774711550520736,lying,karol
1672331734693706400,-0.062822290222656,-0.1527844532135243,-0.3676529381348977,-0.8781699220219733,lying,karol
1672331734703706400,-0.0490448237380381,-0.1585046295197422,-0.3651950091183432,-0.8790587708411943,lying,karol
1672331734713706400,-0.0578781795488842,-0.1548184636960306,-0.3667613291417924,-0.8785262225167987,lying,karol
1672331734723706400,-0.0716339055885245,-0.1490410033521794,-0.3691334488204251,-0.8775173521290852,lying,karol
1672331734733706400,-0.0627457539724672,-0.1527466907554362,-0.3675980017497707,-0.87820497508111,lying,karol
1672331734743706400,-0.0489677359131463,-0.1584794539704762,-0.365159174300432,-0.8790825098623949,lying,karol
1672331734753706400,-0.0578077371508635,-0.1548001120336871,-0.3667405937473497,-0.878542767399681,lying,karol
1672331734763706400,-0.0715723873895969,-0.1490224665817419,-0.3691241243424571,-0.8775294592073759,lying,karol
1672331734773706400,-0.0626924791267539,-0.1527246497049606,-0.3675980652635269,-0.8782126031916132,lying,karol
1672331734783706400,-0.0489176504787957,-0.1584526788226837,-0.3651655140974625,-0.8790875077563057,lying,karol
1672331734793706400,-0.057760213345349,-0.1547718461133917,-0.3667535536801018,-0.8785454795376292,lying,karol
1672331734803706400,-0.0715216722541356,-0.149006219503122,-0.3691475970104815,-0.8775264973655363,lying,karol
1672331734813706400,-0.0626353092585975,-0.1527263237394058,-0.3676329030039358,-0.878201828877631,lying,karol
1672331734823706400,-0.0488540271675578,-0.1584724603816786,-0.3652076464454235,-0.8790700001170184,lying,karol
1672331734833706400,-0.0576878968959876,-0.1548007190915445,-0.3667981058492821,-0.878526568253019,lying,karol
1672331734843706400,-0.0714367137805568,-0.149032424927857,-0.3691888226594747,-0.8775116484920329,lying,karol
1672331734853706400,-0.0625401411622267,-0.1527487069783124,-0.3676696007071727,-0.8781893794551381,lying,karol
1672331734863706400,-0.0487510471965124,-0.1584941265208918,-0.3652391034926203,-0.8790587659292227,lying,karol
1672331734873706400,-0.0575799065270291,-0.1548322955569907,-0.3668212849865983,-0.8785184352112985,lying,karol
1672331734883706400,-0.0713241988133732,-0.1490833028944173,-0.3692010192705638,-0.8775070533836141,lying,karol
1672331734893706400,-0.0624256972286794,-0.1528144562397885,-0.3676667206892751,-0.8781873161845586,lying,karol
1672331734903706400,-0.0486361406243864,-0.1585680004886166,-0.3652170712737258,-0.8790609888727036,lying,karol
1672331734913706400,-0.0574708781659373,-0.1549048067670124,-0.3667833863682491,-0.8785286407423577,lying,karol
1672331734923706400,-0.0712221576449103,-0.1491468533814156,-0.3691523226788801,-0.8775250526869633,lying,karol
1672331734933706400,-0.0623302675544639,-0.1528611023040556,-0.3676091942166068,-0.8782100798087923,lying,karol
1672331734943706400,-0.0485428666567196,-0.1586015815173411,-0.365153900709792,-0.8790863484309509,lying,karol
1672331734953706400,-0.0573747082522056,-0.1549347102825818,-0.3667207064823746,-0.8785558388950847,lying,karol
1672331734963706400,-0.071119703694697,-0.1491769382266,-0.3690910673638479,-0.8775540338078979,lying,karol
1672331734973706400,-0.0622266163697046,-0.1528905419512418,-0.367548244792259,-0.878237835312691,lying,karol
1672331734983706400,-0.0484396242987031,-0.1586235284613574,-0.3650901831147621,-0.8791145664709316,lying,karol
1672331734993706400,-0.057279230156297,-0.1549375958306369,-0.3666511351622937,-0.878590613256773,lying,karol
1672331735003706400,-0.0710299770915294,-0.1491633896324304,-0.3690166487729875,-0.8775949142873724,lying,karol
1672331735013706400,-0.0621413561443229,-0.1528647627526501,-0.3674739588437923,-0.87827945815632,lying,karol
1672331735023706400,-0.0483551269399736,-0.158592475289859,-0.3650243271102887,-0.8791521802129645,lying,karol
1672331735033706400,-0.0571978976835503,-0.1549068540562063,-0.3666020372362569,-0.8786218336131413,lying,karol
1672331735043706400,-0.0709530174110261,-0.1491372767640037,-0.3689845862253542,-0.8776190727877317,lying,karol
1672331735053706400,-0.0620694422662122,-0.1528465676025436,-0.3674587169772891,-0.8782941020295856,lying,karol
1672331735063706400,-0.0482845199428564,-0.1585892299672419,-0.3650234890536696,-0.8791570108796597,lying,karol
1672331735073706400,-0.0571276372154265,-0.1549230781074805,-0.3666112248108443,-0.8786197292262958,lying,karol
1672331735083706400,-0.0708822311401644,-0.1491732988707408,-0.3690012418507888,-0.8776116884289725,lying,karol
1672331735093706400,-0.0619979047916329,-0.152901190332217,-0.3674793093096652,-0.8782810539416948,lying,karol
1672331735103706400,-0.0482128012581562,-0.1586597420104964,-0.3650434196705132,-0.8791399728910128,lying,karol
1672331735113706400,-0.0570566610365456,-0.1550043117345331,-0.366631226610861,-0.8786016925062481,lying,karol
1672331735123706400,-0.0708088085875427,-0.1492609082913291,-0.3690224103314388,-0.8775938443767788,lying,karol
1672331735133706400,-0.0619221238854717,-0.15298935445263,-0.3674995930307671,-0.8782625856740658,lying,karol
1672331735143706400,-0.0481337212738962,-0.1587408672227194,-0.3650625047378352,-0.879121762005918,lying,karol
1672331735153706400,-0.056973702603621,-0.1550797246388288,-0.366653957082436,-0.8785843079212162,lying,karol
1672331735163706400,-0.0707207197453329,-0.1493332525383908,-0.3690520071217347,-0.8775762199697668,lying,karol
1672331735173706400,-0.061827466791582,-0.1530609382367636,-0.3675322080571346,-0.8782431599626741,lying,karol
1672331735183706400,-0.0480311670327438,-0.1588160270535096,-0.3650941575282646,-0.8791006785629333,lying,karol
1672331735193706400,-0.0568646618935247,-0.1551519355821625,-0.3666801894965805,-0.8785677020071615,lying,karol
1672331735203706400,-0.0706051911423751,-0.1493987267055132,-0.3690689551504068,-0.8775672769474632,lying,karol
1672331735213706400,-0.061705657947045,-0.153122197039869,-0.3675447396343051,-0.8782358295865735,lying,karol
1672331735223706400,-0.0479027899323074,-0.1588773331457788,-0.365106579886619,-0.8790914725381731,lying,karol
1672331735233706400,-0.0567314486408213,-0.1552204425240687,-0.3666977209332292,-0.8785569233783498,lying,karol
1672331735243706400,-0.0704707706106584,-0.1494787520252846,-0.3690932095975042,-0.877554282148705,lying,karol
1672331735253706400,-0.0615832723059187,-0.1532151547848467,-0.3675718486680318,-0.8782168914665658,lying,karol
1672331735263706400,-0.0477950283195658,-0.1589809163733122,-0.3651328628963732,-0.8790677246157571,lying,karol
1672331735273706400,-0.0566359746581972,-0.1553291229813499,-0.3667225603116122,-0.878533536613787,lying,karol
1672331735283706400,-0.0703862773133645,-0.1495857717799297,-0.3691161420258787,-0.8775332103914668,lying,karol
1672331735293706400,-0.0615108926352067,-0.153309361741538,-0.3675862918940437,-0.8781995045425409,lying,karol
1672331735303706400,-0.0477339817316303,-0.1590570639650807,-0.365141666227942,-0.8790536341652321,lying,karol
1672331735313706400,-0.0565846696866893,-0.1553831349629658,-0.3667356484279827,-0.8785218496032793,lying,karol
1672331735323706400,-0.0703370724201965,-0.1496227522499937,-0.3691376567757895,-0.8775218217818317,lying,karol
1672331735333706400,-0.0614526505912105,-0.1533409821139049,-0.3676200524536634,-0.8781839509636183,lying,karol
1672331735343706400,-0.0476620019670533,-0.1590908220372121,-0.3651899616893849,-0.879031391650133,lying,karol
1672331735353706400,-0.0564995632919228,-0.1554217728298575,-0.3667966885334624,-0.8784950342636483,lying,karol
1672331735363706400,-0.0702503616824226,-0.1496606842947421,-0.3692066823089192,-0.877493285931545,lying,karol
1672331735373706400,-0.0613791473164106,-0.1533759193091012,-0.3676906698331415,-0.8781534509328748,lying,karol
1672331735383706400,-0.0476188445322268,-0.1591221020879791,-0.3652556511948006,-0.8790007991131032,lying,karol
1672331735393706400,-0.0564871696517455,-0.1554489868840325,-0.3668573526048087,-0.8784657064935754,lying,karol
1672331735403706400,-0.0702515650239354,-0.1496918396789483,-0.3692692359700554,-0.8774615750447544,lying,karol
1672331735413706400,-0.0613749628392933,-0.1534120228792949,-0.367760906196835,-0.8781180481824018,lying,karol
1672331735423706400,-0.0475894062055796,-0.1591583849317653,-0.3653400108118692,-0.8789607907578908,lying,karol
1672331735433706400,-0.0564362721793469,-0.1554823211147558,-0.3669549756266023,-0.8784223308321994,lying,karol
1672331735443706400,-0.0702006488467146,-0.1497173861117444,-0.3693730876639122,-0.8774176069466648,lying,karol
1672331735453706400,-0.0613285674261136,-0.1534403626068141,-0.3678587777467141,-0.8780753694553123,lying,karol
1672331735463706400,-0.0475482590987968,-0.1591986568159792,-0.3654138074990458,-0.8789250728707971,lying,karol
1672331735473706400,-0.0563811354073765,-0.1555299366263501,-0.366990883603431,-0.8784024654774671,lying,karol
1672331735483706400,-0.070109798024882,-0.1497700025595316,-0.3693658105854648,-0.8774189786684075,lying,karol
1672331735493706400,-0.0612084806551239,-0.1534812255859798,-0.3678162003567029,-0.8780944653157192,lying,karol
1672331735503706400,-0.0474072038610667,-0.1592166969565965,-0.3653531466239502,-0.8789546622462469,lying,karol
1672331735513706400,-0.0562395780366866,-0.1555334613934066,-0.3669339911884292,-0.8784347021582448,lying,karol
1672331735523706400,-0.0699818714113364,-0.1497686697097265,-0.3693249530883669,-0.8774466356842362,lying,karol
1672331735533706400,-0.0611010230882538,-0.1534907154200479,-0.3677939770996148,-0.8781096180357487,lying,karol
1672331735543706400,-0.0473196814852782,-0.1592439456935054,-0.3653506589140601,-0.8789554966610928,lying,karol
1672331735553706400,-0.0561697546023194,-0.1555692408988682,-0.3669526206024016,-0.8784250734974908,lying,karol
1672331735563706400,-0.0699240945876581,-0.1498010867005067,-0.3693638349919668,-0.8774293636016722,lying,karol
1672331735573706400,-0.0610486166880153,-0.1535068645098034,-0.3678503715323114,-0.8780868394476637,lying,karol
1672331735583706400,-0.0472729517249176,-0.1592375230978406,-0.3654171729347075,-0.8789315453848947,lying,karol
1672331735593706400,-0.0561269697347175,-0.1555374417970451,-0.3670196558168882,-0.8784054525189952,lying,karol
1672331735603706400,-0.0698812969866914,-0.1497515432110421,-0.3694295059720941,-0.8774136007082451,lying,karol
1672331735613706400,-0.06100065597516,-0.1534548007476532,-0.3679169543575116,-0.8780713951681163,lying,karol
1672331735623706400,-0.0472111275617803,-0.1591957698700021,-0.3654880106417632,-0.8789129975298615,lying,karol
1672331735633706400,-0.0560458718366453,-0.1555121604983497,-0.3670977762752689,-0.8783824845190653,lying,karol
1672331735643706400,-0.0697858123381748,-0.1497405661455786,-0.3695118304257503,-0.8773884316207481,lying,karol
1672331735653706400,-0.0609013635984382,-0.1534571589001157,-0.3679990662603575,-0.8780434910552809,lying,karol
1672331735663706400,-0.0471168133670224,-0.1592218539179358,-0.3655678901535915,-0.8788801390547774,lying,karol
1672331735673706400,-0.0559568910660794,-0.1555684406944704,-0.3671749255678769,-0.8783459741122643,lying,karol
1672331735683706400,-0.0696958862550938,-0.1498325109420676,-0.3695818373817108,-0.8773504280706743,lying,karol
1672331735693706400,-0.0608062266099014,-0.1535849821722885,-0.3680540220879845,-0.8780047350857453,lying,karol
1672331735703706400,-0.0470150063772271,-0.1593664890882355,-0.3656007813875823,-0.8788457295855632,lying,karol
1672331735713706400,-0.0558494052555881,-0.1557133454397792,-0.3671859706361287,-0.8783225550627833,lying,karol
1672331735723706400,-0.069582890491709,-0.1499670755532491,-0.3695754280836061,-0.8773391379052075,lying,karol
1672331735733706400,-0.0606893466073864,-0.1537093101904063,-0.3680333281499895,-0.8779997698289973,lying,karol
1672331735743706400,-0.0468909954163229,-0.1594872784554198,-0.3655715563637289,-0.878842630276047,lying,karol
1672331735753706400,-0.0557200475082143,-0.1558345646756699,-0.3671557705733682,-0.8783219271669168,lying,karol
1672331735763706400,-0.0694497481980247,-0.1500939328061268,-0.3695471005836011,-0.8773399574317309,lying,karol
1672331735773706400,-0.0605577620702385,-0.1538320699322988,-0.3680034197206357,-0.8779999223158828,lying,karol
1672331735783706400,-0.0467650248628898,-0.1595930465469071,-0.365538582057585,-0.8788438858985018,lying,karol
1672331735793706400,-0.055600834761009,-0.1559149475129752,-0.3671230007598643,-0.878328939622763,lying,karol
1672331735803706400,-0.0693349973600286,-0.1501465103073436,-0.3695143777087294,-0.8773538420543341,lying,karol
1672331735813706400,-0.0604462129744065,-0.1538622690570206,-0.367972716567402,-0.8780152059275689,lying,karol
1672331735823706400,-0.0466519241144271,-0.1596116778417876,-0.3655148670485705,-0.8788563965079078,lying,karol
1672331735833706400,-0.0554914634714388,-0.1559348531198855,-0.367113646834669,-0.878336252748235,lying,karol
1672331735843706400,-0.0692314625077584,-0.1501756390946476,-0.3695202391409879,-0.8773545857362075,lying,karol
1672331735853706400,-0.0603511545717893,-0.1539045262640717,-0.3679900488163767,-0.8780070980863168,lying,karol
1672331735863706400,-0.0465632856485354,-0.1596706310914193,-0.3655386213607395,-0.8788405335891682,lying,karol
1672331735873706400,-0.0554049923722307,-0.1560085234619907,-0.3671386639960298,-0.8783181988823774,lying,karol
1672331735883706400,-0.0691438714200445,-0.1502554858690714,-0.3695459725617631,-0.8773370103084065,lying,karol
1672331735893706400,-0.060260606728906,-0.1539784333948295,-0.3680150593501537,-0.8779899028137966,lying,karol
1672331735903706400,-0.0464687938302409,-0.159737781528155,-0.3655603423430875,-0.878824323287223,lying,karol
1672331735913706400,-0.0553061191133262,-0.15606835894037,-0.3671559457175783,-0.8783066012680708,lying,karol
1672331735923706400,-0.0690377516231214,-0.1503111579234942,-0.3695613892835103,-0.87732936196254,lying,karol
1672331735933706400,-0.0601468980176049,-0.1540371513807787,-0.3680311068141232,-0.8779806991625522,lying,karol
1672331735943706400,-0.0463498307374206,-0.1597951216434081,-0.3655820374556739,-0.8788111827769282,lying,karol
1672331735953706400,-0.0551858937791601,-0.1561166881376568,-0.3671887657792567,-0.8782918803715392,lying,karol
1672331735963706400,-0.0689186934770413,-0.1503484537124329,-0.3695987245439848,-0.8773166299229362,lying,karol
1672331735973706400,-0.0600331997527279,-0.1540648472287536,-0.3680668480681853,-0.8779686629217255,lying,karol
1672331735983706400,-0.0462475732484529,-0.1598193559627821,-0.3656151613846797,-0.8787984063481464,lying,karol
1672331735993706400,-0.0550959051150288,-0.1561406739541879,-0.3672188575618096,-0.878280707662717,lying,karol
1672331736003706400,-0.068838959058128,-0.1503758254915553,-0.3696259268041836,-0.8773067605230823,lying,karol
1672331736013706400,-0.0599631716307289,-0.1540967105926169,-0.3680912091535084,-0.8779576652002705,lying,karol
1672331736023706400,-0.0461785304348552,-0.1598529386314001,-0.3656339171667626,-0.8787881471482238,lying,karol
1672331736033706400,-0.0550247801907852,-0.1561739483044171,-0.3672333280384059,-0.8782732212517801,lying,karol
1672331736043706400,-0.068762194578103,-0.1504072860655607,-0.3696406881552935,-0.8773011894376163,lying,karol
1672331736053706400,-0.0598753792531584,-0.1541272125267727,-0.36810955033457,-0.8779506348642098,lying,karol
1672331736063706400,-0.0460706052944715,-0.159887814047873,-0.3656600120793974,-0.8787766334721071,lying,karol
1672331736073706400,-0.054890203332299,-0.1562213092888616,-0.3672691549377594,-0.8782582654863942,lying,karol
1672331736083706400,-0.0685992116776335,-0.1504740346621526,-0.369686654660186,-0.877283165351805,lying,karol
1672331736093706400,-0.0597009910389474,-0.1542113066653229,-0.3681591167118093,-0.8779269936812797,lying,karol
1672331736103706400,-0.0459066072476996,-0.1599827581444196,-0.3657048317154924,-0.8787493194161046,lying,karol
1672331736113706400,-0.0547610481207215,-0.1563160483991219,-0.3673004039258077,-0.8782364340148329,lying,karol
1672331736123706400,-0.0685130378112519,-0.1505639849314802,-0.3697002565038534,-0.8772687617317992,lying,karol
1672331736133706400,-0.0596401503713471,-0.1543036550668438,-0.3681561883017433,-0.8779161558531619,lying,karol
1672331736143706400,-0.0458479348369242,-0.1600772397018556,-0.3656891192176619,-0.8787417397552915,lying,karol
1672331736153706400,-0.0546812102709207,-0.1564026244488138,-0.3672860755670973,-0.8782320118435258,lying,karol
1672331736163706400,-0.068410206120768,-0.1506358462766955,-0.3696931241946002,-0.8772674806943042,lying,karol
1672331736173706400,-0.0595358867622272,-0.1543515187920096,-0.3681587607024777,-0.8779137634358803,lying,karol
1672331736183706400,-0.0457532599754743,-0.1601072985925517,-0.3656960872770651,-0.878738319925901,lying,karol
1672331736193706400,-0.0546035998185708,-0.1564305953070894,-0.3672861358819657,-0.8782318540091306,lying,karol
1672331736203706400,-0.0683374054038169,-0.15066713162095,-0.3696781815146086,-0.8772740984008367,lying,karol
1672331736213706400,-0.0594471992106412,-0.1543855614411367,-0.3681196214298612,-0.8779302184160815,lying,karol
1672331736223706400,-0.0456458115075424,-0.1601354515570332,-0.3656376939669554,-0.8787630944329402,lying,karol
1672331736233706400,-0.0544835075683273,-0.156442943098532,-0.3672242927533714,-0.8782629906232098,lying,karol
1672331736243706400,-0.0682136773416062,-0.1506699911497101,-0.3696267638163724,-0.8773049184363324,lying,karol
1672331736253706400,-0.0593348875810948,-0.154384613109845,-0.3680897864150803,-0.8779505092701002,lying,karol
1672331736263706400,-0.0455449001038002,-0.160141052688601,-0.3656333250319691,-0.8787691460560378,lying,karol
1672331736273706400,-0.0543932197228659,-0.1564633641521512,-0.3672461630143284,-0.878255825570322,lying,karol
1672331736283706400,-0.0681296072156305,-0.1507047666701118,-0.3696705490475636,-0.8772870529412126,lying,karol
1672331736293706400,-0.0592538324545674,-0.1544292004073704,-0.3681471044295709,-0.8779241340553134,lying,karol
1672331736303706400,-0.0454630715891029,-0.1601827355484912,-0.3656982228757581,-0.8787388071728367,lying,karol
1672331736313706400,-0.0543089502677491,-0.156495624383019,-0.3673153127428683,-0.8782264003124632,lying,karol
1672331736323706400,-0.0680436005139789,-0.1507239840509466,-0.3697402163274472,-0.8772610921622382,lying,karol
1672331736333706400,-0.0591648344514432,-0.1544432707101592,-0.3682151272411063,-0.8778991583264714,lying,karol
1672331736343706400,-0.0453665871403601,-0.1602122737427478,-0.3657612912918602,-0.878712185181863,lying,karol
1672331736353706400,-0.05420177851237,-0.156540331717077,-0.367371604790945,-0.8782015343288867,lying,karol
1672331736363706400,-0.0679214422194441,-0.1507827661247165,-0.3697880258942408,-0.8772403334707197,lying,karol
1672331736373706400,-0.0590304041047029,-0.1545124634562073,-0.3682505061189909,-0.8778812211679368,lying,karol
1672331736383706400,-0.0452236550491023,-0.1602814074835292,-0.3657845493096823,-0.8786972917312365,lying,karol
1672331736393706400,-0.05404982263496,-0.1566180950758069,-0.3673878519744084,-0.8781902668056207,lying,karol
1672331736403706400,-0.0677602040685865,-0.1508772811529537,-0.3698004287058007,-0.8772313541492797,lying,karol
1672331736413706400,-0.0588616072928355,-0.1546233909439665,-0.3682576441053665,-0.8778700620793262,lying,karol
1672331736423706400,-0.045046282373473,-0.160409088211032,-0.365783749650394,-0.8786834699224041,lying,karol
1672331736433706400,-0.0538735465349431,-0.1567510954628416,-0.3673783668381684,-0.8781813703465201,lying,karol
1672331736443706400,-0.0675878530887858,-0.1510062474299537,-0.3697790970771298,-0.8772314835035903,lying,karol
1672331736453706400,-0.0586936674007743,-0.1547392027604451,-0.3682212950740793,-0.8778761770364977,lying,karol
1672331736463706400,-0.0448815649610236,-0.1605073775147849,-0.3657346455955235,-0.8786944165679427,lying,karol
1672331736473706400,-0.0537110134118128,-0.1568305770929299,-0.3673231542673286,-0.878200255455211,lying,karol
1672331736483706400,-0.0674237662130987,-0.1510721988437973,-0.3697208645695858,-0.8772573222063202,lying,karol
1672331736493706400,-0.0585315329252845,-0.1547970030621983,-0.3681618337961133,-0.8779017721646453,lying,karol
1672331736503706400,-0.0447226538218146,-0.1605569170651183,-0.3656733455719739,-0.8787190011430541,lying,karol
1672331736513706400,-0.0535643338612036,-0.156867108546903,-0.3672608091414691,-0.8782287827116814,lying,karol
1672331736523706400,-0.0672872518872925,-0.1510972825351924,-0.3696570155294146,-0.8772904071211384,lying,karol
1672331736533706400,-0.058406610991714,-0.1548081029486955,-0.3680962415297106,-0.8779356542097752,lying,karol
1672331736543706400,-0.0445977088764742,-0.1605618554277764,-0.365607346938644,-0.8787519255497213,lying,karol
1672331736553706400,-0.0534320029348409,-0.1568763243252055,-0.3671968779105752,-0.8782619450220337,lying,karol
1672331736563706400,-0.0671466503003747,-0.1511115366699999,-0.3696019273278694,-0.8773219508500438,lying,karol
1672331736573706400,-0.0582597690957479,-0.154825656264657,-0.368053075191875,-0.8779604301916006,lying,karol
1672331736583706400,-0.0444472548161816,-0.1605909779166048,-0.365571506599924,-0.878769156186769,lying,karol
1672331736593706400,-0.0532825563576917,-0.1569179837745057,-0.3671642237500534,-0.8782772537946655,lying,karol
1672331736603706400,-0.0669916225144424,-0.1511621756765484,-0.3695596356857484,-0.8773429142955144,lying,karol
1672331736613706400,-0.0580989351286098,-0.1548818206588818,-0.3679929702791018,-0.8779863959869169,lying,karol
1672331736623706400,-0.0442770301395885,-0.1606438815263843,-0.3654930483173843,-0.8788007337736232,lying,karol
1672331736633706400,-0.0531068007024146,-0.1569643443944834,-0.3670735715516454,-0.8783175240452153,lying,karol
1672331736643706400,-0.0668089275871455,-0.1512041019729575,-0.3694627780825479,-0.8773904302967072,lying,karol
1672331736653706400,-0.0579082324278186,-0.1549168323254996,-0.3678944406018129,-0.8780341250752697,lying,karol
1672331736663706400,-0.0440712714926236,-0.1606749625966661,-0.3653957687152313,-0.8788458640028296,lying,karol
1672331736673706400,-0.0528905748084805,-0.1569948612202428,-0.3669771627808418,-0.8783654206105792,lying,karol
1672331736683706400,-0.0665803629990255,-0.1512414947103769,-0.3693628923999846,-0.8774434323939964,lying,karol
1672331736693706400,-0.0576773988899277,-0.1549557510883574,-0.3677858882704689,-0.8780879446851766,lying,karol
1672331736703706400,-0.0438411857835876,-0.1607114519234116,-0.3652748228777343,-0.8789009930299203,lying,karol
1672331736713706400,-0.0526648808970822,-0.1570252291194409,-0.3668478895853954,-0.8784275680034669,lying,karol
1672331736723706400,-0.0663549656568522,-0.1512666631081322,-0.3692280744615074,-0.8775129225213185,lying,karol
1672331736733706400,-0.0574527950330928,-0.1549769701478043,-0.3676457584970282,-0.8781576185441935,lying,karol
1672331736743706400,-0.0711975979778321,-0.1491855683660386,-0.3699986646143458,-0.8771650100738232,lying,karol
1672331736753706400,-0.0623036982974711,-0.1528997663019518,-0.3684410085584126,-0.8778576417473489,lying,karol
1672331736763706400,-0.0485205764223974,-0.1586413331332515,-0.3659732568376954,-0.8787406721062491,lying,karol
1672331736773706400,-0.0573362225269939,-0.1549493217221161,-0.3675287700721136,-0.8782191009568543,lying,karol
1672331736783706400,-0.0710668144585828,-0.1491648040045572,-0.369890277906399,-0.8772248749963827,lying,karol
1672331736793706400,-0.0621623512082739,-0.1528862110958549,-0.368341573342772,-0.8779117684228728,lying,karol
1672331736803706400,-0.048377387525523,-0.1586328549684064,-0.3658794668287218,-0.8787891717814089,lying,karol
1672331736813706400,-0.0572180847631038,-0.1549409078512992,-0.3674369496374006,-0.8782667285214206,lying,karol
1672331736823706400,-0.0709798591499192,-0.1491590765366904,-0.3697971091415591,-0.8772721844511046,lying,karol
1672331736833706400,-0.0621070549176664,-0.1528809628090961,-0.3682440409264779,-0.8779575248118232,lying,karol
1672331736843706400,-0.0483245496247892,-0.1586315596629025,-0.3657837117549818,-0.8788321878419555,lying,karol
1672331736853706400,-0.0571448943126371,-0.1549497295290943,-0.3673518939158479,-0.8783055333319406,lying,karol
1672331736863706400,-0.0708891473532154,-0.1491652756206632,-0.3697325704222281,-0.8773056850355606,lying,karol
1672331736873706400,-0.062007923708152,-0.1528746129155161,-0.3682030938491795,-0.8779828289716024,lying,karol
1672331736883706400,-0.0482423741141273,-0.1586215896053889,-0.3657567609681505,-0.8788497365728879,lying,karol
1672331736893706400,-0.0570946670788207,-0.1549397008954859,-0.3673271198309771,-0.8783209462948146,lying,karol
1672331736903706400,-0.0708523891878644,-0.1491590119245504,-0.3696921285739519,-0.8773267768551047,lying,karol
1672331736913706400,-0.0619601972439084,-0.1528740774897623,-0.3681393550205038,-0.8780130338689656,lying,karol
1672331736923706400,-0.0481677686059075,-0.1586190545279607,-0.3656738073592392,-0.8788888197954996,lying,karol
1672331736933706400,-0.0569986444708775,-0.154926844993276,-0.3672336535660991,-0.8783685481896695,lying,karol
1672331736943706400,-0.0707385731377346,-0.1491463562761946,-0.3696014992761422,-0.8773763119826926,lying,karol
1672331736953706400,-0.061840665606649,-0.1528672429791494,-0.3680645671168481,-0.8780540211325953,lying,karol
1672331736963706400,-0.0480447932025372,-0.1586252896150925,-0.3656176122895299,-0.8789178226151183,lying,karol
1672331736973706400,-0.0568732125985028,-0.1549609365940714,-0.3671955615937626,-0.8783866112802923,lying,karol
1672331736983706400,-0.0706115481137322,-0.1492102521014029,-0.3695800525717942,-0.8773847392553119,lying,karol
1672331736993706400,-0.061719247829465,-0.1529519254836098,-0.3680530658418491,-0.8780526650247004,lying,karol
1672331737003706400,-0.0479340971776114,-0.1587196301062674,-0.3656105932370474,-0.8789097825670054,lying,karol
1672331737013706400,-0.0567775347046515,-0.1550535147126675,-0.3671923714053836,-0.8783778242445094,lying,karol
1672331737023706400,-0.0705334223012435,-0.1492944270212496,-0.3695768283827491,-0.877378087434839,lying,karol
1672331737033706400,-0.0616581935561226,-0.1530240311422913,-0.3680453514478343,-0.8780476475937303,lying,karol
1672331737043706400,-0.0478803464942625,-0.1587832925673477,-0.3655932945108718,-0.8789084305299713,lying,karol
1672331737053706400,-0.0567198199803009,-0.155111953832041,-0.367162405728166,-0.8783837816945886,lying,karol
1672331737063706400,-0.0704547034727951,-0.1493473825963537,-0.3695301789447064,-0.8773950683427599,lying,karol
1672331737073706400,-0.0615506154214883,-0.1530662111604584,-0.3679821341444346,-0.8780743588832093,lying,karol
1672331737083706400,-0.0477406868347662,-0.1588097401155621,-0.3655199295075428,-0.8789417826302438,lying,karol
1672331737093706400,-0.0565574813736975,-0.1551276705877809,-0.3670860034876254,-0.8784234258656333,lying,karol
1672331737103706400,-0.0702786069742224,-0.1493663624110207,-0.369455068592993,-0.877437611228358,lying,karol
1672331737113706400,-0.0613689077349881,-0.1531004561112242,-0.367908165702586,-0.8781121245295918,lying,karol
1672331737123706400,-0.0475547463060441,-0.1588749062043955,-0.3654449911813086,-0.8789712716904701,lying,karol
1672331737133706400,-0.0563743020230052,-0.1552214567176705,-0.3670114645421898,-0.8784498068212377,lying,karol
1672331737143706400,-0.070100035716216,-0.149478809857343,-0.3693809510263188,-0.8774639799410521,lying,karol
1672331737153706400,-0.0612069732214116,-0.1532139722451778,-0.3678337101402765,-0.8781348472160898,lying,karol
1672331737163706400,-0.0474155428885953,-0.1589777992565917,-0.3653701882415144,-0.8789913102192771,lying,karol
1672331737173706400,-0.0562621592089548,-0.1553133613523922,-0.3669391505035911,-0.8784709839787618,lying,karol
1672331737183706400,-0.0700095010694026,-0.1495623665713487,-0.3693117671718195,-0.877486111403394,lying,karol
1672331737193706400,-0.0611233384790124,-0.1532875944344287,-0.367765156009404,-0.8781565567043755,lying,karol
1672331737203706400,-0.047324535039925,-0.1590426632578102,-0.3653017775164138,-0.8790129331504174,lying,karol
1672331737213706400,-0.0561593824642804,-0.1553685726832419,-0.3668740200834582,-0.8784950184594836,lying,karol
1672331737223706400,-0.069892617360219,-0.1496022606967563,-0.3692515874334216,-0.8775139723229147,lying,karol
1672331737233706400,-0.0610029706464896,-0.1533007403406589,-0.367714932406875,-0.8781836800824193,lying,karol
1672331737243706400,-0.0472001997576445,-0.159032194704511,-0.3652658026827407,-0.8790364777948969,lying,karol
1672331737253706400,-0.056029432593785,-0.1553449935671749,-0.3668555784191091,-0.8785152032383093,lying,karol
1672331737263706400,-0.0697540429027189,-0.1495805270453825,-0.3692482790437298,-0.8775301130169992,lying,karol
1672331737273706400,-0.0608555229819377,-0.1532989568222935,-0.3677202420723723,-0.8781920178385184,lying,karol
1672331737283706400,-0.0470474158822755,-0.1590554109090449,-0.3652735290184492,-0.879037278978403,lying,karol
1672331737293706400,-0.0558799390661806,-0.1553904819313136,-0.3668625172762056,-0.8785138056646571,lying,karol
1672331737303706400,-0.0696078452946223,-0.1496487983680316,-0.3692547206899258,-0.8775273961872834,lying,karol
1672331737313706400,-0.0607139266004992,-0.1533891622898371,-0.3677246286763831,-0.8781842570248115,lying,karol
1672331737323706400,-0.0469133589088198,-0.1591696183817277,-0.36527028124242,-0.8790251486662632,lying,karol
1672331737333706400,-0.0557531353214345,-0.1555276654071784,-0.3668531716680981,-0.878501518702522,lying,karol
1672331737343706400,-0.0694780257342421,-0.1498028200647934,-0.3692420151728603,-0.877516782082138,lying,karol
1672331737353706400,-0.0605784102728792,-0.1535524377942849,-0.3677050059697092,-0.8781733304445185,lying,karol
1672331737363706400,-0.0467648461267692,-0.1593365649191689,-0.3652432317574683,-0.8790140894332699,lying,karol
1672331737373706400,-0.0555922780531074,-0.1556909307995696,-0.3668243148737247,-0.8784948766124361,lying,karol
1672331737383706400,-0.0693132062051903,-0.1499501199094253,-0.3692101152619865,-0.8775181119501779,lying,karol
1672331737393706400,-0.0604158408302061,-0.1536817126343928,-0.3676664960107889,-0.878178069227042,lying,karol
1672331737403706400,-0.0466068890359834,-0.1594495929931323,-0.365200824070308,-0.8790196302967448,lying,karol
1672331737413706400,-0.0554414979903304,-0.1557904454559871,-0.3667820409554943,-0.8785044391662536,lying,karol
1672331737423706400,-0.0691684830298498,-0.1500465657270428,-0.3691678661387473,-0.8775308446729188,lying,karol
1672331737433706400,-0.0602784364227006,-0.1537705279836056,-0.3676221594506014,-0.8781905485376919,lying,karol
1672331737443706400,-0.0464722230239153,-0.1595277123203798,-0.3651543708523582,-0.8790319064333956,lying,karol
1672331737453706400,-0.0553112077332064,-0.1558597098270707,-0.3667383900931866,-0.8785186104308838,lying,karol
1672331737463706400,-0.0690400149865071,-0.1501114073978306,-0.3691306259273588,-0.8775455579955397,lying,karol
1672331737473706400,-0.060149686202086,-0.153838588152867,-0.3675940827282934,-0.87819923064186,lying,karol
1672331737483706400,-0.0463382652894877,-0.1596068785226307,-0.3651363642989056,-0.8790321104890877,lying,karol
1672331737493706400,-0.0551640124433057,-0.1559503459665055,-0.3667316929988662,-0.8785146021390683,lying,karol
1672331737503706400,-0.0688754278742874,-0.1502133314038844,-0.3691332454027577,-0.8775399766422368,lying,karol
1672331737513706400,-0.0599761992256094,-0.1539432933143353,-0.3676027124557925,-0.8781891650529217,lying,karol
1672331737523706400,-0.0461659328165064,-0.1597075281798938,-0.3651467278098335,-0.8790186212700244,lying,karol
1672331737533706400,-0.0550155650239335,-0.15604359392962,-0.3667390340363182,-0.8785043152722591,lying,karol
1672331737543706400,-0.0687517818850567,-0.1503010937422326,-0.3691363334372068,-0.8775333709695412,lying,karol
1672331737553706400,-0.059868422873259,-0.1540294625967943,-0.3675972676891229,-0.8781837118763071,lying,karol
1672331737563706400,-0.0460599798992287,-0.1597908050775375,-0.3651389934205036,-0.8790122805801288,lying,karol
1672331737573706400,-0.0548965899275959,-0.1561196178024995,-0.3667446662644406,-0.8784959231632682,lying,karol
1672331737583706400,-0.0686290768878609,-0.1503660024214597,-0.3691524031775607,-0.8775251195039997,lying,karol
1672331737593706400,-0.059757796389693,-0.15408028991876,-0.3676156129636068,-0.8781746727329937,lying,karol
1672331737603706400,-0.045962061227345,-0.1598314375282462,-0.3651473843889213,-0.8790065528531507,lying,karol
1672331737613706400,-0.0548088721206497,-0.1561547674620636,-0.3667278802710804,-0.8785021777443268,lying,karol
1672331737623706400,-0.0685281383977095,-0.1503973622570977,-0.369101190434639,-0.877549191623521,lying,karol
1672331737633706400,-0.0596274907684705,-0.1541042226652521,-0.3675317879494534,-0.8782144313335066,lying,karol
1672331737643706400,-0.0458013366242191,-0.1598430307971615,-0.3650444042728209,-0.8790556206470768,lying,karol
1672331737653706400,-0.0546280339775276,-0.1561566552995198,-0.3666230775395702,-0.8785568627334281,lying,karol
1672331737663706400,-0.0683327069376841,-0.1504055176614355,-0.3690140362214192,-0.8775997019477172,lying,karol
1672331737673706400,-0.0594266621925278,-0.1541206052025821,-0.3674663153803675,-0.8782525843755342,lying,karol
1672331737683706400,-0.0455960287126228,-0.1598760023424098,-0.3649885870864441,-0.8790834946548961,lying,karol
1672331737693706400,-0.0544255050870798,-0.1562069379805553,-0.3665708297452955,-0.8785823158669491,lying,karol
1672331737703706400,-0.0681392855946524,-0.1504605949516685,-0.368960730134742,-0.8776277325485597,lying,karol
1672331737713706400,-0.0592480354051833,-0.1541690511023555,-0.367415564429557,-0.8782774018536303,lying,karol
1672331737723706400,-0.045430655846208,-0.1599109164444141,-0.3649499896318874,-0.8791017483375652,lying,karol
1672331737733706400,-0.0542752864866603,-0.1562288031299345,-0.3665492657198957,-0.8785967344728771,lying,karol
1672331737743706400,-0.0680007813578635,-0.1504734260432349,-0.3689542592269088,-0.8776390119141754,lying,karol
1672331737753706400,-0.0591153566884587,-0.1541801858137695,-0.3674198819886823,-0.8782825979329982,lying,karol
1672331737763706400,-0.0452948002155566,-0.159927977402021,-0.3649597347487177,-0.8791016266942432,lying,karol
1672331737773706400,-0.0541309454735079,-0.1562493054937458,-0.3665593800572094,-0.8785977915638826,lying,karol
1672331737783706400,-0.0678396153575973,-0.1504961619080942,-0.3689604398734046,-0.8776450062639417,lying,karol
1672331737793706400,-0.0589371464096895,-0.1542042098057427,-0.3674192332852634,-0.8782906475481573,lying,karol
1672331737803706400,-0.0450986239896863,-0.1599569137322676,-0.3649484148536588,-0.8791111669093374,lying,karol
1672331737813706400,-0.0539195758538992,-0.1562892553284916,-0.3665376607699357,-0.8786127650075631,lying,karol
1672331737823706400,-0.067611114055407,-0.1505607314615606,-0.3689312292534296,-0.877663866957542,lying,karol
1672331737833706400,-0.0586986741936505,-0.1543101494475421,-0.3673834345865143,-0.8783030134206588,lying,karol
1672331737843706400,-0.0448567574844531,-0.1601057709839109,-0.3649039568872821,-0.8791149298099448,lying,karol
1672331737853706400,-0.0536853555519563,-0.1564776271495116,-0.3664869905857607,-0.8786147508906181,lying,karol
1672331737863706400,-0.0673871959056709,-0.1507756683075891,-0.3688775083145893,-0.8776668061591267,lying,karol
1672331737873706400,-0.0584914269755789,-0.1545212846493836,-0.3673246411832275,-0.8783043447962974,lying,karol
1672331737883706400,-0.0446644516138815,-0.160299850245375,-0.3648379360151424,-0.8791167867184514,lying,karol
1672331737893706400,-0.0535101578612712,-0.1566472670997955,-0.3664202533207289,-0.8786230724140283,lying,karol
1672331737903706400,-0.0672227906713025,-0.1509235233330407,-0.3688113835334496,-0.8776818147846713,lying,karol
1672331737913706400,-0.0583342092080811,-0.1546511238713926,-0.3672566543655127,-0.8783204013880908,lying,karol
1672331737923706400,-0.0445078489741149,-0.1604180629306064,-0.364774278194907,-0.8791296033548919,lying,karol
1672331737933706400,-0.0533526016257216,-0.1567567085120675,-0.3663693123223326,-0.8786343989532976,lying,karol
1672331737943706400,-0.0670627069740487,-0.1510213931940619,-0.3687706958798161,-0.877694343149357,lying,karol
1672331737953706400,-0.0581745204660224,-0.15473561581866,-0.3672201073194882,-0.8783314119476301,lying,karol
1672331737963706400,-0.0719412650032063,-0.1489585465747258,-0.3695984985814005,-0.8773122737213462,lying,karol
1672331737973706400,-0.0630647310931955,-0.1526779019377314,-0.3680669779670393,-0.8779994735826521,lying,karol
1672331737983706400,-0.0492999317143643,-0.1584263903063027,-0.365621589898754,-0.8788831178659053,lying,karol
1672331737993706400,-0.0581425597359978,-0.1547534639842121,-0.3671929334621927,-0.8783417632811359,lying,karol
1672331738003706400,-0.0719000265050514,-0.1489859120600492,-0.3695724693795328,-0.8773219930633053,lying,karol
1672331738013706400,-0.0630151881560703,-0.1527106158743248,-0.3680454279682448,-0.8780063964339601,lying,karol
1672331738023706400,-0.0492455491618853,-0.1584575012272583,-0.3656103159976061,-0.8788852700284329,lying,karol
1672331738033706400,-0.0580888327948953,-0.1547834241656365,-0.3671949859346419,-0.8783392034951714,lying,karol
1672331738043706400,-0.0718530031173206,-0.1490172786747558,-0.36958536023486,-0.8773151109613923,lying,karol
1672331738053706400,-0.0629752193329492,-0.1527433324959957,-0.3680653062960418,-0.8779952634442433,lying,karol
1672331738063706400,-0.0492122146718584,-0.1584917847316379,-0.3656340565610405,-0.8788711024262332,lying,karol
1672331738073706400,-0.0580512433559788,-0.1548091421295049,-0.3672190039537452,-0.8783271377965698,lying,karol
1672331738083706400,-0.0718014928205196,-0.1490246875567679,-0.36960527958073,-0.8773096999348072,lying,karol
1672331738093706400,-0.0629065621781714,-0.1527305960580474,-0.3680779284046016,-0.8779971301764266,lying,karol
1672331738103706400,-0.0491237081778401,-0.1584618862814092,-0.3656391174720437,-0.8788793593682949,lying,karol
1672331738113706400,-0.0579556514968568,-0.1547694845324642,-0.3672167284835713,-0.8783414096961957,lying,karol
1672331738123706400,-0.0717080709960949,-0.1489838536959631,-0.3695978640652546,-0.8773274184493575,lying,karol
1672331738133706400,-0.0628208410023429,-0.1526969715218783,-0.3680734515368811,-0.8780110113457826,lying,karol
1672331738143706400,-0.0490469860562476,-0.158441578760214,-0.3656385038350833,-0.8788875797165011,lying,karol
1672331738153706400,-0.0578876237759269,-0.1547648836941539,-0.3672197106710166,-0.8783454794882158,lying,karol
1672331738163706400,-0.0716471441000628,-0.1489894239695794,-0.3696057665369275,-0.8773281415921443,lying,karol
1672331738173706400,-0.0627688997165105,-0.1527011797308033,-0.3680855722246446,-0.8780089332722697,lying,karol
1672331738183706400,-0.0490013149336946,-0.1584413848447154,-0.365654754007939,-0.8788834213473643,lying,karol
1672331738193706400,-0.0578450675348246,-0.1547593039006237,-0.3672406962303619,-0.8783405118482067,lying,karol
1672331738203706400,-0.0715975930599312,-0.1489858927912954,-0.3696280980555457,-0.8773233983333996,lying,karol
1672331738213706400,-0.0627002601916509,-0.152710236205059,-0.3681054861381957,-0.8780039357681034,lying,karol
1672331738223706400,-0.0489083054574789,-0.1584640878312971,-0.365672442440446,-0.8788771738668466,lying,karol
1672331738233706400,-0.0577283573267317,-0.1547917592750754,-0.3672564965239175,-0.8783358912134115,lying,karol
1672331738243706400,-0.071470319664126,-0.1490235022347667,-0.3696390009005789,-0.8773228216336655,lying,karol
1672331738253706400,-0.0625818186129163,-0.1527521943492546,-0.3681086974878396,-0.8780037672588383,lying,karol
1672331738263706400,-0.0488175626092433,-0.1585141939280562,-0.365664115156465,-0.8788766727898494,lying,karol
1672331738273706400,-0.0576696797196419,-0.1548507571171657,-0.3672383669376728,-0.8783369502027385,lying,karol
1672331738283706400,-0.0714320958362523,-0.1490947671749574,-0.3696207454986325,-0.8773215413270543,lying,karol
1672331738293706400,-0.0625560487752813,-0.1528308791302058,-0.3680968934475604,-0.87799688371466,lying,karol
1672331738303706400,-0.0487941266080766,-0.1585870599375587,-0.3656667600493772,-0.8788637530305387,lying,karol
1672331738313706400,-0.0576519149257558,-0.1549064722607575,-0.3672529495591105,-0.8783222181956106,lying,karol
1672331738323706400,-0.0714316201818259,-0.149121357885569,-0.3696305197722789,-0.8773129628742091,lying,karol
1672331738333706400,-0.0625658429482248,-0.1528250531508611,-0.3680816983473793,-0.8780035862513554,lying,karol
1672331738343706400,-0.0487967117919401,-0.1585506461258874,-0.3656100616167325,-0.8788937796339804,lying,karol
1672331738353706400,-0.0576349889145464,-0.1548498224332003,-0.3671559301137794,-0.8783738881710312,lying,karol
1672331738363706400,-0.0713802719312302,-0.1490589158700237,-0.369504534958704,-0.8773808318846616,lying,karol
1672331738373706400,-0.062482652923007,-0.1527614711285528,-0.3679530134931306,-0.8780745220850106,lying,karol
1672331738383706400,-0.0486879927663222,-0.1584976287764683,-0.3654985312075286,-0.8789557712779374,lying,karol
1672331738393706400,-0.0575126384221689,-0.1548195878190215,-0.3670667230227285,-0.8784245356918535,lying,karol
1672331738403706400,-0.0712499887055367,-0.1490598438710822,-0.3694383126757115,-0.877419169029443,lying,karol
1672331738413706400,-0.0623544084835449,-0.1527972428454903,-0.3678994405662233,-0.8780998842044632,lying,karol
1672331738423706400,-0.0485643821141908,-0.1585641630132456,-0.3654478263457721,-0.8789717172409378,lying,karol
1672331738433706400,-0.0573983733083646,-0.1549036962587009,-0.367020223510992,-0.878436636785497,lying,karol
1672331738443706400,-0.071144535907445,-0.1491487586783673,-0.3693990533321666,-0.877429171225815,lying,karol
1672331738453706400,-0.0622562615195962,-0.152876293551799,-0.3678689161566614,-0.8781059023916649,lying,karol
1672331738463706400,-0.0484712480424909,-0.1586322955847643,-0.3654254632679563,-0.8789738860663179,lying,karol
1672331738473706400,-0.0573092664040697,-0.1549648109363169,-0.3670047691880225,-0.8784381558151285,lying,karol
1672331738483706400,-0.071055984818799,-0.1492089437270325,-0.3693898025211569,-0.8774300322965214,lying,karol
1672331738493706400,-0.0621665320409552,-0.1529410136158155,-0.367864827490344,-0.8781027267347746,lying,karol
1672331738503706400,-0.0483747991751594,-0.1586977440146148,-0.3654265604697195,-0.8789669542367934,lying,karol
1672331738513706400,-0.0572030233963592,-0.1550251212554432,-0.3670134413701673,-0.8784308417577491,lying,karol
1672331738523706400,-0.0709406359326498,-0.149258871861379,-0.3694010138552875,-0.8774261795264099,lying,karol
1672331738533706400,-0.0620439718772324,-0.1529770716459168,-0.3678700337539418,-0.8781029570905171,lying,karol
1672331738543706400,-0.0482520090411456,-0.1587344994408273,-0.365417699761213,-0.8789707737079748,lying,karol
1672331738553706400,-0.0570849578877422,-0.1550747087932086,-0.3669863004645485,-0.8784411320754235,lying,karol
1672331738563706400,-0.070823021276369,-0.1493294014077459,-0.3693562212421634,-0.8774425610587203,lying,karol
1672331738573706400,-0.061927903545749,-0.1530663108497951,-0.3678073560690324,-0.8781218798718109,lying,karol
1672331738583706400,-0.04813570370923,-0.1588223625515402,-0.3653392868072151,-0.8789938984168344,lying,karol
1672331738593706400,-0.0569728525465274,-0.155147515282178,-0.3669003189612005,-0.8784714923298048,lying,karol
1672331738603706400,-0.0707143296372931,-0.1493779973505009,-0.3692688364230692,-0.8774798545440621,lying,karol
1672331738613706400,-0.0618256614946429,-0.1530827766280976,-0.3677189617581968,-0.8781632498069122,lying,karol
1672331738623706400,-0.0480352362070197,-0.1588121935813143,-0.3652503450692438,-0.8790382077582053,lying,karol
1672331738633706400,-0.0568767133411316,-0.1551171343120733,-0.3668102880044427,-0.8785206959842082,lying,karol
1672331738643706400,-0.070622536616806,-0.1493335808526077,-0.3691725268394454,-0.8775353412055779,lying,karol
1672331738653706400,-0.0617373913239148,-0.1530197904500287,-0.3676168683054164,-0.8782231894626455,lying,karol
1672331738663706400,-0.0479434755517065,-0.158730999995434,-0.3651445435907808,-0.8791018441588123,lying,karol
1672331738673706400,-0.0567811316189633,-0.155021011325707,-0.3667027271111295,-0.8785887546951067,lying,karol
1672331738683706400,-0.0705187478241607,-0.1492266498607684,-0.3690656902450273,-0.8776068219478076,lying,karol
1672331738693706400,-0.0616280283581388,-0.1529121782128747,-0.3675193909668147,-0.8782904176000148,lying,karol
1672331738703706400,-0.0478268296065078,-0.158637078582781,-0.3650615342304708,-0.8791596336055967,lying,karol
1672331738713706400,-0.0566612243345793,-0.1549524067122951,-0.366632220797621,-0.878638032322927,lying,karol
1672331738723706400,-0.0703917287922536,-0.1491919017210914,-0.3690071987227127,-0.8776475351064168,lying,karol
1672331738733706400,-0.0614913070660903,-0.1529073933697345,-0.3674748535354745,-0.8783194844612149,lying,karol
1672331738743706400,-0.0476774555054149,-0.158658344163862,-0.3650303194729407,-0.8791768891981303,lying,karol
1672331738753706400,-0.0565004447709395,-0.1549918656472285,-0.3666153805401022,-0.8786484744985413,lying,karol
1672331738763706400,-0.0702227641183341,-0.1492438838292995,-0.3690014126206087,-0.8776546887303237,lying,karol
1672331738773706400,-0.0613247593912369,-0.1529682865313716,-0.3674745595489322,-0.8783206728710191,lying,karol
1672331738783706400,-0.0475180433658716,-0.158727097359381,-0.3650281069551972,-0.8791740524360424,lying,karol
1672331738793706400,-0.0563556758495779,-0.1550677875446822,-0.3666058015720948,-0.8786483963308772,lying,karol
1672331738803706400,-0.0700898495688941,-0.1493246619389762,-0.3689849176673486,-0.8776585311898789,lying,karol
1672331738813706400,-0.0611993917818659,-0.1530461176589083,-0.3674503897112579,-0.8783259922316823,lying,karol
1672331738823706400,-0.0473943635875304,-0.1587932221216979,-0.3649989076839787,-0.8791809309018422,lying,karol
1672331738833706400,-0.0562336477303,-0.155115284258204,-0.3665771974775119,-0.8786597838019113,lying,karol
1672331738843706400,-0.069968783445455,-0.1493527250235864,-0.3689563476353475,-0.8776754438432387,lying,karol
1672331738853706400,-0.0610792788586781,-0.1530563268742499,-0.3674219419427698,-0.8783444903023868,lying,karol
1672331738863706400,-0.0472749234851243,-0.1587932612175798,-0.364974233546664,-0.8791976124301367,lying,karol
1672331738873706400,-0.0561163361040026,-0.1551127523836098,-0.3665577601942156,-0.8786758544343641,lying,karol
1672331738883706400,-0.0698475015904085,-0.1493594813587769,-0.3689426610423498,-0.8776897234598248,lying,karol
1672331738893706400,-0.0609563497131524,-0.1530747686777752,-0.3674134127950764,-0.8783534009202388,lying,karol
1672331738903706400,-0.0471562076064245,-0.1588271736217179,-0.3649650150167937,-0.8792017066154554,lying,karol
1672331738913706400,-0.0560026988053615,-0.1551648038445147,-0.3665477358676961,-0.8786781148279038,lying,karol
1672331738923706400,-0.0697366887448169,-0.1494329737599861,-0.3689326229394558,-0.8776902653930104,lying,karol
1672331738933706400,-0.0608452840637715,-0.153170984065884,-0.3673988202906642,-0.8783504546255331,lying,karol
1672331738943706400,-0.0470341836603866,-0.1589455326399605,-0.364939141513832,-0.8791976178216369,lying,karol
1672331738953706400,-0.0558702255975449,-0.1552975057578151,-0.3665100435746656,-0.8786788529150438,lying,karol
1672331738963706400,-0.0695939805619412,-0.1495665391146613,-0.3688818111721658,-0.877700224542602,lying,karol
1672331738973706400,-0.0606913359524583,-0.1533006101945077,-0.3673359333356851,-0.8783648186696832,lying,karol
1672331738983706400,-0.0468663021322967,-0.1590705107712522,-0.3648704342994125,-0.8792125217595929,lying,karol
1672331738993706400,-0.0556935385207135,-0.1554194533903202,-0.3664426363193095,-0.8786966478047832,lying,karol
1672331739003706400,-0.0694112417412792,-0.1496870206630945,-0.3688168701438659,-0.877721472576221,lying,karol
1672331739013706400,-0.0605180486596041,-0.1534119996915822,-0.3672684403959148,-0.8783855745115178,lying,karol
1672331739023706400,-0.04671216537996,-0.1591683130218286,-0.3647977173077623,-0.879233220102488,lying,karol
1672331739033706400,-0.0555697548531315,-0.1555032542076244,-0.3663663267438005,-0.8787214969545152,lying,karol
1672331739043706400,-0.0693119618364708,-0.1497621900475386,-0.3687392562614515,-0.8777491213371769,lying,karol
1672331739053706400,-0.0604226695205994,-0.1534816306205101,-0.3671987576666662,-0.8784091253918367,lying,karol
1672331739063706400,-0.0466064407933795,-0.1592325979149967,-0.3647445502153229,-0.8792492652275055,lying,karol
1672331739073706400,-0.0554474859791881,-0.1555585428892927,-0.3663387194839317,-0.8787309625421402,lying,karol
1672331739083706400,-0.0691786725436923,-0.1498023112506272,-0.3687341609003934,-0.8777549487648889,lying,karol
1672331739093706400,-0.0602977099953052,-0.1534997652936042,-0.3672048411509261,-0.8784120169114507,lying,karol
1672331739103706400,-0.0464903988974887,-0.159233960383087,-0.3647465040704879,-0.8792543661346913,lying,karol
1672331739113706400,-0.055338663717909,-0.1555517320340268,-0.3663231597087968,-0.8787455276992323,lying,karol
1672331739123706400,-0.0690666646282984,-0.1497957491111664,-0.368702144553919,-0.8777783502804687,lying,karol
1672331739133706400,-0.0601746355194922,-0.1534981827050675,-0.3671584885780033,-0.8784401207180301,lying,karol
1672331739143706400,-0.046354251971911,-0.1592397821369948,-0.3646934182079154,-0.8792825328392303,lying,karol
1672331739153706400,-0.0551921372841931,-0.1555686817699107,-0.3662724204548137,-0.8787729064318253,lying,karol
1672331739163706400,-0.0689094766816973,-0.1498307234670629,-0.3686566369750044,-0.8778038646076344,lying,karol
1672331739173706400,-0.0600116476906797,-0.1535482208915463,-0.3671204061530672,-0.8784584593832662,lying,karol
1672331739183706400,-0.0461852905328768,-0.1593027820199994,-0.3646643373176943,-0.8792920927741055,lying,karol
1672331739193706400,-0.055020380605738,-0.1556401644045253,-0.366256959123057,-0.8787774844302525,lying,karol
1672331739203706400,-0.0687323915075382,-0.149902290414814,-0.3686551524248656,-0.8778061748649756,lying,karol
1672331739213706400,-0.059833551375011,-0.1536167802222867,-0.3671261956735782,-0.878456223884325,lying,karol
1672331739223706400,-0.0460123732775868,-0.1593688622330285,-0.3646688482959825,-0.8792873343703744,lying,karol
1672331739233706400,-0.0548578313607354,-0.1557071960547342,-0.3662580515224869,-0.8787753373402161,lying,karol
1672331739243706400,-0.0685831304358034,-0.1499768908130002,-0.3686491095420252,-0.877807664438545,lying,karol
1672331739253706400,-0.05969455789378,-0.1536979750195186,-0.3671135000947663,-0.8784568028687972,lying,karol
1672331739263706400,-0.0458707449064316,-0.1594558919299538,-0.3646544012298497,-0.8792849676167703,lying,karol
1672331739273706400,-0.0547066875824037,-0.1557979130890493,-0.3662458893912419,-0.8787737708431208,lying,karol
1672331739283706400,-0.0684174367510586,-0.150069232288053,-0.3686399998048666,-0.8778086602563805,lying,karol
1672331739293706400,-0.0595186052886306,-0.1537886054508686,-0.3671012641052307,-0.8784580157442549,lying,karol
1672331739303706400,-0.0456865666708554,-0.1595455061070694,-0.3646358337691413,-0.8792860228537597,lying,karol
1672331739313706400,-0.0545197128532451,-0.1558876876880797,-0.3662230347802117,-0.8787790167977777,lying,karol
1672331739323706400,-0.0682267940860088,-0.1501622823307078,-0.3686123416609166,-0.8778192224421164,lying,karol
1672331739333706400,-0.0593231734395933,-0.1538902853226481,-0.3670669254316241,-0.8784678004897937,lying,karol
1672331739343706400,-0.0454850680294865,-0.1596565267753333,-0.364594427644375,-0.8792935112461256,lying,karol
1672331739353706400,-0.0543225382712511,-0.155998836620604,-0.3661765449488544,-0.8787908994806346,lying,karol
1672331739363706400,-0.0680372313679841,-0.150271917591383,-0.3685608072471155,-0.8778368344760086,lying,karol
1672331739373706400,-0.05914814910552,-0.1539936655056374,-0.3670111093554691,-0.878484827426372,lying,karol
1672331739383706400,-0.0453203302452893,-0.1597568972928646,-0.3645326646161606,-0.8793094138742634,lying,karol
1672331739393706400,-0.0541618545083368,-0.1561068421971426,-0.3661098855809632,-0.8788094307612052,lying,karol
1672331739403706400,-0.067873273133583,-0.1503919222512958,-0.368490582482591,-0.8778584769581684,lying,karol
1672331739413706400,-0.058978841816003,-0.1541237677283319,-0.3669353546076384,-0.878505061294454,lying,karol
1672331739423706400,-0.0451419805233974,-0.1598922485538338,-0.3644523767716629,-0.8793272895605583,lying,karol
1672331739433706400,-0.0539785311467709,-0.1562402946794923,-0.3660323639641957,-0.8788293082032407,lying,karol
1672331739443706400,-0.0676865885157939,-0.1505174092282729,-0.3684210024896707,-0.8778806096880887,lying,karol
1672331739453706400,-0.0587927962260745,-0.1542348609845035,-0.366877313031711,-0.8785222965652307,lying,karol
1672331739463706400,-0.0725506676253693,-0.1484700292820769,-0.3692569840428114,-0.8774894384593932,lying,karol
1672331739473706400,-0.0636593565977385,-0.1521913812419008,-0.3677464677495237,-0.8781760643529609,lying,karol
1672331739483706400,-0.0498839772573762,-0.1579326864753697,-0.3653340196870396,-0.8790593352445185,lying,karol
1672331739493706400,-0.0587248894683077,-0.1542570468926719,-0.3669280564412487,-0.8785017749656984,lying,karol
1672331739503706400,-0.0724910267506775,-0.14848734626312,-0.3693249605053154,-0.8774628538854385,lying,karol
1672331739513706400,-0.063609473517984,-0.1522069562491385,-0.3678281158251199,-0.8781428092988753,lying,karol
1672331739523706400,-0.0498413681915988,-0.1579545422131441,-0.3654266016577833,-0.8790193690039166,lying,karol
1672331739533706400,-0.0586842927034714,-0.1542872327390476,-0.3670284986933982,-0.8784572555743181,lying,karol
1672331739543706400,-0.0448517618165607,-0.160056632218066,-0.3645843692667711,-0.8792575906755659,lying,karol
1672331739553706400,-0.0536940849205232,-0.1564078211246092,-0.366201430172665,-0.8787465753459732,lying,karol
1672331739563706400,-0.0674067733356843,-0.1506917054694741,-0.3686165189581755,-0.8777902390043064,lying,karol
1672331739573706400,-0.0585153648822776,-0.1544211808394525,-0.3670884093216747,-0.8784199839927278,lying,karol
1672331739583706400,-0.044680801642616,-0.1601919496057708,-0.3646303112082066,-0.8792226291730667,lying,karol
1672331739593706400,-0.0535200909240227,-0.1565383543151756,-0.366238887219089,-0.878718363774702,lying,karol
1672331739603706400,-0.0672271994756714,-0.150814944455602,-0.3686505605089015,-0.8777685762164407,lying,karol
1672331739613706400,-0.0583339377242788,-0.1545423937625017,-0.3671194657881658,-0.8783977819568056,lying,karol
1672331739623706400,-0.0720930591314125,-0.1487801438705129,-0.3695136537363395,-0.8773666833842402,lying,karol
1672331739633706400,-0.0632080334648871,-0.1525072187992871,-0.3679994199224728,-0.8780480105107532,lying,karol
1672331739643706400,-0.0494380351518858,-0.1582593273853552,-0.3655744037199817,-0.8789259476330047,lying,karol
1672331739653706400,-0.0582831152103725,-0.1545901924981656,-0.3671599644045047,-0.8783758434516349,lying,karol
1672331739663706400,-0.0720489570637621,-0.1488236636099691,-0.3695468532052691,-0.8773489668255117,lying,karol
1672331739673706400,-0.0631709677083879,-0.1525475812326255,-0.3680244254780461,-0.8780332096667255,lying,karol
1672331739683706400,-0.0494049874886453,-0.1582958648981036,-0.3655923828878737,-0.8789137705292411,lying,karol
1672331739693706400,-0.0582464622519647,-0.1546194635877966,-0.3671732089193483,-0.8783676083178381,lying,karol
1672331739703706400,-0.0720075768533228,-0.1488469493251614,-0.3695569963537503,-0.8773441628387655,lying,karol
1672331739713706400,-0.0631242751872527,-0.1525685555018885,-0.3680348184468017,-0.8780285887871825,lying,karol
1672331739723706400,-0.0493510493353982,-0.1583166774349486,-0.3656057122645071,-0.8789075295883289,lying,karol
1672331739733706400,-0.0581855611330262,-0.1546433188906363,-0.3671935114070107,-0.8783589811865012,lying,karol
1672331739743706400,-0.0719388312769095,-0.1488760349488528,-0.3695873949428674,-0.8773320869407882,lying,karol
1672331739753706400,-0.0630471530434168,-0.1526069375741017,-0.3680776770678439,-0.8780095207946952,lying,karol
1672331739763706400,-0.0492670561913308,-0.1583709314837733,-0.3656614664255956,-0.8788793025841563,lying,karol
1672331739773706400,-0.0580979852937698,-0.154711675999075,-0.3672594882916384,-0.8783251884953055,lying,karol
1672331739783706400,-0.071860594299672,-0.148953288743592,-0.3696551915772117,-0.8772968554221389,lying,karol
1672331739793706400,-0.062990988803484,-0.1526881563615419,-0.368139253090225,-0.8779736468751749,lying,karol
1672331739803706400,-0.0492453211640837,-0.1584449401970998,-0.3657110884068609,-0.8788465630532444,lying,karol
1672331739813706400,-0.0581043020849791,-0.1547775083388416,-0.3673004363429414,-0.8782960752442088,lying,karol
1672331739823706400,-0.044277470972948,-0.1605577719812086,-0.3648369304283391,-0.8790907398753021,lying,karol
1672331739833706400,-0.0531170464927123,-0.156908632735904,-0.3664596607294885,-0.8785848846302949,lying,karol
1672331739843706400,-0.0668237744782376,-0.1511843634013864,-0.3688950962053023,-0.8776332470796784,lying,karol
1672331739853706400,-0.0579409975413416,-0.1549104776435798,-0.3673715900508426,-0.8782536933231956,lying,karol
1672331739863706400,-0.0717155620760565,-0.1491362259567201,-0.3697766749207444,-0.8772265012647655,lying,karol
1672331739873706400,-0.0628469645596626,-0.1528598402900228,-0.3682548308712023,-0.8779056764481602,lying,karol
1672331739883706400,-0.0490920628551901,-0.158607916861219,-0.3658066344423431,-0.8787860267490903,lying,karol
1672331739893706400,-0.057934144787876,-0.1549216949951178,-0.3673692986405835,-0.8782531440783659,lying,karol
1672331739903706400,-0.0716885941220312,-0.1491322913905723,-0.3697341984406924,-0.8772472955367456,lying,karol
1672331739913706400,-0.0628016175017868,-0.1528328648969346,-0.3681916115603978,-0.8779401489418132,lying,karol
1672331739923706400,-0.0490303593880192,-0.1585575250649158,-0.3657457961091791,-0.8788239012161007,lying,karol
1672331739933706400,-0.0578764853482412,-0.1548602645482866,-0.3673273425196718,-0.8782853423292782,lying,karol
1672331739943706400,-0.0716423752457363,-0.1490715539752416,-0.369720285916514,-0.8772672729732188,lying,karol
1672331739953706400,-0.0627648072017046,-0.1527874018374123,-0.3682082161191364,-0.8779437478819085,lying,karol
1672331739963706400,-0.0490017175077535,-0.1585289823915573,-0.3657857667330712,-0.8788140315537976,lying,karol
1672331739973706400,-0.0578506855824226,-0.1548348311766466,-0.3673811740937991,-0.8782690307976416,lying,karol
1672331739983706400,-0.0716201363156422,-0.1490392233335696,-0.3697798252959122,-0.8772495078258998,lying,karol
1672331739993706400,-0.0627489261362075,-0.1527410368293836,-0.3682672268946778,-0.8779282187418407,lying,karol
1672331740003706400,-0.0489918092680897,-0.1584714213252543,-0.3658467290210735,-0.8787996073531114,lying,karol
1672331740013706400,-0.0578418259770977,-0.1547755170171598,-0.3674462531385271,-0.8782528624045659,lying,karol
1672331740023706400,-0.0716054086442047,-0.1489858791272101,-0.3698470863068318,-0.8772314360505894,lying,karol
1672331740033706400,-0.0627217258982825,-0.1527032995520563,-0.3683365032982355,-0.8779076857038728,lying,karol
1672331740043706400,-0.0489505624340646,-0.1584538056281333,-0.3659157330314662,-0.8787763758173621,lying,karol
1672331740053706400,-0.0577842682120178,-0.1547784002185575,-0.3675114321378029,-0.8782288959095498,lying,karol
1672331740063706400,-0.0715349429313014,-0.1490099220375392,-0.3699113942209414,-0.8772060137716142,lying,karol
1672331740073706400,-0.0626413478661436,-0.1527519587123917,-0.3684014504899365,-0.8778777378291498,lying,karol
1672331740083706400,-0.0488587591406159,-0.1585321075034659,-0.3659806561239119,-0.8787403602826243,lying,karol
1672331740093706400,-0.0576818212815123,-0.1548815105949323,-0.3675763767714913,-0.8781903096583882,lying,karol
1672331740103706400,-0.0714261929576413,-0.1491339041779403,-0.3699694541541029,-0.87716935985426,lying,karol
1672331740113706400,-0.062533285060217,-0.1528920530985364,-0.3684442923643654,-0.87784311470137,lying,karol
1672331740123706400,-0.0487598900220361,-0.158675408523652,-0.3660033002716416,-0.8787105951258665,lying,karol
1672331740133706400,-0.0575941807836059,-0.1550191720630726,-0.3675803964263634,-0.8781701262954149,lying,karol
1672331740143706400,-0.0713492593388021,-0.1492589019975691,-0.3699600953394533,-0.8771583411788532,lying,karol
1672331740153706400,-0.0624629563372342,-0.1530019059178176,-0.3684258831449419,-0.8778367395674215,lying,karol
1672331740163706400,-0.0486888868452552,-0.158770804006995,-0.3659825414992243,-0.8787059765149876,lying,karol
1672331740173706400,-0.0575212324826042,-0.1551041297823018,-0.3675607333312963,-0.8781681650236023,lying,karol
1672331740183706400,-0.0712727898177596,-0.1493359980130703,-0.3699420098973406,-0.8771590914252914,lying,karol
1672331740193706400,-0.0623884902151014,-0.1530655331827345,-0.3684069998086341,-0.8778388944967939,lying,karol
1672331740203706400,-0.0486208531591965,-0.1588173573083171,-0.3659622719613085,-0.8787097973139099,lying,karol
1672331740213706400,-0.0574621223036967,-0.1551319083693585,-0.3675460840867133,-0.8781732820341315,lying,karol
1672331740223706400,-0.0712217753923011,-0.1493477512369432,-0.3699380820319922,-0.8771629119676116,lying,karol
1672331740233706400,-0.0623434638709387,-0.1530669553189584,-0.3684141211853358,-0.8778388776520738,lying,karol
1672331740243706400,-0.0485791536809699,-0.158814891993003,-0.3659806025100567,-0.8787049359322107,lying,karol
1672331740253706400,-0.0574207991087857,-0.1551324485281405,-0.3675764310543901,-0.8781632100326799,lying,karol
1672331740263706400,-0.0711796855703132,-0.1493525114857015,-0.3699781666491479,-0.877148634997107,lying,karol
1672331740273706400,-0.0623003310029526,-0.1530771498654981,-0.36846088800369,-0.8778205580172341,lying,karol
1672331740283706400,-0.0485352374910503,-0.1588301366258653,-0.3660306978259609,-0.878683766158775,lying,karol
1672331740293706400,-0.0573763559743173,-0.1551478950306138,-0.3676265848094323,-0.8781424166644207,lying,karol
1672331740303706400,-0.0711350585304339,-0.1493671666279796,-0.3700280209722171,-0.8771287551767044,lying,karol
1672331740313706400,-0.0622557753744638,-0.1530924254087832,-0.3685100164152366,-0.8778004574601119,lying,karol
1672331740323706400,-0.0484911114810306,-0.1588461752555244,-0.3660790487243258,-0.8786631854804329,lying,karol
1672331740333706400,-0.057331900129557,-0.1551635296585367,-0.3676745203935119,-0.8781225137659492,lying,karol
1672331740343706400,-0.0710904045506625,-0.1493820517579425,-0.3700756671477191,-0.8771097642449581,lying,karol
1672331740353706400,-0.0622111831922773,-0.1531079037499237,-0.368556945789374,-0.8777812416983469,lying,karol
1672331740363706400,-0.0484469073987643,-0.1588623892051132,-0.3661252042051702,-0.8786434865706284,lying,karol
1672331740373706400,-0.0572873741864494,-0.1551793580769606,-0.3677202738061841,-0.8781034894134198,lying,karol
1672331740383706400,-0.0710456658478018,-0.1493971723102176,-0.3701211409608219,-0.8770916512548814,lying,karol
1672331740393706400,-0.0621664966729984,-0.1531235909766378,-0.3686017115813588,-0.8777628992653733,lying,karol
1672331740403706400,-0.04840256740224,-0.158878785456364,-0.3661691993180329,-0.8786246571274643,lying,karol
1672331740413706400,-0.0572427200807732,-0.1551953871766374,-0.3677638798848245,-0.8780853319578097,lying,karol
1672331740423706400,-0.0710007838021651,-0.1494125350253683,-0.3701644770327072,-0.8770744055538932,lying,karol
1672331740433706400,-0.0621216571980687,-0.153139494462643,-0.3686443480776632,-0.877745418978461,lying,karol
1672331740443706400,-0.048358032795351,-0.158895372258161,-0.3662110679288436,-0.8786066851186668,lying,karol
1672331740453706400,-0.0571978789006784,-0.1552116251199875,-0.3678053723046646,-0.8780680300260167,lying,karol
1672331740463706400,-0.0709556992961528,-0.1494281477826363,-0.3702057089112599,-0.8770580167543777,lying,karol
1672331740473706400,-0.0620766056527514,-0.1531556227011429,-0.3686848884880865,-0.877728789912811,lying,karol
1672331740483706400,-0.0483132443712995,-0.1589121589596818,-0.3662508428150776,-0.8785895587608742,lying,karol
1672331740493706400,-0.057152791229955,-0.1552280811731156,-0.3678447836719923,-0.8780515724968135,lying,karol
1672331740503706400,-0.0709103521564964,-0.1494440198075947,-0.3702448690021184,-0.8770424747629809,lying,karol
1672331740513706400,-0.0620312818675546,-0.1531719855127304,-0.3687233648744753,-0.8777130014251648,lying,karol
1672331740523706400,-0.0482681418472778,-0.1589291562205665,-0.3662885555898977,-0.8785732665347432,lying,karol
1672331740533706400,-0.0571073965823739,-0.1552447659176536,-0.3678821454501522,-0.878035948521603,lying,karol
1672331740543706400,-0.0708646817955096,-0.149460161380483,-0.3702819887111784,-0.8770277697316617,lying,karol
1672331740553706400,-0.0619856252603316,-0.1531885937545868,-0.3687598082959136,-0.8776980431115072,lying,karol
1672331740563706400,-0.0482226645148502,-0.1589463757187963,-0.3663242368529593,-0.8785577971524622,lying,karol
1672331740573706400,-0.0570616340520404,-0.1552616909565594,-0.3679174881071494,-0.8780211474855585,lying,karol
1672331740583706400,-0.0708186266386596,-0.1494765840512293,-0.3703170983711452,-0.8770138920882371,lying,karol
1672331740593706400,-0.0619395742630084,-0.1532054595357151,-0.3687942487328853,-0.8776839048317687,lying,karol
1672331740603706400,-0.0481767506597323,-0.1589638303682014,-0.3663579161098604,-0.8785431395737222,lying,karol
1672331740613706400,-0.0570154417328443,-0.1552788691333489,-0.3679508410370496,-0.8780071590293866,lying,karol
1672331740623706400,-0.070772124249869,-0.1494933005651235,-0.3703502272909965,-0.8770008325213134,lying,karol
1672331740633706400,-0.0618930664470208,-0.1532225961431689,-0.3688267151372525,-0.8776705766960963,lying,karol
1672331740643706400,-0.0481303376890077,-0.1589815342448735,-0.3663896218233177,-0.8785292829939182,lying,karol
1672331740653706400,-0.0569687568454967,-0.155296314458054,-0.3679822326101665,-0.8779939730363298,lying,karol
1672331740663706400,-0.0707251115718757,-0.149510324740418,-0.3703814038248571,-0.8769885819579964,lying,karol
1672331740673706400,-0.0618460387639822,-0.153240017920256,-0.3688572355021428,-0.8776580490450856,lying,karol
1672331740683706400,-0.0480833623750259,-0.1589995024651883,-0.3664193814852396,-0.8785162168280618,lying,karol
1672331740693706400,-0.0569215159813312,-0.1553140419844214,-0.3680116902436755,-0.8779815796137188,lying,karol
1672331740703706400,-0.0706775243784561,-0.1495276716759834,-0.3704106553004599,-0.8769771315929895,lying,karol
1672331740713706400,-0.0617984269970963,-0.153257740474367,-0.3688858367881075,-0.877646312473288,lying,karol
1672331740723706400,-0.0480357603001051,-0.1590177513958005,-0.3664472215383412,-0.8785039307259356,lying,karol
1672331740733706400,-0.0568736545466592,-0.1553320680215661,-0.3680392403251151,-0.8779699691136741,lying,karol
1672331740743706400,-0.0706292980276548,-0.1495453574164116,-0.3704380081773483,-0.8769664728331386,lying,karol
1672331740753706400,-0.0617501665154222,-0.1532757803429207,-0.3689125450844832,-0.8776353577815542,lying,karol
1672331740763706400,-0.0479874666204597,-0.1590362983178432,-0.3664731675440464,-0.8784924145359492,lying,karol
1672331740773706400,-0.0568251075267486,-0.1553504097957435,-0.3680649083766862,-0.8779591320894565,lying,karol
1672331740783706400,-0.0705803665430558,-0.1495633993156574,-0.37046348790794,-0.8769565973508668,lying,karol
1672331740793706400,-0.0617011913538246,-0.1532941553569508,-0.3689373854666,-0.8776251760210569,lying,karol
1672331740803706400,-0.047938415134856,-0.1590551617937169,-0.3664972440319976,-0.8784816583351324,lying,karol
1672331740813706400,-0.0567758085540298,-0.1553690858199667,-0.3680887189082423,-0.8779490593347232,lying,karol
1672331740823706400,-0.0705306632729606,-0.1495818157433735,-0.3704871190776792,-0.8769474970349782,lying,karol
1672331740833706400,-0.0616514348730623,-0.1533128843482005,-0.3689603821386878,-0.8776157584509235,lying,karol
1672331740843706400,-0.047888538953043,-0.1590743613727376,-0.3665194746486562,-0.8784716523968503,lying,karol
1672331740853706400,-0.056725690576548,-0.1553881155975243,-0.3681106955627114,-0.8779397418446827,lying,karol
1672331740863706400,-0.070480120596444,-0.1496006261888098,-0.370508925375305,-0.8769391640036659,lying,karol
1672331740873706400,-0.0616008294654024,-0.1533319872532717,-0.3689815584029112,-0.8776070965482605,lying,karol
1672331740883706400,-0.047837770197939,-0.1590939176965817,-0.3665398821239586,-0.8784623871963354,lying,karol
1672331740893706400,-0.0566746855598965,-0.1554075197282957,-0.368130861083614,-0.8779311708246192,lying,karol
1672331740903706400,-0.0704286698266232,-0.1496198512837363,-0.3705289295974993,-0.8769315906046495,lying,karol
1672331740913706400,-0.0615493064577394,-0.153351485136882,-0.3690009366636019,-0.8775991820073389,lying,karol
1672331740923706400,-0.0477860399076482,-0.1591138525232942,-0.3665584882748063,-0.8784538534084012,lying,karol
1672331740933706400,-0.0566227243890384,-0.1554273199330066,-0.3681492373185956,-0.8779233376886254,lying,karol
1672331740943706400,-0.0703762413777118,-0.1496395127156418,-0.3705471536995893,-0.8769247693983265,lying,karol
1672331740953706400,-0.0614967962788733,-0.1533714001055235,-0.3690185384786545,-0.8775920067245019,lying,karol
1672331740963706400,-0.0477332782049539,-0.1591341886408946,-0.3665753140579654,-0.878446041894904,lying,karol
1672331740973706400,-0.0565697370376893,-0.1554475389662573,-0.368165845271263,-0.8779162340454322,lying,karol
1672331740983706400,-0.070322764650448,-0.1496596332588772,-0.3705636187955814,-0.876918693159286,lying,karol
1672331740993706400,-0.0614432283447682,-0.1533917553389055,-0.3690343845590756,-0.8775855627985427,lying,karol
1672331741003706400,-0.0476794141814001,-0.15915494989953,-0.366590379568744,-0.8784389437033617,lying,karol
1672331741013706400,-0.0565156524521968,-0.1554682006489893,-0.3681807050999988,-0.8779098516982198,lying,karol
1672331741023706400,-0.0702681679346658,-0.1496802367995434,-0.3705783451606325,-0.8769133548767071,lying,karol
1672331741033706400,-0.0613885309609708,-0.1534125751151405,-0.3690484947710332,-0.877579842530136,lying,karol
1672331741043706400,-0.047624375798512,-0.1591761612374009,-0.3666037040422666,-0.878432550064901,lying,karol
1672331741053706400,-0.0564603984525722,-0.1554893298946669,-0.3681938361193115,-0.8779041826435867,lying,karol
1672331741063706400,-0.0702123784921579,-0.1497013482855975,-0.3705913522648595,-0.8769087477431617,lying,karol
1672331741073706400,-0.0613326314055965,-0.1534338847612247,-0.3690608881700066,-0.8775748384115307,lying,karol
1672331741083706400,-0.0475680899719741,-0.1591978486313775,-0.3666153058883998,-0.8784268523852085,lying,karol
1672331741093706400,-0.0564039018165479,-0.1555109526595816,-0.36820525683409,-0.8778992190617109,lying,karol
1672331741103706400,-0.0701553224638378,-0.1497229937507678,-0.3706026587753273,-0.8769048651548416,lying,karol
1672331741113706400,-0.0612754558363574,-0.1534557106772271,-0.3690715830023739,-0.8775705431258584,lying,karol
1672331741123706400,-0.0475104824776821,-0.1592200391218162,-0.3666252026926249,-0.8784218422424089,lying,karol
1672331741133706400,-0.0563460881854215,-0.1555330959679254,-0.3682149849405478,-0.8778949533152001,lying,karol
1672331741143706400,-0.0700969248729156,-0.1497452002989797,-0.370612282574481,-0.8769017007056078,lying,karol
1672331741153706400,-0.0612169292937378,-0.15347808032103,-0.369080596723846,-0.8775669495412515,lying,karol
1672331741163706400,-0.0474514779549611,-0.159242760797706,-0.3666334112345354,-0.8784175113812307,lying,karol
1672331741173706400,-0.056286882067144,-0.1555557878968735,-0.3682230373444076,-0.8778913779432663,lying,karol
1672331741183706400,-0.0700371095658601,-0.1497679961152673,-0.3706202407669424,-0.8768992481850924,lying,karol
1672331741193706400,-0.0611569756418933,-0.153501022219502,-0.369087946006006,-0.877564050708369,lying,karol
1672331741203706400,-0.0473909998469684,-0.1592660428083147,-0.3666399474939475,-0.8784138517096041,lying,karol
1672331741213706400,-0.0562262067765396,-0.1555790575883785,-0.3682294301669603,-0.8778884856589523,lying,karol
1672331741223706400,-0.0699757992113901,-0.1497914104529543,-0.3706265496960253,-0.8768975015730724,lying,karol
1672331741233706400,-0.0610955175676445,-0.1535245659559681,-0.3690936467528068,-0.8775618398547959,lying,karol
1672331741243706400,-0.0473289703996271,-0.1592899153510702,-0.366644826667408,-0.8784108552930442,lying,karol
1672331741253706400,-0.0561639844340866,-0.1556029352370168,-0.3682341787612938,-0.8778862693435667,lying,karol
1672331741263706400,-0.0699129152385732,-0.1498154736467525,-0.3706312249488785,-0.8768964550377933,lying,karol
1672331741273706400,-0.061032476518497,-0.1535487421835516,-0.3690977141054417,-0.8775603103827588,lying,karol
1672331741283706400,-0.0472653105991058,-0.1593144096853604,-0.3666480631726002,-0.8784085143513913,lying,karol
1672331741293706400,-0.0561001359032156,-0.1556274521039469,-0.3682372977166773,-0.8778847220440791,lying,karol
1672331741303706400,-0.069848377830819,-0.1498402171029973,-0.3706342813710018,-0.8768961029306904,lying,karol
1672331741313706400,-0.0609677726966554,-0.1535735826156675,-0.3691001624568232,-0.8775594558638184,lying,karol
1672331741323706400,-0.0471999401657158,-0.1593395581234225,-0.3666496706627827,-0.8784068212534,lying,karol
1672331741333706400,-0.056034580784082,-0.1556526405077711,-0.3682388008727628,-0.8778838369678064,lying,karol
1672331741343706400,-0.0697821058731684,-0.1498656733098358,-0.3706357330719283,-0.876896439784122,lying,karol
1672331741353706400,-0.0609013250062522,-0.1535991200364381,-0.36910100545703,-0.8775592700360904,lying,karol
1672331741363706400,-0.0471327775006978,-0.1593653940411706,-0.3666496620318379,-0.8784057685131226,lying,karol
1672331741373706400,-0.0559672373601484,-0.1556785338355085,-0.368238701324587,-0.877883607479361,lying,karol
1672331741383706400,-0.0697140169249886,-0.1498918758372734,-0.3706355934348963,-0.8768974603074519,lying,karol
1672331741393706400,-0.0608330510260279,-0.1536253883009686,-0.3691002560228494,-0.8775597468000741,lying,karol
1672331741403706400,-0.047063739658449,-0.1593919518789334,-0.3666480494235695,-0.878405348785306,lying,karol
1672331741413706400,-0.0558980225702746,-0.1557051665433773,-0.3682370114317355,-0.8778840270963542,lying,karol
1672331741423706400,-0.0696440271837827,-0.1499188593413553,-0.3706338751244264,-0.8768991593836867,lying,karol
1672331741433706400,-0.0607628669731305,-0.1536524223397378,-0.3690979263451908,-0.8775608802149477,lying,karol
1672331741443706400,-0.046992742310144,-0.1594192671461594,-0.3666448442388609,-0.8784055548610898,lying,karol
1672331741453706400,-0.0558268519721828,-0.1557325741615792,-0.3682337428254081,-0.8778850894854916,lying,karol
1672331741463706400,-0.0695720514466774,-0.1499466595697446,-0.3706305900929837,-0.8769015320662311,lying,karol
1672331741473706400,-0.0606906876645681,-0.153680258164383,-0.3690940278955678,-0.877562664494952,lying,karol
1672331741483706400,-0.0469196997045768,-0.1594473764276798,-0.3666400571418035,-0.8784063796637829,lying,karol
1672331741493706400,-0.0557536397031014,-0.1557607933006691,-0.368228906414467,-0.8778867884587687,lying,karol
1672331741503706400,-0.0694980030711418,-0.1499753133680403,-0.3706257495870129,-0.876904573575655,lying,karol
1672331741513706400,-0.0606164264779204,-0.1537089328742056,-0.3690885714319551,-0.8775650940057806,lying,karol
1672331741523706400,-0.0468445246285537,-0.1594763173905559,-0.3666336980652436,-0.878407816244606,lying,karol
1672331741533706400,-0.0556782984400313,-0.1557898616584827,-0.3682225123909232,-0.8778891179696372,lying,karol
1672331741543706400,-0.0694217939383823,-0.1500048586853771,-0.370619364152964,-0.876908279296236,lying,karol
1672331741553706400,-0.0605399953147236,-0.1537384846619529,-0.3690815670046451,-0.8775681632607711,lying,karol
1672331741563706400,-0.0467671283697782,-0.1595061287902748,-0.3666257762163105,-0.8784098577782932,lying,karol
1672331741573706400,-0.0556007393624331,-0.1558198180264357,-0.3682145702353901,-0.8778920721090087,lying,karol
1672331741583706400,-0.0693433344111835,-0.1500353345827339,-0.3706114436418629,-0.8769126447728085,lying,karol
1672331741593706400,-0.0604613045582967,-0.1537689528222987,-0.3690730239606249,-0.8775718669173436,lying,karol
1672331741603706400,-0.0466874206742915,-0.1595368504795697,-0.3666163000804404,-0.8784124975588322,lying,karol
1672331741613706400,-0.0555208721095242,-0.155850702298443,-0.3682050887210722,-0.8778956451014422,lying,karol
1672331741623706400,-0.069262533290686,-0.1500667812420732,-0.3706019972132256,-0.8769176657075982,lying,karol
1672331741633706400,-0.060380263030511,-0.1538003777611408,-0.3690629509472927,-0.8775761997734146,lying,karol
1672331741643706400,-0.0466053097025619,-0.1595685234181691,-0.3666052774246811,-0.8784157289951833,lying,karol
1672331741653706400,-0.0554386047361859,-0.1558825554807872,-0.3681940759170384,-0.87789983130133,lying,karol
1672331741663706400,-0.0691792977755184,-0.1500992399748678,-0.3705910333389405,-0.8769233379568363,lying,karol
1672331741673706400,-0.060296777950922,-0.1538328010042792,-0.3690513559161505,-0.8775811567636115,lying,karol
1672331741683706400,-0.0465207019882598,-0.1596011896817849,-0.3665927153010379,-0.8784195456068083,lying,karol
1672331741693706400,-0.0553538436715584,-0.1559154197012202,-0.3681815391915342,-0.8779046251888626,lying,karol
1672331741703706400,-0.0690935334151285,-0.1501327532334111,-0.3705785598056688,-0.8769296575276425,lying,karol
1672331741713706400,-0.060210754890096,-0.1538662652088656,-0.3690382461249936,-0.8775867329556994,lying,karol
1672331741723706400,-0.0464335023910149,-0.1596348924739364,-0.3665786200482359,-0.8784239410193269,lying,karol
1672331741733706400,-0.0552664936716382,-0.15594933822091,-0.3681674852137447,-0.8779100213661815,lying,karol
1672331741743706400,-0.0690051440652603,-0.1501673646215852,-0.37056458371719,-0.8769366205746718,lying,karol
1672331741753706400,-0.0601220977251021,-0.1539008141742977,-0.3690236281400517,-0.8775929235467868,lying,karol
1672331741763706400,-0.046343614051247,-0.1596696761372538,-0.3665629972934286,-0.8784289089599906,lying,karol
1672331741773706400,-0.0551764577739162,-0.155984355445875,-0.3681519199554949,-0.8779160145533264,lying,karol
1672331741783706400,-0.0689140318388508,-0.1502031189078868,-0.3705491114954999,-0.8769442233969349,lying,karol
1672331741793706400,-0.0600307085903976,-0.1539364928553699,-0.369007507836861,-0.8775997238596622,lying,karol
1672331741803706400,-0.0462509383405062,-0.1597055861669671,-0.3665458519526215,-0.8784344432531974,lying,karol
1672331741813706400,-0.0550836372475538,-0.1560205169406079,-0.3681348486916967,-0.8779225995842678,lying,karol
1672331741823706400,-0.0688200970585827,-0.1502400620380966,-0.370532148881778,-0.8769524624343823,lying,karol
1672331741833706400,-0.0599364878304072,-0.1539733473750478,-0.368989890401017,-0.8776071293389093,lying,karol
1672331741843706400,-0.0461553748133821,-0.1597426692240661,-0.3665271882309607,-0.8784405378158175,lying,karol
1672331741853706400,-0.054987931545085,-0.1560578694413834,-0.3681162760006516,-0.8779297714027353,lying,karol
1672331741863706400,-0.0687232382049638,-0.1502782411501442,-0.3705137009361397,-0.8769613342646342,lying,karol
1672331741873706400,-0.0598393339476041,-0.1540114250394353,-0.3689707803276884,-0.8776151355471188,lying,karol
1672331741883706400,-0.0460568211550176,-0.1597809731505891,-0.3665070096217658,-0.8784471866525275,lying,karol
1672331741893706400,-0.0548892382497566,-0.156096460871695,-0.3680962057631265,-0.8779375250580945,lying,karol
1672331741903706400,-0.0686233518648475,-0.1503177045891075,-0.3704937720370499,-0.8769708355995169,lying,karol
1672331741913706400,-0.0597391435510599,-0.1540507743528601,-0.3689501814207979,-0.8776237381609123,lying,karol
1672331741923706400,-0.0459551731289464,-0.1598205469850826,-0.3664853189052035,-0.8784543838509705,lying,karol
1672331741933706400,-0.0547874530231628,-0.1561363403578746,-0.3680746411610729,-0.8779458557010487,lying,karol
1672331741943706400,-0.0685203326768227,-0.1503585019238306,-0.370472365879772,-0.876980963281629,lying,karol
1672331741953706400,-0.0596358113018569,-0.1540914450345704,-0.3689280967912235,-0.877632932966962,lying,karol
1672331741963706400,-0.045850324521668,-0.1598614409797075,-0.3664621181459312,-0.8784621235768617,lying,karol
1672331741973706400,-0.0546824695496185,-0.1561775582463689,-0.3680515846753313,-0.8779547585793153,lying,karol
1672331741983706400,-0.0684140732759755,-0.1504006839641094,-0.3704494854742992,-0.8769917142807635,lying,karol
1672331741993706400,-0.059529229857864,-0.1541334880359953,-0.3689045288544774,-0.8776427158578621,lying,karol
1672331742003706400,-0.0457421670866937,-0.1599037066178535,-0.3664374086902286,-0.8784704000689223,lying,karol
1672331742013706400,-0.0545741794800136,-0.1562201661215218,-0.3680270380828362,-0.8779642290331368,lying,karol
1672331742023706400,-0.0683044642353738,-0.1504443027795421,-0.3704251331423019,-0.8770030856903331,lying,karol
1672331742033706400,-0.0594192898152714,-0.154176955559646,-0.3688794793273912,-0.8776530828279623,lying,karol
1672331742043706400,-0.0456305904854949,-0.159947396633317,-0.3664111911621349,-0.8784792076337067,lying,karol
1672331742053706400,-0.0544624723725344,-0.1562642168249431,-0.3680010024528369,-0.8779742624907129,lying,karol
1672331742063706400,-0.0681913940071531,-0.1504894117188348,-0.3703993105136011,-0.877015074723594,lying,karol
1672331742073706400,-0.0593058796497089,-0.1542219010784727,-0.3688529492243231,-0.877664029969001,lying,karol
1672331742083706400,-0.0455154822276575,-0.1599925650300826,-0.3663834654590304,-0.8784885406402388,lying,karol
1672331742093706400,-0.0543472356326085,-0.1563097644754792,-0.3679734781425752,-0.8779848544634508,lying,karol
1672331742103706400,-0.0680747488609225,-0.150536065430508,-0.3703720185217711,-0.877027678709805,lying,karol
1672331742113706400,-0.0591888856546897,-0.1542683793566111,-0.3688249388524809,-0.8776755534656419,lying,karol
1672331742123706400,-0.0453967276083389,-0.16003926710349,-0.3663542307463084,-0.8784983935145038,lying,karol
1672331742133706400,-0.0542283544501339,-0.1563568644905824,-0.3679444647920655,-0.8779960005410955,lying,karol
1672331742143706400,-0.0679544128196446,-0.1505843198849362,-0.3703432573988973,-0.8770408950902931,lying,karol
1672331742153706400,-0.0590681918775443,-0.1543164464714477,-0.368795447806395,-0.877687649590893,lying,karol
1672331742163706400,-0.0452742096435835,-0.160087559462548,-0.366323485451238,-0.8785087607337496,lying,karol
1672331742173706400,-0.0541057117345643,-0.1564055736088362,-0.3679139613180801,-0.8780076963866923,lying,karol
1672331742183706400,-0.0678302675940995,-0.150634232397246,-0.3703130266696874,-0.8770547214143295,lying,karol
1672331742193706400,-0.0589436800539382,-0.1543661598365354,-0.3687644749617328,-0.8777003147013165,lying,karol
1672331742203706400,-0.0451478090036722,-0.160137500053319,-0.3662912272560564,-0.8785196368205817,lying,karol
1672331742213706400,-0.0539791880480151,-0.1564559499135625,-0.3678819659073743,-0.8780199377313571,lying,karol
1672331742223706400,-0.067702192514597,-0.1506858616516276,-0.3702813251446997,-0.8770691553348823,lying,karol
1672331742233706400,-0.0588152295396456,-0.1544175782259109,-0.3687320184682237,-0.8777135452320903,lying,karol
1672331742243706400,-0.0450174039439817,-0.1601891481835831,-0.3662574530901902,-0.8785310163368419,lying,karol
1672331742253706400,-0.0538486615358775,-0.1565080528577163,-0.3678484760090557,-0.8780327203688596,lying,karol
1672331742263706400,-0.0675700644604867,-0.1507392677268227,-0.3702481509127864,-0.8770841946041942,lying,karol
1672331742273706400,-0.0586827172401304,-0.1544707617995775,-0.3686980757417869,-0.8777273376918682,lying,karol
1672331742283706400,-0.0448828702337428,-0.160242564548615,-0.3662221591216769,-0.8785428938772333,lying,karol
1672331742293706400,-0.0537140078553091,-0.156561943289908,-0.3678134883261618,-0.8780460401499688,lying,karol
1672331742303706400,-0.0674337577873868,-0.1507945121228147,-0.3702135013327331,-0.8770998370691573,lying,karol
1672331742313706400,-0.058546017537852,-0.1545257721301787,-0.3686626434558487,-0.8777416886574142,lying,karol
1672331742323706400,-0.0447440810818815,-0.1602978112584067,-0.3661853407476376,-0.8785552640627153,lying,karol
1672331742333706400,-0.0535751001008128,-0.1566176834818792,-0.3677769988063082,-0.8780598929765985,lying,karol
1672331742343706400,-0.0672931442514574,-0.150851657789,-0.3701773730239812,-0.8771160806665206,lying,karol
1672331742353706400,-0.0584050022166129,-0.154582672231146,-0.3686257175317265,-0.8777565947680376,lying,karol
1672331742363706400,-0.0446009070608425,-0.1603549518659547,-0.3661469925839569,-0.878568121533578,lying,karol
1672331742373706400,-0.0534318087277803,-0.1566753371570547,-0.3677390026315527,-0.8780742747956507,lying,karol
1672331742383706400,-0.0671480929316305,-0.1509107691534484,-0.3701397618565804,-0.8771329234178212,lying,karol
1672331742393706400,-0.0582595403838913,-0.1546415265859162,-0.3685872931282388,-0.8777720527197304,lying,karol
1672331742403706400,-0.0444532160268667,-0.1604140513972451,-0.3661071084538976,-0.8785814609422783,lying,karol
1672331742413706400,-0.0532840014724677,-0.156734969520812,-0.367699494207209,-0.878089181592656,lying,karol
1672331742423706400,-0.0669984701481384,-0.1509719121539488,-0.3701006629400915,-0.877150363424163,lying,karol
1672331742433706400,-0.0581094983894664,-0.1547024011789278,-0.3685473646302491,-0.877788059259112,lying,karol
1672331742443706400,-0.044300873038625,-0.1604751763821342,-0.3660656813759805,-0.878595276945872,lying,karol
1672331742453706400,-0.0531315432703313,-0.1567966472916497,-0.3676584671499385,-0.8781046093850229,lying,karol
1672331742463706400,-0.0668441393793062,-0.151035154269999,-0.3700600706117599,-0.8771683988606201,lying,karol
1672331742473706400,-0.0579547397423169,-0.1547653635275495,-0.3685059256364718,-0.8778046111769815,lying,karol
1672331742483706400,-0.0441437402718363,-0.1605383948871095,-0.3660227035507014,-0.8786095641981675,lying,karol
1672331742493706400,-0.0529742961703314,-0.1568604387342535,-0.3676159142746966,-0.8781205542150494,lying,karol
1672331742503706400,-0.0666849611744463,-0.1511005645566528,-0.370017978423596,-0.8771870279704497,lying,karol
1672331742513706400,-0.057795125023636,-0.1548304827158522,-0.3684629689461718,-0.8778217053016383,lying,karol
1672331742523706400,-0.0439816769309637,-0.1606037765494717,-0.3659781663462791,-0.8786243173415045,lying,karol
1672331742533706400,-0.0528121192462795,-0.156926413694006,-0.3675718275807197,-0.8781370121425892,lying,karol
1672331742543706400,-0.0665207930634959,-0.1511682136799454,-0.3699743791284606,-0.8772062490590038,lying,karol
1672331742553706400,-0.0576305117966048,-0.1548978294299427,-0.3684184865448548,-0.8778393384918639,lying,karol
1672331742563706400,-0.0438145391587854,-0.1606713926125942,-0.3659320602835592,-0.8786395309980572,lying,karol
1672331742573706400,-0.0526448685060749,-0.1569946436325729,-0.3675261982366838,-0.8781539792372579,lying,karol
1672331742583706400,-0.0663514894646795,-0.1512381739533452,-0.3699292646653606,-0.8772260604871959,lying,karol
1672331742593706400,-0.0574607545141919,-0.1549674759943168,-0.368372469589161,-0.877857507629442,lying,karol
1672331742603706400,-0.0436421799410526,-0.1607413159634212,-0.3658843750195788,-0.8786551997608203,lying,karol
1672331742613706400,-0.0524723967959894,-0.157065201665759,-0.3674790165645424,-0.8781714515703738,lying,karol
1672331742623706400,-0.0661769015868008,-0.1513105193766681,-0.369882626143379,-0.8772464606647857,lying,karol
1672331742633706400,-0.0572857044215925,-0.1550394964106607,-0.3683249083903693,-0.8778762096114381,lying,karol
1672331742643706400,-0.0434644490090815,-0.1608136211710091,-0.3658350993302803,-0.8786713181840365,lying,karol
1672331742653706400,-0.0522945537028747,-0.1571381626024152,-0.367430272022522,-0.878189425206358,lying,karol
1672331742663706400,-0.0659968773299325,-0.1513853256758491,-0.3698344538248605,-0.877267448043111,lying,karol
1672331742673706400,-0.0571052094570861,-0.1551139663974927,-0.3682757923971544,-0.877895441341909,lying,karol
1672331742683706400,-0.0432811927376206,-0.1608883845272166,-0.3657842210918991,-0.8786878807732174,lying,karol
1672331742693706400,-0.0521111854516314,-0.1572136029855137,-0.367379953186814,-0.8782078961937717,lying,karol
1672331742703706400,-0.0658112611806065,-0.1514626703452175,-0.3697847371071867,-0.8772890211075587,lying,karol
1672331742713706400,-0.056919114147418,-0.1551909634322891,-0.3682251101769113,-0.8779151997232923,lying,karol
1672331742723706400,-0.0430922540404909,-0.1609656840884893,-0.3657317272614475,-0.8787048819745231,lying,karol
1672331742733706400,-0.0519221348004215,-0.1572916011343362,-0.3673280477323701,-0.8782268605557378,lying,karol
1672331742743706400,-0.0656198941053425,-0.1515426326906397,-0.3697334645037727,-0.877311178369402,lying,karol
1672331742753706400,-0.0567272595015033,-0.1552705667944771,-0.3681728493962919,-0.8779354816471481,lying,karol
1672331742763706400,-0.0428974722398357,-0.1610455997288666,-0.3656776038520171,-0.8787223161650536,lying,karol
1672331742773706400,-0.051727240909467,-0.1573722371979688,-0.3672745424086264,-0.8782463142815293,lying,karol
1672331742783706400,-0.0654226134168221,-0.1516252938844688,-0.3696806236199949,-0.877333918359251,lying,karol
1672331742793706400,-0.0565294828767914,-0.1553528576201923,-0.3681189967965618,-0.8779562839862263,lying,karol
1672331742803706400,-0.0702775108170694,-0.1495642467005232,-0.3705025831052057,-0.8769654371793875,lying,karol
1672331742813706400,-0.0613914077829267,-0.1532943477209782,-0.3689616693780125,-0.8776378343908912,lying,karol
1672331742823706400,-0.0476203937969736,-0.1590549226560687,-0.366506591348195,-0.8784962727779412,lying,karol
1672331742833706400,-0.0564510215497383,-0.1553676420240082,-0.3680833513704975,-0.8779736823055575,lying,karol
1672331742843706400,-0.0701978975087206,-0.1495802710032633,-0.3704668528931644,-0.8769841961496704,lying,karol
1672331742853706400,-0.0613113547724464,-0.1533101876337767,-0.36892566332162,-0.877655820941023,lying,karol
1672331742863706400,-0.047538630118834,-0.1590708696772899,-0.3664700055749884,-0.8785130973895939,lying,karol
1672331742873706400,-0.0563691764666206,-0.1553841435451131,-0.368046803137635,-0.8779913633028507,lying,karol
1672331742883706400,-0.0701148626691069,-0.1495980448968107,-0.3704302413201142,-0.8770032930427334,lying,karol
1672331742893706400,-0.0612278755068597,-0.1533277694322485,-0.3688887596818955,-0.8776741099582023,lying,karol
1672331742903706400,-0.0474533936481807,-0.1590885625401587,-0.3664324890680711,-0.8785301718254859,lying,karol
1672331742913706400,-0.0562838595875407,-0.1554024017055471,-0.3680093432798827,-0.8780093281505974,lying,karol
1672331742923706400,-0.0700283173342603,-0.1496176085409172,-0.3703927400867833,-0.8770227304061589,lying,karol
1672331742933706400,-0.0611408810076767,-0.1533471333033657,-0.368850949823569,-0.8776927030347575,lying,karol
1672331742943706400,-0.047364594453574,-0.1591080417872237,-0.3663940324493986,-0.8785474962534329,lying,karol
1672331742953706400,-0.0561949809616251,-0.1554224572620123,-0.3679709628880239,-0.8780275778701173,lying,karol
1672331742963706400,-0.0699381706093207,-0.1496390033366859,-0.3703543408146683,-0.8770425106675125,lying,karol
1672331742973706400,-0.0610502803675463,-0.1533683206728172,-0.368812225016023,-0.877711601625043,lying,karol
1672331742983706400,-0.047272140656915,-0.1591293492043915,-0.3663546262181597,-0.8785650706738298,lying,karol
1672331742993706400,-0.0561024486881215,-0.1554443522147955,-0.3679316529388343,-0.8780461133365164,lying,karol
1672331743003706400,-0.0698443296271607,-0.1496622719369857,-0.3703150350229535,-0.8770626361398901,lying,karol
1672331743013706400,-0.0609559807088489,-0.1533913742152633,-0.3687725764102674,-0.8777308070504765,lying,karol
1672331743023706400,-0.0471759383909829,-0.1591525278312931,-0.3663142607275134,-0.8785828949238927,lying,karol
1672331743033706400,-0.0560061688738601,-0.1554681298185066,-0.3678914042720518,-0.8780649352832783,lying,karol
1672331743043706400,-0.0697466995020123,-0.1496874582592537,-0.3702748141050617,-0.8770831090272436,lying,karol
1672331743053706400,-0.0608578871372918,-0.1534163378669766,-0.3687319950155136,-0.8777503205043091,lying,karol
1672331743063706400,-0.0470758917520193,-0.1591776219740159,-0.3662729261608921,-0.8786009686815566,lying,karol
1672331743073706400,-0.0559060455857779,-0.1554938345951805,-0.3678502075669304,-0.8780840443065543,lying,karol
1672331743083706400,-0.0696451832871295,-0.1497146074969028,-0.3702336693064075,-0.8771039314289004,lying,karol
1672331743093706400,-0.0607559026995676,-0.1534432568370861,-0.3686904716769625,-0.8777701430556303,lying,karol
1672331743103706400,-0.0469719027565319,-0.1592046772163878,-0.3662306125095502,-0.8786192914686527,lying,karol
1672331743113706400,-0.055801980807631,-0.155521512345921,-0.3678080533200169,-0.8781034408687032,lying,karol
1672331743123706400,-0.0695396819241995,-0.1497437661344554,-0.3701915917011394,-0.8771251053440619,lying,karol
1672331743133706400,-0.0606499283327376,-0.1534721776225512,-0.368647997052535,-0.8777902756532747,lying,karol
1672331743143706400,-0.0468638712893934,-0.15923374043516,-0.3661873095489164,-0.8786378626538871,lying,karol
1672331743153706400,-0.0556938743879929,-0.1555512101664641,-0.3677649318217624,-0.8781231253017141,lying,karol
1672331743163706400,-0.0694300941930706,-0.1497749819628308,-0.3701485721693718,-0.8771466326757397,lying,karol
1672331743173706400,-0.0605398628139647,-0.1535031480232812,-0.3686045615900862,-0.8778107191291646,lying,karol
1672331743183706400,-0.0467516950527308,-0.1592648598151557,-0.3661430068154928,-0.8786566814552226,lying,karol
1672331743193706400,-0.0555816239890509,-0.155582976462691,-0.367720833133677,-0.8781430978100282,lying,karol
1672331743203706400,-0.0693163166596103,-0.1498083040956842,-0.3701046013744759,-0.8771685152342414,lying,karol
1672331743213706400,-0.0604256027083656,-0.1535362171583117,-0.3685601555046647,-0.8778314742011952,lying,karol
1672331743223706400,-0.0466352695125165,-0.1592980848656528,-0.3660976935836977,-0.878675746941799,lying,karol
1672331743233706400,-0.0554651250330658,-0.1556168609673901,-0.3676757470654291,-0.8781633584729308,lying,karol
1672331743243706400,-0.0691982436208963,-0.149843782987129,-0.3700596697402729,-0.877190754740282,lying,karol
1672331743253706400,-0.0603070423142224,-0.1535714354833533,-0.3685147687556545,-0.8778525414757098,lying,karol
1672331743263706400,-0.0465144878428077,-0.1593334664380153,-0.366051358842612,-0.8786950580353768,lying,karol
1672331743273706400,-0.0553442706464861,-0.1556529147582621,-0.3676296631518581,-0.8781839072464844,lying,karol
1672331743283706400,-0.0690757670470392,-0.1498814704511266,-0.370013767427968,-0.8772133528277303,lying,karol
1672331743293706400,-0.0601840736048033,-0.153608854810017,-0.3684683910236328,-0.8778739214495871,lying,karol
1672331743303706400,-0.046389240866371,-0.1593710567450935,-0.3660039912723651,-0.8787146135113499,lying,karol
1672331743313706400,-0.0552189516004391,-0.1556911902776999,-0.3675825706296377,-0.8782047439650722,lying,karol
1672331743323706400,-0.0689487765227897,-0.1499214196812253,-0.3699668843133613,-0.8772363110458005,lying,karol
1672331743333706400,-0.0600565861700196,-0.1536485283253694,-0.3684210116875053,-0.8778956145117656,lying,karol
1672331743343706400,-0.0462594169952273,-0.1594109093809205,-0.365955579220797,-0.8787344119991769,lying,karol
1672331743353706400,-0.0550890562511205,-0.1557317413528651,-0.3675344584142113,-0.8782258683423624,lying,karol
1672331743363706400,-0.0688171591848124,-0.149963685272356,-0.3699190099635768,-0.8772596308609254,lying,karol
1672331743373706400,-0.0599244671537088,-0.1536905106135597,-0.3683726198011257,-0.8779176209444138,lying,karol
1672331743383706400,-0.046124902166496,-0.1594530793426124,-0.365906110679505,-0.8787544519824086,lying,karol
1672331743393706400,-0.0549544704754618,-0.1557746232179841,-0.3674853150761267,-0.8782472799719218,lying,karol
1672331743403706400,-0.0686807996571384,-0.1500083232436397,-0.3698701336137339,-0.8772833136581675,lying,karol
1672331743413706400,-0.0597876011891411,-0.1537348576784399,-0.368323204069849,-0.8779399409236153,lying,karol
1672331743423706400,-0.0459855797770349,-0.1594976230530192,-0.365855573259899,-0.8787747317981528,lying,karol
1672331743433706400,-0.0548150776056149,-0.1558198925373797,-0.3674351288173857,-0.8782689783272695,lying,karol
1672331743443706400,-0.0685395799838461,-0.1500553910625882,-0.3698202441433542,-0.8773073607421722,lying,karol
1672331743453706400,-0.059645870331754,-0.1537816269675773,-0.368272752826803,-0.8779625745195746,lying,karol
1672331743463706400,-0.0458413306146181,-0.1595445983850552,-0.3658039541688204,-0.8787952496360563,lying,karol
1672331743473706400,-0.0546707583599098,-0.1558676074302133,-0.3673838874473615,-0.8782909627614971,lying,karol
1672331743483706400,-0.0683933795591178,-0.1501049476706392,-0.3697693300525173,-0.8773317733376859,lying,karol
1672331743493706400,-0.0594991539892587,-0.1538308773976031,-0.368221254008889,-0.8779855216963594,lying,karol
1672331743503706400,-0.0456920327869002,-0.1595940646871863,-0.3657512401839328,-0.8788160035367436,lying,karol
1672331743513706400,-0.054521390771637,-0.155917827496366,-0.3673315783585011,-0.8783132325063593,lying,karol
1672331743523706400,-0.0682420750542952,-0.1501570535101747,-0.3697173794376645,-0.8773565525896132,lying,karol
1672331743533706400,-0.0593473288487738,-0.153882669381028,-0.3681686951324142,-0.8780087823111513,lying,karol
1672331743543706400,-0.0455375616469737,-0.1596460828105622,-0.3656974176286342,-0.8788369913897376,lying,karol
1672331743553706400,-0.0543668501143643,-0.1559706138439921,-0.3672781885015532,-0.8783357866708873,lying,karol
1672331743563706400,-0.0680855403419825,-0.1502117705529967,-0.3696643799670371,-0.8773816995626134,lying,karol
1672331743573706400,-0.0591902688010013,-0.1539370648545199,-0.3681150632683412,-0.8780323561130132,lying,karol
1672331743583706400,-0.045377789716409,-0.1597007151374198,-0.3656424723466285,-0.8788582109308076,lying,karol
1672331743593706400,-0.054207008824752,-0.1560260291183375,-0.367223704360468,-0.8783586242394528,lying,karol
1672331743603706400,-0.0679236464170982,-0.1502691623302996,-0.3696103188557033,-0.8774072152402097,lying,karol
1672331743613706400,-0.0590278448613795,-0.1539941273086603,-0.3680603450171101,-0.878056242741131,lying,karol
1672331743623706400,-0.0452125866050979,-0.1597580256110323,-0.3655863896760052,-0.8788796597387473,lying,karol
1672331743633706400,-0.0540417364221256,-0.1560841375321243,-0.3671681119268093,-0.878381744069296,lying,karol
1672331743643706400,-0.0677562613150829,-0.150329293964041,-0.3695551828401821,-0.8774331005233739,lying,karol
1672331743653706400,-0.0588599250883791,-0.1540539218191054,-0.3680045264830365,-0.8780804417225101,lying,karol
1672331743663706400,-0.0450418189272274,-0.159818079767481,-0.3655291544226852,-0.8789013352316144,lying,karol
1672331743673706400,-0.0538708994241969,-0.1561450048977569,-0.3671113966735524,-0.8784051448875551,lying,karol
1672331743683706400,-0.0675832500259175,-0.1503922322002817,-0.3694989581524149,-0.8774593562286828,lying,karol
1672331743693706400,-0.0586863744976548,-0.1541165150796917,-0.3679475932480425,-0.8781049524691964,lying,karol
1672331743703706400,-0.0448653502152615,-0.159880944768461,-0.3654707508335332,-0.8789232346622768,lying,karol
1672331743713706400,-0.0536943612607368,-0.1562086986605823,-0.3670535435285461,-0.8784288252876238,lying,karol
1672331743723706400,-0.0674044744059606,-0.1504580454436318,-0.369441630493387,-0.8774859830858304,lying,karol
1672331743733706400,-0.0585070549739846,-0.1541819754366609,-0.3678895303450153,-0.8781297742748367,lying,karol
1672331743743706400,-0.0446830408287896,-0.1599466894364226,-0.3654111625685567,-0.8789453551134383,lying,karol
1672331743753706400,-0.0535119821821226,-0.1562752879344929,-0.3669945368470836,-0.8784527837250378,lying,karol
1672331743763706400,-0.0672197930848215,-0.1505268037939809,-0.3693831850059129,-0.8775129817347221,lying,karol
1672331743773706400,-0.0583218251783083,-0.1542503729251366,-0.3678303222303161,-0.878154906310765,lying,karol
1672331743783706400,-0.0444947478606891,-0.1600153842910261,-0.3653503726725946,-0.8789676934919533,lying,karol
1672331743793706400,-0.0533236191651597,-0.1563448435388593,-0.3669343603839676,-0.8784770185126791,lying,karol
1672331743803706400,-0.0670290613692542,-0.1505985790846648,-0.3693236062468835,-0.8775403527219304,lying,karol
1672331743813706400,-0.0581305404517508,-0.1543217793070492,-0.3677699527557247,-0.8781803476214282,lying,karol
1672331743823706400,-0.0443003250409208,-0.1600871015867646,-0.365288363546522,-0.878990246522374,lying,karol
1672331743833706400,-0.053129125816542,-0.1564174380366305,-0.3668729972651021,-0.878501527815239,lying,karol
1672331743843706400,-0.0668321311446301,-0.1506734449218229,-0.3692628781590406,-0.8775680964964349,lying,karol
1672331743853706400,-0.0579330527172863,-0.1543962681102247,-0.3677084051399063,-0.8782060971190655,lying,karol
1672331743863706400,-0.0440996226312888,-0.1601619153545384,-0.3652251169167709,-0.8790130107401386,lying,karol
1672331743873706400,-0.0529283522672084,-0.1564931457764325,-0.366810429957425,-0.878526309643407,lying,karol
1672331743883706400,-0.0666288507672875,-0.1507514767277882,-0.3692009840411389,-0.8775962134052093,lying,karol
1672331743893706400,-0.057729210372258,-0.1544739146715028,-0.36764566193822,-0.8782321535781445,lying,karol
1672331743903706400,-0.043892487322007,-0.1602399014426512,-0.3651606138050414,-0.8790359824836248,lying,karol
1672331743913706400,-0.0527211450685347,-0.1565720429340666,-0.3667466402390306,-0.8785513618469127,lying,karol
1672331743923706400,-0.0664190649584821,-0.150832751783955,-0.3691379065182409,-0.877624703687635,lying,karol
1672331743933706400,-0.0575188581825326,-0.154554796179322,-0.3675817050126661,-0.8782585156286417,lying,karol
1672331743943706400,-0.0436787621637059,-0.1603211375431257,-0.3650948345040949,-0.8790591578828503,lying,karol
1672331743953706400,-0.0525073471238956,-0.1566542075392443,-0.3666816091752107,-0.8785766821038635,lying,karol
1672331743963706400,-0.0662026147342142,-0.1509173492585162,-0.3690736275177779,-0.8776535674655975,lying,karol
1672331743973706400,-0.0573018372126104,-0.1546389917011813,-0.3675165155077509,-0.8782851817453756,lying,karol
1672331743983706400,-0.0710494919014854,-0.1488607537932826,-0.3698861042545902,-0.8772837009364441,lying,karol
1672331743993706400,-0.0621557848954308,-0.1525848119123679,-0.3683497490820155,-0.8779652502884269,lying,karol
1672331744003706400,-0.0483738152958181,-0.1583367254982388,-0.3659030069717554,-0.8788369803536388,lying,karol
1672331744013706400,-0.0572033225750273,-0.1546561503569663,-0.3674698787046231,-0.8783081150080417,lying,karol
1672331744023706400,-0.0709495582182977,-0.1488795516127491,-0.3698394832092823,-0.8773082730490781,lying,karol
1672331744033706400,-0.0620553405284401,-0.1526033984007075,-0.3683029443150554,-0.8779887796048981,lying,karol
1672331744043706400,-0.0482712269758145,-0.1583554749008933,-0.3658556379283649,-0.8788589825419305,lying,karol
1672331744053706400,-0.0571006932497164,-0.1546756496842625,-0.3674226915418992,-0.878331119300651,lying,karol
1672331744063706400,-0.0708454692497482,-0.1489007165999475,-0.369792341683558,-0.8773329833418616,lying,karol
1672331744073706400,-0.0619507399861044,-0.152624347266836,-0.3682555954669874,-0.8780124046736472,lying,karol
1672331744083706400,-0.048164439733567,-0.1583765957165365,-0.3658076806116466,-0.8788810168413314,lying,karol
1672331744093706400,-0.0569938654904604,-0.1546975268537469,-0.367374940481333,-0.8783541974819141,lying,karol
1672331744103706400,-0.0707371403124954,-0.1489242866534339,-0.3697446666611228,-0.8773578359502812,lying,karol
1672331744113706400,-0.0618418985685541,-0.1526476963835205,-0.3682076892616045,-0.878036128694458,lying,karol
1672331744123706400,-0.0480533678547284,-0.158400126116524,-0.3657591210778194,-0.8789030850625723,lying,karol
1672331744133706400,-0.0568827535808136,-0.1547218202994869,-0.367326612074161,-0.8783773521507927,lying,karol
1672331744143706400,-0.0706244847385187,-0.1489503009359472,-0.369696445226523,-0.8773828347821092,lying,karol
1672331744153706400,-0.0617287295943357,-0.1526734848868803,-0.3681592125052414,-0.8780599546217701,lying,karol
1672331744163706400,-0.0479379236281435,-0.1584261055425066,-0.3657099454358026,-0.8789251887411329,lying,karol
1672331744173706400,-0.0567672698027371,-0.1547485697243775,-0.3672776929313537,-0.8784005856535967,lying,karol
1672331744183706400,-0.0705074138280329,-0.1489787998869979,-0.3696476645328764,-0.8774079835257931,lying,karol
1672331744193706400,-0.0616111443532858,-0.1527017531887205,-0.3681101520546188,-0.8780838851724682,lying,karol
1672331744203706400,-0.0478180172973365,-0.1584545747188638,-0.3656601398148093,-0.8789473291441192,lying,karol
1672331744213706400,-0.0566473243880598,-0.1547778161130387,-0.367228169691541,-0.8784239000912328,lying,karol
1672331744223706400,-0.0703858368064307,-0.1490098252340958,-0.3695983117711141,-0.8774332856578826,lying,karol
1672331744233706400,-0.0614890520634479,-0.15273254298751,-0.3680604947862041,-0.8781079228327536,lying,karol
1672331744243706400,-0.0476935570165686,-0.1584855756635825,-0.365609690333554,-0.8789695072762511,lying,karol
1672331744253706400,-0.0565228254744635,-0.1548096017431497,-0.3671780289905203,-0.8784472973255238,lying,karol
1672331744263706400,-0.0702596607804031,-0.1490434200046141,-0.3695483741398327,-0.8774587444498034,lying,karol
1672331744273706400,-0.0613623598271687,-0.1527658972800023,-0.3680102275661663,-0.8781320698643601,lying,karol
1672331744283706400,-0.0475644488055026,-0.1585191517000282,-0.3655585830699306,-0.8789917238852181,lying,karol
1672331744293706400,-0.0563936790601091,-0.1548439701976511,-0.3671272574312423,-0.8784707789849084,lying,karol
1672331744303706400,-0.0701287906890801,-0.1490796285400178,-0.3694978388149857,-0.8774843629742644,lying,karol
1672331744313706400,-0.0612309725822206,-0.1528018603752201,-0.3679593372201373,-0.8781563283103536,lying,karol
1672331744323706400,-0.0474305964993969,-0.1585553474708675,-0.3655068040305341,-0.8790139794665032,lying,karol
1672331744333706400,-0.0562597889537446,-0.1548809663791192,-0.3670758415536464,-0.8784943464696644,lying,karol
1672331744343706400,-0.0699931292545864,-0.1491184965106213,-0.3694466929201444,-0.8775101441109966,lying,karol
1672331744353706400,-0.0610947930523742,-0.1528404779089592,-0.3679078105035346,-0.8781807000002635,lying,karol
1672331744363706400,-0.0472919016982082,-0.158594208952748,-0.3654543391206283,-0.8790362742675643,lying,karol
1672331744373706400,-0.0561210567237116,-0.1549206365248913,-0.3670237678049419,-0.8785180009565011,lying,karol
1672331744383706400,-0.0698525769288664,-0.1491600709321798,-0.3693949234967404,-0.8775360905520488,lying,karol
1672331744393706400,-0.0609537216942073,-0.1528817968601441,-0.3678556340718336,-0.8782051865547341,lying,karol
1672331744403706400,-0.0471482637126272,-0.1586357834725358,-0.3654011741141414,-0.8790586082914217,lying,karol
1672331744413706400,-0.0559773816438897,-0.1549630282237446,-0.3669710225099239,-0.8785417434025893,lying,karol
1672331744423706400,-0.0697070318388946,-0.1492044001834239,-0.3693425174746161,-0.8775622048064676,lying,karol
1672331744433706400,-0.0608076566423327,-0.1529258655681156,-0.3678027944511342,-0.8782297893895501,lying,karol
1672331744443706400,-0.0469995795074676,-0.1586801197249397,-0.3653472946237418,-0.8790809812996639,lying,karol
1672331744453706400,-0.055828660636971,-0.1550081904339652,-0.3669175918413768,-0.8785655745490445,lying,karol
1672331744463706400,-0.0695563897295382,-0.1492515340248427,-0.3692894616427267,-0.8775884892044447,lying,karol
1672331744473706400,-0.0606564936522941,-0.1529727337511641,-0.3677492780088609,-0.878254509719104,lying,karol
1672331744483706400,-0.0468457436438285,-0.1587272677909193,-0.3652926860712103,-0.8791033928147808,lying,karol
1672331744493706400,-0.055674788216491,-0.1550561735022017,-0.366863461790769,-0.8785894949237464,lying,karol
1672331744503706400,-0.0694005439030325,-0.1493015236191343,-0.3692357426197628,-0.877614945900954,lying,karol
1672331744513706400,-0.0605001260400612,-0.1530224525267368,-0.3676950709243582,-0.8782793485593282,lying,karol
1672331744523706400,-0.0466866482169878,-0.1587772791581309,-0.3652373336575118,-0.8791258421219537,lying,karol
1672331744533706400,-0.0555156564245683,-0.1551070291843666,-0.3668086181386611,-0.878613504843669,lying,karol
1672331744543706400,-0.0692393851565362,-0.1493544215527154,-0.3691813468249246,-0.8776415768788077,lying,karol
1672331744553706400,-0.0603384446196303,-0.153075074432697,-0.3676401591596215,-0.8783043067300211,lying,karol
1672331744563706400,-0.0465221827927189,-0.1588302067422954,-0.3651812223330337,-0.8791483282701892,lying,karol
1672331744573706400,-0.0553511547680768,-0.1551608106674498,-0.366753046425283,-0.878637604416563,lying,karol
1672331744583706400,-0.0690728017162223,-0.1494102818589225,-0.3691262604485349,-0.8776683839511987,lying,karol
1672331744593706400,-0.0601713376371718,-0.1531306534502714,-0.3675845284298465,-0.8783293848566349,lying,karol
1672331744603706400,-0.0463522343403874,-0.1588861049101554,-0.3651243367676395,-0.8791708500728298,lying,karol
1672331744613706400,-0.0551811701515608,-0.1552175725929341,-0.3666967319209341,-0.87866179354206,lying,karol
1672331744623706400,-0.068900679169451,-0.1494691600422561,-0.3690704694227289,-0.8776953687636277,lying,karol
1672331744633706400,-0.0599986907032576,-0.1531892450280415,-0.3675281641740354,-0.8783545833714264,lying,karol
1672331744643706400,-0.0461766871630753,-0.1589450295039175,-0.365066661320569,-0.8791934061074649,lying,karol
1672331744653706400,-0.0550055868071665,-0.1552773710817016,-0.3666396595962323,-0.8786860719121998,lying,karol
1672331744663706400,-0.0687229003927884,-0.1495311131045982,-0.3690139593917976,-0.8777225327953595,lying,karol
1672331744673706400,-0.0598203867209634,-0.1532509061078988,-0.3674710515252375,-0.8783799025140974,lying,karol
1672331744683706400,-0.0459954228249324,-0.1590070378670895,-0.3650081800101624,-0.879215994715163,lying,karol
1672331744693706400,-0.0548242862217871,-0.1553402637603361,-0.3665818140922007,-0.8787104390113155,lying,karol
1672331744703706400,-0.0685393454778211,-0.14959619957258,-0.3689567156824859,-0.8777498773602382,lying,karol
1672331744713706400,-0.0596363058117516,-0.153315695152155,-0.3674131752807215,-0.8784053423317759,lying,karol
1672331744723706400,-0.0458083200754049,-0.1590721888718499,-0.3649488764833283,-0.8792386139990604,lying,karol
1672331744733706400,-0.0546371470610665,-0.1554063097889667,-0.3665231796900994,-0.8787348941153065,lying,karol
1672331744743706400,-0.0683498916536157,-0.1496644795265772,-0.3688987232740113,-0.8777774036069412,lying,karol
1672331744753706400,-0.0594463252380441,-0.1533836721722626,-0.3673545198718547,-0.8784309026784008,lying,karol
1672331744763706400,-0.0456152547701525,-0.159140542948024,-0.3648887339846791,-0.8792612618222911,lying,karol
1672331744773706400,-0.0544440450900706,-0.1554755698907259,-0.3664637402809362,-0.8787594362902849,lying,karol
1672331744783706400,-0.0681544132056449,-0.1497360146314021,-0.3688399667677423,-0.8778051125186572,lying,karol
1672331744793706400,-0.0592503193222434,-0.1534548987592384,-0.3672950693336154,-0.8784565832135013,lying,karol
1672331744803706400,-0.0454160997885268,-0.1592121621137136,-0.3648277353252785,-0.8792839358052372,lying,karol
1672331744813706400,-0.0542448530904951,-0.1555481063828727,-0.3664034793345977,-0.8787840643905831,lying,karol
1672331744823706400,-0.067952781391478,-0.1498108681685652,-0.368780430356553,-0.8778330049121552,lying,karol
1672331744833706400,-0.0590481593625613,-0.1535294381156387,-0.3672348072737675,-0.8784823834003294,lying,karol
1672331744843706400,-0.0452107249474269,-0.1592871100076512,-0.3647658628509375,-0.8793066333220931,lying,karol
1672331744853706400,-0.0540394407742533,-0.1556239832096411,-0.3663423798685392,-0.8788087770561086,lying,karol
1672331744863706400,-0.0677448643523435,-0.1498891050704743,-0.3687200977936644,-0.8778610814362753,lying,karol
1672331744873706400,-0.0588397135446981,-0.1536073550894773,-0.3671737168414923,-0.878508302503381,lying,karol
1672331744883706400,-0.0449989969108182,-0.1593654519235706,-0.36470309840989,-0.8793293514967566,lying,karol
1672331744893706400,-0.053827674692675,-0.155703265977129,-0.3662804244158663,-0.8788335727090731,lying,karol
1672331744903706400,-0.06753052702063,-0.149970791956541,-0.3686589523609558,-0.877889342569826,lying,karol
1672331744913706400,-0.058624846849502,-0.1536887162100341,-0.3671117806954739,-0.8785343395852795,lying,karol
1672331744923706400,-0.0447807791024647,-0.1594472548434362,-0.3646394233211434,-0.8793520871975157,lying,karol
1672331744933706400,-0.0536094181489093,-0.1557860219870337,-0.3662175949940715,-0.8788584495494873,lying,karol
1672331744943706400,-0.0673096310303917,-0.1500559971681894,-0.3685969768378701,-0.8779177886181957,lying,karol
1672331744953706400,-0.0584034209636542,-0.15377358972256,-0.3670489809725861,-0.8785604935024067,lying,karol
1672331744963706400,-0.0445559315988355,-0.1595325874791293,-0.3645748183394341,-0.8793748370320481,lying,karol
1672331744973706400,-0.0533845310904925,-0.1558723202788962,-0.3661538730704565,-0.8788834055511633,lying,karol
1672331744983706400,-0.0670820346076794,-0.1501447908125823,-0.3685341534670633,-0.8779464197107831,lying,karol
1672331744993706400,-0.0581752941701578,-0.1538620456316897,-0.3669852992532303,-0.8785867629011485,lying,karol
1672331745003706400,-0.0719249857175299,-0.1480932440669612,-0.3693432334212392,-0.8775714074571971,lying,karol
1672331745013706400,-0.0630254211035378,-0.1518128207650755,-0.3678151688202184,-0.878261626804457,lying,karol
1672331745023706400,-0.0492359969874613,-0.1575574917670899,-0.3653810773377568,-0.879146716715387,lying,karol
1672331745033706400,-0.0580655451576626,-0.153883591657951,-0.3669405056035262,-0.87860897664558,lying,karol
1672331745043706400,-0.0718137627612177,-0.1481164803022156,-0.369298606588835,-0.8775953935227927,lying,karol
1672331745053706400,-0.0629137332615953,-0.1518359139498822,-0.3677704083673174,-0.878284404938609,lying,karol
1672331745063706400,-0.049122139759693,-0.15758085986662,-0.3653357629356633,-0.8791677474413362,lying,karol
1672331745073706400,-0.0579516794083847,-0.15390773463664,-0.3668955136052881,-0.8786310727509056,lying,karol
1672331745083706400,-0.0716983865533746,-0.1481423309479557,-0.3692538158819559,-0.8776193288882789,lying,karol
1672331745093706400,-0.0627978951798614,-0.1518616191158404,-0.3677254576343511,-0.8783070901690039,lying,karol
1672331745103706400,-0.0490040995727756,-0.157606851051,-0.365290210812095,-0.8791886216511926,lying,karol
1672331745113706400,-0.0578336312870314,-0.1539345021813939,-0.3668503106031854,-0.8786530541482115,lying,karol
1672331745123706400,-0.0715787906962207,-0.148170824260106,-0.3692088490703507,-0.8776432174545807,lying,karol
1672331745133706400,-0.0626778404553839,-0.1518899644948141,-0.3676803042551728,-0.8783296856361915,lying,karol
1672331745143706400,-0.0488818091835222,-0.1576354937944645,-0.3652444081387616,-0.8792093413651918,lying,karol
1672331745153706400,-0.0577113335623141,-0.1539639230117528,-0.3668048841927904,-0.878674923450616,lying,karol
1672331745163706400,-0.0714549071848995,-0.1482019895967876,-0.3691636941834537,-0.8776670628313289,lying,karol
1672331745173706400,-0.0625535010818634,-0.1519209794213016,-0.3676349361057756,-0.8783521941761779,lying,karol
1672331745183706400,-0.0487551997371911,-0.1576668176806086,-0.3651983423025039,-0.8792299082756024,lying,karol
1672331745193706400,-0.057584717386603,-0.1539960269529203,-0.366759222189464,-0.8786966829625139,lying,karol
1672331745203706400,-0.0713266663767902,-0.1482358574230179,-0.3691183394776576,-0.8776908683468977,lying,karol
1672331745213706400,-0.06242480741891,-0.1519546943368692,-0.3675893412717977,-0.8783746183300122,lying,karol
1672331745223706400,-0.0486242007356927,-0.1577008534067687,-0.3651520008727849,-0.8792503237556508,lying,karol
1672331745233706400,-0.0574537122641365,-0.1540308449406025,-0.366713312596139,-0.8787183346886914,lying,karol
1672331745243706400,-0.0711939969609476,-0.1482724593156798,-0.3690727734045823,-0.8777146370577293,lying,karol
1672331745253706400,-0.0622916881614246,-0.1519911407948636,-0.3675435080170098,-0.8783969603526721,lying,karol
1672331745263706400,-0.0484887400060212,-0.1577376327886578,-0.3651053715701615,-0.8792705888677439,lying,karol
1672331745273706400,-0.057318246019466,-0.1540684090260792,-0.3666671435720773,-0.8787398803427404,lying,karol
1672331745283706400,-0.0710568259273442,-0.14831182796888,-0.369026984580234,-0.8777383717569807,lying,karol
1672331745293706400,-0.062154070308788,-0.1520303514655219,-0.3674974247526757,-0.878419222221274,lying,karol
1672331745303706400,-0.0483487436683516,-0.1577771887654709,-0.3650584422355868,-0.8792907043710226,lying,karol
1672331745313706400,-0.0571782447655405,-0.1541087523817432,-0.3666207034024504,-0.8787613213548122,lying,karol
1672331745323706400,-0.0709150785328522,-0.1483539972009654,-0.3689809617544743,-0.877762074982707,lying,karol
1672331745333706400,-0.0620118791308142,-0.1520723601427337,-0.3674510800072024,-0.8784414056427886,lying,karol
1672331745343706400,-0.0482041361010408,-0.1578195554065897,-0.3650112007999836,-0.8793106707283611,lying,karol
1672331745353706400,-0.0570336328687045,-0.1541519093082279,-0.3665739804681994,-0.87878265887885,lying,karol
1672331745363706400,-0.0707686782664614,-0.1483990019621491,-0.3689346937811938,-0.8777857490254185,lying,karol
1672331745373706400,-0.0618650381329301,-0.1521172017514245,-0.3674044623964743,-0.8784635120611309,lying,karol
1672331745383706400,-0.0480548399047605,-0.1578647679189619,-0.3649636352544632,-0.8793304881127324,lying,karol
1672331745393706400,-0.056884332912797,-0.1541979152422116,-0.366526963216534,-0.8788038937992059,lying,karol
1672331745403706400,-0.0706175468114737,-0.1484468783436827,-0.368888169588749,-0.8778093959351735,lying,karol
1672331745413706400,-0.0617134690183545,-0.1521649123564812,-0.3673575605944305,-0.8784855426637536,lying,karol
1672331745423706400,-0.0479007758637302,-0.1579128626559832,-0.3649157336207685,-0.8793501564130249,lying,karol
1672331745433706400,-0.0567302656603512,-0.1542468067657185,-0.3664796401316624,-0.8788250267367372,lying,karol
1672331745443706400,-0.0704616040065448,-0.1484976635877886,-0.3688413781509524,-0.8778330175280796,lying,karol
1672331745453706400,-0.0615570916491039,-0.1522155291724509,-0.3673103633041745,-0.8785074983876479,lying,karol
1672331745463706400,-0.04774186290553,-0.1579638771272672,-0.3648674839221789,-0.8793696752392612,lying,karol
1672331745473706400,-0.0565713500123594,-0.1542986216163048,-0.3664319997059828,-0.8788460580543246,lying,karol
1672331745483706400,-0.0703007678043573,-0.1485513960988533,-0.368794308458363,-0.8778566153922965,lying,karol
1672331745493706400,-0.0613958240046793,-0.1522690905744863,-0.3672628592293696,-0.8785293799248212,lying,karol
1672331745503706400,-0.0475780180587681,-0.1580178500095944,-0.3648188741547019,-0.8793890439272437,lying,karol
1672331745513706400,-0.0564075029658734,-0.1543533986984251,-0.3663840304115613,-0.8788669878618437,lying,karol
1672331745523706400,-0.0701349542284437,-0.1486081154556592,-0.3687469494899284,-0.8778801908935068,lying,karol
1672331745533706400,-0.0612295821388645,-0.1523256361103501,-0.3672150370459615,-0.8785511877272286,lying,karol
1672331745543706400,-0.0474091564088355,-0.1580748211589362,-0.3647698922585547,-0.8794082615426246,lying,karol
1672331745553706400,-0.0562386395696962,-0.1544111780958653,-0.3663357206719067,-0.8788878160205823,lying,karol
1672331745563706400,-0.0699640773274076,-0.1486678624249632,-0.3686992901848073,-0.8779037451798961,lying,karol
1672331745573706400,-0.0610582801339753,-0.1523852065137455,-0.3671668853740675,-0.8785729220111913,lying,karol
1672331745583706400,-0.0472351910511447,-0.1581348316237956,-0.3647205260897873,-0.879427326884414,lying,karol
1672331745593706400,-0.0560646728775344,-0.154472001085498,-0.3662870588338868,-0.8789085421471241,lying,karol
1672331745603706400,-0.0697880491274749,-0.148730678976026,-0.3686513194145008,-0.8779272791865882,lying,karol
1672331745613706400,-0.0608818300534067,-0.1524478437186185,-0.3671183927501512,-0.878594582761256,lying,karol
1672331745623706400,-0.0470560330422728,-0.1581979236596896,-0.3646707633920946,-0.8794462384879305,lying,karol
1672331745633706400,-0.05588551389904,-0.1545359101521793,-0.366238033139839,-0.8789291656167009,lying,karol
1672331745643706400,-0.0696067795825538,-0.1487966082964343,-0.3686030259551157,-0.8779507936395937,lying,karol
1672331745653706400,-0.0607001418917263,-0.1525135908747385,-0.3670695475993157,-0.8786161697335468,lying,karol
1672331745663706400,-0.0468715913492819,-0.1582641407446496,-0.3646205917688227,-0.879464994627151,lying,karol
1672331745673706400,-0.0557010715490297,-0.1546029490046582,-0.3661886316998758,-0.8789496855659629,lying,karol
1672331745683706400,-0.0694201765219038,-0.1488656948091632,-0.3685543984597336,-0.8779742890592428,lying,karol
1672331745693706400,-0.0605131235223704,-0.1525824923645239,-0.3670203382076798,-0.8786376824585772,lying,karol
1672331745703706400,-0.0466817727958225,-0.1583335275963116,-0.3645699986548857,-0.8794835933165425,lying,karol
1672331745713706400,-0.0555112525934632,-0.1546731625930846,-0.366138842464111,-0.8789701008952682,lying,karol
1672331745723706400,-0.0692281455955436,-0.1489379841908255,-0.3685054254308855,-0.8779977657631154,lying,karol
1672331745733706400,-0.060320680643088,-0.1526545938210554,-0.3669707526948432,-0.8786591202435425,lying,karol
1672331745743706400,-0.0464864820068,-0.1584061301898557,-0.3645189712888812,-0.8795020323122695,lying,karol
1672331745753706400,-0.0553159615939642,-0.1547465971273677,-0.36608865319508,-0.8789904102703643,lying,karol
1672331745763706400,-0.0690305902169836,-0.1490135233912694,-0.3684560951930126,-0.8780212238684592,lying,karol
1672331745773706400,-0.0601227167187319,-0.1527299421474286,-0.3669207789863217,-0.8786804821740741,lying,karol
1672331745783706400,-0.0462856213498054,-0.1584819957775305,-0.3644674966850409,-0.8795203091128596,lying,karol
1672331745793706400,-0.0551151008491214,-0.1548233000971135,-0.3660380514400119,-0.8790106121235614,lying,karol
1672331745803706400,-0.0688274115037552,-0.1490923606543296,-0.3684063958649725,-0.8780446632940777,lying,karol
1672331745813706400,-0.0599191329218384,-0.152808585537266,-0.3668704047860067,-0.8787017671154443,lying,karol
1672331745823706400,-0.0460790908740058,-0.1585611729094747,-0.364415561605119,-0.8795384209592999,lying,karol
1672331745833706400,-0.0549085703331964,-0.1549033202928775,-0.3659870245030363,-0.8790307046543665,lying,karol
1672331745843706400,-0.0686185082146719,-0.1491745455401706,-0.3683563153323738,-0.8780680837617566,lying,karol
1672331745853706400,-0.0597098280699575,-0.1528905734968138,-0.3668196175484342,-0.8787229737132779,lying,karol
1672331745863706400,-0.0458667882468488,-0.1586437114556779,-0.3643631525302362,-0.8795563648345055,lying,karol
1672331745873706400,-0.0546962676326585,-0.1549867078285494,-0.3659355594173552,-0.8790506858295128,lying,karol
1672331745883706400,-0.0684037766848925,-0.1492601289487654,-0.3683058412198788,-0.8780914847971092,lying,karol
1672331745893706400,-0.0594946985607926,-0.1529759568681736,-0.366768404451007,-0.8787441003936655,lying,karol
1672331745903706400,-0.0456486086879173,-0.1587296626293534,-0.364310255632533,-0.8795741374621966,lying,karol
1672331745913706400,-0.0544780878798358,-0.1550735141651611,-0.3658836429172277,-0.8790705533824287,lying,karol
1672331745923706400,-0.0681831107583284,-0.1493491631447029,-0.368254960863374,-0.878114865729887,lying,karol
1672331745933706400,-0.0592736383047025,-0.1530647878538534,-0.3667167523660665,-0.8787651453627139,lying,karol
1672331745943706400,-0.0454244448992582,-0.158819079011998,-0.3642568567464845,-0.8795917353052188,lying,karol
1672331745953706400,-0.0542539236830469,-0.1551637921363825,-0.3658312614096306,-0.8790903048121855,lying,karol
1672331745963706400,-0.0679565887967795,-0.1494417342643957,-0.368203907695499,-0.8781381023665216,lying,karol
1672331745973706400,-0.0590517102090848,-0.1531581671477822,-0.3666715637628293,-0.8787826910034047,lying,karol
1672331745983706400,-0.0452069370423937,-0.1589149855846011,-0.3642195371587794,-0.879601091044452,lying,karol
1672331745993706400,-0.0540419091070954,-0.1552659728705059,-0.3658048134120333,-0.8790963470661751,lying,karol
1672331746003706400,-0.0677474931625046,-0.1495516106894639,-0.3681884253418525,-0.8781420639740543,lying,karol
1672331746013706400,-0.0588439528125775,-0.1532703212219004,-0.3666578827873915,-0.8787828010252895,lying,karol
1672331746023706400,-0.0726046542349379,-0.1475045178299881,-0.3690195479390464,-0.8777512054182005,lying,karol
1672331746033706400,-0.063710906255255,-0.1512074310223574,-0.3675136452728143,-0.878443273092248,lying,karol
1672331746043706400,-0.0499302093695045,-0.1569285603123701,-0.3651088905210293,-0.8793335745815558,lying,karol
1672331746053706400,-0.058772814335036,-0.1532367004870213,-0.3666838090245238,-0.8787826216323986,lying,karol
1672331746063706400,-0.0725387936982479,-0.1474525108859932,-0.3690535551115096,-0.877751104557714,lying,karol
1672331746073706400,-0.0636531578493785,-0.1511516102642061,-0.3675530364354709,-0.8784405982939627,lying,karol
1672331746083706400,-0.0498803890492878,-0.1568805044786817,-0.3651529878273171,-0.8793266791760879,lying,karol
1672331746093706400,-0.0587289169099312,-0.1532057677158947,-0.3667313924272213,-0.8787711073997589,lying,karol
1672331746103706400,-0.0724937044467052,-0.1474421298757106,-0.3691060500888197,-0.8777345155619246,lying,karol
1672331746113706400,-0.0636001210802684,-0.1511634461217108,-0.3676119035727898,-0.8784177876210192,lying,karol
1672331746123706400,-0.0498177502014031,-0.1569092175185344,-0.3652153142430635,-0.8792992418976646,lying,karol
1672331746133706400,-0.0586562718459656,-0.15324267695156,-0.3667944992582787,-0.8787432058089969,lying,karol
1672331746143706400,-0.0724154321266415,-0.1474943862341012,-0.3691658035024815,-0.8777070892484404,lying,karol
1672331746153706400,-0.0635200358689426,-0.1512342980650979,-0.3676651829698979,-0.8783891112965363,lying,karol
1672331746163706400,-0.0497363932578937,-0.1569980967226693,-0.3652612777478726,-0.8792689150522534,lying,karol
1672331746173706400,-0.0585723515572454,-0.1533486348075541,-0.3668358209986088,-0.8787130961804208,lying,karol
1672331746183706400,-0.072328482774591,-0.1476086781183062,-0.369207351406339,-0.877677595891228,lying,karol
1672331746193706400,-0.0634330656897255,-0.1513538401351647,-0.3677049503157643,-0.8783581873060432,lying,karol
1672331746203706400,-0.049654642231012,-0.1571213949811174,-0.3652976706410872,-0.8792364196078208,lying,karol
1672331746213706400,-0.0584953568411855,-0.1534749614686829,-0.3668739534483036,-0.8786802772984301,lying,karol
1672331746223706400,-0.0722570437191815,-0.1477369437414188,-0.3692512943953735,-0.8776434400141264,lying,karol
1672331746233706400,-0.0633642213446469,-0.1514886816075623,-0.367749372131118,-0.8783213415058568,lying,karol
1672331746243706400,-0.0495828298891774,-0.1572664315825833,-0.3653398182456489,-0.8791970589857221,lying,karol
1672331746253706400,-0.0584235799329553,-0.1536262816703145,-0.366914710127125,-0.8786416212714273,lying,karol
1672331746263706400,-0.0721897386699311,-0.1478883316762377,-0.3692874280319214,-0.8776083019421757,lying,karol
1672331746273706400,-0.0633040073630834,-0.1516303638518786,-0.3677793378154246,-0.8782887100150127,lying,karol
1672331746283706400,-0.0495291100187264,-0.1573919318907542,-0.3653663223484986,-0.8791666349697603,lying,karol
1672331746293706400,-0.0583662503639659,-0.1537380352517279,-0.3669425864419852,-0.8786142620591172,lying,karol
1672331746303706400,-0.0445234340535095,-0.1595160134878149,-0.3644884568427431,-0.8794159243547388,lying,karol
1672331746313706400,-0.053360819180261,-0.155874604610427,-0.3660946216814243,-0.8789097616086842,lying,karol
1672331746323706400,-0.0670680684509446,-0.1501662791187923,-0.3685038230839518,-0.8779571847888376,lying,karol
1672331746333706400,-0.0581743416829153,-0.1539037693739412,-0.3669825575661195,-0.8785813074847946,lying,karol
1672331746343706400,-0.0719387115711132,-0.1481542827048232,-0.3693691001995586,-0.877549740077092,lying,karol
1672331746353706400,-0.0630532749333037,-0.1518937803328852,-0.3678677038607503,-0.8782242749960009,lying,karol
1672331746363706400,-0.0492805646945345,-0.1576570435322746,-0.3654542945035242,-0.8790965894607857,lying,karol
1672331746373706400,-0.0581232540348414,-0.1539975757380867,-0.3670257533317743,-0.8785502335469214,lying,karol
1672331746383706400,-0.0718864034194216,-0.1482376178341521,-0.3693931783763833,-0.8775298428207838,lying,karol
1672331746393706400,-0.0629972351313425,-0.1519641013950674,-0.3678692866627893,-0.878215490954789,lying,karol
1672331746403706400,-0.0492165762353957,-0.1577148245698218,-0.3654414327056872,-0.8790951776800368,lying,karol
1672331746413706400,-0.0403018530371999,-0.1614235199328486,-0.3638301228588904,-0.8795441253176705,lying,karol
1672331746423706400,-0.0265157597918282,-0.1671248688256437,-0.3612684106158998,-0.8800587235261133,lying,karol
1672331746433706400,-0.0353517766913346,-0.1635224896005456,-0.3629479600254296,-0.8797337464840121,lying,karol
1672331746443706400,-0.0441814286603551,-0.1599004093861743,-0.3645964366135072,-0.8793186850091622,lying,karol
1672331746453706400,-0.0530170191727932,-0.1562509528436373,-0.3662137556435292,-0.8788141920172617,lying,karol
1672331746463706400,-0.0441084830492144,-0.1599697868273679,-0.3646402841887956,-0.8792915601789958,lying,karol
1672331746473706400,-0.0529535385156994,-0.1563156121979103,-0.3662598125532235,-0.8787873399899324,lying,karol
1672331746483706400,-0.0667200922144582,-0.1505696252774291,-0.3686904302435883,-0.8778363638855092,lying,karol
1672331746493706400,-0.0578643071562727,-0.1542782031426522,-0.3671768069308251,-0.8784550407538926,lying,karol
1672331746503706400,-0.0489684452685424,-0.1579890685748805,-0.3656213754815914,-0.8789850246168096,lying,karol
1672331746513706400,-0.0351641479853492,-0.1637135307344021,-0.36312069591204,-0.8796344980459544,lying,karol
1672331746523706400,-0.044008058656663,-0.1600655466894825,-0.3647718615439462,-0.8792246223526963,lying,karol
1672331746533706400,-0.0576968956741305,-0.1543700091881079,-0.367246832287731,-0.87842067294357,lying,karol
1672331746543706400,-0.0439164772433806,-0.1601085056393221,-0.3648105985119121,-0.8792053202060567,lying,karol
1672331746553706400,-0.0575977094697961,-0.1544239006459904,-0.3672917170626174,-0.8783989581376641,lying,karol
1672331746563706400,-0.048679735884517,-0.1581478401096306,-0.365737688030105,-0.8789241577397694,lying,karol
1672331746573706400,-0.0623596523307739,-0.1524519200977329,-0.3681889780755146,-0.8780425766752747,lying,karol
1672331746583706400,-0.0534608986091232,-0.1561850011258027,-0.3666546848782648,-0.8786152404945274,lying,karol
1672331746593706400,-0.0396832014445847,-0.1619308427690158,-0.3641806720817591,-0.8793340196539974,lying,karol
1672331746603706400,-0.0485324557550845,-0.1582910436812344,-0.3658029189880628,-0.8788794090073916,lying,karol
1672331746613706400,-0.0573958567819863,-0.154628367050733,-0.3673823820118423,-0.878338330531448,lying,karol
1672331746623706400,-0.0436626441646617,-0.1603791622749944,-0.3649204912911035,-0.8791230831882083,lying,karol
1672331746633706400,-0.0525085668842596,-0.1567311288922082,-0.366522829175327,-0.878630463518995,lying,karol
1672331746643706400,-0.0436013562436065,-0.1604503469857645,-0.3649269791909851,-0.8791104537695436,lying,karol
1672331746653706400,-0.0524260129121364,-0.156786905372089,-0.3665413215875538,-0.8786177393784828,lying,karol
1672331746663706400,-0.0435207635834897,-0.1604915253407227,-0.3649563830389649,-0.8790947359768119,lying,karol
1672331746673706400,-0.0523657316638215,-0.1568183439755485,-0.3665755836999524,-0.8786014400792603,lying,karol
1672331746683706400,-0.066087040583937,-0.1510759020413213,-0.3689959123689612,-0.8776690220811363,lying,karol
1672331746693706400,-0.0523528691515485,-0.1568245818344288,-0.366588566184458,-0.8785956863288773,lying,karol
1672331746703706400,-0.0385892534732045,-0.1625474854485426,-0.3640813407946733,-0.8793101267964543,lying,karol
1672331746713706400,-0.0523321406921009,-0.156843768831297,-0.3665698641107873,-0.8786013085420167,lying,karol
1672331746723706400,-0.038499788201248,-0.1625860133578738,-0.3640512224389365,-0.8793194048768601,lying,karol
1672331746733706400,-0.0473313677898105,-0.1589277072023051,-0.3656691686425792,-0.878885741886791,lying,karol
1672331746743706400,-0.033539326708703,-0.1646594778464866,-0.3631375501120941,-0.8795145613373031,lying,karol
1672331746753706400,-0.0423689526916459,-0.1610521277713983,-0.3647868121128845,-0.8791189080355833,lying,karol
1672331746763706400,-0.0512041050844951,-0.1574347797977548,-0.3664104521227186,-0.8786286009985684,lying,karol
1672331746773706400,-0.0600382641654613,-0.153791008615328,-0.3679995374387602,-0.8780503977825748,lying,karol
1672331746783706400,-0.0462182495059341,-0.1595899867751395,-0.3655567928250827,-0.8788717688570579,lying,karol
1672331746793706400,-0.0373090580030821,-0.1633215323036469,-0.3639422539797958,-0.8792795956088141,lying,karol
1672331746803706400,-0.0461565848383677,-0.1596895845787433,-0.3655878771400789,-0.8788440040126553,lying,karol
1672331746813706400,-0.0323249074301603,-0.1654503066820553,-0.3630484321671202,-0.8794484733394106,lying,karol
1672331746823706400,-0.0411675063685063,-0.161830879264596,-0.3647132903881707,-0.8790635444655923,lying,karol
1672331746833706400,-0.0322613544694786,-0.1655490158576006,-0.3630717744701023,-0.8794226077685839,lying,karol
1672331746843706400,-0.0411000839224198,-0.161929715291394,-0.3647339172241248,-0.8790399536649953,lying,karol
1672331746853706400,-0.0272979633712421,-0.1676582398153252,-0.362163928720302,-0.8795654361209507,lying,karol
1672331746863706400,-0.0410183827373959,-0.1620139314503966,-0.364755494056198,-0.8790193121103205,lying,karol
1672331746873706400,-0.0498503625844338,-0.1583458160884161,-0.3663814735638263,-0.878554900681416,lying,karol
1672331746883706400,-0.0409376760965744,-0.162049523812467,-0.3647686767569472,-0.8790110550813199,lying,karol
1672331746893706400,-0.0320134308684228,-0.1657617324779096,-0.3631159271022479,-0.8793734065782259,lying,karol
1672331746903706400,-0.0408398903097046,-0.162143301569893,-0.3647688886467843,-0.8789982372838523,lying,karol
1672331746913706400,-0.0269839390658937,-0.1679026312137722,-0.3621625872984945,-0.8795290998588334,lying,karol
1672331746923706400,-0.040693295676052,-0.1622790976650157,-0.3647300563722436,-0.8789961052250891,lying,karol
1672331746933706400,-0.0543662296720768,-0.1566063609671649,-0.3672040718378013,-0.878255406511141,lying,karol
1672331746943706400,-0.0454625589607871,-0.1603236027901777,-0.3655884715819016,-0.8787645910981895,lying,karol
1672331746953706400,-0.036545212683198,-0.1640315832493986,-0.3639340474363385,-0.8791829982156767,lying,karol
1672331746963706400,-0.0227712477804507,-0.1697291626741969,-0.3613151762628573,-0.8796462258643742,lying,karol
1672331746973706400,-0.0315966694396271,-0.1661293998003667,-0.3630038099350673,-0.8793654390533084,lying,karol
1672331746983706400,-0.0404231402428252,-0.1625034793113252,-0.3646595035319461,-0.8789964248612706,lying,karol
1672331746993706400,-0.0492450216537753,-0.1588532623841136,-0.3662802304680141,-0.8785397272940975,lying,karol
1672331747003706400,-0.0354196008831972,-0.1645957157279685,-0.3637453264853489,-0.8792017632882225,lying,karol
1672331747013706400,-0.0215692015815462,-0.1703086930851644,-0.3611214194401343,-0.8796441036643974,lying,karol
1672331747023706400,-0.0304044061396647,-0.1666919545845916,-0.3628312262120545,-0.8793722676924876,lying,karol
1672331747033706400,-0.0392402646408661,-0.163051931696545,-0.3645045138638861,-0.8790127744307722,lying,karol
1672331747043706400,-0.0529785259322839,-0.1573498263044473,-0.3670248863431127,-0.8782822899395105,lying,karol
1672331747053706400,-0.044076470737208,-0.1610753237780018,-0.3654249210861414,-0.8787658302977632,lying,karol
1672331747063706400,-0.052917102939105,-0.1574229219318344,-0.367039851285429,-0.8782666552207729,lying,karol
1672331747073706400,-0.0440250313260268,-0.1611587949814201,-0.3654397039103855,-0.8787469735659397,lying,karol
1672331747083706400,-0.0528587777823542,-0.1575132962854046,-0.3670608237502562,-0.878245217138891,lying,karol
1672331747093706400,-0.0665847464763619,-0.151783592333965,-0.3694937149535764,-0.8773000754936816,lying,karol
1672331747103706400,-0.0577290751963141,-0.1555231166017068,-0.3679404958159049,-0.8779251302061722,lying,karol
1672331747113706400,-0.0488597673122236,-0.1592645701502078,-0.366339102725965,-0.8784623060600955,lying,karol
1672331747123706400,-0.0351070842977087,-0.1650256077080206,-0.3637821730193442,-0.8791185510157642,lying,karol
1672331747133706400,-0.0212726292352456,-0.1707791619222033,-0.3611184321399356,-0.8795614235951396,lying,karol
1672331747143706400,-0.0300875910310378,-0.1671904301964553,-0.3627947915629497,-0.8793036527572513,lying,karol
1672331747153706400,-0.0388857636161802,-0.1635468312931122,-0.3644387988153948,-0.878963924195335,lying,karol
1672331747163706400,-0.047684673695446,-0.1598529832019298,-0.3660492044981904,-0.878540876188932,lying,karol
1672331747173706400,-0.0613477941901239,-0.1540956448956223,-0.3684880475538532,-0.8777017972169819,lying,karol
1672331747183706400,-0.0524232525664754,-0.1577809455304971,-0.3669018299780873,-0.878289781095016,lying,karol
1672331747193706400,-0.0434867017657574,-0.1614618448611587,-0.3652792103150631,-0.8787849597638413,lying,karol
1672331747203706400,-0.0296330676516818,-0.1671654428859937,-0.3626929718384489,-0.8793658753663348,lying,karol
1672331747213706400,-0.0384228863115966,-0.1635137302122412,-0.3643513069970519,-0.8790267439236632,lying,karol
1672331747223706400,-0.0294654220030789,-0.1671920814397227,-0.3626711950875683,-0.8793754384373472,lying,karol
1672331747233706400,-0.0382516054311741,-0.1635423470276144,-0.36432947147148,-0.8790379533210384,lying,karol
1672331747243706400,-0.0519708267697128,-0.157809335161816,-0.3668427031052864,-0.8783363028739161,lying,karol
1672331747253706400,-0.0430298784531977,-0.1614965571716961,-0.3652208607832665,-0.878825357191439,lying,karol
1672331747263706400,-0.0518206664554293,-0.1578027187140353,-0.3668222358219241,-0.8783549242682196,lying,karol
1672331747273706400,-0.0655019734165564,-0.1520269265405105,-0.3692388347102492,-0.8774468670029999,lying,karol
1672331747283706400,-0.0565821275616171,-0.1557185941882208,-0.367675695620397,-0.8780761884543474,lying,karol
1672331747293706400,-0.0427313247263628,-0.161452120997425,-0.3651780182467796,-0.8788659171768773,lying,karol
1672331747303706400,-0.0515273561256504,-0.1577574986074141,-0.3667807708371833,-0.8783976431585158,lying,karol
1672331747313706400,-0.0425845536793708,-0.1614438175108696,-0.3651603535866932,-0.8788819188124417,lying,karol
1672331747323706400,-0.0563075345653556,-0.1556902794679592,-0.3676426384099692,-0.878112727197465,lying,karol
1672331747333706400,-0.0473692078669103,-0.1593809625427014,-0.3660431535103394,-0.8786463229731447,lying,karol
1672331747343706400,-0.0384223253124592,-0.1630653183489011,-0.3644072743557734,-0.8790869472597463,lying,karol
1672331747353706400,-0.0472198914575088,-0.1593843220104631,-0.3660278318383713,-0.8786601465111294,lying,karol
1672331747363706400,-0.0382735513674688,-0.1630689718223411,-0.3643924423368552,-0.8790989205495612,lying,karol
1672331747373706400,-0.0293169933385631,-0.1667479109926831,-0.3627199499079581,-0.8794447202330756,lying,karol
1672331747383706400,-0.0381076976616008,-0.1630972811905638,-0.3643772824394785,-0.8791071707810889,lying,karol
1672331747393706400,-0.0242887471223423,-0.1687792649911083,-0.3617772744285537,-0.8795987568995198,lying,karol
1672331747403706400,-0.0330804935792967,-0.1651432825588437,-0.3634557489602662,-0.879310218429578,lying,karol
1672331747413706400,-0.0418740329481787,-0.1614807302851562,-0.3650976667466555,-0.8789353838293941,lying,karol
1672331747423706400,-0.0506640903826216,-0.1577938142811473,-0.3667018005080684,-0.8784743817174716,lying,karol
1672331747433706400,-0.0417171305624793,-0.1614848636111946,-0.3650826580527822,-0.878948332939007,lying,karol
1672331747443706400,-0.0278505828668275,-0.1671965048969278,-0.3624986976455052,-0.8794984815200744,lying,karol
1672331747453706400,-0.0366388356424055,-0.163552344268491,-0.3641611171455036,-0.8791746867717993,lying,karol
1672331747463706400,-0.0227604907975688,-0.1692579558448436,-0.361543849986987,-0.8796436684165521,lying,karol
1672331747473706400,-0.0315549205405377,-0.165626407121898,-0.3632286022426229,-0.8793693245228327,lying,karol
1672331747483706400,-0.0452751747604135,-0.1599214847757293,-0.3657785585479688,-0.8787687871523148,lying,karol
1672331747493706400,-0.0314538137384049,-0.1656243239417869,-0.3632273101819191,-0.8793738862145549,lying,karol
1672331747503706400,-0.0402493537461777,-0.1619670516950407,-0.3648756630953539,-0.879014047487749,lying,karol
1672331747513706400,-0.0490373977580803,-0.1582870558523984,-0.3664855809532186,-0.8785682408752483,lying,karol
1672331747523706400,-0.0400903683223783,-0.1619790795548523,-0.3648629779531623,-0.8790243754796594,lying,karol
1672331747533706400,-0.0538078746316338,-0.1562409510478729,-0.3673558393930502,-0.878291797871788,lying,karol
1672331747543706400,-0.0448633669070974,-0.1599380801756276,-0.3657535616214586,-0.8787973315814145,lying,karol
1672331747553706400,-0.0536583856074329,-0.1562423547451794,-0.367344664489086,-0.8783053812081979,lying,karol
1672331747563706400,-0.0624528163882874,-0.1525210437007743,-0.3688982040917504,-0.8777268623449528,lying,karol
1672331747573706400,-0.0761441866323145,-0.1467029775639322,-0.3712390821666702,-0.8766499917198946,lying,karol
1672331747583706400,-0.0672355142795334,-0.1504120685935585,-0.3697338883965572,-0.8773857896696428,lying,karol
1672331747593706400,-0.0533892128687411,-0.1561792632579892,-0.3673219528753521,-0.8783425308764297,lying,karol
1672331747603706400,-0.0670699618686206,-0.1504039464225707,-0.3697187768523991,-0.8774062343895351,lying,karol
1672331747613706400,-0.0807446176122826,-0.1445753241142643,-0.37202458357017,-0.8762587544030946,lying,karol
1672331747623706400,-0.0718427405201742,-0.1482884633387055,-0.3705414089772573,-0.8770414138871919,lying,karol
1672331747633706400,-0.0629249433281825,-0.1519987228781728,-0.369021126899874,-0.877732125958624,lying,karol
1672331747643706400,-0.0540022355715234,-0.1557014089170922,-0.3674652538939987,-0.8783299872076608,lying,karol
1672331747653706400,-0.040172765539842,-0.1614344248914551,-0.3649788621907365,-0.8790727882965659,lying,karol
1672331747663706400,-0.053817287335293,-0.1557299911786379,-0.3674521959205176,-0.8783417483730175,lying,karol
1672331747673706400,-0.0399861121702616,-0.1614641113237017,-0.364965293798237,-0.8790814933285399,lying,karol
1672331747683706400,-0.0536396633723744,-0.1557568319754207,-0.367440873263221,-0.8783526049925287,lying,karol
1672331747693706400,-0.0446934431564183,-0.1594606269081784,-0.3658456425853645,-0.878854527721342,lying,karol
1672331747703706400,-0.0583559761955409,-0.1537305798010036,-0.3682917940281069,-0.878052484817453,lying,karol
1672331747713706400,-0.0494217960036298,-0.1574354135580472,-0.3667183222530785,-0.8786027451726431,lying,karol
1672331747723706400,-0.0404758506241544,-0.1611354285656388,-0.3651073782606204,-0.8790604239177227,lying,karol
1672331747733706400,-0.0492637187514644,-0.1574601864612966,-0.3667117678310413,-0.8786099332177492,lying,karol
1672331747743706400,-0.0580561582444762,-0.1537571881011375,-0.3682798533037537,-0.8780727369228984,lying,karol
1672331747753706400,-0.0717664026289263,-0.1479528752883686,-0.3706457483412835,-0.8770603421905053,lying,karol
1672331747763706400,-0.062853891352857,-0.1516655663744795,-0.3691314096129278,-0.877748565144982,lying,karol
1672331747773706400,-0.0539193373007479,-0.1553779118069252,-0.3675782933947758,-0.8783451582896067,lying,karol
1672331747783706400,-0.0449720484557394,-0.1590858920125313,-0.3659875740279394,-0.8788491970723704,lying,karol
1672331747793706400,-0.0586265090456463,-0.1533592743609567,-0.3684273236883545,-0.8780425996159239,lying,karol
1672331747803706400,-0.0496927990943692,-0.1570676135170628,-0.366858542904412,-0.8785948136961951,lying,karol
1672331747813706400,-0.0358249106846495,-0.1628136657907929,-0.3643462955929957,-0.8792688565189613,lying,karol
1672331747823706400,-0.0446172043996354,-0.1591518044564071,-0.3659691681198229,-0.8788630427212825,lying,karol
1672331747833706400,-0.0307289517777659,-0.1648955759178344,-0.3634216321863997,-0.8794564128054928,lying,karol
1672331747843706400,-0.0395216847409482,-0.1612485521126612,-0.3650656464511239,-0.8791005126894101,lying,karol
1672331747853706400,-0.0305645592980412,-0.1649466177416861,-0.3634167061432684,-0.8794546196534104,lying,karol
1672331747863706400,-0.0215965871220143,-0.1686392505779199,-0.3617295055935451,-0.8797157934718983,lying,karol
1672331747873706400,-0.0352793990010188,-0.162995423196941,-0.3643233247282563,-0.8792668000098868,lying,karol
1672331747883706400,-0.0440725177198912,-0.1593346639860299,-0.3659482663327653,-0.8788661397184034,lying,karol
1672331747893706400,-0.0528653911054748,-0.155648140858884,-0.3675362431875651,-0.8783790619065981,lying,karol
1672331747903706400,-0.0439180595359637,-0.1593586339476713,-0.3659433506053522,-0.878871586991102,lying,karol
1672331747913706400,-0.0527104834775558,-0.1556729483147115,-0.3675315826457423,-0.8783859396452897,lying,karol
1672331747923706400,-0.0437652890752063,-0.1593830544348067,-0.365938939946144,-0.878876630402312,lying,karol
1672331747933706400,-0.0574128863678912,-0.1536638370166134,-0.3683826239498982,-0.8780884001946142,lying,karol
1672331747943706400,-0.0484713928712175,-0.1573783872230873,-0.3668100427591526,-0.8786277841468829,lying,karol
1672331747953706400,-0.057262365362021,-0.1536803048439602,-0.3683782179071673,-0.8780972098592335,lying,karol
1672331747963706400,-0.0434615300742996,-0.159421324307771,-0.3659296440471029,-0.8788886625145983,lying,karol
1672331747973706400,-0.0345027581308951,-0.1631283627161978,-0.3642984898826213,-0.879283326765521,lying,karol
1672331747983706400,-0.0432909136721738,-0.1594727805740214,-0.3659242000757448,-0.8788900290328141,lying,karol
1672331747993706400,-0.056996130211306,-0.1537313609863339,-0.368379552961091,-0.8781050630963875,lying,karol
1672331748003706400,-0.0707051311339589,-0.1479324158132334,-0.3707461761056583,-0.8771077229086179,lying,karol
1672331748013706400,-0.0617773698662396,-0.1516585370178825,-0.3692309625994494,-0.8777845143934826,lying,karol
1672331748023706400,-0.0479812636194427,-0.1574101856928757,-0.3668137652924547,-0.8786474941329222,lying,karol
1672331748033706400,-0.0390267875055101,-0.1611226633640563,-0.3652031543317492,-0.8790887280038235,lying,karol
1672331748043706400,-0.0300651706755328,-0.1648282682228184,-0.363555072474661,-0.8794369722075639,lying,karol
1672331748053706400,-0.0388436823250364,-0.1611903053226847,-0.365196258158221,-0.8790873170657246,lying,karol
1672331748063706400,-0.047635933673135,-0.1575208276800275,-0.366803341451775,-0.8786508364832372,lying,karol
1672331748073706400,-0.0612915658603272,-0.1517826043539719,-0.3692199161111598,-0.8778018161921032,lying,karol
1672331748083706400,-0.0523566959919288,-0.1555033813302509,-0.3676669934173628,-0.878380589293597,lying,karol
1672331748093706400,-0.043406558695152,-0.1592208352880717,-0.366075626000961,-0.8788670253074898,lying,karol
1672331748103706400,-0.0521971176762986,-0.1555389836375057,-0.3676626513263476,-0.8783856152598204,lying,karol
1672331748113706400,-0.0658770978630414,-0.1497720485803302,-0.3700527472431524,-0.8774642713292277,lying,karol
1672331748123706400,-0.0569421132507131,-0.1534994005596175,-0.3685191473247742,-0.8780906687543241,lying,karol
1672331748133706400,-0.0430884572604788,-0.1592685591358958,-0.3660641936015982,-0.8788788225914049,lying,karol
1672331748143706400,-0.0518785332986996,-0.1555882836781274,-0.3676516920589717,-0.8784003744310294,lying,karol
1672331748153706400,-0.0655487890450713,-0.1498269305220458,-0.3700409846031889,-0.8774844788221867,lying,karol
1672331748163706400,-0.0566130492310867,-0.1535556161839135,-0.3685068686595003,-0.8781072997514917,lying,karol
1672331748173706400,-0.0427493151070772,-0.1593298865020512,-0.3660493370735728,-0.8788904857322115,lying,karol
1672331748183706400,-0.0515389234252224,-0.1556512020021185,-0.3676374145862883,-0.8784152246392535,lying,karol
1672331748193706400,-0.0651995258536076,-0.1498954408174455,-0.3700260928802907,-0.8775051082924538,lying,karol
1672331748203706400,-0.0562630582887829,-0.1536254037815302,-0.3684912935730387,-0.8781241535473662,lying,karol
1672331748213706400,-0.0423893116666975,-0.1594046922515608,-0.3660309482155881,-0.8789020464514328,lying,karol
1672331748223706400,-0.0511784625775217,-0.1557276173729007,-0.3676197099418613,-0.8784301953237182,lying,karol
1672331748233706400,-0.064829476725271,-0.1499774631633923,-0.370007961106541,-0.8775261855529521,lying,karol
1672331748243706400,-0.0558923088489619,-0.1537086463776426,-0.3684723137298936,-0.8781412569002484,lying,karol
1672331748253706400,-0.0695952210935694,-0.1479175427381507,-0.3708381088733224,-0.8771603200528868,lying,karol
1672331748263706400,-0.0606650153212278,-0.1516518887947722,-0.3693234198779205,-0.8778245322938633,lying,karol
1672331748273706400,-0.0468422592041895,-0.1574223122093866,-0.3669020900774828,-0.8786700889478628,lying,karol
1672331748283706400,-0.0556320424906373,-0.1537326012294388,-0.3684710981226685,-0.8781541303691737,lying,karol
1672331748293706400,-0.0693270182004097,-0.1479461460078353,-0.3708359678681787,-0.8771776696685875,lying,karol
1672331748303706400,-0.0603961762147755,-0.1516818595151255,-0.3693209924380369,-0.8778389430174274,lying,karol
1672331748313706400,-0.0465651794826917,-0.1574567814632821,-0.3668977899775844,-0.8786804657142281,lying,karol
1672331748323706400,-0.0553546331853272,-0.1537684672635105,-0.3684670835280663,-0.8781670955217438,lying,karol
1672331748333706400,-0.0690417744360555,-0.1479866487860517,-0.3708311990222068,-0.8771953809702566,lying,karol
1672331748343706400,-0.0601103248176725,-0.1517236772603606,-0.3693157898809154,-0.8778535552808697,lying,karol
1672331748353706400,-0.0462711843077584,-0.1575029989422735,-0.3668905150046146,-0.8786907809712726,lying,karol
1672331748363706400,-0.0550603264926629,-0.1538160907232639,-0.3684601856350545,-0.8781801815102813,lying,karol
1672331748373706400,-0.0687397309793289,-0.1480389011576757,-0.3708237158728268,-0.8772134785628114,lying,karol
1672331748383706400,-0.0598077022799677,-0.1517771916746509,-0.3693077286473525,-0.8778683954223586,lying,karol
1672331748393706400,-0.0459605097029888,-0.1575608154448785,-0.3668801841556099,-0.8787010640345126,lying,karol
1672331748403706400,-0.0547493593047799,-0.153875323564592,-0.3684503233539141,-0.8781934145439401,lying,karol
1672331748413706400,-0.0684211203573346,-0.148102758829512,-0.3708134352423782,-0.8772319842753291,lying,karol
1672331748423706400,-0.0594885411442633,-0.1518422580398755,-0.3692967283639645,-0.8778834869427578,lying,karol
1672331748433706400,-0.0456333831842757,-0.1576300874199138,-0.3668667194993022,-0.8787113412796433,lying,karol
1672331748443706400,-0.0544219599527356,-0.153946023359986,-0.3684374186745259,-0.8782068180049194,lying,karol
1672331748453706400,-0.068086166543105,-0.1481780830420032,-0.3708002770935113,-0.8772509172741108,lying,karol
1672331748463706400,-0.0591530654415364,-0.151918737186933,-0.3692827117007569,-0.8778988506188494,lying,karol
1672331748473706400,-0.0452900238448607,-0.1577106768802195,-0.3668500460338578,-0.8787216362554972,lying,karol
1672331748483706400,-0.054078348293265,-0.1540280532142764,-0.3684213965247497,-0.8782204125596935,lying,karol
1672331748493706400,-0.0677350850353987,-0.1482647404916963,-0.3707841643851856,-0.8772702941710062,lying,karol
1672331748503706400,-0.0588014907692674,-0.1520064954177224,-0.369265604229186,-0.877914504611672,lying,karol
1672331748513706400,-0.0449306424233142,-0.1578024513267593,-0.3668300915450406,-0.8787319697918763,lying,karol
1672331748523706400,-0.0537187357783098,-0.1541212816907369,-0.3684021846292786,-0.8782342162653209,lying,karol
1672331748533706400,-0.0673680829214044,-0.1483626032639048,-0.3707650229293412,-0.8772901291271405,lying,karol
1672331748543706400,-0.0584340243525684,-0.1521054044372578,-0.3692453342807651,-0.8779304645701127,lying,karol
1672331748553706400,-0.0721354205010096,-0.1463056873585636,-0.3715857142814756,-0.8769092335594312,lying,karol
1672331748563706400,-0.063208580870521,-0.1500514890481052,-0.3700869539265722,-0.8775987156505275,lying,karol
1672331748573706400,-0.0493915760766414,-0.1558371862789619,-0.3676903834535596,-0.8784837346108004,lying,karol
1672331748583706400,-0.0581804629317687,-0.1521432637650067,-0.3692427899171384,-0.8779418447870391,lying,karol
1672331748593706400,-0.0718760809362667,-0.1463472339749146,-0.3715826931760213,-0.8769249062342678,lying,karol
1672331748603706400,-0.0629488597270196,-0.1500942274833761,-0.3700834066281619,-0.8776116010245267,lying,karol
1672331748613706400,-0.0491258048634052,-0.1558834372550896,-0.3676850179604558,-0.8784927070078866,lying,karol
1672331748623706400,-0.0579145909487377,-0.1521907538387794,-0.3692377326276609,-0.8779533495864852,lying,karol
1672331748633706400,-0.0716045474753971,-0.1463983902456953,-0.3715773036871645,-0.8769408950293086,lying,karol
1672331748643706400,-0.0626769760717754,-0.1501465256168111,-0.3700773740053103,-0.877624688503192,lying,karol
1672331748653706400,-0.0488479822954192,-0.1559391488058594,-0.3676770124856606,-0.8785016922680268,lying,karol
1672331748663706400,-0.0576366948966858,-0.1522477079936056,-0.3692301120745174,-0.877964997427399,lying,karol
1672331748673706400,-0.0713211037182964,-0.1464589920814721,-0.3715694933206665,-0.8769572134474265,lying,karol
1672331748683706400,-0.0623932136403813,-0.1502082191794609,-0.3700688064087616,-0.8776379938831744,lying,karol
1672331748693706400,-0.0485583887566386,-0.1560041576396468,-0.3676663203643059,-0.8785107101050463,lying,karol
1672331748703706400,-0.0573470559403304,-0.152313963676913,-0.3692198811586852,-0.8779768046107466,lying,karol
1672331748713706400,-0.0710260279650944,-0.146528879417932,-0.3715592128644153,-0.8769738729448361,lying,karol
1672331748723706400,-0.062097850899199,-0.1502791479475731,-0.3700576573930226,-0.8776515308835235,lying,karol
1672331748733706400,-0.0482572994521363,-0.156078304525586,-0.3676528980512504,-0.8785197781014765,lying,karol
1672331748743706400,-0.0570459500311473,-0.1523893623601702,-0.369206995900832,-0.8779887853820109,lying,karol
1672331748753706400,-0.0707195933265837,-0.1466078961327123,-0.3715464162675083,-0.8769908830307614,lying,karol
1672331748763706400,-0.0617911611542952,-0.1503591556588921,-0.3700438835974545,-0.8776653112457544,lying,karol
1672331748773706400,-0.0479449845102084,-0.1561614342108024,-0.3676367050031777,-0.8785289118091112,lying,karol
1672331748783706400,-0.0567336480109993,-0.1524737494576302,-0.3691914153239238,-0.878000952029971,lying,karol
1672331748793706400,-0.0704020678241185,-0.1466958899687692,-0.3715310605213505,-0.8770082513635432,lying,karol
1672331748803706400,-0.0614734126499476,-0.1504480899354577,-0.3700274446292947,-0.8776793448302749,lying,karol
1672331748813706400,-0.0476217090733877,-0.1562533953444272,-0.3676177035623925,-0.8785381248458671,lying,karol
1672331748823706400,-0.056410415704599,-0.1525669742518196,-0.3691731013375567,-0.8780133149819198,lying,karol
1672331748833706400,-0.0700737144777192,-0.146792712464661,-0.3715131055424741,-0.8770259838434494,lying,karol
1672331748843706400,-0.0611448686553956,-0.1505458022133009,-0.3700083029482968,-0.8776936397094207,lying,karol
1672331748853706400,-0.0472877333789968,-0.156354040407968,-0.3675958588423352,-0.8785474289890363,lying,karol
1672331748863706400,-0.056076514001423,-0.1526688898253559,-0.3691520186240286,-0.8780258828954057,lying,karol
1672331748873706400,-0.0697347913842709,-0.1468982188907941,-0.371492514057305,-0.8770440847021743,lying,karol
1672331748883706400,-0.0608057875417981,-0.15065214767806,-0.3699864237532413,-0.8777082022570972,lying,karol
1672331748893706400,-0.0469433128310597,-0.156463225651126,-0.367571138615053,-0.8785568342649646,lying,karol
1672331748903706400,-0.0557321989289139,-0.1527793529981738,-0.3691281345263824,-0.8780386627465065,lying,karol
1672331748913706400,-0.0693855517868251,-0.1470122681910613,-0.3714692514889546,-0.8770625565890613,lying,karol
1672331748923706400,-0.0604564228503035,-0.1507669852059917,-0.3699617748703815,-0.8777230372350832,lying,karol
1672331748933706400,-0.0741621452416022,-0.1449587271259445,-0.3722804747894296,-0.8766694432094077,lying,karol
1672331748943706400,-0.0652405366278644,-0.1487162585084851,-0.3707939135152431,-0.8773791395537238,lying,karol
1672331748953706400,-0.0514351000750297,-0.154515466856684,-0.368417573964339,-0.8782955306845586,lying,karol
1672331748963706400,-0.0602251027163128,-0.1508187012763374,-0.3699549984336622,-0.8777329409177963,lying,karol
1672331748973706400,-0.0739274721747675,-0.1450130890941678,-0.3722737162665744,-0.8766831731890988,lying,karol
1672331748983706400,-0.0650058452260506,-0.1487715538033117,-0.3707864162754777,-0.8773903831956621,lying,karol
1672331748993706400,-0.051196818885185,-0.1545731194145232,-0.368408365844097,-0.8783032002881043,lying,karol
1672331749003706400,-0.0599870566473612,-0.1508774116191986,-0.3699461473620552,-0.8777429122047783,lying,karol
1672331749013706400,-0.0736862052011537,-0.1450744118823214,-0.3722649961816305,-0.8766970719520755,lying,karol
1672331749023706400,-0.0647645968637204,-0.1488337636378219,-0.3707768750066184,-0.8774017351880175,lying,karol
1672331749033706400,-0.0509521097362882,-0.1546375889536012,-0.3683970104314948,-0.8783108745945353,lying,karol
1672331749043706400,-0.0597426183439007,-0.1509429355276127,-0.3699352074615901,-0.8777529584913785,lying,karol
1672331749053706400,-0.0734386764722606,-0.1451425161086399,-0.3722542980895786,-0.8767111413759714,lying,karol
1672331749063706400,-0.0645171240175944,-0.1489027087188828,-0.3707652760440004,-0.8774132003265358,lying,karol
1672331749073706400,-0.0507013033780323,-0.1547086970697337,-0.3683834974148699,-0.8783185632952824,lying,karol
1672331749083706400,-0.0594921192235837,-0.1510150948996472,-0.369922167605094,-0.8777630856912924,lying,karol
1672331749093706400,-0.0731852158677611,-0.1452172249258756,-0.3722416086314456,-0.8767253819154762,lying,karol
1672331749103706400,-0.0642637569133809,-0.1489782123082479,-0.3707516087513175,-0.8774247819794354,lying,karol
1672331749113706400,-0.0504447283865694,-0.1547862679296531,-0.3683678194540724,-0.8783262746412802,lying,karol
1672331749123706400,-0.0592358885100483,-0.1510937141673215,-0.3699070196294558,-0.8777732983186657,lying,karol
1672331749133706400,-0.0729261511052001,-0.145298363943921,-0.3722269174345567,-0.8767397926806384,lying,karol
1672331749143706400,-0.064004823634396,-0.1490601001445534,-0.3707358654226592,-0.8774364821661857,lying,karol
1672331749153706400,-0.050182711268447,-0.1548701281932501,-0.3683499720838025,-0.8783340155225587,lying,karol
1672331749163706400,-0.058974253338023,-0.1511786202199763,-0.3698897582392892,-0.8777835995659756,lying,karol
1672331749173706400,-0.0726618078446703,-0.1453857611556931,-0.3722102170154238,-0.8767543715121893,lying,karol
1672331749183706400,-0.0637406502252406,-0.1491482003685622,-0.3707180411871289,-0.8774483016332753,lying,karol
1672331749193706400,-0.0499155765599977,-0.1549601069389255,-0.3683299536195225,-0.8783417915447589,lying,karol
1672331749203706400,-0.0587075388538246,-0.1512696423307145,-0.3698703809131637,-0.8777939913788966,lying,karol
1672331749213706400,-0.072392509785789,-0.1454792468673038,-0.3721915026847096,-0.8767691150541677,lying,karol
1672331749223706400,-0.0634715607877787,-0.1492423434527073,-0.3706981339154567,-0.8774602399272182,lying,karol
1672331749233706400,-0.0496436469189232,-0.1550560355933112,-0.3683077650652583,-0.8783496071028187,lying,karol
1672331749243706400,-0.0584360683080309,-0.1513666120871723,-0.3698488878117379,-0.8778044745284336,lying,karol
1672331749253706400,-0.0721185787591025,-0.1455786536315401,-0.3721707724545408,-0.8767840188238099,lying,karol
1672331749263706400,-0.063197877571625,-0.1493423621339281,-0.370676144128907,-0.877472295464786,lying,karol
1672331749273706400,-0.0493672432109295,-0.1551577478640863,-0.3682834100237127,-0.8783574654517919,lying,karol
1672331749283706400,-0.0581601631431177,-0.1514693633253654,-0.3698252816881943,-0.8778150486802575,lying,karol
1672331749293706400,-0.0718403348120918,-0.1456838161844924,-0.3721480269480985,-0.8767990772787734,lying,karol
1672331749303706400,-0.0629199210592538,-0.1494480913496663,-0.3706520749103981,-0.8774844656005333,lying,karol
1672331749313706400,-0.0490866845907645,-0.1552650796760732,-0.3682568946084813,-0.8783653687749338,lying,karol
1672331749323706400,-0.0578801430754727,-0.1515777320667782,-0.3697995678007778,-0.8778257124613745,lying,karol
1672331749333706400,-0.0715580962887657,-0.1457945713856869,-0.3721232693112176,-0.8768142838818614,lying,karol
1672331749343706400,-0.0626380100447423,-0.149559368177361,-0.3706259318175697,-0.877496746691773,lying,karol
1672331749353706400,-0.0488022885777441,-0.1553778691105022,-0.3682282273582857,-0.8783733182491061,lying,karol
1672331749363706400,-0.057596326171845,-0.1516915564585937,-0.3697717538273508,-0.877836463524191,lying,karol
1672331749373706400,-0.0712721799048952,-0.1459107581607822,-0.3720965051262472,-0.8768296311631738,lying,karol
1672331749383706400,-0.0623524617081841,-0.1496760317765173,-0.3705977227980581,-0.8775091341609491,lying,karol
1672331749393706400,-0.0485143711255181,-0.1554959563474838,-0.3681974191531049,-0.8783813141076477,lying,karol
1672331749403706400,-0.0573090289199937,-0.1518106767171078,-0.3697418497818437,-0.8778472986081111,lying,karol
1672331749413706400,-0.0709829008170405,-0.1460322174475576,-0.3720677423277771,-0.8768451107799325,lying,karol
1672331749423706400,-0.0620635916839462,-0.1497979233340615,-0.3705674581065776,-0.8775216225556335,lying,karol
1672331749433706400,-0.0482232466881859,-0.1556191836107376,-0.3681644831324694,-0.8783893557006257,lying,karol
1672331749443706400,-0.0570185662956463,-0.1519349350733661,-0.3697098679328622,-0.8778582135985686,lying,karol
1672331749453706400,-0.0706905726876633,-0.1461587921441494,-0.3720369911205043,-0.8768607135738336,lying,karol
1672331749463706400,-0.0617717141250266,-0.1499248860119578,-0.3705351502240912,-0.8775342056060204,lying,karol
1672331749473706400,-0.0479292282803321,-0.1557473951155357,-0.3681294346154113,-0.8783974415527063,lying,karol
1672331749483706400,-0.0567252518233326,-0.1520641757219981,-0.3696758227239483,-0.8778692035837516,lying,karol
1672331749493706400,-0.0703955077446346,-0.1462903270602092,-0.3720042638988825,-0.8768764296261762,lying,karol
1672331749503706400,-0.0614771417618419,-0.1500567648977515,-0.3705008137787086,-0.8775468762801567,lying,karol
1672331749513706400,-0.0476326275337179,-0.1558804370186603,-0.3680922910224543,-0.8784055694185439,lying,karol
1672331749523706400,-0.0564293976338401,-0.1521982447720361,-0.3696397306958748,-0.8778802629088927,lying,karol
1672331749533706400,-0.0700980168373195,-0.1464266688700041,-0.3719695751688164,-0.8768922483106313,lying,karol
1672331749543706400,-0.0611801859576506,-0.1501934069570486,-0.370464465468589,-0.8775596268367831,lying,karol
1672331749553706400,-0.0473337547483422,-0.1560181573712878,-0.3680530717991689,-0.878413736335919,lying,karol
1672331749563706400,-0.056131314515996,-0.152336990200643,-0.3696016104105029,-0.8778913852283745,lying,karol
1672331749573706400,-0.0697984094868122,-0.1465676660684463,-0.371932941470921,-0.8769081583439451,lying,karol
1672331749583706400,-0.0608811567581083,-0.1503346609889503,-0.3704261239863461,-0.8775724488760674,lying,karol
1672331749593706400,-0.0470329189405516,-0.1561604060736219,-0.3680117983416584,-0.8784219386764907,lying,karol
1672331749603706400,-0.0558313119654695,-0.1524802618085608,-0.3695614823765595,-0.8779025635554919,lying,karol
1672331749613706400,-0.0694969939335577,-0.1467131689286326,-0.3718943813057824,-0.8769241478343386,lying,karol
1672331749623706400,-0.0605803629382874,-0.150480377582986,-0.3703858099454228,-0.8775853333880131,lying,karol
1672331749633706400,-0.0467304278849664,-0.1563070348325977,-0.3679684939233446,-0.8784301721944682,lying,karol
1672331749643706400,-0.0555296982273553,-0.1526279111786175,-0.369519368976721,-0.8779137903102081,lying,karol
1672331749653706400,-0.0691940771785989,-0.1468630294624628,-0.3718539150605291,-0.8769402043280249,lying,karol
1672331749663706400,-0.0602781120433041,-0.1506304090791472,-0.3703435458077153,-0.8775982707989339,lying,karol
1672331749673706400,-0.0464265881711445,-0.1564578971137949,-0.3679231836265584,-0.8784384320718155,lying,karol
1672331749683706400,-0.0552267803534557,-0.152779791628368,-0.3694752943994134,-0.8779250573633042,lying,karol
1672331749693706400,-0.0688899650398485,-0.1470171013751315,-0.3718115649400782,-0.8769563148518875,lying,karol
1672331749703706400,-0.059974710444068,-0.1507846095217958,-0.3702993558159163,-0.8776112510142494,lying,karol
1672331749713706400,-0.0736916249517454,-0.1449803080620166,-0.3726136981544034,-0.876564534773298,lying,karol
1672331749723706400,-0.0647842564431833,-0.1487503777968105,-0.3711222865777283,-0.8772688769114269,lying,karol
1672331749733706400,-0.0509948506739044,-0.1545632714055861,-0.3687407187019597,-0.8781777287302122,lying,karol
1672331749743706400,-0.0597973758915011,-0.1508719464644731,-0.3702738468214838,-0.8776191316477213,lying,karol
1672331749753706400,-0.0735146301742791,-0.1450688892349645,-0.3725892193751003,-0.8765751731116468,lying,karol
1672331749763706400,-0.0646081168458189,-0.1488392393867689,-0.3710966876442219,-0.8772776505499531,lying,karol
1672331749773706400,-0.0508188697138956,-0.154652531509699,-0.3687133759833296,-0.878183722635074,lying,karol
1672331749783706400,-0.0596224504009736,-0.1509619864759801,-0.3702471800336222,-0.8776268265768661,lying,karol
1672331749793706400,-0.0733401864897869,-0.1451601235678293,-0.3725636416569824,-0.8765855800314375,lying,karol
1672331749803706400,-0.0644345790374555,-0.1489307160842164,-0.3710699627417591,-0.8772862200112773,lying,karol
1672331749813706400,-0.0506456382521519,-0.1547443217556258,-0.3686848843164454,-0.8781895490796119,lying,karol
1672331749823706400,-0.059450320818728,-0.1510545419968696,-0.3702193917562645,-0.8776343270712347,lying,karol
1672331749833706400,-0.0731686803492006,-0.1452538233340602,-0.3725369988619952,-0.8765957405972316,lying,karol
1672331749843706400,-0.0642640300946266,-0.1490246205785142,-0.3710421482198943,-0.8772945740133783,lying,karol
1672331749853706400,-0.0504755432936758,-0.1548384558058808,-0.3686552834658063,-0.8781952027056409,lying,karol
1672331749863706400,-0.0592813746093907,-0.1511494263678266,-0.3701905204594791,-0.8776416236259389,lying,karol
1672331749873706400,-0.073000498869732,-0.1453498016404296,-0.3725093270212354,-0.8766056390931863,lying,karol
1672331749883706400,-0.0640968577728589,-0.1491207664045248,-0.3710132825668014,-0.877302700509794,lying,karol
1672331749893706400,-0.0503089725689617,-0.1549347481796451,-0.36862461530652,-0.8782006774070628,lying,karol
1672331749903706400,-0.0591159999535071,-0.151246453757077,-0.3701606067100288,-0.8776487059902904,lying,karol
1672331749913706400,-0.0728360299082537,-0.1454478723659159,-0.3724806642605945,-0.876615259050931,lying,karol
1672331749923706400,-0.0639334505797106,-0.1492189678808186,-0.3709834063361628,-0.8773105867176839,lying,karol
1672331749933706400,-0.0501463146053381,-0.1550330141903847,-0.3685929237523661,-0.8782059663582161,lying,karol
1672331749943706400,-0.0589545858192706,-0.1513454390987623,-0.3701296930994443,-0.8776555631948607,lying,karol
1672331749953706400,-0.0726756621165226,-0.1455478501083582,-0.3724510507253784,-0.876624583275731,lying,karol
1672331749963706400,-0.0637741978296535,-0.1493190400556573,-0.3709525620729258,-0.8773182191440023,lying,karol
1672331749973706400,-0.0499879587799601,-0.1551330698913267,-0.3685602546825463,-0.8782110620400769,lying,karol
1672331749983706400,-0.0587975220158689,-0.1514461980391964,-0.3700978241708372,-0.8776621835765819,lying,karol
1672331749993706400,-0.0725197850205555,-0.1456495501210662,-0.3724205285111028,-0.8766335938681267,lying,karol
1672331750003706400,-0.06361948972319,-0.1494207986429483,-0.3709207942453142,-0.8773255836073974,lying,karol
1672331750013706400,-0.0498342953976911,-0.155234732010721,-0.3685266558749255,-0.8782159562625396,lying,karol
1672331750023706400,-0.0586451992716743,-0.151548546872812,-0.3700650463520692,-0.877668554799688,lying,karol
1672331750033706400,-0.0723687890787254,-0.1457527882584111,-0.3723891415925215,-0.8766422722441268,lying,karol
1672331750043706400,-0.063469717404678,-0.1495240599671853,-0.3708881491749522,-0.8773326652584557,lying,karol
1672331750053706400,-0.0496857157474095,-0.1553378178961983,-0.3684921769371689,-0.8782206401847328,lying,karol
1672331750063706400,-0.0584980092908175,-0.1516523024872464,-0.3700314078868836,-0.8776746638749161,lying,karol
1672331750073706400,-0.0722230657433852,-0.1458573809199795,-0.3723569357550772,-0.8766505991523157,lying,karol
1672331750083706400,-0.0633252730237393,-0.1496286409069554,-0.3708546749694043,-0.877339448596898,lying,karol
1672331750093706400,-0.049542612162181,-0.1554421454576188,-0.3684568692403379,-0.8782251043323376,lying,karol
1672331750103706400,-0.0583563448136291,-0.1517572823068638,-0.3699969587684565,-0.8776804971756709,lying,karol
1672331750113706400,-0.0720830075297716,-0.1459631449916546,-0.3723239585293251,-0.8766585546876361,lying,karol
1672331750123706400,-0.0631865498039819,-0.1497343588353895,-0.3708204214576928,-0.8773459174855366,lying,karol
1672331750133706400,-0.0494053780869601,-0.1555475331068255,-0.3684207858555177,-0.8782293386117761,lying,karol
1672331750143706400,-0.0582205996845103,-0.1518633042331695,-0.3699617506759151,-0.8776860404509997,lying,karol
1672331750153706400,-0.0719490080682737,-0.1460698977936513,-0.3722902591241045,-0.8766661183034787,lying,karol
1672331750163706400,-0.0630539420950926,-0.1498410315675682,-0.3707854401244679,-0.8773520551623665,lying,karol
1672331750173706400,-0.0492744081296072,-0.1556537997043716,-0.3683839814889538,-0.878233332322283,lying,karol
1672331750183706400,-0.0580911689031651,-0.1519701865921896,-0.3699258369094203,-0.8776912788366129,lying,karol
1672331750193706400,-0.0718214748713483,-0.1461774553792825,-0.37225585577797,-0.8766732818866195,lying,karol
1672331750203706400,-0.062930711399601,-0.1499476985813579,-0.370742775687385,-0.8773607325837056,lying,karol
1672331750213706400,-0.0491577855900697,-0.1557564762988796,-0.3683278405855558,-0.8782452334100317,lying,karol
1672331750223706400,-0.0579763361039676,-0.1520640492767017,-0.3698598882031505,-0.8777104286198829,lying,karol
1672331750233706400,-0.0717027645557649,-0.1462603902215739,-0.3721816701188619,-0.876700683629147,lying,karol
1672331750243706400,-0.0627983224404697,-0.1500243855434296,-0.3706692782298071,-0.877388182805597,lying,karol
1672331750253706400,-0.0490087625334727,-0.1558309615340188,-0.3682641720479719,-0.8782670697972926,lying,karol
1672331750263706400,-0.0578264033049798,-0.1521405374982221,-0.3698126395543291,-0.8777269958941669,lying,karol
1672331750273706400,-0.0715689837751273,-0.1463379562455776,-0.3721482460794099,-0.8767128823292831,lying,karol
1672331750283706400,-0.0626987583225274,-0.1500931982272647,-0.3706377528611118,-0.8773968724206959,lying,karol
1672331750293706400,-0.0489427796511892,-0.1558919954985676,-0.3682295351337872,-0.8782744579129154,lying,karol
1672331750303706400,-0.057778931240129,-0.1521985910093364,-0.36977128759915,-0.8777374942092178,lying,karol
1672331750313706400,-0.0715196600533703,-0.1463912396637472,-0.3721064850054917,-0.8767257517439038,lying,karol
1672331750323706400,-0.0626226397232412,-0.1501390797440394,-0.3706052752794165,-0.8774081929053563,lying,karol
1672331750333706400,-0.0488475018421341,-0.155917918886707,-0.3682057483856054,-0.8782851494121386,lying,karol
1672331750343706400,-0.0576757122610092,-0.1521989133030484,-0.3697551477188453,-0.8777510424917795,lying,karol
1672331750353706400,-0.0714217357247902,-0.1463829083690653,-0.3720909912929775,-0.876741717507531,lying,karol
1672331750363706400,-0.0625393194118591,-0.1501379890757655,-0.3705809969346199,-0.877424592015832,lying,karol
1672331750373706400,-0.0487664828154256,-0.1559373043482899,-0.3681636002788183,-0.8783038938607292,lying,karol
1672331750383706400,-0.0575847249892101,-0.1522473830773126,-0.3696931608257282,-0.8777747362306341,lying,karol
1672331750393706400,-0.071314467769918,-0.1464482214430577,-0.3720133296958858,-0.8767725149357797,lying,karol
1672331750403706400,-0.0624146240463769,-0.1502101058379415,-0.3704915205431708,-0.8774589313699569,lying,karol
1672331750413706400,-0.0486333342556518,-0.1560161209798741,-0.3680779445673764,-0.8783331995697186,lying,karol
1672331750423706400,-0.0574505373022257,-0.1523422107157309,-0.3696232362098244,-0.8777965454235889,lying,karol
1672331750433706400,-0.0711820046870805,-0.1465722766597583,-0.3719656240365905,-0.8767828145625387,lying,karol
1672331750443706400,-0.0622876238014486,-0.1503621581742121,-0.3704653631027821,-0.8774529858025245,lying,karol
1672331750453706400,-0.0485134902887704,-0.1561927766481413,-0.3680675371484758,-0.8783128230616244,lying,karol
1672331750463706400,-0.0573402164073298,-0.152532990126737,-0.3696234624314319,-0.8777705653471356,lying,karol
1672331750473706400,-0.0710897843946825,-0.1467551192611981,-0.3719673686636082,-0.8767590022127838,lying,karol
1672331750483706400,-0.0622078520188679,-0.1505255299989874,-0.3704603508284193,-0.8774327779788205,lying,karol
1672331750493706400,-0.0484406158899251,-0.1563277552469567,-0.3680542448681494,-0.8782984260117928,lying,karol
1672331750503706400,-0.0572671461646912,-0.1526442901166723,-0.3696082572368079,-0.8777624126523838,lying,karol
1672331750513706400,-0.0434357049077949,-0.1584646680612133,-0.3671587907196787,-0.8785520151609472,lying,karol
1672331750523706400,-0.0522550269701368,-0.1547996801262615,-0.3687319815745108,-0.8780661365210854,lying,karol
1672331750533706400,-0.0659358071250303,-0.1490533709139891,-0.3710977760088406,-0.8771424949482844,lying,karol
1672331750543706400,-0.057033864283615,-0.1528171786313416,-0.3695598744416078,-0.8777679144788115,lying,karol
1672331750553706400,-0.0707678760660217,-0.1470289296538445,-0.3718984363133075,-0.8767684581862061,lying,karol
1672331750563706400,-0.0618672753515074,-0.1508068641951186,-0.3703757450288751,-0.8774443140974427,lying,karol
1672331750573706400,-0.0480817902951749,-0.156632133112769,-0.3679513319074992,-0.8783070844708659,lying,karol
1672331750583706400,-0.0568920660900976,-0.1529816649372266,-0.3694947288534373,-0.8777759194355509,lying,karol
1672331750593706400,-0.0706198021851759,-0.1472228821065386,-0.3718322298552707,-0.8767759639354824,lying,karol
1672331750603706400,-0.0617186587536877,-0.1510145553252692,-0.3703025719553137,-0.8774499769411365,lying,karol
1672331750613706400,-0.0479362503042541,-0.156840187676834,-0.3678663371730149,-0.87831354762884,lying,karol
1672331750623706400,-0.056749703721335,-0.1531809542182422,-0.3694008840547217,-0.8777899087935105,lying,karol
1672331750633706400,-0.0704807929176543,-0.1474132116130385,-0.3717333790808173,-0.8767971149403536,lying,karol
1672331750643706400,-0.0615825643727841,-0.1511964399330034,-0.3702011988702316,-0.8774710207243513,lying,karol
1672331750653706400,-0.0478057176895998,-0.1570170938973543,-0.3677682762678618,-0.8783301476502215,lying,karol
1672331750663706400,-0.0566289053502536,-0.1533550300153074,-0.3693144974051193,-0.877803692714403,lying,karol
1672331750673706400,-0.0703718308876237,-0.1475793146375738,-0.3716572653758057,-0.8768102175330744,lying,karol
1672331750683706400,-0.0614866524620779,-0.1513475536239276,-0.3701274174983054,-0.8774828446740367,lying,karol
1672331750693706400,-0.0477213766964791,-0.1571485245384066,-0.3676969224516003,-0.8783411250161589,lying,karol
1672331750703706400,-0.0565527354485522,-0.1534673516658093,-0.3692492448469207,-0.8778164449881072,lying,karol
1672331750713706400,-0.0702966389590544,-0.1476714115495784,-0.3715995751535237,-0.8768252144632409,lying,karol
1672331750723706400,-0.0614063804032648,-0.1514172802137146,-0.3700761655387093,-0.8774980728381422,lying,karol
1672331750733706400,-0.0476335368405315,-0.1571937189872224,-0.3676530113255963,-0.8783562061482679,lying,karol
1672331750743706400,-0.056456369227287,-0.1534974586443028,-0.3692132669277939,-0.8778325362183718,lying,karol
1672331750753706400,-0.0701961032715281,-0.1477066484546643,-0.3715706690220178,-0.8768396039093989,lying,karol
1672331750763706400,-0.0613017148298603,-0.1514688974497944,-0.3700521147500185,-0.8775066476091911,lying,karol
1672331750773706400,-0.0475246180870543,-0.1572701918443,-0.3676291301895447,-0.8783584366760275,lying,karol
1672331750783706400,-0.0563445533820857,-0.1535983871958395,-0.3691886832783432,-0.8778324314188358,lying,karol
1672331750793706400,-0.0425078801775279,-0.1594192120507661,-0.3667157622499534,-0.8786099193939149,lying,karol
1672331750803706400,-0.0513271618744829,-0.1557598893999187,-0.368287151888627,-0.8781379211725463,lying,karol
1672331750813706400,-0.0650088560443364,-0.1500143455509297,-0.370653486295167,-0.8772358870762987,lying,karol
1672331750823706400,-0.0561053131032777,-0.1537597361110391,-0.3690874236299948,-0.8778621084944782,lying,karol
1672331750833706400,-0.069837811994624,-0.1479609060231647,-0.371422775644175,-0.8768880480553879,lying,karol
1672331750843706400,-0.0609352464404112,-0.1517037814936673,-0.3698765272368601,-0.8775656650322448,lying,karol
1672331750853706400,-0.047146975322115,-0.1574818277937141,-0.3674247784288987,-0.8784264107088177,lying,karol
1672331750863706400,-0.0559571189599332,-0.1537915984337223,-0.3689640189716992,-0.8779178750297073,lying,karol
1672331750873706400,-0.0696812667570753,-0.1480007562139425,-0.3713009727653946,-0.8769453746865308,lying,karol
1672331750883706400,-0.060772375221661,-0.1517519611872317,-0.3697513139135885,-0.8776214104894723,lying,karol
1672331750893706400,-0.0469789244720532,-0.1575372023442005,-0.3672943155008404,-0.8784800611781355,lying,karol
1672331750903706400,-0.0557937330504152,-0.1538512384827914,-0.3688290100493973,-0.8779745700779192,lying,karol
1672331750913706400,-0.0695226746081718,-0.1480635686212945,-0.3711622662824637,-0.8770060917768061,lying,karol
1672331750923706400,-0.060620778086919,-0.1518104242561102,-0.3696113032085326,-0.8776807753563344,lying,karol
1672331750933706400,-0.0468331234730881,-0.1575913290678134,-0.3671503894255797,-0.8785383158283592,lying,karol
1672331750943706400,-0.0556542577793949,-0.1539073698387067,-0.3686804463090795,-0.8780359955069046,lying,karol
1672331750953706400,-0.0693880088846968,-0.1481239493345682,-0.3710121569073382,-0.8770700893602122,lying,karol
1672331750963706400,-0.0604909972827974,-0.1518710900982735,-0.369460900953477,-0.877742572133286,lying,karol
1672331750973706400,-0.0466938390593867,-0.1576565959743551,-0.3670035204640667,-0.878595399635146,lying,karol
1672331750983706400,-0.0554999629539337,-0.1539833789807931,-0.3685433832372902,-0.8780899922247991,lying,karol
1672331750993706400,-0.0692157797432877,-0.1482140107742622,-0.3708824289708967,-0.877123368520148,lying,karol
1672331751003706400,-0.060302883702107,-0.1519688816172127,-0.3693337933412155,-0.8777921036246692,lying,karol
1672331751013706400,-0.0465094739217961,-0.1577470848430676,-0.3668745237830993,-0.8786428305374892,lying,karol
1672331751023706400,-0.0553398997985848,-0.1540617590024183,-0.3684123395579322,-0.8781413534904445,lying,karol
1672331751033706400,-0.0690915605963566,-0.1482798692196595,-0.3707470631889203,-0.8771792714632004,lying,karol
1672331751043706400,-0.0602077743779921,-0.1520211949890794,-0.3691949467587311,-0.8778479927298642,lying,karol
1672331751053706400,-0.0464107061014471,-0.1578017790379431,-0.3667405003108423,-0.878694192603567,lying,karol
1672331751063706400,-0.0552295675487148,-0.1541224785561055,-0.3682923906855324,-0.8781879711240561,lying,karol
1672331751073706400,-0.0689583709866566,-0.148344973845387,-0.3706490048812317,-0.8772201980895689,lying,karol
1672331751083706400,-0.0600631509702777,-0.1520917696206374,-0.3691128812928672,-0.8778802019430518,lying,karol
1672331751093706400,-0.0462796599255495,-0.1578803475361485,-0.3666615560656879,-0.8787199533350663,lying,karol
1672331751103706400,-0.0551027398343403,-0.1542093153895409,-0.3682029147506084,-0.8782182304313402,lying,karol
1672331751113706400,-0.0688247122445984,-0.1484390972882308,-0.3705345583530081,-0.8772631382580275,lying,karol
1672331751123706400,-0.0599191063926699,-0.15217841588948,-0.3689696684258121,-0.8779352485447172,lying,karol
1672331751133706400,-0.0461159554123192,-0.1579505941963554,-0.366493848831824,-0.8787859127749686,lying,karol
1672331751143706400,-0.0549364398703337,-0.1542779357183532,-0.3680324211597164,-0.8782880757778807,lying,karol
1672331751153706400,-0.0686618057846188,-0.1485199168658721,-0.370379523087563,-0.8773277094000226,lying,karol
1672331751163706400,-0.0597564060055122,-0.1522793198875236,-0.3688397769930757,-0.8779834397853247,lying,karol
1672331751173706400,-0.0459504417673593,-0.1580758205076354,-0.3663894329819813,-0.8788156276254169,lying,karol
1672331751183706400,-0.0547691281302927,-0.1544193452653385,-0.3679472615463811,-0.8783093781025209,lying,karol
1672331751193706400,-0.0684943372764456,-0.1486643050438047,-0.3703058544643436,-0.8773474660513763,lying,karol
1672331751203706400,-0.0595965214246252,-0.1524065167888985,-0.3687697361834973,-0.8780016797254365,lying,karol
1672331751213706400,-0.0458024702833801,-0.1581736251298997,-0.3663240695224603,-0.878833021768262,lying,karol
1672331751223706400,-0.0546372878667508,-0.1544836317351887,-0.3678918218124593,-0.8783295242925478,lying,karol
1672331751233706400,-0.0683766901080236,-0.148704730399977,-0.3702589872473665,-0.8773695862012196,lying,karol
1672331751243706400,-0.0594899259267973,-0.1524368766106008,-0.3687272927013279,-0.878021476897879,lying,karol
1672331751253706400,-0.0456966737985007,-0.15820899231707,-0.3662807893902859,-0.87885021563723,lying,karol
1672331751263706400,-0.0545231922598048,-0.154536550507598,-0.3678449963524003,-0.878346931299665,lying,karol
1672331751273706400,-0.0682431910353738,-0.1487739286182911,-0.3702108869395384,-0.8773885628736552,lying,karol
1672331751283706400,-0.0593313423762001,-0.1525178591847251,-0.3686771113513944,-0.8780392351021832,lying,karol
1672331751293706400,-0.0455138152075972,-0.1583014487642801,-0.3662263236590815,-0.8788657755001642,lying,karol
1672331751303706400,-0.0543217958361651,-0.1546454010807559,-0.3677893129746631,-0.8783635943878556,lying,karol
1672331751313706400,-0.0680310526788522,-0.1489152673413312,-0.3701529875235903,-0.8774055166417782,lying,karol
1672331751323706400,-0.0591217217664477,-0.1526953313587681,-0.368612652164841,-0.8780496245288367,lying,karol
1672331751333706400,-0.0502038589166654,-0.1564767265947358,-0.3670293416853709,-0.87860216190598,lying,karol
1672331751343706400,-0.0412816246379439,-0.1602531115168564,-0.3654027569916044,-0.8790638766519523,lying,karol
1672331751353706400,-0.0501066207884794,-0.1566387375337595,-0.3669696771494396,-0.878603783406114,lying,karol
1672331751363706400,-0.0412022737870288,-0.1603935634803242,-0.3653323609704124,-0.8790712563622897,lying,karol
1672331751373706400,-0.0500316482872412,-0.1567555110487684,-0.3668893485876058,-0.8786207874890116,lying,karol
1672331751383706400,-0.0588640426919499,-0.1530772409747155,-0.3684110466783873,-0.8780850915733952,lying,karol
1672331751393706400,-0.0499598971203636,-0.1568035094842668,-0.3668048896470786,-0.8786515753854187,lying,karol
1672331751403706400,-0.0410485957500938,-0.160517055463514,-0.3651648216826737,-0.8791255292123963,lying,karol
1672331751413706400,-0.0272277839021451,-0.1662436265901442,-0.3625709804979164,-0.8796713872579769,lying,karol
1672331751423706400,-0.0360624103618366,-0.1626079747046787,-0.3642038162708543,-0.8793585703521755,lying,karol
1672331751433706400,-0.02714018103787,-0.1662978587994371,-0.362518830253047,-0.8796853419254252,lying,karol
1672331751443706400,-0.0359767501633644,-0.1626629556154631,-0.3641542242836405,-0.8793724534332008,lying,karol
1672331751453706400,-0.044813469631964,-0.159005409991368,-0.3657527596340853,-0.8789719734872229,lying,karol
1672331751463706400,-0.0309908426407797,-0.1647418352132172,-0.3631899043665554,-0.8795740857018736,lying,karol
1672331751473706400,-0.0398255832346686,-0.1611062491525549,-0.3648101235185826,-0.8792212814371154,lying,karol
1672331751483706400,-0.0486616679673698,-0.1574456918095331,-0.3663944497044195,-0.8787808586082888,lying,karol
1672331751493706400,-0.0397492531078043,-0.1611611676693213,-0.3647621871462835,-0.8792345659453027,lying,karol
1672331751503706400,-0.0534651608406063,-0.1554707793077645,-0.3672175999595743,-0.878509735349745,lying,karol
1672331751513706400,-0.0445543115404583,-0.1591987351562467,-0.3656078531883649,-0.879010460279278,lying,karol
1672331751523706400,-0.0533869098962461,-0.1555392338598346,-0.3671800192466212,-0.8785180944816996,lying,karol
1672331751533706400,-0.0444698328924688,-0.1592686169814607,-0.3655706120524998,-0.8790175779152659,lying,karol
1672331751543706400,-0.0355359543952239,-0.162989275726819,-0.3639176649503544,-0.8794279203365348,lying,karol
1672331751553706400,-0.0217262371294728,-0.1687023905726362,-0.3612951622910819,-0.8798813159681185,lying,karol
1672331751563706400,-0.0305415709611087,-0.165103392575065,-0.3629478097660992,-0.8796219800330066,lying,karol
1672331751573706400,-0.0393667133691667,-0.1614717533490081,-0.3645673963869195,-0.8792756182131263,lying,karol
1672331751583706400,-0.048198428685681,-0.1578112394917999,-0.366152638650292,-0.8788416465366491,lying,karol
1672331751593706400,-0.0392792264462049,-0.1615213303442123,-0.3645134666196204,-0.8792927902320804,lying,karol
1672331751603706400,-0.0254873454476398,-0.1672277188774444,-0.3619180551001827,-0.8798059379611761,lying,karol
1672331751613706400,-0.0392117040185432,-0.161578319530098,-0.3644704976805799,-0.8793031516665272,lying,karol
1672331751623706400,-0.0480406704874933,-0.1579117322697767,-0.3660651540872934,-0.8788686902944756,lying,karol
1672331751633706400,-0.0617459247152324,-0.152175252958982,-0.3684776680567068,-0.8780160823911477,lying,karol
1672331751643706400,-0.052838177602265,-0.1558841733530595,-0.3669117480114303,-0.8786022580140765,lying,karol
1672331751653706400,-0.0665763431250835,-0.1501126377339156,-0.3693067785686519,-0.8776697587330269,lying,karol
1672331751663706400,-0.0576678423974867,-0.1538317557731527,-0.3677674143177392,-0.878302490198912,lying,karol
1672331751673706400,-0.0487555948511114,-0.1575512831699202,-0.3661924512877164,-0.8788410022607478,lying,karol
1672331751683706400,-0.0349243542733245,-0.1633052016122358,-0.3636719443219188,-0.879495514958347,lying,karol
1672331751693706400,-0.0437338113167911,-0.1596851494694526,-0.3652905549719115,-0.8790954276981656,lying,karol
1672331751703706400,-0.0348102268409564,-0.1634085563790861,-0.3636439249536525,-0.8794924394005418,lying,karol
1672331751713706400,-0.0209649975935783,-0.1691419485248081,-0.3610138152981479,-0.8799309444616885,lying,karol
1672331751723706400,-0.0297921660930857,-0.1655497943688862,-0.3626764027469409,-0.8796757914417991,lying,karol
1672331751733706400,-0.0386276457363433,-0.161925905999069,-0.3643030074152004,-0.87933452670993,lying,karol
1672331751743706400,-0.0247651315942226,-0.1676658599669859,-0.3616884724024681,-0.8798376490975031,lying,karol
1672331751753706400,-0.0335733110671418,-0.1640687474949242,-0.3633349047499346,-0.8795453517768032,lying,karol
1672331751763706400,-0.0423963606359306,-0.1604420945650838,-0.36495580909274,-0.8791621858458212,lying,karol
1672331751773706400,-0.0334702322922092,-0.1641585506059866,-0.3633020857645344,-0.8795460908050035,lying,karol
1672331751783706400,-0.042309280915132,-0.1605306097508289,-0.3649253068569038,-0.8791628938496464,lying,karol
1672331751793706400,-0.0560003531523527,-0.1548496328499384,-0.3673721046691046,-0.8783970178650516,lying,karol
1672331751803706400,-0.0471001216800609,-0.1585718935713939,-0.3657731744381777,-0.8789223840959088,lying,karol
1672331751813706400,-0.0559422118426427,-0.1549027261106238,-0.3673418408273875,-0.8784040260220835,lying,karol
1672331751823706400,-0.0470397047026153,-0.1586329265259508,-0.3657482720119678,-0.878924978438517,lying,karol
1672331751833706400,-0.0558800963430764,-0.1549664338892973,-0.3673212971503747,-0.8784053436418714,lying,karol
1672331751843706400,-0.0420681840834805,-0.1607300190288853,-0.3648343643884214,-0.8791757999406525,lying,karol
1672331751853706400,-0.0558115301416471,-0.1550308033149201,-0.3672925636269422,-0.8784103682556241,lying,karol
1672331751863706400,-0.0420118036888439,-0.1607930400479382,-0.3647890142201086,-0.8791857982816191,lying,karol
1672331751873706400,-0.0557138794790288,-0.1551070713717609,-0.3672162978585432,-0.8784349965759628,lying,karol
1672331751883706400,-0.0468137639045916,-0.1588198135792592,-0.3655842666583386,-0.8789715472496085,lying,karol
1672331751893706400,-0.0379030952515319,-0.1625214777636354,-0.3639211487207096,-0.8794143654525827,lying,karol
1672331751903706400,-0.0467408848369319,-0.1588660833856865,-0.3655104206592597,-0.8789977810420817,lying,karol
1672331751913706400,-0.0378219386659287,-0.1625691132664914,-0.3638606331489839,-0.8794341020078875,lying,karol
1672331751923706400,-0.028894551109988,-0.1662678949103992,-0.3621793955394476,-0.8797751416856696,lying,karol
1672331751933706400,-0.0425995274931127,-0.1606317073140212,-0.3647193307538938,-0.8792159426601994,lying,karol
1672331751943706400,-0.0336831773964298,-0.1643357823819536,-0.3630673195800734,-0.8796018711036139,lying,karol
1672331751953706400,-0.0425198880716279,-0.1606984496281515,-0.3646989917532914,-0.8792160458413525,lying,karol
1672331751963706400,-0.0286981825530286,-0.1664153468730016,-0.3621251706069655,-0.8797760259663907,lying,karol
1672331751973706400,-0.0375223996410169,-0.1627859279103886,-0.3637718259324113,-0.8794435876067079,lying,karol
1672331751983706400,-0.0237457713401902,-0.1684621707788103,-0.3611720108835075,-0.8799258905621318,lying,karol
1672331751993706400,-0.0325698454371294,-0.1648411592514264,-0.3628385895687257,-0.8796436318116515,lying,karol
1672331752003706400,-0.0413961975028836,-0.1611987337917002,-0.3644715980389574,-0.8792723961596037,lying,karol
1672331752013706400,-0.0276063914650546,-0.1669008533676516,-0.3619001400355671,-0.8798116035844403,lying,karol
1672331752023706400,-0.0364379829144916,-0.1632834355351544,-0.36356368686684,-0.8794830438893858,lying,karol
1672331752033706400,-0.0501615806496894,-0.1576055751609733,-0.3660786555912347,-0.8787996999172916,lying,karol
1672331752043706400,-0.0412357145618702,-0.1613185287621395,-0.3644767432561956,-0.8792558556728626,lying,karol
1672331752053706400,-0.0274106354879827,-0.1670419652406861,-0.3619173351385519,-0.879783895156623,lying,karol
1672331752063706400,-0.0362287169768882,-0.1634379295030796,-0.3635954984334583,-0.879449868160361,lying,karol
1672331752073706400,-0.0499695372540233,-0.1577673452587901,-0.3661246829978946,-0.8787624673561759,lying,karol
1672331752083706400,-0.0410498234022854,-0.1615062174258559,-0.3645139972292444,-0.8792146843544228,lying,karol
1672331752093706400,-0.0321210355189058,-0.1652392038429418,-0.362858237921066,-0.8795774094099327,lying,karol
1672331752103706400,-0.0409444845543795,-0.1616346211644873,-0.3644957593133693,-0.8792035758394263,lying,karol
1672331752113706400,-0.0497727162109941,-0.1579984841291473,-0.3660936368180262,-0.8787450735687032,lying,karol
1672331752123706400,-0.0634618514944406,-0.1522953266181636,-0.3685007378055134,-0.8778634537787713,lying,karol
1672331752133706400,-0.049697378322821,-0.1580563785364529,-0.3660555343989683,-0.8787548110678507,lying,karol
1672331752143706400,-0.0407836984890266,-0.1617758107647658,-0.364421814781689,-0.879215757318561,lying,karol
1672331752153706400,-0.0496150520033876,-0.1581324626310691,-0.3660207923741837,-0.878760257710537,lying,karol
1672331752163706400,-0.0407010885643449,-0.1618571300864072,-0.3643922762136865,-0.8792168736818047,lying,karol
1672331752173706400,-0.0544196693314355,-0.1561844050005666,-0.3668690413267647,-0.8784704892693993,lying,karol
1672331752183706400,-0.0455150407197686,-0.1599186656033816,-0.3652597239539817,-0.8789756027676119,lying,karol
1672331752193706400,-0.0317229093216985,-0.1656550861869917,-0.3627002249453551,-0.8795788665440593,lying,karol
1672331752203706400,-0.0405550314125981,-0.1620399795743286,-0.3643413220788233,-0.8792110852507443,lying,karol
1672331752213706400,-0.0316384191077775,-0.1657540905978182,-0.3626722377806038,-0.8795748101434807,lying,karol
1672331752223706400,-0.0404731740501647,-0.1621379576294257,-0.3643126983188102,-0.8792086664611254,lying,karol
1672331752233706400,-0.0542041137890689,-0.1564502843169471,-0.3667956293887952,-0.878467196370557,lying,karol
1672331752243706400,-0.0452965088903784,-0.1601711368488478,-0.3651843933187144,-0.878972256912924,lying,karol
1672331752253706400,-0.0315160075772061,-0.16589640942943,-0.3626274718252579,-0.8795708537413668,lying,karol
1672331752263706400,-0.040349153026044,-0.16227823356789,-0.3642780965524836,-0.879202847873818,lying,karol
1672331752273706400,-0.0491870101878711,-0.1586282905601806,-0.3658952219155399,-0.8787473238514705,lying,karol
1672331752283706400,-0.0402886999125008,-0.1623413431399618,-0.3642762986561493,-0.8791947267239251,lying,karol
1672331752293706400,-0.0491289223283122,-0.1587013816511634,-0.3658991528425442,-0.8787357524728371,lying,karol
1672331752303706400,-0.0353368366382366,-0.1644491147966285,-0.3633675761671546,-0.879392008799632,lying,karol
1672331752313706400,-0.0441762014436615,-0.1608285111556515,-0.3650041476905653,-0.8789841527017773,lying,karol
1672331752323706400,-0.0579021494262626,-0.1551387962907058,-0.3674729442561864,-0.8781807655028468,lying,karol
1672331752333706400,-0.04901189107302,-0.1588684483007784,-0.3658825887433575,-0.8787190221758948,lying,karol
1672331752343706400,-0.040113289382073,-0.1625865767162418,-0.3642474464692687,-0.8791694230910139,lying,karol
1672331752353706400,-0.0263523613698718,-0.1682904461767761,-0.3616475223125568,-0.8796894361881501,lying,karol
1672331752363706400,-0.0351979498695324,-0.1646741948742211,-0.3633125425028707,-0.8793782308895445,lying,karol
1672331752373706400,-0.0440445614166652,-0.1610271572606104,-0.3649415126087567,-0.8789804280333413,lying,karol
1672331752383706400,-0.0528868685629895,-0.1573532049802778,-0.3665299804708494,-0.8784971811094046,lying,karol
1672331752393706400,-0.0439867993063643,-0.1610504621888342,-0.3649046903962549,-0.8789943455771073,lying,karol
1672331752403706400,-0.0301975115053782,-0.1667477687929787,-0.3623287461893812,-0.8795793093247093,lying,karol
1672331752413706400,-0.0163476549069246,-0.1724349940025658,-0.3596570493002725,-0.8799456411249046,lying,karol
1672331752423706400,-0.0251714519495396,-0.1688340941763929,-0.3613689747114543,-0.8797343440053088,lying,karol
1672331752433706400,-0.0339970707888632,-0.1652094845908697,-0.3630469572961988,-0.8794347878433526,lying,karol
1672331752443706400,-0.0428169968919134,-0.1615665856885295,-0.3646910082913707,-0.8790460941375596,lying,karol
1672331752453706400,-0.0516448011683413,-0.1578961066604201,-0.3662953844769467,-0.8785715443925528,lying,karol
1672331752463706400,-0.0378301977439352,-0.1636288610223972,-0.3637616437246803,-0.8792784427213723,lying,karol
1672331752473706400,-0.0466692433076999,-0.1599713104127052,-0.3653815453414858,-0.8788550142554827,lying,karol
1672331752483706400,-0.0377638010136926,-0.1636610293116467,-0.363732927168062,-0.879287196840424,lying,karol
1672331752493706400,-0.0466122897109762,-0.1599913869668107,-0.3653529236187336,-0.8788662871535275,lying,karol
1672331752503706400,-0.0377139196342349,-0.1636691581761967,-0.3637048128565359,-0.8792994594087182,lying,karol
1672331752513706400,-0.0465621143284912,-0.1599939903138637,-0.3653307503424053,-0.8788776951567153,lying,karol
1672331752523706400,-0.037669019887165,-0.1636673500060241,-0.363694683137053,-0.8793059156279227,lying,karol
1672331752533706400,-0.0465157724601015,-0.1599941693725067,-0.3653295982629845,-0.8788806011720093,lying,karol
1672331752543706400,-0.0376078888665421,-0.1636728008788855,-0.3636997559756912,-0.8793054263048989,lying,karol
1672331752553706400,-0.0238125418517176,-0.1693459332212668,-0.3611048003450506,-0.8797823213192264,lying,karol
1672331752563706400,-0.0326393449977872,-0.1657127590756523,-0.3628065610716069,-0.8794907922986961,lying,karol
1672331752573706400,-0.0414746432288807,-0.1620490462262914,-0.3644736192261609,-0.8791118522521666,lying,karol
1672331752583706400,-0.0503175781812329,-0.1583644226489418,-0.3661050882493628,-0.8786436308764999,lying,karol
1672331752593706400,-0.0414302957951284,-0.1620539038032949,-0.3645032329236946,-0.8791007784836101,lying,karol
1672331752603706400,-0.032526402270445,-0.1657518136740062,-0.3628648440788985,-0.8794635903495485,lying,karol
1672331752613706400,-0.0413628660874495,-0.1621311997933058,-0.3645377631844068,-0.8790753960101564,lying,karol
1672331752623706400,-0.0501937588276754,-0.1584915783955399,-0.3661814396264903,-0.8785959943604688,lying,karol
1672331752633706400,-0.06393795357386,-0.1527697533553143,-0.3686554338394646,-0.8776817723750119,lying,karol
1672331752643706400,-0.0550403954679425,-0.156522527148135,-0.3671221040277324,-0.878266143037272,lying,karol
1672331752653706400,-0.046127870871072,-0.1602810620189595,-0.3655450420212504,-0.8787592675026586,lying,karol
1672331752663706400,-0.0549458411133091,-0.1566618021314543,-0.3671577846783901,-0.8782323421103476,lying,karol
1672331752673706400,-0.0411727288563795,-0.1624499892599181,-0.3646667758705911,-0.8789720276765443,lying,karol
1672331752683706400,-0.0499845552866065,-0.1588471227850368,-0.3662775476208461,-0.8785037243604854,lying,karol
1672331752693706400,-0.0410561997203225,-0.1626119599583476,-0.3646415982132134,-0.8789580011069201,lying,karol
1672331752703706400,-0.0498767958366388,-0.1590019521716316,-0.3662591155384712,-0.8784895513610513,lying,karol
1672331752713706400,-0.0409590949952291,-0.1627647533528232,-0.3646315045471607,-0.8789384644920093,lying,karol
1672331752723706400,-0.0497850097162097,-0.1591625977533228,-0.3662565983322945,-0.8784667441004677,lying,karol
1672331752733706400,-0.0408688940469157,-0.1629313120758629,-0.3646294111955385,-0.8789127001309222,lying,karol
1672331752743706400,-0.0496980133291664,-0.1593248866911203,-0.3662560289713956,-0.8784425159207073,lying,karol
1672331752753706400,-0.0407871747488952,-0.1630823222289215,-0.3646264924006064,-0.8788897255766475,lying,karol
1672331752763706400,-0.0545345345125995,-0.1574073583238417,-0.3671393149353011,-0.8781325163456792,lying,karol
1672331752773706400,-0.0682777522967228,-0.1516669590259988,-0.3695633872414219,-0.8771643434745591,lying,karol
1672331752783706400,-0.0594140874637628,-0.1553975147316153,-0.3680160727618704,-0.8778068481666371,lying,karol
1672331752793706400,-0.050538711455319,-0.1591152802670634,-0.3664311859332311,-0.8783595372078452,lying,karol
1672331752803706400,-0.0367889980573725,-0.1648418212323496,-0.3639038377720334,-0.8790374705963816,lying,karol
1672331752813706400,-0.0456482093963717,-0.1611940243797791,-0.3655600963093946,-0.8786112272990746,lying,karol
1672331752823706400,-0.0319166190594556,-0.1669070386199318,-0.3630095244216211,-0.8792079456543672,lying,karol
1672331752833706400,-0.0456545653926306,-0.1612431466107267,-0.365586411878606,-0.8785909465840878,lying,karol
1672331752843706400,-0.0545055462498402,-0.1575621490622627,-0.3672003743163545,-0.8780810769790005,lying,karol
1672331752853706400,-0.0456167404427374,-0.1612628578367356,-0.3655890851563033,-0.8785881923538459,lying,karol
1672331752863706400,-0.0318518159295379,-0.1669644858563205,-0.363017711338112,-0.8791960302073556,lying,karol
1672331752873706400,-0.0406881149406465,-0.1633122344919898,-0.3646740823548678,-0.8788319574570864,lying,karol
1672331752883706400,-0.0317749162097497,-0.166999043477561,-0.3629913186126556,-0.8792031561300949,lying,karol
1672331752893706400,-0.022852674187347,-0.170681537952153,-0.361269290803587,-0.8794823985733281,lying,karol
1672331752903706400,-0.0316855956936959,-0.1670600556043928,-0.3629545594545751,-0.8792099744569049,lying,karol
1672331752913706400,-0.0405207280244742,-0.1634099462243595,-0.3646007325647707,-0.8788519808401987,lying,karol
1672331752923706400,-0.0267478727315696,-0.1690970513390733,-0.361985402627531,-0.8793841892019528,lying,karol
1672331752933706400,-0.035586424097617,-0.1654546835399181,-0.3636623836364504,-0.8790718268388338,lying,karol
1672331752943706400,-0.0444267494547196,-0.1617835837825904,-0.3653021370144556,-0.8786728301772635,lying,karol
1672331752953706400,-0.0581628960038855,-0.1560369653331641,-0.3677800823185202,-0.8778761972274435,lying,karol
1672331752963706400,-0.0492697693037791,-0.1597232809560761,-0.3661730958667076,-0.878428993634743,lying,karol
1672331752973706400,-0.0403652452672467,-0.1634011526144715,-0.3645303082253914,-0.8788900047390924,lying,karol
1672331752983706400,-0.0540905901502093,-0.1576660886451763,-0.3670396086438897,-0.8781553507939159,lying,karol
1672331752993706400,-0.0451975810517011,-0.1613408770870341,-0.3654302356429347,-0.8786616704504467,lying,karol
1672331753003706400,-0.0363058446655835,-0.1650105238594857,-0.3637917623118334,-0.8790723866732921,lying,karol
1672331753013706400,-0.0500773106456185,-0.1592813868571643,-0.3663550758530395,-0.8783877069359844,lying,karol
1672331753023706400,-0.0363346042381819,-0.1649777470298497,-0.3638490065073684,-0.8790536688407227,lying,karol
1672331753033706400,-0.0225833579410142,-0.1706520328091371,-0.3612604561246524,-0.8794987680541062,lying,karol
1672331753043706400,-0.0314313548963151,-0.1670289190494923,-0.3629993465447439,-0.8792065867623253,lying,karol
1672331753053706400,-0.0402704766269802,-0.1633835502898674,-0.364700785822499,-0.8788269413801176,lying,karol
1672331753063706400,-0.0313630685989956,-0.1670777607749183,-0.3630667588228178,-0.8791719261630637,lying,karol
1672331753073706400,-0.045115029968535,-0.1613972973430493,-0.3656770085745122,-0.8785529329925748,lying,karol
1672331753083706400,-0.0588557372548681,-0.1556699283906011,-0.3681932481459207,-0.8777220572893686,lying,karol
1672331753093706400,-0.0451004229182465,-0.1614252276942879,-0.365738633610783,-0.8785229199167728,lying,karol
1672331753103706400,-0.0539266439715786,-0.1577636828683593,-0.3673670288315524,-0.8780110724876566,lying,karol
1672331753113706400,-0.0450222642931187,-0.1614974592067302,-0.3657614017214988,-0.8785041949014215,lying,karol
1672331753123706400,-0.0361146258262922,-0.1652260865743157,-0.3641115750515839,-0.8789074514993843,lying,karol
1672331753133706400,-0.0498726496805253,-0.1595446336429327,-0.3666556417227016,-0.8782262561778464,lying,karol
1672331753143706400,-0.036068714615542,-0.1653140782721987,-0.3641022358818937,-0.878896676241717,lying,karol
1672331753153706400,-0.0448973105385713,-0.1616835262664845,-0.3657483486712795,-0.8784818331840971,lying,karol
1672331753163706400,-0.0310971522300793,-0.1674314776264187,-0.3631664158561931,-0.8790730077961377,lying,karol
1672331753173706400,-0.0399291938018627,-0.1638040817201353,-0.364833741673948,-0.8787091481745665,lying,karol
1672331753183706400,-0.048766132821444,-0.1601435888878783,-0.3664643648771076,-0.8782592550415191,lying,karol
1672331753193706400,-0.0398876545060572,-0.1638475211557361,-0.364826873871887,-0.8787057987198852,lying,karol
1672331753203706400,-0.0487342662297211,-0.1601823950000141,-0.3664580742635201,-0.8782565823740961,lying,karol
1672331753213706400,-0.0398381458789575,-0.1638938652945692,-0.3648143775142592,-0.8787046009910893,lying,karol
1672331753223706400,-0.0535338388396895,-0.1582006523557821,-0.3673255512287937,-0.8779739257683267,lying,karol
1672331753233706400,-0.0446380523514792,-0.1619145755781688,-0.3657031052206387,-0.8784713755371748,lying,karol
1672331753243706400,-0.0583847776761611,-0.1561795400388281,-0.3681902701177403,-0.8776643491104752,lying,karol
1672331753253706400,-0.0494921085864723,-0.1598990563370166,-0.3665827783033317,-0.8782138220053181,lying,karol
1672331753263706400,-0.0357055801319945,-0.1656367854952772,-0.364024582381859,-0.8788829901274676,lying,karol
1672331753273706400,-0.0493835730067832,-0.1599669615157307,-0.3665591284605047,-0.8782174520919084,lying,karol
1672331753283706400,-0.0404686874643425,-0.1636882635140547,-0.364917060677116,-0.8786715240710364,lying,karol
1672331753293706400,-0.0266872819726337,-0.169409404326739,-0.3623063357014414,-0.8791939771446295,lying,karol
1672331753303706400,-0.035512849690195,-0.1657968204194778,-0.363983539112615,-0.8788776571812904,lying,karol
1672331753313706400,-0.0443552166164421,-0.1621550135737053,-0.3656191165534525,-0.8784763741811906,lying,karol
1672331753323706400,-0.0354674213517643,-0.1658695604350317,-0.3639372242798943,-0.8788849575360398,lying,karol
1672331753333706400,-0.0443182784174966,-0.1622236049162161,-0.3655677213196149,-0.8784869730212294,lying,karol
1672331753343706400,-0.0354268071987679,-0.1659241095573083,-0.3638865881745951,-0.878897273425511,lying,karol
1672331753353706400,-0.0491911178475894,-0.1602026947688736,-0.3664276485853762,-0.8782402006004737,lying,karol
1672331753363706400,-0.0353937452308995,-0.1659040094161826,-0.3638590248194644,-0.8789138179821745,lying,karol
1672331753373706400,-0.0491491134409859,-0.1601543685988511,-0.3664092066469344,-0.8782590664042635,lying,karol
1672331753383706400,-0.0579966736162958,-0.1564053914413118,-0.3680011125959768,-0.8777292726785203,lying,karol
1672331753393706400,-0.0668494455669614,-0.1526353949405182,-0.3695508474162927,-0.8771120327726294,lying,karol
1672331753403706400,-0.0579939439433566,-0.156302299341503,-0.3679763125766188,-0.8777582178542445,lying,karol
1672331753413706400,-0.0442172468466596,-0.1620008896414032,-0.3654617623583974,-0.8785772657141427,lying,karol
1672331753423706400,-0.0530636211456443,-0.1582657410019293,-0.3670580074435928,-0.8781027241244922,lying,karol
1672331753433706400,-0.0392515123107174,-0.1639612007747893,-0.3645098152422448,-0.8788449286755091,lying,karol
1672331753443706400,-0.0303555030041759,-0.1676002810411721,-0.3628250496345139,-0.8792078518454816,lying,karol
1672331753453706400,-0.0391902584664311,-0.1639212212451538,-0.3644955865068414,-0.8788610263884663,lying,karol
1672331753463706400,-0.0529251406682334,-0.1581810666374138,-0.3670268123646478,-0.8781393884002454,lying,karol
1672331753473706400,-0.0440438754107728,-0.1618592933537442,-0.3654299006664132,-0.8786253413627829,lying,karol
1672331753483706400,-0.0351373213447234,-0.1655452117824669,-0.3637984535132066,-0.8790168626636852,lying,karol
1672331753493706400,-0.0439713217734688,-0.1618839733711988,-0.3654757742657055,-0.8786053615890842,lying,karol
1672331753503706400,-0.0528026026211785,-0.1582006092841434,-0.3671156636877466,-0.8781061304771092,lying,karol
1672331753513706400,-0.0438983787611687,-0.1619077632011271,-0.3655227073065948,-0.8785851168288248,lying,karol
1672331753523706400,-0.0300825482583504,-0.1676371416665826,-0.3629602677579774,-0.87915444325625,lying,karol
1672331753533706400,-0.0389171143902091,-0.1639993615204225,-0.3646514200070452,-0.87879399426331,lying,karol
1672331753543706400,-0.0526499613288296,-0.1582977265158157,-0.3671908051347892,-0.87806640540623,lying,karol
1672331753553706400,-0.043752124521637,-0.1620199758162338,-0.3655834745396037,-0.8785464725620674,lying,karol
1672331753563706400,-0.0574989466236883,-0.156294396866403,-0.3680884094026018,-0.8777452770352527,lying,karol
1672331753573706400,-0.04861177465872,-0.1600163019837276,-0.3664957834858022,-0.8782781155180455,lying,karol
1672331753583706400,-0.0397116943345617,-0.1637358391935724,-0.3648602577035119,-0.8787209399696528,lying,karol
1672331753593706400,-0.0534312513083825,-0.1580402702769597,-0.3673778940610158,-0.8779873641139669,lying,karol
1672331753603706400,-0.0445362398501318,-0.16176073360338,-0.3657621546217701,-0.8784805072083127,lying,karol
1672331753613706400,-0.0582511062157647,-0.1560435334753081,-0.3682499126929059,-0.8776726076458297,lying,karol
1672331753623706400,-0.0493477661897796,-0.1597762659806975,-0.3666509864458417,-0.8782160280224015,lying,karol
1672331753633706400,-0.035556047256164,-0.1655236425887429,-0.364097219168126,-0.878880490102492,lying,karol
1672331753643706400,-0.0443700706387968,-0.1618844758976109,-0.3657359038149789,-0.878477083374466,lying,karol
1672331753653706400,-0.0305615221960797,-0.1676262020881663,-0.3631437226350856,-0.8790643463222646,lying,karol
1672331753663706400,-0.039382822955566,-0.1640041797420062,-0.3648082187093016,-0.8787073681616553,lying,karol
1672331753673706400,-0.0482072641633766,-0.1603614838062134,-0.3664317232570434,-0.8782642616780678,lying,karol
1672331753683706400,-0.0619096750418433,-0.1546519135327029,-0.3688773587423629,-0.8774050104669645,lying,karol
1672331753693706400,-0.0530298105492476,-0.1583966965179612,-0.367274212608,-0.8779909293719037,lying,karol
1672331753703706400,-0.0441381346868552,-0.1621364376474044,-0.3656312431007095,-0.8784859141452143,lying,karol
1672331753713706400,-0.0352373031929579,-0.1658638725808948,-0.3639513123878474,-0.8788896799203095,lying,karol
1672331753723706400,-0.044074715378577,-0.1622292607752723,-0.3655843225677689,-0.8784915026196429,lying,karol
1672331753733706400,-0.0302952472436206,-0.1679615445511556,-0.3629745488507829,-0.879079482174351,lying,karol
1672331753743706400,-0.0391241021899213,-0.1643339180805179,-0.3646239964502961,-0.8787338396764947,lying,karol
1672331753753706400,-0.0479595372469703,-0.1606714338470878,-0.3662383828535656,-0.87830187376849,lying,karol
1672331753763706400,-0.0390527152437738,-0.16437756284205,-0.3645714172661566,-0.8787506786930677,lying,karol
1672331753773706400,-0.0301339424353541,-0.1680779957514284,-0.3628718247166626,-0.8791052008022255,lying,karol
1672331753783706400,-0.0438825817980968,-0.1623999243478764,-0.3654485885431264,-0.8785260988884883,lying,karol
1672331753793706400,-0.0575674693345102,-0.1566955109279143,-0.367926282289136,-0.8777374090041583,lying,karol
1672331753803706400,-0.04867889428093,-0.1604121896058415,-0.3663091029227967,-0.8782802238984048,lying,karol
1672331753813706400,-0.0624173275696478,-0.1546685974198949,-0.3687628962268458,-0.8774143003564794,lying,karol
1672331753823706400,-0.0535386019777228,-0.1583838540720913,-0.3671641684168703,-0.8780084746819362,lying,karol
1672331753833706400,-0.0446414153545123,-0.1620908461902132,-0.365524796980375,-0.8785132716423725,lying,karol
1672331753843706400,-0.0534725618103409,-0.1584010549780228,-0.367119362915614,-0.8780281407280421,lying,karol
1672331753853706400,-0.0445664444389838,-0.162093310344987,-0.3654763262055364,-0.878536797515614,lying,karol
1672331753863706400,-0.0307505938424854,-0.1678007246346267,-0.3628679348348518,-0.8791384680021296,lying,karol
1672331753873706400,-0.0395743126232911,-0.1641419357120047,-0.364522602501413,-0.8787916959867829,lying,karol
1672331753883706400,-0.0483961529737955,-0.1604552660656444,-0.3661480170525869,-0.8783551855218731,lying,karol
1672331753893706400,-0.0621071275581575,-0.1546924295566494,-0.3686051647777025,-0.8774984219230513,lying,karol
1672331753903706400,-0.0532032707188114,-0.1583922562209627,-0.3670071035114872,-0.8780930423184711,lying,karol
1672331753913706400,-0.0442924439859273,-0.1620887283757132,-0.3653712792247234,-0.8785952198396647,lying,karol
1672331753923706400,-0.0579763698266206,-0.1563690871437549,-0.3678424826442505,-0.877803892647045,lying,karol
1672331753933706400,-0.0490733523595042,-0.1600696784869895,-0.3662250299888878,-0.8783558825992335,lying,karol
1672331753943706400,-0.0352331139816626,-0.1658010568176996,-0.3636431304428044,-0.8790293756217183,lying,karol
1672331753953706400,-0.0440605649204543,-0.1621314150361775,-0.3652728712452991,-0.8786399372336547,lying,karol
1672331753963706400,-0.0303021870979536,-0.1678087227788783,-0.3626693969052907,-0.8792344758791647,lying,karol
1672331753973706400,-0.0391326476263145,-0.1641496111657219,-0.3643196018063456,-0.8788942598322528,lying,karol
1672331753983706400,-0.047967678699227,-0.1604631431230612,-0.3659366266493301,-0.8784653802336733,lying,karol
1672331753993706400,-0.0341266393169557,-0.1661837426396654,-0.3633532313031072,-0.879120657337468,lying,karol
1672331754003706400,-0.0429503918469897,-0.162518299922142,-0.364997145889074,-0.8787380281124564,lying,karol
1672331754013706400,-0.0291047606213566,-0.1682297685140863,-0.3623851871898958,-0.8793116707803844,lying,karol
1672331754023706400,-0.0379308350938258,-0.1645794129337363,-0.3640507619791352,-0.8789779856723384,lying,karol
1672331754033706400,-0.0467686338669923,-0.1608941216894157,-0.3656807502513224,-0.8785577719870193,lying,karol
1672331754043706400,-0.0378733396225653,-0.1645629141323641,-0.3640230786872596,-0.8789950244307821,lying,karol
1672331754053706400,-0.0240685650636912,-0.1702424378559954,-0.3613769030767512,-0.8794915297428244,lying,karol
1672331754063706400,-0.0329140211095023,-0.1665948966129044,-0.3630559542159653,-0.8792119116296832,lying,karol
1672331754073706400,-0.0417486948179671,-0.1629217425929995,-0.3647075322323806,-0.8788414973167068,lying,karol
1672331754083706400,-0.032836961826678,-0.1665866620862368,-0.3630381473548,-0.8792237125341078,lying,karol
1672331754093706400,-0.0416821919046133,-0.1629151956034703,-0.3647010320396598,-0.8788485718778818,lying,karol
1672331754103706400,-0.0505282522996682,-0.1592276997346046,-0.3663225041948128,-0.8783858407744273,lying,karol
1672331754113706400,-0.0642899517585856,-0.1534616797561149,-0.3687636750401977,-0.8774907976725796,lying,karol
1672331754123706400,-0.0554121418630021,-0.1571651008161737,-0.3671683480577464,-0.8781095994994941,lying,karol
1672331754133706400,-0.0691329733382534,-0.1513934011884125,-0.3695458370414229,-0.8771527743379928,lying,karol
1672331754143706400,-0.0602482336254249,-0.1550977873474615,-0.3679565443439044,-0.877828719561096,lying,karol
1672331754153706400,-0.0513428085365856,-0.1588005046977161,-0.3663303084971284,-0.8784127061582567,lying,karol
1672331754163706400,-0.0650058666252915,-0.1530742566038826,-0.3687326731045621,-0.877518772323765,lying,karol
1672331754173706400,-0.0561114689881679,-0.1567905297521496,-0.3671433884916414,-0.8781426113235422,lying,karol
1672331754183706400,-0.0472032741910557,-0.1605152594893458,-0.3655196819414998,-0.8786709040052662,lying,karol
1672331754193706400,-0.0382874070650797,-0.164237909769219,-0.3638617244499292,-0.87910473507768,lying,karol
1672331754203706400,-0.0471159548898589,-0.1606070925262993,-0.3654864707423702,-0.878672639840389,lying,karol
1672331754213706400,-0.0333005325295766,-0.1663530049085198,-0.3629134676240128,-0.8793020528224484,lying,karol
1672331754223706400,-0.0470437385801131,-0.1606857793729779,-0.3654699046788094,-0.8786690277438584,lying,karol
1672331754233706400,-0.0607443621835929,-0.1549711468473895,-0.3679306125862905,-0.8778278223528502,lying,karol
1672331754243706400,-0.051847593605895,-0.1586818175457582,-0.3663387956566725,-0.8784010244700948,lying,karol
1672331754253706400,-0.0429490296450683,-0.1623843120150467,-0.3647133456356072,-0.8788808032143625,lying,karol
1672331754263706400,-0.0291675982497104,-0.1680938987937784,-0.3621252562019675,-0.8794427646305476,lying,karol
1672331754273706400,-0.0379973574513458,-0.164479432251785,-0.3637996976155814,-0.8790978864431247,lying,karol
1672331754283706400,-0.046817847406562,-0.1608420561171623,-0.3654337603074536,-0.878667569256629,lying,karol
1672331754293706400,-0.0330565260069019,-0.1665565622207768,-0.3628677541320637,-0.8792916411864041,lying,karol
1672331754303706400,-0.0467645890610246,-0.1608996809458576,-0.3654183250789417,-0.8786662872891318,lying,karol
1672331754313706400,-0.0604930897067594,-0.1551735824203634,-0.3678817072407103,-0.8778299590108988,lying,karol
1672331754323706400,-0.0516116496989391,-0.158881620824882,-0.3662802420630991,-0.8784032703524811,lying,karol
1672331754333706400,-0.0427039741159039,-0.1625923611690035,-0.3646358882643379,-0.8788864701706085,lying,karol
1672331754343706400,-0.0515316010133748,-0.1589374427741957,-0.3662366962099694,-0.8784160416293149,lying,karol
1672331754353706400,-0.0603552327777716,-0.1552582444994137,-0.3677995041921855,-0.8778589509388226,lying,karol
1672331754363706400,-0.0514500753165405,-0.1589777790026908,-0.3661887184239579,-0.8784335376645619,lying,karol
1672331754373706400,-0.0602762872651653,-0.1552913937767676,-0.3677509602580799,-0.8778788620150721,lying,karol
1672331754383706400,-0.0513824970837355,-0.1589973623982129,-0.3661385014149272,-0.8784548918212031,lying,karol
1672331754393706400,-0.0424777898374333,-0.1626999347409339,-0.3644893900890087,-0.8789383272892554,lying,karol
1672331754403706400,-0.0286508530791646,-0.168424950626859,-0.3618686318321344,-0.8795021303669671,lying,karol
1672331754413706400,-0.0374793606070784,-0.1648072620345069,-0.3635269407028721,-0.879171641855099,lying,karol
1672331754423706400,-0.0285548950026005,-0.1684975582374206,-0.3618208146150219,-0.8795110267113333,lying,karol
1672331754433706400,-0.0373908026402305,-0.1648703407227996,-0.3634827812859786,-0.8791818535080739,lying,karol
1672331754443706400,-0.0284773710329716,-0.1685521157007325,-0.3617807873016127,-0.8795195610223115,lying,karol
1672331754453706400,-0.0373200674109734,-0.1649084869972129,-0.3634493428034179,-0.8791915362326251,lying,karol
1672331754463706400,-0.0461651313875663,-0.161231247187264,-0.3650838415575022,-0.8787763301069113,lying,karol
1672331754473706400,-0.0598899558937073,-0.1554880454374727,-0.367553118643093,-0.8779533903751398,lying,karol
1672331754483706400,-0.0510054031680438,-0.1591660461460404,-0.3659573930988253,-0.8785218271096806,lying,karol
1672331754493706400,-0.0598423803793741,-0.155445522239777,-0.3675436645000139,-0.8779681293471362,lying,karol
1672331754503706400,-0.0509595168373947,-0.1591147108570246,-0.3659566056641431,-0.8785341248727953,lying,karol
1672331754513706400,-0.0420495701971828,-0.1627878960324,-0.3643306448734205,-0.8790084941096854,lying,karol
1672331754523706400,-0.0557630037379497,-0.1570623700497085,-0.3668338112066927,-0.8782457964057274,lying,karol
1672331754533706400,-0.0468660376064068,-0.1607404769470438,-0.3652282582645159,-0.8787691534029762,lying,karol
1672331754543706400,-0.0379656482942612,-0.1644179805298414,-0.3635872959012525,-0.8791987574904826,lying,karol
1672331754553706400,-0.0468103888944911,-0.1607591009383592,-0.3652319945694439,-0.8787671692117022,lying,karol
1672331754563706400,-0.0379081276108467,-0.1644489332849095,-0.3635883738534925,-0.879195014431835,lying,karol
1672331754573706400,-0.0516319317526834,-0.1587564441567248,-0.3661097952853985,-0.8784958832131606,lying,karol
1672331754583706400,-0.0427359572347045,-0.16244726686427,-0.36447987420862,-0.8789765729894726,lying,karol
1672331754593706400,-0.0338281195006847,-0.1661335567203223,-0.3628125990794849,-0.8793652232638457,lying,karol
1672331754603706400,-0.0475664074948875,-0.1604487318862013,-0.3653636622836202,-0.8787285818869386,lying,karol
1672331754613706400,-0.0612797794386183,-0.1547125040873579,-0.3678219145266715,-0.8778819741606966,lying,karol
1672331754623706400,-0.052387500340972,-0.1584062121434356,-0.3662312021474861,-0.8784637885342381,lying,karol
1672331754633706400,-0.0385851519376825,-0.1641250539571903,-0.363694113174637,-0.8791823773057056,lying,karol
1672331754643706400,-0.0247724566598676,-0.1698157721550346,-0.3610722234917365,-0.8796798819551578,lying,karol
1672331754653706400,-0.0385299071078897,-0.1641585615397999,-0.3636900269743338,-0.8791802445683146,lying,karol
1672331754663706400,-0.0473659409796441,-0.1604991196938972,-0.3653279594063212,-0.8787450808016747,lying,karol
1672331754673706400,-0.0610684309241076,-0.1547826257708498,-0.3677918597476776,-0.8778969632790632,lying,karol
1672331754683706400,-0.0521750459864864,-0.1584936281707108,-0.3662074070239894,-0.8784706168030166,lying,karol
1672331754693706400,-0.0432785060666046,-0.1622010222289255,-0.3645853996361107,-0.8789517913977176,lying,karol
1672331754703706400,-0.0521189150727308,-0.1585450532309104,-0.3661973668760103,-0.878468866973795,lying,karol
1672331754713706400,-0.0432142849595776,-0.1622600742639316,-0.3645644364959189,-0.8789527597984387,lying,karol
1672331754723706400,-0.034298466350535,-0.1659680117473021,-0.362889951057936,-0.8793464152753234,lying,karol
1672331754733706400,-0.0431307188623201,-0.1623434418300054,-0.3645293038446031,-0.8789560550966279,lying,karol
1672331754743706400,-0.0519695888043902,-0.1586928054528389,-0.3661321674317597,-0.8784782383155918,lying,karol
1672331754753706400,-0.0657068048071438,-0.1529595224746428,-0.368560452673287,-0.8775592451808966,lying,karol
1672331754763706400,-0.0568203154743639,-0.1566806292201383,-0.3669858967520319,-0.8781828008928708,lying,karol
1672331754773706400,-0.0429838217644219,-0.1624441693318803,-0.364471899633502,-0.8789684738031852,lying,karol
1672331754783706400,-0.0518145471892939,-0.1587896650971222,-0.3660883552945903,-0.8784881810852512,lying,karol
1672331754793706400,-0.037988086449557,-0.1645407511472252,-0.3635413347704868,-0.8791939650153902,lying,karol
1672331754803706400,-0.0517112673540531,-0.1588738691432738,-0.3660621728136535,-0.8784899644711852,lying,karol
1672331754813706400,-0.0379633127273197,-0.1645998896380527,-0.3635247670832466,-0.8791908269632189,lying,karol
1672331754823706400,-0.0516802024568362,-0.1589364664735326,-0.3660489157222901,-0.8784860053307741,lying,karol
1672331754833706400,-0.0427825030797874,-0.1626446020742048,-0.3644274697011906,-0.8789596894626768,lying,karol
1672331754843706400,-0.0338793077353654,-0.1663346500921192,-0.3627752142418578,-0.8793408081963654,lying,karol
1672331754853706400,-0.0427267816491939,-0.1626875207705705,-0.3644418029132657,-0.8789485255412012,lying,karol
1672331754863706400,-0.0338371359491502,-0.1663710286719491,-0.3627776150249771,-0.8793345688640843,lying,karol
1672331754873706400,-0.0476111995426437,-0.1606784528681614,-0.3653296937499519,-0.8786984595199688,lying,karol
1672331754883706400,-0.0387073792344382,-0.1643625534029242,-0.3636592269358785,-0.8791472130258923,lying,karol
1672331754893706400,-0.0297910853347425,-0.1680383554307285,-0.3619456893951748,-0.8795067326494173,lying,karol
1672331754903706400,-0.0386243478665188,-0.1643987995924569,-0.3635864598148659,-0.8791741924074824,lying,karol
1672331754913706400,-0.0474568734478455,-0.1607343445813083,-0.3651977759863807,-0.8787514366242465,lying,karol
1672331754923706400,-0.0562928167179329,-0.1570444972134459,-0.366781529015582,-0.8782372399183614,lying,karol
1672331754933706400,-0.0425181249325805,-0.1627624504565237,-0.3642647659162824,-0.8790181890770493,lying,karol
1672331754943706400,-0.0513627012019962,-0.1590902268584052,-0.3658782084476644,-0.8785479608487343,lying,karol
1672331754953706400,-0.0375372318220803,-0.1648144129069462,-0.363322418715963,-0.8792526385608748,lying,karol
1672331754963706400,-0.0463841803624945,-0.1611448561291213,-0.3649568654415427,-0.8788336315768351,lying,karol
1672331754973706400,-0.0325878048800001,-0.166827033092665,-0.3623815667961689,-0.8794586993958884,lying,karol
1672331754983706400,-0.0188156812470077,-0.1724640513494216,-0.3597313045084348,-0.8798617748932163,lying,karol
1672331754993706400,-0.027653797240511,-0.1688398949219842,-0.3614609709473271,-0.8796223978266834,lying,karol
1672331755003706400,-0.0365013652395612,-0.1651869195540513,-0.3631595492524254,-0.8792936476982448,lying,karol
1672331755013706400,-0.0275952379276857,-0.1688440556327125,-0.3614880407171997,-0.8796123215802791,lying,karol
1672331755023706400,-0.0413371124303173,-0.1631734538451519,-0.3641046782798798,-0.879064679227597,lying,karol
1672331755033706400,-0.0275374680234164,-0.1688553979619711,-0.3615215324100651,-0.8795981996611734,lying,karol
1672331755043706400,-0.0363769192870554,-0.1652181261244717,-0.3632229547741579,-0.879266770736976,lying,karol
1672331755053706400,-0.0500939518514728,-0.159529253846019,-0.3657753113681338,-0.8785844998344824,lying,karol
1672331755063706400,-0.0637997756963007,-0.1537867955826735,-0.3682352038530531,-0.8776920553159319,lying,karol
1672331755073706400,-0.054899584933103,-0.1574856399688157,-0.3666676229933391,-0.878294069944228,lying,karol
1672331755083706400,-0.0459989784284542,-0.1611906297757192,-0.3650568387267873,-0.8788040176084927,lying,karol
1672331755093706400,-0.0597191711600898,-0.1554903021757334,-0.3675289915498024,-0.8779750348646135,lying,karol
1672331755103706400,-0.05082595872989,-0.1592209894842578,-0.3659295660716652,-0.878534177137586,lying,karol
1672331755113706400,-0.0419158768233693,-0.1629478610562555,-0.3642889304141386,-0.8790028399545613,lying,karol
1672331755123706400,-0.0329932194924623,-0.1666564517505745,-0.362608856702705,-0.879382321915949,lying,karol
1672331755133706400,-0.0418117126057105,-0.1630306934884871,-0.3642550542749985,-0.8790064941005229,lying,karol
1672331755143706400,-0.0279796685906591,-0.1687439993061765,-0.3616359510576012,-0.8795586600232965,lying,karol
1672331755153706400,-0.036814247606348,-0.1651156293302204,-0.3633049049610665,-0.8792340365656065,lying,karol
1672331755163706400,-0.0230467400024985,-0.1707857257859411,-0.3606663194205621,-0.8797058044334805,lying,karol
1672331755173706400,-0.0318772580111382,-0.1671761045553182,-0.3623548821858686,-0.8794295597652518,lying,karol
1672331755183706400,-0.0456356853830285,-0.1615035062485356,-0.3649170538207807,-0.8788236312045052,lying,karol
1672331755193706400,-0.054478831326817,-0.1578295847407398,-0.3665111115745482,-0.878323927391293,lying,karol
1672331755203706400,-0.0406879455224184,-0.1635583157941537,-0.3639735229626617,-0.8790778620131331,lying,karol
1672331755213706400,-0.0269007470397587,-0.1692477455833488,-0.361351849220497,-0.8796123253047706,lying,karol
1672331755223706400,-0.0130583924467947,-0.174922631442657,-0.3586338529246539,-0.8799288429922406,lying,karol
1672331755233706400,-0.0218947226313838,-0.1713308383411021,-0.3603635695307423,-0.8797533326928807,lying,karol
1672331755243706400,-0.0307310271528579,-0.1677101200219525,-0.3620574948679493,-0.8794911935266237,lying,karol
1672331755253706400,-0.0218174998502213,-0.1713698515560037,-0.360341046495618,-0.879756885396921,lying,karol
1672331755263706400,-0.0306611851832653,-0.1677501378251643,-0.3620555542895137,-0.8794868068819042,lying,karol
1672331755273706400,-0.016811510785376,-0.1734429535141544,-0.3593805225246522,-0.8798534251055301,lying,karol
1672331755283706400,-0.0256370806861079,-0.1698606467456069,-0.3611142361024049,-0.8796295321380816,lying,karol
1672331755293706400,-0.0344699239396143,-0.1662530527107447,-0.362811639295057,-0.8793184721810136,lying,karol
1672331755303706400,-0.0433186074239673,-0.1626144286268858,-0.3644742250617826,-0.8789198538031623,lying,karol
1672331755313706400,-0.0294860141369294,-0.1683434434326544,-0.3618737293325136,-0.8794884869712162,lying,karol
1672331755323706400,-0.0383292204684888,-0.1647208544752868,-0.3635502589068193,-0.8791420048148153,lying,karol
1672331755333706400,-0.0471772957137566,-0.1610662261023947,-0.3651874961160997,-0.8787102022776573,lying,karol
1672331755343706400,-0.0609256658283532,-0.1553330294765932,-0.3676575487726082,-0.8778662780405868,lying,karol
1672331755353706400,-0.0520391321403016,-0.1590327247774013,-0.3660573141119646,-0.8784441557712099,lying,karol
1672331755363706400,-0.0431436283121133,-0.1627255973783919,-0.3644190888903738,-0.8789307787431918,lying,karol
1672331755373706400,-0.0519919232060167,-0.1590515430516206,-0.3660302687166262,-0.8784548226276563,lying,karol
1672331755383706400,-0.0430976363445421,-0.1627421541246438,-0.3643958921365758,-0.8789395958324987,lying,karol
1672331755393706400,-0.051941783056045,-0.159066713972665,-0.3660140101412205,-0.8784618252959019,lying,karol
1672331755403706400,-0.0430488776328707,-0.1627525040906421,-0.3643838405591691,-0.8789450745058589,lying,karol
1672331755413706400,-0.0518867388408691,-0.1590749565081116,-0.3660031127561684,-0.8784681355364027,lying,karol
1672331755423706400,-0.0429787904659032,-0.1627611180957667,-0.3643724583210854,-0.8789516377144608,lying,karol
1672331755433706400,-0.0518119870300209,-0.1590815374611637,-0.3659923036145454,-0.8784758691338997,lying,karol
1672331755443706400,-0.0429038757921695,-0.1627666346469646,-0.3643617184891766,-0.8789587381686601,lying,karol
1672331755453706400,-0.0291073354423974,-0.1684558043757301,-0.3617649454393307,-0.879524407327699,lying,karol
1672331755463706400,-0.0379462918872656,-0.1648186638692626,-0.3634424269745733,-0.8791849358821957,lying,karol
1672331755473706400,-0.0516575898544877,-0.159132663020419,-0.3659696988514925,-0.8784851389266853,lying,karol
1672331755483706400,-0.0427608459840161,-0.1628268351689983,-0.3643375015355327,-0.8789646162860812,lying,karol
1672331755493706400,-0.0516040106283553,-0.1591582257025979,-0.3659592994265976,-0.8784879997069068,lying,karol
1672331755503706400,-0.0427063271808371,-0.1628535880405119,-0.3643318862918671,-0.8789646487723636,lying,karol
1672331755513706400,-0.056459477171794,-0.1571353149206054,-0.3668380693482255,-0.8781869724851771,lying,karol
1672331755523706400,-0.047569567037826,-0.1608288091133759,-0.3652249160143364,-0.8787170799826881,lying,karol
1672331755533706400,-0.0564121595478574,-0.1571392945419225,-0.3668185598051009,-0.8781974590772876,lying,karol
1672331755543706400,-0.0475215047212198,-0.1608293143841607,-0.3652007844736031,-0.8787296255302676,lying,karol
1672331755553706400,-0.0386114912017829,-0.1645153586096117,-0.36355100704625,-0.8791679322397576,lying,karol
1672331755563706400,-0.0474393238907438,-0.1608571527989546,-0.3651898644166194,-0.8787335194586468,lying,karol
1672331755573706400,-0.0385281780302666,-0.1645492592202619,-0.3635457425042362,-0.8791674317127445,lying,karol
1672331755583706400,-0.0473674729009755,-0.1608944349781362,-0.3651901935128214,-0.8787304453455972,lying,karol
1672331755593706400,-0.0384683949932293,-0.1645882842837395,-0.3635494166650351,-0.8791612369149137,lying,karol
1672331755603706400,-0.0522071225116551,-0.1589032543779318,-0.3660852694258317,-0.8784460923037968,lying,karol
1672331755613706400,-0.0659371316188164,-0.1531714241096066,-0.3685303344759548,-0.8775180921687505,lying,karol
1672331755623706400,-0.057073704239196,-0.1568841389510955,-0.366972622339171,-0.878136017834955,lying,karol
1672331755633706400,-0.0481719064807613,-0.1605970526111275,-0.3653799336063539,-0.878662269904084,lying,karol
1672331755643706400,-0.0619007009225675,-0.1548722475584381,-0.3678603768096334,-0.8777946638697599,lying,karol
1672331755653706400,-0.053021348129823,-0.1585762039177921,-0.366284313325188,-0.8783734825752049,lying,karol
1672331755663706400,-0.0392636134674825,-0.1642951689149208,-0.363759446346758,-0.8790940733299168,lying,karol
1672331755673706400,-0.0255102078894989,-0.16998341020047,-0.3611383732494731,-0.8795998021788466,lying,karol
1672331755683706400,-0.0343467343016148,-0.1663718400796458,-0.3628081307023925,-0.8793024781461379,lying,karol
1672331755693706400,-0.0480520721447076,-0.1607056242397007,-0.3653326088115187,-0.8786686911762003,lying,karol
1672331755703706400,-0.0342661556309215,-0.1664056323157251,-0.3627435748985205,-0.8793258700815083,lying,karol
1672331755713706400,-0.0431032476587017,-0.1627524957507092,-0.364380579205304,-0.8789439271761506,lying,karol
1672331755723706400,-0.0519387169458079,-0.159080047122686,-0.3659866520699749,-0.8784711642006893,lying,karol
1672331755733706400,-0.0656758610652027,-0.1533356076449662,-0.3684235058118603,-0.8775539363685735,lying,karol
1672331755743706400,-0.0567878999213984,-0.1570487900637396,-0.3668438115836886,-0.8781790015940805,lying,karol
1672331755753706400,-0.0430452638833875,-0.1627633123108708,-0.3643352213274801,-0.8789635913763189,lying,karol
1672331755763706400,-0.0292583223349042,-0.1684606589714703,-0.3617326590296591,-0.8795319144644319,lying,karol
1672331755773706400,-0.0430055594344872,-0.1627980979300001,-0.3643180194261414,-0.878966232615979,lying,karol
1672331755783706400,-0.0567294928513268,-0.157079022673398,-0.3668121413737827,-0.8781906174333464,lying,karol
1672331755793706400,-0.0429776454798364,-0.162770782731677,-0.364307806842135,-0.8789768959715163,lying,karol
1672331755803706400,-0.0567208540926655,-0.1570356000188643,-0.3668142031660242,-0.8781980862350577,lying,karol
1672331755813706400,-0.0429625187687219,-0.1627321244787773,-0.3643179378175153,-0.8789806015126879,lying,karol
1672331755823706400,-0.0291902576559161,-0.1684068835088817,-0.3617396548577153,-0.8795416197519856,lying,karol
1672331755833706400,-0.0380263232760939,-0.1647634578735458,-0.3634332587128362,-0.8791958062212683,lying,karol
1672331755843706400,-0.0517287304609347,-0.1590628984000763,-0.3659768025684906,-0.8784908190704581,lying,karol
1672331755853706400,-0.0379479032575974,-0.1647537038870553,-0.3634551809086807,-0.879191970165383,lying,karol
1672331755863706400,-0.0290262939518199,-0.1684226370502671,-0.3617851007068819,-0.8795253581370658,lying,karol
1672331755873706400,-0.0378576384080628,-0.1647852282605101,-0.3634784943261319,-0.8791803272506283,lying,karol
1672331755883706400,-0.0466890179940847,-0.1611326455956616,-0.3651260487230889,-0.8787499196760941,lying,karol
1672331755893706400,-0.0604001293161673,-0.1554178453807501,-0.3675995512162755,-0.8779121512767012,lying,karol
1672331755903706400,-0.0515070575774365,-0.1591251833928626,-0.3660019928240461,-0.8784821052508358,lying,karol
1672331755913706400,-0.0652362349450276,-0.1533838394348522,-0.3684378649135604,-0.8775723623800363,lying,karol
1672331755923706400,-0.0563409654496438,-0.157096618043365,-0.3668527071577558,-0.878195610617874,lying,karol
1672331755933706400,-0.0474376277121425,-0.1608034176020555,-0.3652323810641948,-0.8787259765367352,lying,karol
1672331755943706400,-0.0336611478559671,-0.1665142221988095,-0.3626612759742228,-0.8793627529945518,lying,karol
1672331755953706400,-0.0424998094218029,-0.1628763059165737,-0.3643132087971227,-0.878978430804263,lying,karol
1672331755963706400,-0.0513339253461414,-0.1592100689891074,-0.3659283451789132,-0.8785075742577132,lying,karol
1672331755973706400,-0.0424242119328021,-0.1629051456447355,-0.3642884945620702,-0.878986991588104,lying,karol
1672331755983706400,-0.0561768520057932,-0.1571825846079736,-0.3667865650457402,-0.878218401086994,lying,karol
1672331755993706400,-0.0472792092249959,-0.1608661677831932,-0.3651653111265199,-0.8787509335260498,lying,karol
1672331756003706400,-0.0383699146844219,-0.1645364028308174,-0.363506571638445,-0.8791931843841001,lying,karol
1672331756013706400,-0.0520863165135445,-0.158826221423741,-0.366025045763623,-0.8784925042369899,lying,karol
1672331756023706400,-0.0431829160982818,-0.1624972049496182,-0.3643913076840578,-0.8789829589271758,lying,karol
1672331756033706400,-0.034269634585272,-0.1661683640444043,-0.3627219774972965,-0.8793796757222184,lying,karol
1672331756043706400,-0.0204904416779421,-0.1718287410749669,-0.3600745838337842,-0.8798087903387688,lying,karol
1672331756053706400,-0.0293158073184829,-0.1682239969870563,-0.3617879273593138,-0.879552705899297,lying,karol
1672331756063706400,-0.0381584331984939,-0.1645856076837513,-0.3634715287423898,-0.8792076916539301,lying,karol
1672331756073706400,-0.024374646494496,-0.1702632423554321,-0.3608589431749327,-0.8796927547835989,lying,karol
1672331756083706400,-0.0332167739391864,-0.1666432142958586,-0.3625651549595935,-0.8793949154913562,lying,karol
1672331756093706400,-0.0420601111437296,-0.1629993149102249,-0.3642331738019514,-0.8790100104025661,lying,karol
1672331756103706400,-0.0558041358469208,-0.1572896570415302,-0.3667421582607199,-0.8782415917103542,lying,karol
1672331756113706400,-0.0469137430041007,-0.1609918695671975,-0.365126474511681,-0.8787636923385339,lying,karol
1672331756123706400,-0.0606327536028381,-0.1552774956998204,-0.3675873907201578,-0.8779261571118951,lying,karol
1672331756133706400,-0.0517540336771824,-0.1589807135316217,-0.3659856346599754,-0.878500673880501,lying,karol
1672331756143706400,-0.0606045721879394,-0.1552849608828337,-0.3675585026948166,-0.8779388859137965,lying,karol
1672331756153706400,-0.0743198266419814,-0.1495096022646416,-0.3699291463037413,-0.8768911848249262,lying,karol
1672331756163706400,-0.0654515395414616,-0.153215134378905,-0.368382489168062,-0.8776091663309696,lying,karol
1672331756173706400,-0.0565688404987782,-0.1569134589171872,-0.3667989614507514,-0.8782362726430518,lying,karol
1672331756183706400,-0.0427590968153879,-0.1626399593431673,-0.3642756335814726,-0.8790252948467883,lying,karol
1672331756193706400,-0.0516012537948116,-0.1589605753379491,-0.3658834640373806,-0.8785558869768841,lying,karol
1672331756203706400,-0.0427021843981927,-0.1626466448963578,-0.3642424371200138,-0.8790405881597194,lying,karol
1672331756213706400,-0.0515416591478124,-0.1589732031364921,-0.3658513270579077,-0.8785704912728137,lying,karol
1672331756223706400,-0.0603709472696957,-0.1552781241278812,-0.3674279729202349,-0.8780108600945732,lying,karol
1672331756233706400,-0.0514688058310464,-0.1589786059520212,-0.365833354578946,-0.8785812789656217,lying,karol
1672331756243706400,-0.0425620432241575,-0.1626737165131161,-0.3642044797421436,-0.8790581226016928,lying,karol
1672331756253706400,-0.0513968059655467,-0.1590117054821681,-0.3658277152730379,-0.8785818633518968,lying,karol
1672331756263706400,-0.0602297232778287,-0.1553282249713576,-0.3674159583966952,-0.8780167484240636,lying,karol
1672331756273706400,-0.0513264894437331,-0.1590395826325811,-0.3658279105846133,-0.8785808610327726,lying,karol
1672331756283706400,-0.0650335146395457,-0.15331201235999,-0.3682699433071198,-0.8776706202486608,lying,karol
1672331756293706400,-0.0512275738720189,-0.1590712526132377,-0.3658113048105902,-0.878587829032935,lying,karol
1672331756303706400,-0.0423218344973692,-0.1627737859641988,-0.3641774149232785,-0.8790624496862358,lying,karol
1672331756313706400,-0.0334028493978232,-0.1664764956666356,-0.3625050184191045,-0.8794443545313909,lying,karol
1672331756323706400,-0.0422397556778347,-0.1628541819221587,-0.3641573022325516,-0.8790598528198835,lying,karol
1672331756333706400,-0.0559774042385607,-0.1571695531183256,-0.3666528573982108,-0.8782894756069074,lying,karol
1672331756343706400,-0.0422385048943272,-0.1628990835755513,-0.3641400646153695,-0.87905874719184,lying,karol
1672331756353706400,-0.0559839930758892,-0.1572040335244287,-0.3666285489819647,-0.8782930441742312,lying,karol
1672331756363706400,-0.0470887249155209,-0.1609084259930561,-0.3650003581029002,-0.878822142086312,lying,karol
1672331756373706400,-0.038181914976057,-0.1645979781731877,-0.3633350523417361,-0.8792609297112244,lying,karol
1672331756383706400,-0.0470171571543778,-0.1609365040634002,-0.3649591187683363,-0.8788379675443493,lying,karol
1672331756393706400,-0.0558525785954397,-0.1572410577907283,-0.3665508585863606,-0.8783272268615283,lying,karol
1672331756403706400,-0.0469528048964455,-0.1609189717752484,-0.3649351379040867,-0.8788545845925823,lying,karol
1672331756413706400,-0.0331840110086232,-0.1665967533489944,-0.3623705983869593,-0.8794853132620216,lying,karol
1672331756423706400,-0.0420414133444385,-0.1629395426979691,-0.3640254402819746,-0.8791082031201263,lying,karol
1672331756433706400,-0.0557493437834523,-0.1572400985814174,-0.366512406134182,-0.878350016820659,lying,karol
1672331756443706400,-0.0468656614256362,-0.1609258776921165,-0.3648957284102178,-0.8788743473784129,lying,karol
1672331756453706400,-0.0330607933343665,-0.1666306628656587,-0.3623226303718096,-0.8795033048598522,lying,karol
1672331756463706400,-0.0419084337431317,-0.1629762207932046,-0.363987029171237,-0.8791236711507449,lying,karol
1672331756473706400,-0.0281515627863116,-0.1686350999076467,-0.3613981657325074,-0.8796724481213853,lying,karol
1672331756483706400,-0.0370077088289271,-0.1649841353092782,-0.3630775858886528,-0.8793451498357762,lying,karol
1672331756493706400,-0.0458694267222594,-0.1613048230034406,-0.3647150627960873,-0.8789324417796905,lying,karol
1672331756503706400,-0.0320733680315255,-0.1669839225731529,-0.3621236774335573,-0.8795548181830599,lying,karol
1672331756513706400,-0.0409099514280457,-0.1633226179786819,-0.3637601346091468,-0.8792003373383447,lying,karol
1672331756523706400,-0.0271384530629163,-0.1689729418620603,-0.3611258210381545,-0.8797513088733054,lying,karol
1672331756533706400,-0.0359689728104478,-0.1653259648081728,-0.3627759010849871,-0.879448567688319,lying,karol
1672331756543706400,-0.0497012348508559,-0.159619471255232,-0.3652915586968624,-0.8787923944093926,lying,karol
1672331756553706400,-0.0407931089027835,-0.1632841873734176,-0.3636377152209544,-0.8792635538616752,lying,karol
1672331756563706400,-0.0496282371465562,-0.1596075664368873,-0.3652502313457719,-0.8788158658801891,lying,karol
1672331756573706400,-0.0358249321784745,-0.1653068864309152,-0.3626918713627615,-0.8794927038926429,lying,karol
1672331756583706400,-0.0268965456139445,-0.1689805959041687,-0.3609932309030707,-0.879811702364142,lying,karol
1672331756593706400,-0.0357284953279595,-0.1653580129364687,-0.3626758920599031,-0.8794936143081988,lying,karol
1672331756603706400,-0.0445713269240314,-0.1617033635819003,-0.3643252552336389,-0.8790876820952166,lying,karol
1672331756613706400,-0.0356616795243115,-0.1653761942850641,-0.3626711816930077,-0.8794948578834194,lying,karol
1672331756623706400,-0.021820363906923,-0.1710589712047857,-0.3600293166056419,-0.8799455835707236,lying,karol
1672331756633706400,-0.0306427240815475,-0.1674539558814723,-0.3617371735250014,-0.8796755422755544,lying,karol
1672331756643706400,-0.039480561868211,-0.163819953575913,-0.3634123652354896,-0.8793170163504552,lying,karol
1672331756653706400,-0.053241182004832,-0.1581156035776523,-0.3659424500177838,-0.8785861476402266,lying,karol
1672331756663706400,-0.0443351654897806,-0.1618080756447958,-0.3643298093250567,-0.8790784957626655,lying,karol
1672331756673706400,-0.0531644950425215,-0.1581359900470905,-0.3659477259587859,-0.8785849349599661,lying,karol
1672331756683706400,-0.0442485312773471,-0.1618218278793698,-0.364335620659099,-0.8790779315575072,lying,karol
1672331756693706400,-0.035312613328081,-0.1655013581173072,-0.362684869316052,-0.8794797934999388,lying,karol
1672331756703706400,-0.0214758449183277,-0.1711855007603412,-0.3600472089553622,-0.879922174444445,lying,karol
1672331756713706400,-0.0302892627155264,-0.1675934478440717,-0.3617509791511736,-0.8796555867109423,lying,karol
1672331756723706400,-0.0213538921290824,-0.1712865184325406,-0.3600301747725905,-0.8799124679856787,lying,karol
1672331756733706400,-0.0075330446049788,-0.1769629821505196,-0.357290942320937,-0.8801325411747736,lying,karol
1672331756743706400,-0.0163500628398195,-0.1734313304224957,-0.3590379139625016,-0.880004993733131,lying,karol
1672331756753706400,-0.0251863233385864,-0.1698632619026733,-0.3607507521049579,-0.8797919021156729,lying,karol
1672331756763706400,-0.0340049520602309,-0.166270890773957,-0.3624232740911063,-0.8794940641836224,lying,karol
1672331756773706400,-0.0250862981830237,-0.1699605743360027,-0.3607051009637953,-0.8797946945913911,lying,karol
1672331756783706400,-0.0339198720495872,-0.1663650851593931,-0.3623818153991581,-0.8794966311593098,lying,karol
1672331756793706400,-0.0476069968827165,-0.1607330523754969,-0.3649169420393029,-0.8788611378002338,lying,karol
1672331756803706400,-0.0386959222690937,-0.1644388673580136,-0.3632613605546918,-0.8792988653595344,lying,karol
1672331756813706400,-0.0297760339913684,-0.1681376085377144,-0.3615684997171111,-0.8796443543946264,lying,karol
1672331756823706400,-0.0386194557473394,-0.1645252435998415,-0.3632342292548708,-0.8792972904786623,lying,karol
1672331756833706400,-0.0474590646450873,-0.160885955544989,-0.3648621042837556,-0.8788639541312141,lying,karol
1672331756843706400,-0.0337022593811507,-0.1665856308078636,-0.362290208560572,-0.8795010278874992,lying,karol
1672331756853706400,-0.0425482805439233,-0.1629528655079182,-0.3639395253636951,-0.879117117339415,lying,karol
1672331756863706400,-0.0562739441112859,-0.1572584805195779,-0.3664306276730634,-0.8783475926934764,lying,karol
1672331756873706400,-0.0424668237663779,-0.1629919143554027,-0.3639089339662004,-0.8791264906531875,lying,karol
1672331756883706400,-0.0561724999280841,-0.1573054740347258,-0.3664104667892012,-0.8783540927508127,lying,karol
1672331756893706400,-0.0472743015884109,-0.1610068386768764,-0.3648032356624614,-0.8788762445024225,lying,karol
1672331756903706400,-0.0383676471476555,-0.1647025769108449,-0.3631620229105179,-0.8793049853684959,lying,karol
1672331756913706400,-0.0245525522434387,-0.1704031604285159,-0.3605435582685525,-0.8797904393330575,lying,karol
1672331756923706400,-0.0333938727925495,-0.1668016076238115,-0.3622542545724606,-0.8794867138067649,lying,karol
1672331756933706400,-0.0422361045887452,-0.163176066241648,-0.3639287246851671,-0.8790952912900242,lying,karol
1672331756943706400,-0.0559851367815094,-0.1574792591459182,-0.3664514212946989,-0.8783178703309567,lying,karol
1672331756953706400,-0.0697307552570949,-0.1517234898972079,-0.3688835791009552,-0.8773286156663453,lying,karol
1672331756963706400,-0.0608490095938867,-0.155437147213082,-0.3673367726788686,-0.8779882625624768,lying,karol
1672331756973706400,-0.0470663868338702,-0.1611784475300693,-0.3648582747553047,-0.8788331564152937,lying,karol
1672331756983706400,-0.0332922910870694,-0.1668822170632053,-0.3622964449931999,-0.8794579354744243,lying,karol
1672331756993706400,-0.0421383774748266,-0.1632424301870951,-0.3639696896856227,-0.8790707403263033,lying,karol
1672331757003706400,-0.0509834108836763,-0.1595736720997725,-0.3656083255918325,-0.8785957730460945,lying,karol
1672331757013706400,-0.0372007167471943,-0.1652803206070177,-0.3630758332619521,-0.8792823871030382,lying,karol
1672331757023706400,-0.0460484834049509,-0.1616168275162151,-0.3647374545521861,-0.87885675204466,lying,karol
1672331757033706400,-0.0322893099078381,-0.1672900227601778,-0.3621796097111717,-0.8794660028645737,lying,karol
1672331757043706400,-0.0411304788698109,-0.1636371284025958,-0.3638624887044196,-0.8790894965260967,lying,karol
1672331757053706400,-0.0272819178206521,-0.1693372908415835,-0.3612596637006455,-0.8796221480931175,lying,karol
1672331757063706400,-0.0134357019574109,-0.1750105346457162,-0.3585697002886273,-0.8799327617703592,lying,karol
1672331757073706400,-0.0222618343917031,-0.1714275855172048,-0.3603283194782255,-0.8797406483821558,lying,karol
1672331757083706400,-0.0084167050811283,-0.1770945080988643,-0.3576069099027555,-0.8799699522302169,lying,karol
1672331757093706400,-0.0172440705840699,-0.1735346068023383,-0.3593857716998316,-0.8798257700822948,lying,karol
1672331757103706400,-0.0309890717532772,-0.1679377955684484,-0.3620693794916398,-0.8794347543608523,lying,karol
1672331757113706400,-0.0398444719833417,-0.1643183323089031,-0.3637550925657778,-0.8790661509086982,lying,karol
1672331757123706400,-0.030949629039502,-0.1680241485622111,-0.3620845742996918,-0.8794134078092071,lying,karol
1672331757133706400,-0.0398031330851622,-0.1644115514011943,-0.3637689390290603,-0.8790448791375088,lying,karol
1672331757143706400,-0.0486486677468685,-0.1607722145294236,-0.365412957119928,-0.8785910164429336,lying,karol
1672331757153706400,-0.0348784170745275,-0.1664990884698224,-0.3628551209506511,-0.8792388327779876,lying,karol
1672331757163706400,-0.0437275866203161,-0.1628722904802581,-0.3645207741982188,-0.8788335153512749,lying,karol
1672331757173706400,-0.0298943602290359,-0.1686136791936786,-0.3619190098083248,-0.8794052679615447,lying,karol
1672331757183706400,-0.0387417242927554,-0.1650018590871757,-0.3636056058722572,-0.8790493059555224,lying,karol
1672331757193706400,-0.0524584789640798,-0.1593359581659686,-0.3661441927439648,-0.878329014224604,lying,karol
1672331757203706400,-0.0435662234825611,-0.1630506018926679,-0.3645175404142123,-0.8788098360148658,lying,karol
1672331757213706400,-0.0573396661621207,-0.1573403176511466,-0.3670356529796088,-0.8780115656326309,lying,karol
1672331757223706400,-0.0484540843752494,-0.1610575968234356,-0.3654289732312032,-0.8785428979951269,lying,karol
1672331757233706400,-0.0346843234541557,-0.1667832491423462,-0.3628658137097125,-0.8791882993419808,lying,karol
1672331757243706400,-0.0435332099373982,-0.1631546871273289,-0.3645336153783095,-0.8787855159099601,lying,karol
1672331757253706400,-0.0573066379859026,-0.1574432487626608,-0.3670530602847499,-0.877988023081644,lying,karol
1672331757263706400,-0.0484214041868758,-0.1611599251116717,-0.3654449861569518,-0.8785193033690208,lying,karol
1672331757273706400,-0.0346523723831477,-0.1668849331473892,-0.362879948798673,-0.879164459102547,lying,karol
1672331757283706400,-0.0435011331141182,-0.1632554433159469,-0.3645484732978107,-0.8787622582603859,lying,karol
1672331757293706400,-0.0572745325779058,-0.1575429045792103,-0.3670692130720678,-0.8779655182866877,lying,karol
1672331757303706400,-0.0483896290670137,-0.1612589897425182,-0.3654597966901926,-0.878496744131723,lying,karol
1672331757313706400,-0.034621279802294,-0.1669833692249951,-0.3628929462408724,-0.8791416577816967,lying,karol
1672331757323706400,-0.0434699178028717,-0.1633529879903682,-0.3645621779821028,-0.8787400198627312,lying,karol
1672331757333706400,-0.0572432744323929,-0.1576394008701944,-0.36708417608745,-0.877944009676428,lying,karol
1672331757343706400,-0.0483586840651876,-0.1613549065016952,-0.3654734674714577,-0.8784751784229063,lying,karol
1672331757353706400,-0.0345909720343116,-0.1670786732736161,-0.3629048660393382,-0.8791198527939192,lying,karol
1672331757363706400,-0.0434394900492415,-0.1634474357648842,-0.3645747897285837,-0.8787187593279606,lying,karol
1672331757373706400,-0.0572127890947378,-0.1577328506566444,-0.3670980105200552,-0.8779234574672701,lying,karol
1672331757383706400,-0.0483284952618691,-0.1614477884085455,-0.365486057654836,-0.878454566161548,lying,karol
1672331757393706400,-0.0345613763593209,-0.1671709584078141,-0.362915764788157,-0.8790990033321496,lying,karol
1672331757403706400,-0.0434097768711247,-0.1635388985243245,-0.3645863654380682,-0.8786984370173379,lying,karol
1672331757413706400,-0.0571829933380143,-0.1578233683553127,-0.3671107723428882,-0.8779038240753888,lying,karol
1672331757423706400,-0.0482989799336888,-0.1615377498550035,-0.3654976212049723,-0.878434869357361,lying,karol
1672331757433706400,-0.034532411058731,-0.1672603391271906,-0.3629256938818347,-0.8790790705280972,lying,karol
1672331757443706400,-0.0433806962975972,-0.1636274896222176,-0.364596956864304,-0.8786790153017432,lying,karol
1672331757453706400,-0.0295505985109872,-0.1693647300094097,-0.3619812614588799,-0.8792471341468691,lying,karol
1672331757463706400,-0.0383970699958619,-0.1657469970574035,-0.3636735059056861,-0.8788963524564213,lying,karol
1672331757473706400,-0.052111905873432,-0.1600749154697039,-0.3662216100833604,-0.8781832014843814,lying,karol
1672331757483706400,-0.0432217402042928,-0.1637852652459298,-0.364585338480287,-0.878662303997825,lying,karol
1672331757493706400,-0.0569933701743341,-0.1580688921062979,-0.3671128435780446,-0.8778711748919793,lying,karol
1672331757503706400,-0.0481097930403421,-0.1617819946294121,-0.3654966310053487,-0.8784007731985783,lying,karol
1672331757513706400,-0.0343427299397676,-0.1675037136373106,-0.3629201371521939,-0.8790425140776325,lying,karol
1672331757523706400,-0.0431907673702186,-0.1638696074690866,-0.3645933654377823,-0.8786448002540845,lying,karol
1672331757533706400,-0.0569622463882907,-0.1581524522379024,-0.3671219747362053,-0.8778543562919167,lying,karol
1672331757543706400,-0.0480788994655912,-0.1618650296721934,-0.3655046807341591,-0.8783838476998078,lying,karol
1672331757553706400,-0.0343122207050923,-0.1675862239823415,-0.3629266853809196,-0.8790253051588164,lying,karol
1672331757563706400,-0.0431601482211314,-0.1639514314510984,-0.3646005483864741,-0.8786280896736294,lying,karol
1672331757573706400,-0.0569314607655506,-0.1582335370345028,-0.3671302315318109,-0.8778383181610298,lying,karol
1672331757583706400,-0.0480483298318654,-0.1619456007402957,-0.3655118943055181,-0.8783676973879365,lying,karol
1672331757593706400,-0.034281995593996,-0.1676662867521137,-0.3629324443135182,-0.8790088687326928,lying,karol
1672331757603706400,-0.0431298145091893,-0.164030836388065,-0.3646069290771616,-0.8786121405684052,lying,karol
1672331757613706400,-0.0569009448945238,-0.158312244410427,-0.3671376566326161,-0.8778230302190643,lying,karol
1672331757623706400,-0.048018016154387,-0.1620238056573129,-0.3655183127277072,-0.8783522916447392,lying,karol
1672331757633706400,-0.034251987433045,-0.1677439997798434,-0.3629374528146129,-0.8789931734564005,lying,karol
1672331757643706400,-0.0430996988766711,-0.1641079191715652,-0.3646125467388119,-0.8785969226094598,lying,karol
1672331757653706400,-0.0568706312828601,-0.158388670026222,-0.3671442901819323,-0.8778084635165262,lying,karol
1672331757663706400,-0.0479878913520328,-0.1620997399822619,-0.3655239745380728,-0.8783376011777217,lying,karol
1672331757673706400,-0.0342221298985231,-0.1678194586239271,-0.3629417473378963,-0.878978189313991,lying,karol
1672331757683706400,-0.043069734826112,-0.1641827744588949,-0.3646174381956412,-0.8785824067723284,lying,karol
1672331757693706400,-0.056840453212701,-0.1584629074039622,-0.36715016989408,-0.8777945903866592,lying,karol
1672331757703706400,-0.047957889102977,-0.1621734971255999,-0.3655289158959476,-0.8783235979711753,lying,karol
1672331757713706400,-0.0341923573726474,-0.1678927566851661,-0.3629453620158246,-0.8789638875657421,lying,karol
1672331757723706400,-0.0430398565759639,-0.1642554947890513,-0.3646216379566826,-0.8785685652883246,lying,karol
1672331757733706400,-0.0568103447130456,-0.1585350479927856,-0.3671553311663635,-0.8777813843937418,lying,karol
1672331757743706400,-0.0479279438175939,-0.1622451684154915,-0.3655331706926581,-0.8783102552347369,lying,karol
1672331757753706400,-0.0341626049187982,-0.1679639852737023,-0.3629483287675502,-0.878950240696754,lying,karol
1672331757763706400,-0.0430099990353171,-0.1643261706481244,-0.3646251783231374,-0.8785553715939185,lying,karol
1672331757773706400,-0.056780240490554,-0.1586051812500963,-0.3671598071780855,-0.87776882028547,lying,karol
1672331757783706400,-0.0478979905697201,-0.1623148431796766,-0.3655367706484703,-0.8782975473555887,lying,karol
1672331757793706400,-0.0341328082140201,-0.1680332336918235,-0.3629506773934171,-0.8789372223685481,lying,karol
1672331757803706400,-0.042980097735938,-0.1643948905507401,-0.3646280894825129,-0.878542800283514,lying,karol
1672331757813706400,-0.0567500758700506,-0.158673394717361,-0.3671636289864392,-0.8777568739468226,lying,karol
1672331757823706400,-0.0478679650376096,-0.1623826088218966,-0.3655397454065224,-0.8782854498522169,lying,karol
1672331757833706400,-0.0341029034916915,-0.168100589311077,-0.3629524356666782,-0.8789248073723332,lying,karol
1672331757843706400,-0.0429500887744642,-0.1644617411158542,-0.3646303995999703,-0.8785308270637797,lying,karol
1672331757853706400,-0.0567197867551067,-0.1587397740861913,-0.3671668256214329,-0.8777455223548192,lying,karol
1672331757863706400,-0.047837803464987,-0.1624485508885775,-0.3655421226259404,-0.8782739393292536,lying,karol
1672331757873706400,-0.0340728275041194,-0.1681661376396819,-0.3629536294245691,-0.8789129715836689,lying,karol
1672331757883706400,-0.042919908774536,-0.164526807132847,-0.3646321349089791,-0.8785194287091601,lying,karol
1672331757893706400,-0.0566893094577337,-0.1588044033173353,-0.367169424151771,-0.8777347435415007,lying,karol
1672331757903706400,-0.0478074424910272,-0.1625127531883029,-0.3655439280454314,-0.8782629934391695,lying,karol
1672331757913706400,-0.0340425173524735,-0.1682299624430117,-0.3629542826288205,-0.8789016919219284,lying,karol
1672331757923706400,-0.0428894947163058,-0.1645901716811322,-0.3646333197720098,-0.8785085830234729,lying,karol
1672331757933706400,-0.0566585807587166,-0.1588673646630582,-0.3671714497896834,-0.8777245165473007,lying,karol
1672331757943706400,-0.0477768192112343,-0.1625752978147926,-0.3655451855868355,-0.8782525908367217,lying,karol
1672331757953706400,-0.0340119105505824,-0.1682921457668273,-0.3629544174681979,-0.8788909463060648,lying,karol
1672331757963706400,-0.0428587839998135,-0.1646519161518728,-0.3646339767822922,-0.87849826879549,lying,karol
1672331757973706400,-0.0566275377465533,-0.158928738779686,-0.3671729259500618,-0.877714821386975,lying,karol
1672331757983706400,-0.047745871016663,-0.1626362652598599,-0.3655459174121354,-0.8782427111436588,lying,karol
1672331757993706400,-0.0339809448638798,-0.1683527680512263,-0.3629540544125927,-0.8788807136172081,lying,karol
1672331758003706400,-0.0428277142835462,-0.164712120361135,-0.3646341268181128,-0.8784884657635486,lying,karol
1672331758013706400,-0.0565961178037335,-0.1589886047781517,-0.3671738743333292,-0.8777056390098822,lying,karol
1672331758023706400,-0.047714535580629,-0.1626957344644407,-0.3655461440048581,-0.8782333349092784,lying,karol
1672331758033706400,-0.0339495582978818,-0.1684119081821043,-0.362953212292873,-0.8788709736593684,lying,karol
1672331758043706400,-0.0427962234725184,-0.164770862600162,-0.3646337891222597,-0.8784791545767766,lying,karol
1672331758053706400,-0.0565642585559972,-0.1590470402885339,-0.3671743149975586,-0.877696951263638,lying,karol
1672331758063706400,-0.0476827508083373,-0.1627537828835627,-0.3655458842406282,-0.8782244435739605,lying,karol
1672331758073706400,-0.0339176890490117,-0.1684696435566444,-0.3629519083696151,-0.8788617071225268,lying,karol
1672331758083706400,-0.0427642496687651,-0.1648282196998192,-0.3646329813705465,-0.8784703167590626,lying,karol
1672331758093706400,-0.0565318977708615,-0.1591041215444583,-0.3671742664174535,-0.8776887408617216,lying,karol
1672331758103706400,-0.0476504547357189,-0.1628104865711103,-0.365545155444427,-0.878216019436116,lying,karol
1672331758113706400,-0.0338852754037606,-0.1685260501687902,-0.3629501583881251,-0.8788528955483531,lying,karol
1672331758123706400,-0.0427317310701022,-0.1648842671152562,-0.3646317197268537,-0.8784619346761481,lying,karol
1672331758133706400,-0.0564989733434431,-0.1591599234302993,-0.3671737455562838,-0.8776809913482275,lying,karol
1672331758143706400,-0.0476175855156413,-0.162865920227424,-0.3655439734612151,-0.8782080456171657,lying,karol
1672331758153706400,-0.0338522557264958,-0.1685812026571774,-0.3629479766476658,-0.8788445212952789,lying,karol
1672331758163706400,-0.0426986059576472,-0.1649390789727639,-0.3646300189120431,-0.8784539915011804,lying,karol
1672331758173706400,-0.0564654231902614,-0.159214519565308,-0.3671727679172085,-0.8776736870684785,lying,karol
1672331758183706400,-0.0475840813119897,-0.1629201572837363,-0.36554235270561,-0.8782005060314139,lying,karol
1672331758193706400,-0.0338185683537132,-0.1686351743902238,-0.3629453760489552,-0.8788365675070358,lying,karol
1672331758203706400,-0.0426648125896955,-0.1649927281541574,-0.3646278922515455,-0.8784464711846491,lying,karol
1672331758213706400,-0.0564311852265329,-0.1592679823522034,-0.3671713476071463,-0.8776668131368561,lying,karol
1672331758223706400,-0.0475498802773135,-0.1629732699511059,-0.3655403062245011,-0.8781933853539927,lying,karol
1672331758233706400,-0.0337841515729463,-0.1686880375154157,-0.3629423681553842,-0.8788290180805418,lying,karol
1672331758243706400,-0.0426302891803618,-0.1650452863450984,-0.3646253517363475,-0.8784393584228134,lying,karol
1672331758253706400,-0.0563961972976327,-0.1593203830436168,-0.3671694973889881,-0.8776603554081354,lying,karol
1672331758263706400,-0.0475149204845848,-0.1630253292871492,-0.3655378457478627,-0.8781866689918195,lying,karol
1672331758273706400,-0.0337489435550404,-0.1687398630265447,-0.3629389632420602,-0.8788218576360836,lying,karol
1672331758283706400,-0.0425949738315402,-0.1650968241015752,-0.3646224080720114,-0.8784326386288768,lying,karol
1672331758293706400,-0.0563603971168519,-0.1593717918049636,-0.3671672287321047,-0.8776543004497065,lying,karol
1672331758303706400,-0.0474791398652461,-0.1630764052591796,-0.3655349817379296,-0.8781803430554956,lying,karol
1672331758313706400,-0.0337128822929814,-0.1687907208272139,-0.3629351703433514,-0.87881507148851,lying,karol
1672331758323706400,-0.0425588044714203,-0.1651474109126708,-0.3646190707261864,-0.8784262979050947,lying,karol
1672331758333706400,-0.0563237222227596,-0.159422277768217,-0.3671645518637701,-0.8776486355139872,lying,karol
1672331758343706400,-0.0474424761668742,-0.163126566798244,-0.3655317234394083,-0.8781743943315853,lying,karol
1672331758353706400,-0.0336759055602528,-0.1688406797852823,-0.362930997301625,-0.8788086456191176,lying,karol
1672331758363706400,-0.0425217188126036,-0.1651971152542236,-0.3646153479772625,-0.8784203230153719,lying,karol
1672331758373706400,-0.0562861099058384,-0.1594719090974382,-0.3671614758121495,-0.8776433485134418,lying,karol
1672331758383706400,-0.0474048668800727,-0.1631758818648738,-0.3655280789211681,-0.8781688102571718,lying,karol
1672331758393706400,-0.0336379508381649,-0.1688898077990153,-0.3629264508072691,-0.8788025666493106,lying,karol
1672331758403706400,-0.0424836542791417,-0.1652460046543454,-0.3646112469544416,-0.8784147013599214,lying,karol
1672331758413706400,-0.0562474971692026,-0.1595207530393024,-0.36715800845317,-0.8776384279949856,lying,karol
1672331758423706400,-0.0473662491994794,-0.1632244174998341,-0.36552405512199,-0.8781635788941414,lying,karol
1672331758433706400,-0.033598955277477,-0.1689381718482051,-0.3629215364430671,-0.8787968218145208,lying,karol
1672331758443706400,-0.0424445479678942,-0.1652941457438333,-0.3646067736820408,-0.8784094209498454,lying,karol
1672331758453706400,-0.0562078206622591,-0.1595688759839014,-0.3671541565498651,-0.87763386311673,lying,karol
1672331758463706400,-0.04732655995767,-0.1632722398851175,-0.3655196578887137,-0.8781586889055142,lying,karol
1672331758473706400,-0.0335588556328151,-0.1689858380554721,-0.3629162587208229,-0.8787913989397259,lying,karol
1672331758483706400,-0.0424043365827192,-0.1653416043168656,-0.3646019331161792,-0.8784044703835611,lying,karol
1672331758493706400,-0.0561670166261013,-0.1596163435198484,-0.367149925791606,-0.8776296436251065,lying,karol
1672331758503706400,-0.0472857355708027,-0.1633194143992273,-0.3655148920143551,-0.8781541295322676,lying,karol
1672331758513706400,-0.0335175882086662,-0.1690328717419216,-0.3629106211180419,-0.8787862864156466,lying,karol
1672331758523706400,-0.0423629563801956,-0.1653884453860692,-0.3645967291814774,-0.8783998388237872,lying,karol
1672331758533706400,-0.0561250208417581,-0.1596632204873541,-0.3671453208316473,-0.8776257598327821,lying,karol
1672331758543706400,-0.0472437119871195,-0.1633660056704165,-0.3655097612745827,-0.878149890570968,lying,karol
1672331758553706400,-0.0334750888083833,-0.1690793374806619,-0.3629046261130573,-0.8787814731757785,lying,karol
1672331758563706400,-0.0423203431184227,-0.1654347332354469,-0.3645911648062168,-0.8783955159753257,lying,karol
1672331758573706400,-0.0560817685775191,-0.1597095710308575,-0.3671403453223662,-0.8776222025975023,lying,karol
1672331758583706400,-0.0472004246345009,-0.1634120776294707,-0.365504268461915,-0.8781459623523138,lying,karol
1672331758593706400,-0.033431292682039,-0.1691252991499194,-0.3628982752178718,-0.8787769486743167,lying,karol
1672331758603706400,-0.042276432004622,-0.1654805314729541,-0.3645852419552176,-0.8783914920637331,lying,karol
1672331758613706400,-0.0560371945279542,-0.1597554586543037,-0.3671350019468967,-0.8776189633021785,lying,karol
1672331758623706400,-0.0471558083597151,-0.1634576935651103,-0.3654984154163097,-0.8781423357208229,lying,karol
1672331758633706400,-0.0333861344660323,-0.1691708199886972,-0.3628915690073854,-0.8787727028650761,lying,karol
1672331758643706400,-0.0422311576345394,-0.1655259030856567,-0.3645789616591632,-0.8783877578150666,lying,karol
1672331758653706400,-0.055991232762796,-0.1598009462715836,-0.3671292924506713,-0.8776160338352939,lying,karol
1672331758663706400,-0.0471097973775118,-0.1635029161745556,-0.3654922030557278,-0.8781390020149362,lying,karol
1672331758673706400,-0.0333395481323487,-0.1692159626476714,-0.3628845071486606,-0.8787687261809868,lying,karol
1672331758683706400,-0.0421844539414806,-0.1655709104901329,-0.3645723240439251,-0.8783843044360943,lying,karol
1672331758693706400,-0.0559438166716395,-0.1598460962579509,-0.3671232176703042,-0.8776134065722832,lying,karol
1672331758703706400,-0.0470623252155494,-0.1635478076150432,-0.3654856314040549,-0.8781359530480417,lying,karol
1672331758713706400,-0.0332914669337945,-0.1692607892409416,-0.3628770884275774,-0.878765009514421,lying,karol
1672331758723706400,-0.0421362541413517,-0.1656156155837587,-0.3645653283573116,-0.8783811235953749,lying,karol
1672331758733706400,-0.0558948789068384,-0.1598909705014686,-0.3671167775603428,-0.8776110743577261,lying,karol
1672331758743706400,-0.047013324657488,-0.1635924295553652,-0.3654786996169045,-0.8781331810902814,lying,karol
1672331758753706400,-0.0332418233472793,-0.1693053613978231,-0.36286931077337,-0.8787615441982723,lying,karol
1672331758763706400,-0.0420864906757152,-0.1656600797960787,-0.3645579729937094,-0.8783782074050934,lying,karol
1672331758773706400,-0.0558443513287088,-0.1599356304528056,-0.3671099712187373,-0.877609030488115,lying,karol
1672331758783706400,-0.0469627276883964,-0.1636368432257445,-0.3654714060061795,-0.8781306788509536,lying,karol
1672331758793706400,-0.0331905490192698,-0.1693497403130129,-0.3628611712819392,-0.87875832198766,lying,karol
1672331758803706400,-0.042035095157068,-0.1657043641385522,-0.3645502555175112,-0.8783755484035006,lying,karol
1672331758813706400,-0.0557921649526532,-0.1599801371735577,-0.3671027969110319,-0.877607268695195,lying,karol
1672331758823706400,-0.0469104654420732,-0.1636811094662257,-0.3654637480633839,-0.8781284394614975,lying,karol
1672331758833706400,-0.0331375747133388,-0.169393986795178,-0.36285266623799,-0.8787553350422278,lying,karol
1672331758843706400,-0.041981998316177,-0.1657485292527521,-0.3645421726853605,-0.8783731395379124,lying,karol
1672331758853706400,-0.0557382498883426,-0.1600245513871997,-0.3670952520914762,-0.8776057831303041,lying,karol
1672331758863706400,-0.0468564681404149,-0.1637252887776775,-0.3654557224798496,-0.8781264564593874,lying,karol
1672331758873706400,-0.0330828302494805,-0.1694381613182297,-0.3628437911340127,-0.8787525759092308,lying,karol
1672331758883706400,-0.0419271299412185,-0.1657926354612854,-0.3645337204652902,-0.8783709741485743,lying,karol
1672331758893706400,-0.0556825352865501,-0.1600689335262461,-0.3670873334240774,-0.8776045683489393,lying,karol
1672331758903706400,-0.0468006650404361,-0.1637694413690011,-0.3654473251669556,-0.8781247237723241,lying,karol
1672331758913706400,-0.0330262444511672,-0.1694823240687611,-0.3628345406893436,-0.8787500375070247,lying,karol
1672331758923706400,-0.041870418824639,-0.1658367428148825,-0.3645248940559124,-0.8783690459528439,lying,karol
1672331758933706400,-0.0556249492806325,-0.1601133437810067,-0.3670790368011904,-0.8776036192961332,lying,karol
1672331758943706400,-0.0467429843759283,-0.1638136272059178,-0.3654385512738867,-0.8781232357031792,lying,karol
1672331758953706400,-0.0329677450870773,-0.1695265349950178,-0.3628249088667679,-0.8787477131092104,lying,karol
1672331758963706400,-0.0418117927047006,-0.1658809111410536,-0.3645156879031821,-0.8783673490300756,lying,karol
1672331758973706400,-0.055565418929973,-0.1601578421469396,-0.3670703573610915,-0.8776029312922651,lying,karol
1672331758983706400,-0.046683353301082,-0.1638579060583446,-0.3654293952044035,-0.8781219869153802,lying,karol
1672331758993706400,-0.0329072588144195,-0.1695708538545928,-0.3628148888880979,-0.8787455963292606,lying,karol
1672331759003706400,-0.041751178208621,-0.1659252000914847,-0.3645060957161376,-0.8783658778069652,lying,karol
1672331759013706400,-0.0555038701603715,-0.1602024884726961,-0.3670612895036453,-0.8776025000195156,lying,karol
1672331759023706400,-0.0466216978310425,-0.1639023375484514,-0.3654198506317153,-0.8781209724189081,lying,karol
1672331759033706400,-0.0328447111196703,-0.1696153402625777,-0.3628044732479512,-0.8787436811056759,lying,karol
1672331759043706400,-0.0416885007931336,-0.1659696691899152,-0.3644961104808573,-0.8783646270434398,lying,karol
1672331759053706400,-0.0554402277061819,-0.1602473425068882,-0.3670518269050229,-0.8776023215086954,lying,karol
1672331759063706400,-0.0465579427842151,-0.1639469811974329,-0.3654099105124283,-0.8781201875566758,lying,karol
1672331759073706400,-0.0327800262605754,-0.1696600537386139,-0.3627936537265449,-0.878741961687562,lying,karol
1672331759083706400,-0.0416236846863108,-0.1660143778789314,-0.3644857244734364,-0.8783635918189561,lying,karol
1672331759093706400,-0.0553744150501511,-0.1602924639452699,-0.3670419625307619,-0.8776023921266219,lying,karol
1672331759103706400,-0.0464920117222674,-0.1639918964726822,-0.3653995670988475,-0.8781196279914284,lying,karol
1672331759113706400,-0.0327131272059228,-0.1697050537542933,-0.3627824214008638,-0.8787404326206827,lying,karol
1672331759123706400,-0.0415566528271506,-0.1660593855671375,-0.3644749292713483,-0.8783627675192863,lying,karol
1672331759133706400,-0.0553063543631702,-0.1603379124774406,-0.3670316886476323,-0.8776027085639094,lying,karol
1672331759143706400,-0.04642382689004,-0.1640371428344786,-0.3653888119501002,-0.8781192896930475,lying,karol
1672331759153706400,-0.0326439355752973,-0.1697503997800247,-0.3627707666546849,-0.8787390887338967,lying,karol
1672331759163706400,-0.0414873268051683,-0.1661047516758,-0.3644637157636749,-0.8783621498236842,lying,karol
1672331759173706400,-0.0552359664422461,-0.1603837478337833,-0.3670209968340369,-0.8776032678232134,lying,karol
1672331759183706400,-0.0463533091536754,-0.1640827797828995,-0.365377635941805,-0.8781191689262877,lying,karol
1672331759193706400,-0.0325723715769991,-0.1697961513321251,-0.3627586791871437,-0.8787379251259951,lying,karol
1672331759203706400,-0.0414156267981201,-0.1661505356857525,-0.3644520741598849,-0.8783617346924653,lying,karol
1672331759213706400,-0.055163170649404,-0.1604300298315349,-0.3670098779895009,-0.8776040672077813,lying,karol
1672331759223706400,-0.0462803779396726,-0.1641288669038599,-0.3653660292748494,-0.878119262238823,lying,karol
1672331759233706400,-0.0324983539465392,-0.1698423680191717,-0.3627461480203691,-0.8787369371528727,lying,karol
1672331759243706400,-0.0413414715103353,-0.1661967971835631,-0.3644399939976892,-0.8783615183549071,lying,karol
1672331759253706400,-0.0550878848462413,-0.1604768184221927,-0.366998322342299,-0.8776051043105351,lying,karol
1672331759263706400,-0.046204951169595,-0.1641754639164712,-0.3653539814823044,-0.8781195664497741,lying,karol
1672331759273706400,-0.032421799881387,-0.1698891095893974,-0.3627331615053553,-0.8787361204150637,lying,karol
1672331759283706400,-0.041264778107277,-0.1662435959087803,-0.3644274641491496,-0.8783614972975509,lying,karol
1672331759293706400,-0.0550100253308271,-0.1605241737374984,-0.3669863194565164,-0.8776063770033199,lying,karol
1672331759303706400,-0.0461269451971123,-0.1642226307189807,-0.3653414814357958,-0.8781200786384241,lying,karol
1672331759313706400,-0.0323426249771878,-0.1699364359770175,-0.3627197073271624,-0.8787354707455466,lying,karol
1672331759323706400,-0.041185462151582,-0.1662909918001178,-0.3644144728261165,-0.878361668252748,lying,karol
1672331759333706400,-0.0549295067713887,-0.1605721561363213,-0.3669738582375449,-0.8776078834265852,lying,karol
1672331759343706400,-0.0460462747418502,-0.1642704274355866,-0.3653285173503159,-0.8781207961333242,lying,karol
1672331759353706400,-0.0322607431615001,-0.1699844073491145,-0.3627057725086826,-0.8787349841978344,lying,karol
1672331759363706400,-0.0411034375366113,-0.166339045042221,-0.3644010075842455,-0.8783620281875149,lying,karol
1672331759373706400,-0.0548462421388958,-0.1606208262515769,-0.3669609269364335,-0.8776096219793431,lying,karol
1672331759383706400,-0.0459628528220984,-0.1643189144632979,-0.3653150767878925,-0.8781217165016638,lying,karol
1672331759393706400,-0.0321760666258006,-0.1700330841527965,-0.3626913434131636,-0.8787346570343365,lying,karol
1672331759403706400,-0.0410186164182753,-0.1663878161127253,-0.3643870553257841,-0.8783625742926723,lying,karol
1672331759413706400,-0.0547601426389141,-0.160670245037048,-0.3669475131532101,-0.8776115913093743,lying,karol
1672331759423706400,-0.0458765906868376,-0.164368152518668,-0.3653011466602499,-0.8781228375388772,lying,karol
1672331759433706400,-0.0320885057572422,-0.1700825271620349,-0.3626764057458114,-0.8787344857149086,lying,karol
1672331759443706400,-0.0409309091465985,-0.1664373658290088,-0.364372602301439,-0.8783633039721676,lying,karol
1672331759453706400,-0.0546711176411474,-0.1607204738147708,-0.3669336038388979,-0.8776137903037191,lying,karol
1672331759463706400,-0.045787397745396,-0.1644182026851082,-0.3652867132301555,-0.8781241572585036,lying,karol
1672331759473706400,-0.0319979690673877,-0.1701327975253348,-0.362660944553957,-0.8787344668856477,lying,karol
1672331759483706400,-0.040840224194265,-0.1664877553958013,-0.3643576341108271,-0.8783642148326726,lying,karol
1672331759493706400,-0.0545790746082371,-0.1607715743223603,-0.3669191852965631,-0.877616218079366,lying,karol
1672331759503706400,-0.0456951814964212,-0.1644691264601083,-0.3652717621118196,-0.8781256738822335,lying,karol
1672331759513706400,-0.0319043631207759,-0.1701839568130841,-0.3626449442263778,-0.8787345973678206,lying,karol
1672331759523706400,-0.0407464680849916,-0.1665390464524828,-0.3643421357020827,-0.8783653046733092,lying,karol
1672331759533706400,-0.0544839190224062,-0.1608236087608632,-0.366904243181146,-0.8776188739741589,lying,karol
1672331759543706400,-0.0455998474546515,-0.164520985802996,-0.3652562782700733,-0.8781273858301529,lying,karol
1672331759553706400,-0.0318075924610574,-0.1702360670655198,-0.3626283884913535,-0.8787348741469587,lying,karol
1672331759563706400,-0.0406495453194498,-0.1665913011210266,-0.3643260913702097,-0.8783665714755625,lying,karol
1672331759573706400,-0.0543855543102806,-0.1608766398430207,-0.3668887624981703,-0.8776217575378912,lying,karol
1672331759583706400,-0.0455012990758856,-0.164573843183088,-0.3652402460184312,-0.8781292917111435,lying,karol
1672331759593706400,-0.0317075595352185,-0.1702891908411161,-0.362611260413584,-0.8787352943620755,lying,karol
1672331759603706400,-0.0405493582992944,-0.1666445820543748,-0.3643094847543111,-0.8783680133933318,lying,karol
1672331759613706400,-0.0542838817663255,-0.1609307308417719,-0.3668727276014362,-0.877624868523531,lying,karol
1672331759623706400,-0.0453994376805744,-0.1646277616280716,-0.3652236490161459,-0.8781313903134014,lying,karol
1672331759633706400,-0.0316041646163538,-0.170343391265219,-0.3625935423900853,-0.8787358552949687,lying,karol
1672331759643706400,-0.0404458072497233,-0.1666989524850786,-0.3642922988338015,-0.8783696287430776,lying,karol
1672331759653706400,-0.0541788004739364,-0.1609859456394069,-0.3668561221895408,-0.8776282068785987,lying,karol
1672331759663706400,-0.0452941623750471,-0.1646828047730372,-0.3652064702640877,-0.8781336805950806,lying,karol
1672331759673706400,-0.0314973057239256,-0.1703987320793771,-0.362575216144878,-0.8787365543596137,lying,karol
1672331759683706400,-0.0403387901395133,-0.1667544762746592,-0.3642745159234249,-0.8783714159940801,lying,karol
1672331759693706400,-0.0540702072243557,-0.1610423487773156,-0.3668389293012825,-0.8776317727366671,lying,karol
1672331759703706400,-0.0451853699705911,-0.1647390369100849,-0.3651886920995112,-0.8781361616750287,lying,karol
1672331759713706400,-0.0313868785423938,-0.1704552776910151,-0.3625562627226527,-0.8787373890915675,lying,karol
1672331759723706400,-0.0402282025994183,-0.1668112179633263,-0.3642561176672562,-0.8783733737587214,lying,karol
1672331759733706400,-0.0539579964339817,-0.1611000055061016,-0.3668211313100645,-0.8776355664088988,lying,karol
1672331759743706400,-0.0450729549009023,-0.1647965230382999,-0.3651702961898247,-0.878138832823544,lying,karol
1672331759753706400,-0.0312727763376275,-0.1705130932237075,-0.3625366624813243,-0.8787383571373942,lying,karol
1672331759763706400,-0.0401139378383545,-0.1668692428203123,-0.3642370850316068,-0.8783755007828101,lying,karol
1672331759773706400,-0.0538420600591221,-0.1611589818364716,-0.3668027099171511,-0.8776395883756667,lying,karol
1672331759783706400,-0.0449568091369977,-0.164855328914487,-0.3651512635252104,-0.8781416934531852,lying,karol
1672331759793706400,-0.0311548898702127,-0.170572244568431,-0.3625163950833225,-0.878739456244114,lying,karol
1672331759803706400,-0.0399958865564618,-0.1669286168952076,-0.3642173982966764,-0.8783777959359518,lying,karol
1672331759813706400,-0.0537222875076935,-0.1612193445911217,-0.3667836461436985,-0.8776438392782508,lying,karol
1672331759823706400,-0.0448368220990767,-0.1649155211048933,-0.3651315744100181,-0.8781447431096219,lying,karol
1672331759833706400,-0.0310331073072072,-0.1706327984351636,-0.3624954394859211,-0.8787406842485558,lying,karol
1672331759843706400,-0.0398739368565998,-0.1669894070696626,-0.364197037047251,-0.8783802582018403,lying,karol
1672331759853706400,-0.0535985655495487,-0.1612811614569241,-0.366763920321879,-0.8776483199104621,lying,karol
1672331759863706400,-0.0447128805670039,-0.1649771670372262,-0.3651112084532523,-0.8781479814623943,lying,karol
1672331759873706400,-0.0309073141309082,-0.1706948224054368,-0.3624737739303558,-0.8787420390666674,lying,karol
1672331759883706400,-0.039747974152852,-0.1670516811100599,-0.3641759801622048,-0.8783828866685315,lying,karol
1672331759893706400,-0.0534707782232433,-0.1613445010383416,-0.3667435120847158,-0.8776530312103098,lying,karol
1672331759903706400,-0.0445848685872554,-0.1650403350538827,-0.3650901445577701,-0.8781514082956795,lying,karol
1672331759913706400,-0.0307773930453171,-0.1707583849855659,-0.3624513759298656,-0.8787435186826986,lying,karol
1672331759923706400,-0.0396178810767161,-0.1671155077208826,-0.3641542058029338,-0.8783856805186089,lying,karol
1672331759933706400,-0.0533388067408455,-0.1614094329114079,-0.3667224003549303,-0.877657974251563,lying,karol
1672331759943706400,-0.0444526673778806,-0.1651050944657457,-0.3650683609084822,-0.8781550234989258,lying,karol
1672331759953706400,-0.0306432238782704,-0.1708235556614124,-0.3624282222562855,-0.8787451211383219,lying,karol
1672331759963706400,-0.0394835373789402,-0.1671809565996425,-0.3641316914003583,-0.8783886390193275,lying,karol
1672331759973706400,-0.0532025293880903,-0.1614760276794167,-0.3667005633323254,-0.877663150235363,lying,karol
1672331759983706400,-0.0443161552288638,-0.1651715156076605,-0.3650458349590924,-0.8781588270574884,lying,karol
1672331759993706400,-0.0305046834832951,-0.1708904049530067,-0.362404288925965,-0.8787468445214535,lying,karol
1672331760003706400,-0.0393448198310814,-0.1672480984916763,-0.3641084136412552,-0.8783917615124585,lying,karol
1672331760013706400,-0.0530618214243938,-0.1615443570284299,-0.3666779784805229,-0.8776685604815158,lying,karol
1672331760023706400,-0.0441752074022954,-0.1652396698937437,-0.3650225434181849,-0.8781628190429399,lying,karol
1672331760033706400,-0.0303616456352573,-0.1709590044714951,-0.3623795511839019,-0.8787486869550276,lying,karol
1672331760043706400,-0.0392016021208304,-0.167317005247301,-0.3640843484528262,-0.8783950474041436,lying,karol
1672331760053706400,-0.0529165549762383,-0.1616144937853414,-0.3666546225118993,-0.8776742064198986,lying,karol
1672331760063706400,-0.0440296960259584,-0.1653096298752185,-0.3649984622334983,-0.8781669996034278,lying,karol
1672331760073706400,-0.0302139809246117,-0.1710294269764325,-0.3623539834869978,-0.8787506465854391,lying,karol
1672331760083706400,-0.0390537547459297,-0.167387749879329,-0.3640594709863978,-0.8783984961544322,lying,karol
1672331760093706400,-0.0527665989294566,-0.1616865119761827,-0.3666304713717141,-0.8776800895815373,lying,karol
1672331760103706400,-0.0438794899858302,-0.1653814692984801,-0.3649735665753992,-0.878171368953682,lying,karol
1672331760113706400,-0.0300615566484499,-0.1711017464341746,-0.3623275594861065,-0.8787527215707059,lying,karol
1672331760123706400,-0.0389011449048686,-0.1674604066217031,-0.3640337555999224,-0.8784021072665648,lying,karol
1672331760133706400,-0.0526118188177707,-0.1617604868857847,-0.366605500220959,-0.87768621158949,lying,karol
1672331760143706400,-0.0437244548147989,-0.1654552631645248,-0.364947830819055,-0.8781759273647937,lying,karol
1672331760153706400,-0.0299042366971493,-0.1711760380778682,-0.3623002520066424,-0.8787549100683564,lying,karol
1672331760163706400,-0.038743636383161,-0.1675350509897575,-0.3640071758390578,-0.8784058802760221,lying,karol
1672331760173706400,-0.0524520767073134,-0.1618364951189209,-0.3665796834178833,-0.8776925741495283,lying,karol
1672331760183706400,-0.0435644525774296,-0.1655310877898248,-0.3649212285252879,-0.8781806751537438,lying,karol
1672331760193706400,-0.029741881429082,-0.1712523784721913,-0.3622720330263363,-0.8787572102233802,lying,karol
1672331760203706400,-0.0385810894276725,-0.1676117598452708,-0.3639797044154455,-0.8784098147397532,lying,karol
1672331760213706400,-0.0522872310685176,-0.1619146146665787,-0.3665529944966618,-0.8776991790411963,lying,karol
1672331760223706400,-0.0433993417420656,-0.1656090208723248,-0.3648937324185198,-0.87818561267318,lying,karol
1672331760233706400,-0.0295743480006502,-0.1713308453887195,-0.3622428737382521,-0.8787596201330761,lying,karol
1672331760243706400,-0.0384133610763532,-0.1676906112707474,-0.3639513132683236,-0.8784139101978184,lying,karol
1672331760253706400,-0.0521171371091524,-0.1619949247771691,-0.366525406227467,-0.8777060280739104,lying,karol
1672331760263706400,-0.0432289775147457,-0.1656891413626547,-0.3648653144480656,-0.8781907402709973,lying,karol
1672331760273706400,-0.0569895664572826,-0.1599495601053291,-0.3674181799912795,-0.8774049987795173,lying,karol
1672331760283706400,-0.048107751813661,-0.1636469966424412,-0.3657784184045399,-0.8779400833522604,lying,karol
1672331760293706400,-0.0343439524900231,-0.169354633551285,-0.3631686520445619,-0.8785871505458162,lying,karol
1672331760303706400,-0.0431844832498261,-0.1656993439465791,-0.364857006272404,-0.8781944864294458,lying,karol
1672331760313706400,-0.0569441064907805,-0.1599603453025552,-0.3674099137552073,-0.8774094759175819,lying,karol
1672331760323706400,-0.0480620667036313,-0.1636577975440268,-0.3657700808040937,-0.87794407613198,lying,karol
1672331760333706400,-0.0342971819522323,-0.1693657528708665,-0.3631600158487422,-0.8785904341751686,lying,karol
1672331760343706400,-0.0431375677913341,-0.1657106496069342,-0.3648485126653784,-0.8781982179556977,lying,karol
1672331760353706400,-0.0568961963103055,-0.1599722500539053,-0.3674014715983129,-0.8774139789068304,lying,karol
1672331760363706400,-0.0480139298103348,-0.163669718378838,-0.3657615532399796,-0.8779480707596699,lying,karol
1672331760373706400,-0.0342479309943299,-0.1693780024514215,-0.3631511641030022,-0.8785936829742942,lying,karol
1672331760383706400,-0.0430881702221639,-0.165723089720994,-0.3648398121852401,-0.8782019403892799,lying,karol
1672331760393706400,-0.0568457742498975,-0.1599853064344492,-0.3673928325093041,-0.8774185142395127,lying,karol
1672331760403706400,-0.047963279400227,-0.163682791023661,-0.3657528144683524,-0.8779520730606292,lying,karol
1672331760413706400,-0.0341961369577909,-0.1693914141956744,-0.3631420749911725,-0.8785969017777923,lying,karol
1672331760423706400,-0.0430362279136458,-0.1657366964364835,-0.3648308834257218,-0.8782056591520628,lying,karol
1672331760433706400,-0.0567927768968083,-0.1599995473037246,-0.3673839755143546,-0.8774230883192677,lying,karol
1672331760443706400,-0.0479100519928775,-0.163697048141461,-0.3657438432712636,-0.8779560887550916,lying,karol
1672331760453706400,-0.0341417354204097,-0.1694060208011575,-0.3631327267032471,-0.878600095288776,lying,karol
1672331760463706400,-0.0429816764698495,-0.1657515026975392,-0.364821704990887,-0.878209379553448,lying,karol
1672331760473706400,-0.0567371390555436,-0.1600150063239474,-0.3673748796561849,-0.8774277074661065,lying,karol
1672331760483706400,-0.0478541823249895,-0.1637125231993799,-0.3657346184356922,-0.8779601234627812,lying,karol
1672331760493706400,-0.0340846601596203,-0.1694218557781437,-0.3631230974141127,-0.8786032680827665,lying,karol
1672331760503706400,-0.0429244496909359,-0.1657675422628756,-0.3648122554741658,-0.8782131067945699,lying,karol
1672331760513706400,-0.0566787937046039,-0.160031717981283,-0.3673655239722253,-0.8774323779214007,lying,karol
1672331760523706400,-0.047795603307135,-0.1637292504897838,-0.3657251187316264,-0.8779641827074027,lying,karol
1672331760533706400,-0.0340248431082519,-0.1694389534707344,-0.3631131652612203,-0.8786064246114152,lying,karol
1672331760543706400,-0.0428644795288734,-0.1657848497271518,-0.3648025134363473,-0.8782168459724055,lying,karol
1672331760553706400,-0.0566176719503389,-0.160049717608367,-0.3673558874726783,-0.8774371058526695,lying,karol
1672331760563706400,-0.0477342459775924,-0.1637472651525673,-0.3657153228900235,-0.877968271920898,lying,karol
1672331760573706400,-0.0339622143075104,-0.1694573490791543,-0.3631029083221349,-0.8786095692059435,lying,karol
1672331760583706400,-0.0428016960404092,-0.1658034605435342,-0.3647924573834649,-0.878220602083627,lying,karol
1672331760593706400,-0.0565537029831489,-0.1600690414059058,-0.3673459491194487,-0.8774418973578967,lying,karol
1672331760603706400,-0.0476700394585482,-0.1637666031965372,-0.3657052095816459,-0.877972396447262,lying,karol
1672331760613706400,-0.0338967018623637,-0.169477078681121,-0.3630923045929697,-0.8786127060801687,lying,karol
1672331760623706400,-0.042736027342428,-0.1658234110453258,-0.3647820657455469,-0.8782243800280213,lying,karol
1672331760633706400,-0.0564868140263709,-0.1600897264673557,-0.3673356878040856,-0.8774467584698483,lying,karol
1672331760643706400,-0.0476029109049654,-0.163787301523878,-0.3656947573948693,-0.8779765615462857,lying,karol
1672331760653706400,-0.0338282318894328,-0.1694981792563519,-0.3630813319657145,-0.8786158393333521,lying,karol
1672331760663706400,-0.0426673995597983,-0.1658447384707581,-0.3647713168542892,-0.8782281846118064,lying,karol
1672331760673706400,-0.0564169302903038,-0.1601118108015291,-0.367325082327082,-0.8774516951597899,lying,karol
1672331760683706400,-0.0475327854586202,-0.1638093979525426,-0.3656839448148694,-0.8779807723967495,lying,karol
1672331760693706400,-0.0337567284699616,-0.1695206887090528,-0.3630699682069434,-0.8786189729525777,lying,karol
1672331760703706400,-0.0425957367783106,-0.1658674809857361,-0.3647601889220834,-0.8782320205504324,lying,karol
1672331760713706400,-0.0563439749167014,-0.1601353333591977,-0.3673141113757279,-0.8774567133413123,lying,karol
1672331760723706400,-0.0474595861925964,-0.1638329312426384,-0.3656727502013176,-0.8779850340996339,lying,karol
1672331760733706400,-0.0336821135936361,-0.1695446458942211,-0.3630581909350415,-0.8786221108149751,lying,karol
1672331760743706400,-0.0425209609884344,-0.165891677710432,-0.3647486600195943,-0.8782358924713145,lying,karol
1672331760753706400,-0.0562678689276843,-0.1601603340579238,-0.3673027535031399,-0.8774618188735703,lying,karol
1672331760763706400,-0.0473832340602005,-0.1638579411210474,-0.3656611517672646,-0.8779893516807871,lying,karol
1672331760773706400,-0.0336043071061832,-0.1695700906424664,-0.363045977598516,-0.8786252566894998,lying,karol
1672331760783706400,-0.0424429920328509,-0.165917368744381,-0.3647367080544025,-0.8782398049160924,lying,karol
1672331760793706400,-0.0561885311689479,-0.1601868538093062,-0.3672909871065337,-0.8774670175644468,lying,karol
1672331760803706400,-0.0473036478381813,-0.1638844683084566,-0.3656491275572412,-0.8779937300934597,lying,karol
1672331760813706400,-0.0335232266518431,-0.1695970637869947,-0.3630333054535874,-0.878628414238453,lying,karol
1672331760823706400,-0.0423617475488699,-0.1659445951937457,-0.3647243107489476,-0.878243762342678,lying,karol
1672331760833706400,-0.0561058782517457,-0.1602149345467899,-0.3672787904055636,-0.8774723151733902,lying,karol
1672331760843706400,-0.0472207440687355,-0.1639125545469484,-0.365636655425418,-0.8779981742205047,lying,karol
1672331760853706400,-0.0334387876141427,-0.1696256071913576,-0.3630201515417333,-0.8786315870186723,lying,karol
1672331760863706400,-0.0422771429091038,-0.1659733991993622,-0.364711445618421,-0.8782477691269935,lying,karol
1672331760873706400,-0.0560198244938407,-0.1602446192539611,-0.3672661414207513,-0.8774777174139303,lying,karol
1672331760883706400,-0.0471344370004735,-0.1639422426280821,-0.3656237130138445,-0.8780026888762432,lying,karol
1672331760893706400,-0.0333509030558568,-0.1696557637775991,-0.3630064926673385,-0.8786347784823538,lying,karol
1672331760903706400,-0.0421890911613539,-0.166003823965171,-0.36469808994877,-0.8782518295643514,lying,karol
1672331760913706400,-0.0559302818569626,-0.1602759519943449,-0.3672530179515169,-0.8774832299559776,lying,karol
1672331760923706400,-0.0470446385259028,-0.1639735764224718,-0.3656102777302727,-0.8780072788080813,lying,karol
1672331760933706400,-0.0332594836555207,-0.1696875775558801,-0.3629923053749058,-0.8786379919775619,lying,karol
1672331760943706400,-0.0420975029650072,-0.166035913788148,-0.3646842207742686,-0.8782559478705552,lying,karol
1672331760953706400,-0.0558371598821254,-0.1603089779421475,-0.3672393975540486,-0.8774888584278211,lying,karol
1672331760963706400,-0.0469512581167768,-0.1640066009103079,-0.3655963267258078,-0.878011948697803,lying,karol
1672331760973706400,-0.0331644376413576,-0.1697210936552327,-0.3629775659259865,-0.8786412307483996,lying,karol
1672331760983706400,-0.0420022865248724,-0.1660697140893559,-0.3646698148548187,-0.8782601281826887,lying,karol
1672331760993706400,-0.0557403656237316,-0.1603437434135631,-0.3672252575191717,-0.8774946084177914,lying,karol
1672331761003706400,-0.0468542027582406,-0.1640413622124391,-0.3655818368725516,-0.8780167031625186,lying,karol
1672331761013706400,-0.0330656707245483,-0.1697563583546489,-0.3629622502761907,-0.8786444979347815,lying,karol
1672331761023706400,-0.0419033475243061,-0.16610527144535,-0.3646548486533255,-0.8782643745595174,lying,karol
1672331761033706400,-0.0556398035795655,-0.1603802958998398,-0.3672105748496479,-0.8775004854756975,lying,karol
1672331761043706400,-0.0467533768788548,-0.1640779076232168,-0.3655667847406508,-0.8780215467553429,lying,karol
1672331761053706400,-0.0329630860277518,-0.1697934191161851,-0.3629463340514486,-0.8786477965718946,lying,karol
1672331761063706400,-0.0418005890536113,-0.1661426336215986,-0.3646392983123427,-0.8782686909816213,lying,karol
1672331761073706400,-0.0555353756192699,-0.1604186841010393,-0.3671953262373782,-0.8775064951139127,lying,karol
1672331761083706400,-0.0466486822791256,-0.1641162856440232,-0.3655511465752452,-0.8780264839657105,lying,karol
1672331761093706400,-0.0328565840126536,-0.1698323246185328,-0.3629297925242513,-0.8786511295892407,lying,karol
1672331761103706400,-0.0416939115374359,-0.1661818496063798,-0.3646231396306984,-0.8782730813511254,lying,karol
1672331761113706400,-0.0554269809097206,-0.1604589579611401,-0.3671794880401912,-0.8775126428081634,lying,karol
1672331761123706400,-0.0465400180569339,-0.1641565460181426,-0.3655348982729832,-0.878031519219361,lying,karol
1672331761133706400,-0.0327460624040111,-0.1698731247920943,-0.3629126005893562,-0.8786544998093105,lying,karol
1672331761143706400,-0.0415832126586571,-0.1662229696461925,-0.3646063480395914,-0.8782775494910915,lying,karol
1672331761153706400,-0.0553145158381075,-0.1605011687041568,-0.3671630362583518,-0.877518933997971,lying,karol
1672331761163706400,-0.0464272805306825,-0.1641987397666411,-0.3655180153582465,-0.8780366568779548,lying,karol
1672331761173706400,-0.0326314161114865,-0.1699158708550352,-0.3628947327391877,-0.8786579099458413,lying,karol
1672331761183706400,-0.041468387280049,-0.1662660452821487,-0.3645888985783955,-0.8782820991445228,lying,karol
1672331761193706400,-0.0551978739317009,-0.1605453688716944,-0.3671459465105783,-0.8775253740867821,lying,karol
1672331761203706400,-0.0463103631591156,-0.1642429192256866,-0.3655004729588647,-0.8780419012383454,lying,karol
1672331761213706400,-0.0325125371478027,-0.1699606153509145,-0.362876163038634,-0.8786613626016841,lying,karol
1672331761223706400,-0.0413493273622371,-0.1663111293879632,-0.3645707658698619,-0.8782867339730085,lying,karol
1672331761233706400,-0.0550769457747354,-0.1605916123617641,-0.3671281940096359,-0.87753196844175,lying,karol
1672331761243706400,-0.0461891564582922,-0.1642891380851124,-0.3654822457813955,-0.8780472565314719,lying,karol
1672331761253706400,-0.0323893145448033,-0.1700074121872429,-0.3628568650995214,-0.8786648602662038,lying,karol
1672331761263706400,-0.041225921879573,-0.1663582762088676,-0.3645519240950143,-0.8782914575549281,lying,karol
1672331761273706400,-0.0549516189222759,-0.160639954468913,-0.3671097535374537,-0.8775387223931422,lying,karol
1672331761283706400,-0.0460635479155315,-0.1643374514282976,-0.3654633080859112,-0.8780527269208471,lying,karol
1672331761293706400,-0.0322616342656807,-0.1700563166756838,-0.3628368120544139,-0.8786684053122478,lying,karol
1672331761303706400,-0.0410980567321277,-0.1664075414021932,-0.3645323469673721,-0.8782962733832606,lying,karol
1672331761313706400,-0.0548217778109679,-0.160690451925712,-0.3670905994197339,-0.8775456412333658,lying,karol
1672331761323706400,-0.0459334219002548,-0.164387915773397,-0.3654436336602636,-0.8780583165006327,lying,karol
1672331761333706400,-0.0321293791140266,-0.1701073855736292,-0.3628159765298483,-0.878671999992654,lying,karol
1672331761343706400,-0.0409656146545247,-0.166458982079326,-0.3645120077066246,-0.878301184862963,lying,karol
1672331761353706400,-0.0546873036660711,-0.1607431629458517,-0.3670707054999243,-0.8775527302156281,lying,karol
1672331761363706400,-0.04579865957112,-0.1644405891161741,-0.3654231957936945,-0.8780640292933138,lying,karol
1672331761373706400,-0.03199242864003,-0.1701606771270142,-0.3627943306190399,-0.8786756464362376,lying,karol
1672331761383706400,-0.0408284751218772,-0.1665126568489242,-0.3644908790117815,-0.8783061953078609,lying,karol
1672331761393706400,-0.0545480744055364,-0.1607981472685305,-0.367050045112667,-0.877559994552143,lying,karol
1672331761403706400,-0.0456591387802167,-0.1644955309741143,-0.3654019672499091,-0.878069869246885,lying,karol
1672331761413706400,-0.0318506590416761,-0.1702162511152606,-0.362771845853636,-0.8786793466433387,lying,karol
1672331761423706400,-0.0406865142507103,-0.166568625862278,-0.3644689330333846,-0.878311307937145,lying,karol
1672331761433706400,-0.0544039645391841,-0.1608554662049472,-0.3670285910563584,-0.8775674394120043,lying,karol
1672331761443706400,-0.0455147339723556,-0.1645528024326427,-0.3653799202392377,-0.8780758402316562,lying,karol
1672331761453706400,-0.0317039430645977,-0.1702741688968333,-0.3627484931751797,-0.8786831024807092,lying,karol
1672331761463706400,-0.0405396046985392,-0.1666269508592843,-0.3644461413454387,-0.8783165258712229,lying,karol
1672331761473706400,-0.0542548450664268,-0.1609151826854534,-0.3670063155654105,-0.8775750699184279,lying,karol
1672331761483706400,-0.0453653160829414,-0.1646124661919834,-0.3653570263904943,-0.8780819460364108,lying,karol
1672331761493706400,-0.0315521498956918,-0.1703344934574382,-0.3627242429053495,-0.8786869156759716,lying,karol
1672331761503706400,-0.0403876155571559,-0.166687695217096,-0.3644224749161299,-0.8783218521272051,lying,karol
1672331761513706400,-0.0541005833672946,-0.1609773613095657,-0.3669831902812571,-0.8775828911457263,lying,karol
1672331761523706400,-0.0452107524291288,-0.1646745866168792,-0.3653332567215466,-0.8780881903642305,lying,karol
1672331761533706400,-0.031395145054049,-0.1703972894593864,-0.3626990647156066,-0.878690787811403,lying,karol
1672331761543706400,-0.0402304122432444,-0.1667509239999386,-0.3643979040779696,-0.878327289613741,lying,karol
1672331761553706400,-0.0539410430912038,-0.1610420683969752,-0.3669591862228757,-0.8775909081156426,lying,karol
1672331761563706400,-0.0450509065987505,-0.1647392297872955,-0.3653085816093947,-0.8780945768276531,lying,karol
1672331761573706400,-0.0312327902776558,-0.1704626232927678,-0.3626729275959524,-0.8786947203171119,lying,karol
1672331761583706400,-0.0400678563847116,-0.1668167040107641,-0.3643723984970502,-0.8783328411252903,lying,karol
1672331761593706400,-0.0537760840408786,-0.1611093720406363,-0.3669342737563352,-0.8775991257931963,lying,karol
1672331761603706400,-0.0448856383344228,-0.1648064635511867,-0.3652829707592555,-0.8781011089432937,lying,karol
1672331761613706400,-0.0310649434050211,-0.1705305631287781,-0.3626457998225973,-0.8786987144635912,lying,karol
1672331761623706400,-0.0398998057019381,-0.166885103845073,-0.3643459271412362,-0.8783385093358209,lying,karol
1672331761633706400,-0.0536055620514777,-0.1611793421619183,-0.3669084225633601,-0.8776075490819998,lying,karol
1672331761643706400,-0.0447148034128558,-0.164876357579321,-0.3652563931726413,-0.8781077901258877,lying,karol
1672331761653706400,-0.0308914582498168,-0.1706011789760017,-0.3626176489241686,-0.8787027713537079,lying,karol
1672331761663706400,-0.0397261138820175,-0.1669561939477174,-0.3643184582469171,-0.8783442967920129,lying,karol
1672331761673706400,-0.0534293288621741,-0.1612520505689781,-0.3668816016083925,-0.8776161828191983,lying,karol
1672331761683706400,-0.0445382535166277,-0.1649489834233121,-0.365228817113905,-0.8781146236818778,lying,karol
1672331761693706400,-0.0307121844766655,-0.1706745427362685,-0.3625884416479513,-0.878706891913655,lying,karol
1672331761703706400,-0.0395466304540979,-0.1670300466692892,-0.3642899592857793,-0.8783502059054097,lying,karol
1672331761713706400,-0.0532472319891564,-0.1613275710145726,-0.3668537791057192,-0.8776250317693032,lying,karol
1672331761723706400,-0.0443558361074052,-0.1650244145730818,-0.3652002100768539,-0.8781216128019126,lying,karol
1672331761733706400,-0.0581128863798635,-0.1592782464967123,-0.3677426533902391,-0.877318610780407,lying,karol
1672331761743706400,-0.0492278891331533,-0.1629783225095669,-0.3661094697533843,-0.8778654920842123,lying,karol
1672331761753706400,-0.0354625244736691,-0.168689974487976,-0.3635101849671557,-0.8785304464845014,lying,karol
1672331761763706400,-0.0442983913836842,-0.1650306275939736,-0.3651915319202393,-0.8781269845524454,lying,karol
1672331761773706400,-0.0580542157622896,-0.159285255956619,-0.3677339042692409,-0.8773249203266613,lying,karol
1672331761783706400,-0.0491689446985305,-0.1629854425969871,-0.3661006844709646,-0.8778711679495105,lying,karol
1672331761793706400,-0.035402183810864,-0.1686976112256181,-0.3635011039295698,-0.8785352016280225,lying,karol
1672331761803706400,-0.0442378919003332,-0.1650385527995179,-0.3651825504918967,-0.8781323106100833,lying,karol
1672331761813706400,-0.0579924563064656,-0.1592939958437083,-0.3677248694975766,-0.877331235489926,lying,karol
1672331761823706400,-0.0491069108438614,-0.1629942901015826,-0.3660915927697643,-0.8778768195605401,lying,karol
1672331761833706400,-0.035338720829648,-0.1687069838326512,-0.3634916799027969,-0.87853988661776,lying,karol
1672331761843706400,-0.044174268750174,-0.1650482171131,-0.3651732404584353,-0.8781375992329439,lying,karol
1672331761853706400,-0.0579275380045603,-0.159304494069716,-0.3677155240679661,-0.8773375655926258,lying,karol
1672331761863706400,-0.0490417174391337,-0.1630048927717083,-0.3660821694888228,-0.8778824554587206,lying,karol
1672331761873706400,-0.0352720642306785,-0.168718120170747,-0.3634818872156694,-0.8785445088444401,lying,karol
1672331761883706400,-0.0441074506533911,-0.1650596487602816,-0.3651635765478758,-0.8781428584586749,lying,karol
1672331761893706400,-0.0578593886393985,-0.1593167797774203,-0.367705843080328,-0.8773439197667656,lying,karol
1672331761903706400,-0.0489732921465718,-0.1630172795873385,-0.3660723895563497,-0.8778880839750213,lying,karol
1672331761913706400,-0.0352021404888523,-0.1687310493422568,-0.3634717002567636,-0.8785490754554786,lying,karol
1672331761923706400,-0.0440373640997157,-0.1650728772067281,-0.3651535335547335,-0.8781480961063559,lying,karol
1672331761933706400,-0.0577879337263306,-0.1593308833616889,-0.3676958017083695,-0.8773503069635361,lying,karol
1672331761943706400,-0.0489015603624257,-0.1630314807808487,-0.3660622279563282,-0.8778937132388619,lying,karol
1672331761953706400,-0.0351288737938797,-0.1687458017109843,-0.3634610934406481,-0.878553593362803,lying,karol
1672331761963706400,-0.0439639332889963,-0.1650879331794441,-0.3651430863066742,-0.8781533197848055,lying,karol
1672331761973706400,-0.0577130964665756,-0.1593468364860469,-0.3676853751691332,-0.8773567359617241,lying,karol
1672331761983706400,-0.0488264451702767,-0.163047527853322,-0.3660516596981131,-0.8778993511859369,lying,karol
1672331761993706400,-0.035052186002353,-0.1687624089185326,-0.3634500411771776,-0.8785580692497897,lying,karol
1672331762003706400,-0.0438870800832526,-0.1651048486835389,-0.3651322096341628,-0.878158536899893,lying,karol
1672331762013706400,-0.0576347976972276,-0.1593646721008713,-0.3676745386926706,-0.8773632153756965,lying,karol
1672331762023706400,-0.0487478672909988,-0.1630654535924878,-0.3660406597861315,-0.8779050055655881,lying,karol
1672331762033706400,-0.0349719965864955,-0.168780903902277,-0.3634385178408555,-0.8785625095776871,lying,karol
1672331762043706400,-0.0438067239553877,-0.165123657020623,-0.3651208783401829,-0.8781637546613754,lying,karol
1672331762053706400,-0.0575529558377674,-0.1593844244632739,-0.3676632674917722,-0.8773697536629649,lying,karol
1672331762063706400,-0.0486657450292405,-0.1630852920923452,-0.3660292031896138,-0.8779106839477208,lying,karol
1672331762073706400,-0.0348882225795158,-0.1688013209149881,-0.3634264977402054,-0.878566920591525,lying,karol
1672331762083706400,-0.0437227819345029,-0.1651443928088561,-0.365109067169977,-0.8781689800892567,lying,karol
1672331762093706400,-0.0574674868333801,-0.1594061291585466,-0.3676515367317761,-0.8773763591313093,lying,karol
1672331762103706400,-0.0485799942167055,-0.1631070787743555,-0.3660172648123812,-0.8779163937292511,lying,karol
1672331762113706400,-0.0348007785174835,-0.1688236955461431,-0.3634139550871103,-0.8785713083255149,lying,karol
1672331762123706400,-0.0436351685477133,-0.1651670920046876,-0.3650967507807598,-0.8781742200196758,lying,karol
1672331762133706400,-0.0573783040962389,-0.1594298231226862,-0.3676393215006406,-0.8773830399454134,lying,karol
1672331762143706400,-0.0484905281534249,-0.1631308504097071,-0.3660048194628809,-0.8779221421400485,lying,karol
1672331762153706400,-0.0347095763793691,-0.1688480647442414,-0.363400863966403,-0.8785756786078993,lying,karol
1672331762163706400,-0.0435437957601266,-0.1651917919255969,-0.3650839037116873,-0.8781794811102651,lying,karol
1672331762173706400,-0.0572853184440676,-0.1594555446662783,-0.367626596779116,-0.8773898041330364,lying,karol
1672331762183706400,-0.0483972575462886,-0.1631566451429494,-0.3659918418242946,-0.877927936248387,lying,karol
1672331762193706400,-0.034614525524281,-0.1688744668405177,-0.363387198305485,-0.878580037065268,lying,karol
1672331762203706400,-0.0434485729119922,-0.1652185312742385,-0.3650705003538554,-0.8781847698450069,lying,karol
1672331762213706400,-0.0571884380359321,-0.1594833334997536,-0.3676133374109682,-0.8773966595907189,lying,karol
1672331762223706400,-0.0483000904448492,-0.1631845025169851,-0.3659783064246875,-0.8779337829659081,lying,karol
1672331762233706400,-0.034515532625901,-0.1689029415740458,-0.363372931843939,-0.8785843891263398,lying,karol
1672331762243706400,-0.0433494066530461,-0.165247350163977,-0.3650565149203034,-0.8781900925385862,lying,karol
1672331762253706400,-0.0570875683065515,-0.1595132307594811,-0.3675995180734704,-0.8774036140889606,lying,karol
1672331762263706400,-0.0481989321756185,-0.1632144634989124,-0.3659641876074021,-0.8779396890520414,lying,karol
1672331762273706400,-0.0344125016053492,-0.1689335301177231,-0.3633580381033497,-0.8785887400251805,lying,karol
1672331762283706400,-0.0432462008752758,-0.1652782901452998,-0.3650419214162237,-0.878195455340197,lying,karol
1672331762293706400,-0.0569826118962125,-0.159545279035899,-0.3675851132475772,-0.8774106752770097,lying,karol
1672331762303706400,-0.0480936852719937,-0.1632465705078945,-0.3659494595011139,-0.8779456611179937,lying,karol
1672331762313706400,-0.0343053335598778,-0.168966275106196,-0.3633424903567788,-0.8785930948038971,lying,karol
1672331762323706400,-0.0431388566414716,-0.1653113942341903,-0.3650266936088346,-0.8782008642368716,lying,karol
1672331762333706400,-0.0568734685788736,-0.1595795224026082,-0.3675700971882349,-0.8774178506871113,lying,karol
1672331762343706400,-0.0479842494023776,-0.1632808674439929,-0.3659340959900056,-0.8779517056301822,lying,karol
1672331762353706400,-0.0341939266892135,-0.1690012206649779,-0.3633262615982314,-0.878597458314776,lying,karol
1672331762363706400,-0.0430272721114503,-0.1653467069416815,-0.365010804997255,-0.8782063250562757,lying,karol
1672331762373706400,-0.0567600351866371,-0.1596160064471843,-0.3675544438944597,-0.8774251477383246,lying,karol
1672331762383706400,-0.0478705212946877,-0.1633173997187104,-0.3659180706836896,-0.877957828913201,lying,karol
1672331762393706400,-0.0340781762189017,-0.1690384124410202,-0.3633093245119465,-0.8786018352218538,lying,karol
1672331762403706400,-0.0429113424652457,-0.1653842743048751,-0.3649942287822063,-0.8782118434689717,lying,karol
1672331762413706400,-0.0566422055314626,-0.1596547783033359,-0.3675381270793086,-0.8774325737398239,lying,karol
1672331762423706400,-0.0477523946580764,-0.1633562142868923,-0.3659013568869995,-0.8779640371522446,lying,karol
1672331762433706400,-0.0339579743203445,-0.1690778976348547,-0.3632916514414248,-0.8786062300019208,lying,karol
1672331762443706400,-0.0427909598229679,-0.1654241439195437,-0.3649769378354598,-0.8782174249901479,lying,karol
1672331762453706400,-0.0565198703236848,-0.1596958866845905,-0.3675211201396386,-0.8774401358937102,lying,karol
1672331762463706400,-0.047629760101523,-0.1633973596801302,-0.3658839275695569,-0.8779703363950129,lying,karol
1672331762473706400,-0.0338332100277371,-0.1691197250342266,-0.3632732143582042,-0.8786106469449492,lying,karol
1672331762483706400,-0.0426660131615564,-0.1654663649742237,-0.3649589046690388,-0.8782230749808052,lying,karol
1672331762493706400,-0.0563929170869096,-0.1597393819196827,-0.3675033961255378,-0.8774478412973423,lying,karol
1672331762503706400,-0.0475025050487573,-0.1634408860418839,-0.3658657553349828,-0.8779767325530988,lying,karol
1672331762513706400,-0.0337037691516156,-0.1691639450493219,-0.3632539848302896,-0.8786150901539135,lying,karol
1672331762523706400,-0.04253638822814,-0.1655109882859073,-0.3649401014040888,-0.8782287986483711,lying,karol
1672331762533706400,-0.0562612300698433,-0.1597853159894045,-0.3674849277095022,-0.8774556969451212,lying,karol
1672331762543706400,-0.0473705136501702,-0.1634868451640452,-0.3658468123898404,-0.8779832314027989,lying,karol
1672331762553706400,-0.0335695341887534,-0.169210609749703,-0.3632339339901629,-0.8786195635440188,lying,karol
1672331762563706400,-0.0424019674496841,-0.1655580663374687,-0.3649204997393291,-0.8782346010467629,lying,karol
1672331762573706400,-0.056124690154007,-0.1598337425653601,-0.3674656871551388,-0.8774637097297906,lying,karol
1672331762583706400,-0.0472336666905976,-0.1635352905254072,-0.3658270705120795,-0.8779898385854025,lying,karol
1672331762593706400,-0.0334303842284085,-0.1692597729029422,-0.3632130325023396,-0.8786240708412999,lying,karol
1672331762603706400,-0.0422626298390252,-0.1656076533167753,-0.3649000709190698,-0.878240487075853,lying,karol
1672331762613706400,-0.0559831747582795,-0.1598847170502215,-0.3674456462855328,-0.8774718864431658,lying,karol
1672331762623706400,-0.0470918414939447,-0.1635862773316303,-0.3658065010191258,-0.8779965596068745,lying,karol
1672331762633706400,-0.0332861948551254,-0.1693114900148654,-0.3631912505304818,-0.8786286155805656,lying,karol
1672331762643706400,-0.0421182508973934,-0.1656598051574394,-0.3648787857007873,-0.8782464614803228,lying,karol
1672331762653706400,-0.0558365577391395,-0.1599382966199531,-0.3674247764510425,-0.8774802337763261,lying,karol
1672331762663706400,-0.046944911823524,-0.1636398625571675,-0.3657850747353752,-0.8780033998369625,lying,karol
1672331762673706400,-0.0331368380474305,-0.1693658183716756,-0.3631685577039041,-0.8786332011026797,lying,karol
1672331762683706400,-0.0419687025128299,-0.1657145795814508,-0.3648566143221077,-0.878252528847888,lying,karol
1672331762693706400,-0.0556847092873369,-0.1599945402676993,-0.3674030484966232,-0.8774887583192094,lying,karol
1672331762703706400,-0.046792747778857,-0.1636961049888371,-0.3657627619592024,-0.8780103645076659,lying,karol
1672331762713706400,-0.0329821820719734,-0.1694228170841377,-0.3631449230833659,-0.8786378305511847,lying,karol
1672331762723706400,-0.0418138528540219,-0.1657720361438904,-0.3648335264670889,-0.8782586936069183,lying,karol
1672331762733706400,-0.0555274958194796,-0.1600535088499654,-0.3673804327283792,-0.8774974665596748,lying,karol
1672331762743706400,-0.0466352156873628,-0.1637550652716968,-0.3657395324291639,-0.8780174587111284,lying,karol
1672331762753706400,-0.0328220913743225,-0.1694825471333196,-0.3631203151263388,-0.8786425068681591,lying,karol
1672331762763706400,-0.0416535662607687,-0.1658322362792088,-0.3648094912319863,-0.878264960023322,lying,karol
1672331762773706400,-0.0553647798663469,-0.1601152651343252,-0.3673568988796315,-0.8775063648818713,lying,karol
1672331762783706400,-0.0464721779928267,-0.16381680595642,-0.3657153552897055,-0.878024687396798,lying,karol
1672331762793706400,-0.0326564264641534,-0.169545071418822,-0.3630947016512926,-0.8786472327894007,lying,karol
1672331762803706400,-0.0414877031288179,-0.165895243350014,-0.364784477090056,-0.8782713321968152,lying,karol
1672331762813706400,-0.0551964199554865,-0.1601798738496823,-0.3673324160760367,-0.8775154595640551,lying,karol
1672331762823706400,-0.0463034931381438,-0.1638813915492241,-0.3656901990558915,-0.8780320553679815,lying,karol
1672331762833706400,-0.0324850437972196,-0.1696104548085029,-0.3630680498014175,-0.8786520108387608,lying,karol
1672331762843706400,-0.0413161197914473,-0.1659611226973684,-0.3647584518557979,-0.8782778140563703,lying,karol
1672331762853706400,-0.0550222704904004,-0.1602474017381064,-0.3673069528001305,-0.8775247567756355,lying,karol
1672331762863706400,-0.0461290154446832,-0.1639488885633585,-0.3656640315775408,-0.8780395672775931,lying,karol
1672331762873706400,-0.0323077956507033,-0.1696787641911026,-0.3630403260071093,-0.8786568433217727,lying,karol
1672331762883706400,-0.0411386683944143,-0.1660299416940051,-0.3647313826479886,-0.8782844093550314,lying,karol
1672331762893706400,-0.0548421816228516,-0.1603179176097036,-0.3672804768546487,-0.8775342625736777,lying,karol
1672331762903706400,-0.045948594984775,-0.164019365573619,-0.3656368200021079,-0.8780472276232878,lying,karol
1672331762913706400,-0.0321245299955375,-0.1697500685302747,-0.3630114959478531,-0.8786617323183282,lying,karol
1672331762923706400,-0.0409551967678278,-0.1661017697989699,-0.3647032358521128,-0.8782911216638005,lying,karol
1672331762933706400,-0.054655999122266,-0.1603914923988413,-0.3672529553252926,-0.8775439828984959,lying,karol
1672331762943706400,-0.0457620774513325,-0.1640928932721969,-0.3656085307369979,-0.8780550407416585,lying,karol
1672331762953706400,-0.0319350903620117,-0.1698244389215478,-0.3629815245127855,-0.8786666796745565,lying,karol
1672331762963706400,-0.040765548291289,-0.1661766786152143,-0.3646739770815009,-0.8782979543648008,lying,karol
1672331762973706400,-0.054463564238046,-0.1604681992234843,-0.3672243545421672,-0.8775539235686237,lying,karol
1672331762983706400,-0.0455693040203883,-0.1641695445276313,-0.3655791294105173,-0.8780630108017364,lying,karol
1672331762993706400,-0.0317393156727275,-0.1699019486630144,-0.3629503757550442,-0.8786716869951884,lying,karol
1672331763003706400,-0.040569561726327,-0.1662547419610269,-0.3646435711323796,-0.8783049106452404,lying,karol
1672331763013706400,-0.0542647135287316,-0.1605481134586786,-0.3671946400352546,-0.8775640902770891,lying,karol
1672331763023706400,-0.0453701111804552,-0.1642493944578793,-0.3655485808267205,-0.8780711417994556,lying,karol
1672331763033706400,-0.0591213824638101,-0.1584992668144356,-0.3680782195373883,-0.8772525793188278,lying,karol
1672331763043706400,-0.0502332226745391,-0.1622037589436031,-0.3664525749391253,-0.8778098352151527,lying,karol
1672331763053706400,-0.0364634984965379,-0.1679223998390757,-0.3638647235824121,-0.8784907454774521,lying,karol
1672331763063706400,-0.0452951159112421,-0.1642604891635189,-0.3655378266389077,-0.8780774459070207,lying,karol
1672331763073706400,-0.0590449025082252,-0.1585113453672325,-0.3680674187074387,-0.8772601103419614,lying,karol
1672331763083706400,-0.0501564467868605,-0.1622159712340162,-0.366441681579503,-0.877816546922527,lying,karol
1672331763093706400,-0.0363850387696272,-0.1679352480368978,-0.3638533991476851,-0.8784962637207845,lying,karol
1672331763103706400,-0.0452164960849035,-0.1642736910449178,-0.3655266477054066,-0.8780837125508719,lying,karol
1672331763113706400,-0.0589647581547434,-0.1585255530588575,-0.368056215792346,-0.8772676646004304,lying,karol
1672331763123706400,-0.0500760059579382,-0.1622303077568987,-0.3664303612517242,-0.8778232462949976,lying,karol
1672331763133706400,-0.0363028753698342,-0.1679502287265304,-0.3638416037959824,-0.8785017150044895,lying,karol
1672331763143706400,-0.0451341713306601,-0.1642890292955978,-0.3655150161882308,-0.8780899509040169,lying,karol
1672331763153706400,-0.0588808679358627,-0.1585419201421423,-0.3680445833211692,-0.8772752524959849,lying,karol
1672331763163706400,-0.0499918185761333,-0.1622467986088796,-0.3664185863152002,-0.8778299428273137,lying,karol
1672331763173706400,-0.0362169253201322,-0.1679673721806378,-0.3638293093101623,-0.8785071074812786,lying,karol
1672331763183706400,-0.0450480586744824,-0.1643065346151733,-0.3655029042972524,-0.8780961698748415,lying,karol
1672331763193706400,-0.0587931477644378,-0.1585604783787623,-0.3680324938853358,-0.8772828842082315,lying,karol
1672331763203706400,-0.0499038004124673,-0.1622654753949147,-0.3664063291703814,-0.8778366457681669,lying,karol
1672331763213706400,-0.0361271030037363,-0.1679867101899628,-0.363816487478616,-0.8785124490184179,lying,karol
1672331763223706400,-0.0449580724970384,-0.1643262392209938,-0.3654902842568275,-0.8781023781154716,lying,karol
1672331763233706400,-0.0587015108650986,-0.1585812610625621,-0.3680199201006555,-0.8772905697047841,lying,karol
1672331763243706400,-0.0498118645519715,-0.1622863712513162,-0.3663935622207896,-0.8778433641295103,lying,karol
1672331763253706400,-0.0360333200938942,-0.1680082760864322,-0.3638031100568552,-0.8785177472057693,lying,karol
1672331763263706400,-0.0448641244634401,-0.1643481768717995,-0.3654771282678289,-0.878108584030389,lying,karol
1672331763273706400,-0.0586058677229817,-0.1586043030360446,-0.3680068345734424,-0.877298318749773,lying,karol
1672331763283706400,-0.0497159213424012,-0.1623095208619518,-0.3663802578392213,-0.8778501066944221,lying,karol
1672331763293706400,-0.035935485501171,-0.1680321047594332,-0.3637891487333805,-0.8785230093626466,lying,karol
1672331763303706400,-0.0447661234704629,-0.1643723828844878,-0.3654634084738823,-0.8781147957836997,lying,karol
1672331763313706400,-0.0585061260154333,-0.1586296407142344,-0.3679932098642591,-0.8773061409124949,lying,karol
1672331763323706400,-0.0496158783258809,-0.1623349604818228,-0.3663663883314831,-0.8778568820249352,lying,karol
1672331763333706400,-0.0358335053036159,-0.1680582326794593,-0.3637745750929458,-0.8785282425443598,lying,karol
1672331763343706400,-0.0446639755766404,-0.1643988941582888,-0.3654490969250598,-0.8781210213062562,lying,karol
1672331763353706400,-0.0584021905484029,-0.1586573121069201,-0.3679790184533114,-0.8773140455750668,lying,karol
1672331763363706400,-0.0495116401752976,-0.1623627279590108,-0.3663519259017938,-0.8778636984689264,lying,karol
1672331763373706400,-0.035727282681622,-0.1680866979201705,-0.3637593605814891,-0.878533453547899,lying,karol
1672331763383706400,-0.0445575839370213,-0.1644277491973386,-0.3654341655432127,-0.8781272683018865,lying,karol
1672331763393706400,-0.0582939631869443,-0.1586873568436462,-0.3679642327054671,-0.877322041939644,lying,karol
1672331763403706400,-0.049403108624769,-0.1623928627593864,-0.3663368426177675,-0.87787056416651,lying,karol
1672331763413706400,-0.0356167178468999,-0.1681175401831957,-0.3637434764705943,-0.8785386489170175,lying,karol
1672331763423706400,-0.0444468487320496,-0.1644589881359943,-0.3654185860868572,-0.878133544253074,lying,karol
1672331763433706400,-0.0581813427826976,-0.1587198162002601,-0.367948824835398,-0.8773301390350345,lying,karol
1672331763443706400,-0.0492901823971281,-0.162425405992862,-0.3663211103755017,-0.8778774870558033,lying,karol
1672331763453706400,-0.035501707968296,-0.168150800824552,-0.3637268938219855,-0.8785438349466442,lying,karol
1672331763463706400,-0.0443316670932465,-0.1644926527657808,-0.365402330116093,-0.878139856426012,lying,karol
1672331763473706400,-0.0580642250988446,-0.1587547331268047,-0.3679327668728941,-0.8773383457226903,lying,karol
1672331763483706400,-0.0491727571288838,-0.1624604004409913,-0.3663047008648142,-0.8778844748780421,lying,karol
1672331763493706400,-0.0353821470950881,-0.1681865228824154,-0.3637095834521371,-0.8785490176866004,lying,karol
1672331763503706400,-0.0442119330263643,-0.1645287865636838,-0.3653853689576447,-0.8781462118749822,lying,karol
1672331763513706400,-0.0579425027309828,-0.1587921522773933,-0.367916030628021,-0.87734667070214,lying,karol
1672331763523706400,-0.0490507252911108,-0.1624978905865491,-0.3662875855342983,-0.8778915351821055,lying,karol
1672331763533706400,-0.0352579260764608,-0.1682247511067632,-0.3636915158967015,-0.8785542029446366,lying,karol
1672331763543706400,-0.0440875373307107,-0.1645674347223176,-0.365367673669731,-0.8781526174460995,lying,karol
1672331763553706400,-0.0578160650255358,-0.158832120041388,-0.3678985876563797,-0.877355122515767,lying,karol
1672331763563706400,-0.0489239761078808,-0.162537922644414,-0.3662697355564581,-0.8778986753283563,lying,karol
1672331763573706400,-0.0351289324777998,-0.1682655319906241,-0.3636726613748492,-0.8785593962887819,lying,karol
1672331763583706400,-0.0439583675152527,-0.1646086441817139,-0.3653492150068487,-0.8781590797804022,lying,karol
1672331763593706400,-0.0576847979939838,-0.1588746845765918,-0.3678804092241175,-0.8773637095530217,lying,karol
1672331763603706400,-0.0487923954705388,-0.1625805445944541,-0.3662511217925727,-0.8779059024918817,lying,karol
1672331763613706400,-0.0349950504936269,-0.1683089138029964,-0.3636529897534367,-0.8785646030489699,lying,karol
1672331763623706400,-0.0438243077113583,-0.1646524636627775,-0.3653299633843966,-0.8781656053162556,lying,karol
1672331763633706400,-0.0575485842233347,-0.1589198958442682,-0.3678614662727192,-0.877372440054015,lying,karol
1672331763643706400,-0.0486558658482187,-0.162625806216243,-0.3662317147573122,-0.8779132236650748,lying,karol
1672331763653706400,-0.0348561608560555,-0.1683549466238922,-0.3636324705107528,-0.8785698283179783,lying,karol
1672331763663706400,-0.0436852385810352,-0.1646989437028795,-0.3653098888428877,-0.8781722002911156,lying,karol
1672331763673706400,-0.0574073027829219,-0.1589678056459532,-0.3678417293835645,-0.877381322112481,lying,karol
1672331763683706400,-0.0485142661947034,-0.1626737591255593,-0.3662114845830996,-0.8779206456595527,lying,karol
1672331763693706400,-0.0347121407397538,-0.168403682381096,-0.3636110726999964,-0.8785750769516251,lying,karol
1672331763703706400,-0.0435410372216488,-0.1647481366931746,-0.3652889610118995,-0.8781788707425854,lying,karol
1672331763713706400,-0.0572608291273339,-0.1590184676621327,-0.3678211687421773,-0.8773903636781016,lying,karol
1672331763723706400,-0.048367471851428,-0.1627244568127468,-0.3661904009841397,-0.8779281751073995,lying,karol
1672331763733706400,-0.0345628636634359,-0.1684551748886176,-0.363588764912446,-0.8785803535681951,lying,karol
1672331763743706400,-0.0433915770671527,-0.1648000969176192,-0.3652671490737272,-0.8781856225087409,lying,karol
1672331763753706400,-0.0571090349954006,-0.1590719374928064,-0.3677997541021061,-0.8773995725581601,lying,karol
1672331763763706400,-0.0482153544465611,-0.1627779546829514,-0.366168433220056,-0.8779358184616963,lying,karol
1672331763773706400,-0.0344081993860613,-0.1685094798875887,-0.3635655152399435,-0.8785856625471521,lying,karol
1672331763783706400,-0.0432367277840078,-0.1648548805944461,-0.3652444217263654,-0.8781924612277952,lying,karol
1672331763793706400,-0.0569517883041935,-0.1591282727003773,-0.3677774547482233,-0.8774089564185849,lying,karol
1672331763803706400,-0.0480577817890989,-0.1628343100986827,-0.3661455500589183,-0.8779435819963981,lying,karol
1672331763813706400,-0.0342480137999904,-0.1685666550886655,-0.3635412912370716,-0.8785910080269981,lying,karol
1672331763823706400,-0.0430763551640144,-0.1649125459191596,-0.3652207471461871,-0.8781993923369426,lying,karol
1672331763833706400,-0.0567889530393199,-0.1591875328543152,-0.3677542394596177,-0.877418522784241,lying,karol
1672331763843706400,-0.0478946177592857,-0.1628935824241326,-0.3661217197398426,-0.8779514718054166,lying,karol
1672331763853706400,-0.0340821688183477,-0.1686267602170662,-0.3635160598824699,-0.8785963939023795,lying,karol
1672331763863706400,-0.0429103210113477,-0.1649731531101761,-0.3651960929497819,-0.8782064210705084,lying,karol
1672331763873706400,-0.0566203891401904,-0.1592497795781508,-0.3677300764718211,-0.877428279038559,lying,karol
1672331763883706400,-0.0477257221940128,-0.1629558330718229,-0.3660969099348974,-0.8779594938009935,lying,karol
1672331763893706400,-0.03391052225879,-0.1686898570593323,-0.363489787539668,-0.87860182382031,lying,karol
1672331763903706400,-0.042738483025962,-0.1650367644562028,-0.3651704261553196,-0.8782135524572522,lying,karol
1672331763913706400,-0.0564459523805412,-0.1593150765986701,-0.3677049334383677,-0.8774382324224136,lying,karol
1672331763923706400,-0.0475509507674888,-0.16302112555144,-0.3660710877103178,-0.8779676537112768,lying,karol
1672331763933706400,-0.0337329277213923,-0.1687560095127498,-0.3634624399169605,-0.878607301175562,lying,karol
1672331763943706400,-0.0425606946810821,-0.1651034443662957,-0.3651437131429711,-0.8782207913169005,lying,karol
1672331763953706400,-0.0562654942437805,-0.1593834897974883,-0.3676787773915794,-0.877448390032267,lying,karol
1672331763963706400,-0.0473701548667575,-0.1630895255210378,-0.3660442194869185,-0.8779759570771083,lying,karol
1672331763973706400,-0.0335492344627722,-0.1688252836365462,-0.3634339820266855,-0.8786128291050941,lying,karol
1672331763983706400,-0.0423768050968943,-0.1651732594217112,-0.3651159196147405,-0.878228142255753,lying,karol
1672331763993706400,-0.0560788617937416,-0.1594550872647463,-0.3676515747026287,-0.8774587588174648,lying,karol
1672331764003706400,-0.0471831814626517,-0.1631611008403468,-0.3660162709997636,-0.8779844092479182,lying,karol
1672331764013706400,-0.033359287262412,-0.1688977477065338,-0.3634043781431063,-0.8786184104816666,lying,karol
1672331764023706400,-0.0421866589064266,-0.1652462784312215,-0.3650870105529304,-0.8782356096615547,lying,karol
1672331764033706400,-0.0558858975380307,-0.1595299393561168,-0.3676232910403542,-0.8774693455768753,lying,karol
1672331764043706400,-0.0469898729733306,-0.1632359216273906,-0.3659872072565482,-0.8779930153768908,lying,karol
1672331764053706400,-0.0331629262865037,-0.1689734722709826,-0.3633735917598519,-0.8786240479063161,lying,karol
1672331764063706400,-0.0419900961188918,-0.1653225724876806,-0.3650569501781645,-0.8782431976972535,lying,karol
1672331764073706400,-0.0556864392883092,-0.1596081187512746,-0.3675938913295402,-0.877480156954458,lying,karol
1672331764083706400,-0.0467900671248121,-0.1633140603165397,-0.3659569924954341,-0.8780017804150259,lying,karol
1672331764093706400,-0.0329599869435787,-0.1690525302100953,-0.3633415855458018,-0.8786297436999378,lying,karol
1672331764103706400,-0.0417869519747906,-0.165402215028218,-0.365025701905881,-0.8782509102939453,lying,karol
1672331764113706400,-0.0554803200125372,-0.1596897005159278,-0.3675633397077488,-0.8774911994341109,lying,karol
1672331764123706400,-0.0465835968034484,-0.1633955917201254,-0.3659255901413935,-0.8780107091043983,lying,karol
1672331764133706400,-0.0327502988884188,-0.169134997150624,-0.3633083211423875,-0.8786354999386309,lying,karol
1672331764143706400,-0.0415770559490579,-0.1654852822522127,-0.3649932281478218,-0.8782587511959693,lying,karol
1672331764153706400,-0.0552673668248413,-0.1597747625295014,-0.3675315993308192,-0.8775024794004208,lying,karol
1672331764163706400,-0.0463702890448657,-0.1634805934551471,-0.3658929626075768,-0.8780198060284033,lying,karol
1672331764173706400,-0.0601164265867045,-0.1577267452592423,-0.36840986456869,-0.8771858539379358,lying,karol
1672331764183706400,-0.0512258382344362,-0.1614357563819265,-0.3667916695278966,-0.8777533004037298,lying,karol
1672331764193706400,-0.0374524639104,-0.1671614760296013,-0.3642151220665243,-0.878449934517428,lying,karol
1672331764203706400,-0.0462805523402492,-0.1634971765555865,-0.3658800322846793,-0.8780268720245821,lying,karol
1672331764213706400,-0.060025005288118,-0.1577444592575845,-0.3683969358769826,-0.8771943899791059,lying,karol
1672331764223706400,-0.0511341082519291,-0.1614536072708919,-0.3667785900641982,-0.8777608620669779,lying,karol
1672331764233706400,-0.0373588270320676,-0.1671800394208795,-0.3642014829752881,-0.8784560747514518,lying,karol
1672331764243706400,-0.0461867594134122,-0.1635161409564372,-0.3658665943696046,-0.8780339097138183,lying,karol
1672331764253706400,-0.059929483672146,-0.1577645793562635,-0.3683835256574244,-0.8772029654918917,lying,karol
1672331764263706400,-0.0510382773196662,-0.1614738582279946,-0.366765001279183,-0.8777684232904017,lying,karol
1672331764273706400,-0.0372610459430188,-0.1672010113473012,-0.3641872853639392,-0.878462153280963,lying,karol
1672331764283706400,-0.0460888209937432,-0.163537518391818,-0.3658526189470648,-0.8780409288594093,lying,karol
1672331764293706400,-0.0598297712488367,-0.1577871384513197,-0.3683696043816977,-0.8772115916026392,lying,karol
1672331764303706400,-0.0509382547912443,-0.1614965419899139,-0.3667508734542202,-0.8777759941953948,lying,karol
1672331764313706400,-0.0371590284811191,-0.1672244247619748,-0.3641724988723599,-0.8784681787352624,lying,karol
1672331764323706400,-0.0459866449098956,-0.1635613422860145,-0.3658380761138892,-0.878047938933014,lying,karol
1672331764333706400,-0.0597257745883238,-0.1578121711412642,-0.3683551425462409,-0.8772202791940579,lying,karol
1672331764343706400,-0.0508339470831435,-0.1615216929945907,-0.3667361768718195,-0.8777835846327057,lying,karol
1672331764353706400,-0.0370526795206793,-0.1672503143299038,-0.3641570931016135,-0.8784741594284223,lying,karol
1672331764363706400,-0.0458801360206452,-0.1635876477752989,-0.365822935938547,-0.8780549491236689,lying,karol
1672331764373706400,-0.0596173972574545,-0.1578397137472741,-0.3683401106333661,-0.8772290389147447,lying,karol
1672331764383706400,-0.0507252576113385,-0.1615493474010975,-0.3667208817768189,-0.8777912041911703,lying,karol
1672331764393706400,-0.0369419009076684,-0.1672787164478522,-0.3641410375747624,-0.8784801033667743,lying,karol
1672331764403706400,-0.0457691961500243,-0.1636164717283629,-0.3658071684223888,-0.8780619683457863,lying,karol
1672331764413706400,-0.0595045397503921,-0.1578698043362502,-0.3683244790721384,-0.8772378811881567,lying,karol
1672331764423706400,-0.0506120867218515,-0.161579543112386,-0.3667049583372933,-0.8777988622058456,lying,karol
1672331764433706400,-0.0368265913884484,-0.1673096692672596,-0.364124301697268,-0.8784860182557168,lying,karol
1672331764443706400,-0.0456537240159534,-0.1636478527698162,-0.3657907434604867,-0.8780690052465474,lying,karol
1672331764453706400,-0.0593870994146199,-0.1579024827461503,-0.3683082181992471,-0.877246816220976,lying,karol
1672331764463706400,-0.0504943316167523,-0.161612319800293,-0.3666883766054252,-0.877806567765482,lying,karol
1672331764473706400,-0.0367066465341078,-0.1673432127193537,-0.3641068547173292,-0.8784919115057795,lying,karol
1672331764483706400,-0.0455336151544634,-0.1636818313058802,-0.365773630802426,-0.8780760682125962,lying,karol
1672331764493706400,-0.0592649703750339,-0.1579377906124683,-0.3682912982203165,-0.8772558540107067,lying,karol
1672331764503706400,-0.0503718862782399,-0.1616477189317015,-0.3666711064787936,-0.8778143297192214,lying,karol
1672331764513706400,-0.0365819586628194,-0.1673793885414474,-0.3640886656865926,-0.8784977902378764,lying,karol
1672331764523706400,-0.0454087618419112,-0.1637184495512693,-0.3657558000134662,-0.878083165375948,lying,karol
1672331764533706400,-0.0591380434539671,-0.1579757713967474,-0.3682736891712052,-0.8772650043526172,lying,karol
1672331764543706400,-0.0502446413886635,-0.1616857837967338,-0.3666531176616211,-0.8778221566825961,lying,karol
1672331764553706400,-0.0364524167580239,-0.1674182403053174,-0.3640697034207526,-0.8785036612877973,lying,karol
1672331764563706400,-0.0452790530130008,-0.1637577515581607,-0.3657372204356019,-0.8780903046191806,lying,karol
1672331764573706400,-0.0590062060876682,-0.1580164704169025,-0.3682553608793515,-0.8772742768459899,lying,karol
1672331764583706400,-0.0501124842470321,-0.161726559538743,-0.3666343796260446,-0.877830057042806,lying,karol
1672331764593706400,-0.0363179063831522,-0.1674598134473593,-0.3640499364601384,-0.8785095312099062,lying,karol
1672331764603706400,-0.0451443741753409,-0.1637997832469352,-0.3657178611486196,-0.87809749357987,lying,karol
1672331764613706400,-0.0588693422393534,-0.1580599348792929,-0.368236282925134,-0.8772836808996579,lying,karol
1672331764623706400,-0.0499752986820862,-0.1617700931860614,-0.3666148615733728,-0.8778380389632511,lying,karol
1672331764633706400,-0.0361783095927285,-0.167504155300579,-0.3640293330302109,-0.8785154062800472,lying,karol
1672331764643706400,-0.0450046073203292,-0.1638445924387742,-0.3656976909310667,-0.8781047396542758,lying,karol
1672331764653706400,-0.0587273323072197,-0.1581062139132106,-0.3682164246029085,-0.8772932257369088,lying,karol
1672331764663706400,-0.0498329649603573,-0.1618164336861531,-0.3665945323949905,-0.8778461103873805,lying,karol
1672331764673706400,-0.0360335048387798,-0.1675513151288478,-0.3640078610017105,-0.8785212924976543,lying,karol
1672331764683706400,-0.044859630829365,-0.163892228890511,-0.365676678220892,-0.878112050000276,lying,karol
1672331764693706400,-0.0585800530304861,-0.1581553586064978,-0.3681957548822435,-0.8773029203995619,lying,karol
1672331764703706400,-0.0496853596922578,-0.1618656319408991,-0.3665733606334413,-0.8778542790417015,lying,karol
1672331764713706400,-0.0358833668744167,-0.1676013441626547,-0.3639854878507891,-0.8785271955870274,lying,karol
1672331764723706400,-0.0447093193771647,-0.1639427443310021,-0.3656547910760651,-0.8781194315395036,lying,karol
1672331764733706400,-0.0584273773890031,-0.158207422044146,-0.3681742423684859,-0.8773127737514598,lying,karol
1672331764743706400,-0.0495323557317767,-0.1619177408448442,-0.3665513144428093,-0.8778625524381334,lying,karol
1672331764753706400,-0.0357277666519598,-0.1676542956374168,-0.3639621806185523,-0.8785331209977877,lying,karol
1672331764763706400,-0.0445535438296318,-0.1639961925000561,-0.3656319971346277,-0.8781268909587158,lying,karol
1672331764773706400,-0.0582691744998065,-0.1582624593484598,-0.3681518552632346,-0.8773227944811427,lying,karol
1672331764783706400,-0.0493738220731058,-0.1619728153250181,-0.3665283615489816,-0.8778709378755244,lying,karol
1672331764793706400,-0.0355665712173336,-0.1677102248336414,-0.3639379058703169,-0.8785390739044694,lying,karol
1672331764803706400,-0.0443921711379502,-0.16405262918923,-0.3656082635744661,-0.8781344347103419,lying,karol
1672331764813706400,-0.0581053095091095,-0.1583205277214096,-0.3681285613244028,-0.8773329911037862,lying,karol
1672331764823706400,-0.0492096237427307,-0.1620309123829308,-0.3665044692094734,-0.8778794424403807,lying,karol
1672331764833706400,-0.0353996435995135,-0.1677691891194269,-0.3639126296543031,-0.8785450592052586,lying,karol
1672331764843706400,-0.044225064227714,-0.1641121122849742,-0.3655835570725311,-0.8781420690122278,lying,karol
1672331764853706400,-0.0579356434788764,-0.1583816864895234,-0.3681043278256709,-0.8773433719624196,lying,karol
1672331764863706400,-0.0490396216861383,-0.1620920911390923,-0.3664796041726184,-0.8778880730068255,lying,karol
1672331764873706400,-0.0352268426959504,-0.1678312479949118,-0.3638863174598876,-0.8785510815197853,lying,karol
1672331764883706400,-0.0440520818840041,-0.1641747018137373,-0.3655578437636295,-0.8781497998464779,lying,karol
1672331764893706400,-0.0577600332694358,-0.1584459971506945,-0.368079121515543,-0.8773539452282829,lying,karol
1672331764903706400,-0.0488636726505535,-0.1621564128794505,-0.3664537326363318,-0.8778968362356566,lying,karol
1672331764913706400,-0.0350480231518597,-0.1678964631395408,-0.3638589341749765,-0.8785571451860524,lying,karol
1672331764923706400,-0.0438730786302944,-0.1642404599899083,-0.365531089198351,-0.8781576329574939,lying,karol
1672331764933706400,-0.0575783314161914,-0.1585135234237231,-0.3680529085756243,-0.8773647189004469,lying,karol
1672331764943706400,-0.0486816290618017,-0.1622239411045495,-0.3664268202060661,-0.8779057385726144,lying,karol
1672331764953706400,-0.0348630352352121,-0.1679648984613799,-0.3638304440428059,-0.8785632542563736,lying,karol
1672331764963706400,-0.0436879046030385,-0.1643094512658179,-0.3655032583004353,-0.8781655738490699,lying,karol
1672331764973706400,-0.0573903860012073,-0.1585843313002494,-0.3680256545782027,-0.8773757008045718,lying,karol
1672331764983706400,-0.0484933388960801,-0.1622947415810585,-0.3663988318520455,-0.8779147862457282,lying,karol
1672331764993706400,-0.0346717247065415,-0.1680366201488331,-0.3638008106179431,-0.8785694124922936,lying,karol
1672331765003706400,-0.0434964054210281,-0.1643817423841637,-0.3654743153233513,-0.8781736277805201,lying,karol
1672331765013706400,-0.0571960405201303,-0.1586584890988764,-0.3679973244431768,-0.8773868985907374,lying,karol
1672331765023706400,-0.0482986455470679,-0.162368882395492,-0.3663697318658176,-0.8779239852616962,lying,karol
1672331765033706400,-0.0344739326826405,-0.1681116967251444,-0.3637699967212855,-0.8785756233585271,lying,karol
1672331765043706400,-0.043298422048612,-0.1644574024332382,-0.3654442238058918,-0.87818179976189,lying,karol
1672331765053706400,-0.0569951337422801,-0.1587360675223916,-0.3679678823938988,-0.877398319730456,lying,karol
1672331765063706400,-0.0480973876862373,-0.1624464340110055,-0.3663394838156888,-0.8779333414013764,lying,karol
1672331765073706400,-0.0342694954935502,-0.1681901991059206,-0.3637379643938881,-0.8785818900158633,lying,karol
1672331765083706400,-0.0430937906521765,-0.1645365029052005,-0.3654129465266187,-0.8781900945481971,lying,karol
1672331765093706400,-0.0567874995641604,-0.1588171397179723,-0.3679372919119297,-0.8774099715127922,lying,karol
1672331765103706400,-0.0478893991166011,-0.162527469327165,-0.3663080505010384,-0.8779428602143177,lying,karol
1672331765113706400,-0.0340582445344896,-0.1682722006589863,-0.3637046748498831,-0.8785882153129042,lying,karol
1672331765123706400,-0.0428823424515087,-0.1646191177567067,-0.3653804454574075,-0.8781985166325585,lying,karol
1672331765133706400,-0.0565729668576599,-0.1589017813398332,-0.3679055156908823,-0.8774218610394288,lying,karol
1672331765143706400,-0.0476745086211821,-0.1626120637421399,-0.3662753939056946,-0.8779525470121854,lying,karol
1672331765153706400,-0.0338400061585057,-0.1683577772474564,-0.3636700884369189,-0.8785946017740842,lying,karol
1672331765163706400,-0.0426639036118742,-0.1647053234526279,-0.3653466817243373,-0.8782070702352014,lying,karol
1672331765173706400,-0.0563513593592708,-0.1589900705946435,-0.3678725155973836,-0.8774339952149357,lying,karol
1672331765183706400,-0.047452539852595,-0.1627002951976782,-0.3662414751586011,-0.8779624068578153,lying,karol
1672331765193706400,-0.0611955405095399,-0.1569418638081716,-0.3687457814088085,-0.8771116548738144,lying,karol
1672331765203706400,-0.0523032735470054,-0.1606552313097565,-0.3671352180128895,-0.8776901268550477,lying,karol
1672331765213706400,-0.0385284670453433,-0.1663872972731669,-0.3645705138957383,-0.8784037462499098,lying,karol
1672331765223706400,-0.0473536439546638,-0.1627203553587772,-0.366227173015533,-0.877970025818848,lying,karol
1672331765233706400,-0.0610948410695424,-0.1569631462832389,-0.3687315147105446,-0.8771208952812534,lying,karol
1672331765243706400,-0.0522022594671314,-0.1606766523529666,-0.3671207653956709,-0.8776982958444963,lying,karol
1672331765253706400,-0.0384254104583419,-0.1664094778652561,-0.3645554234976782,-0.8784103527204055,lying,karol
1672331765263706400,-0.0472504377605275,-0.1627429662395353,-0.3662123208477537,-0.877977621487916,lying,karol
1672331765273706400,-0.0609897850134014,-0.1569870056826467,-0.3687167261798766,-0.8771301843814363,lying,karol
1672331765283706400,-0.0520968881059798,-0.1607006436316431,-0.3671057612909815,-0.8777064710963487,lying,karol
1672331765293706400,-0.0383179509438668,-0.1664342372195041,-0.3645397292017891,-0.8784169003306779,lying,karol
1672331765303706400,-0.0471428273488336,-0.1627681606256178,-0.3661968873843303,-0.8779852041283566,lying,karol
1672331765313706400,-0.0608802771225037,-0.1570134760210071,-0.3687013849392783,-0.8771395338700166,lying,karol
1672331765323706400,-0.0519870640799128,-0.160727238998571,-0.3670901746261577,-0.8777146632481535,lying,karol
1672331765333706400,-0.0382059915138516,-0.1664616094271878,-0.3645233992660722,-0.8784233981459277,lying,karol
1672331765343706400,-0.0470307157164916,-0.1627959731077837,-0.3661808413561698,-0.8779927836916219,lying,karol
1672331765353706400,-0.0607662190644526,-0.1570425931271725,-0.3686854601284249,-0.8771489551810883,lying,karol
1672331765363706400,-0.0518726888946785,-0.1607564741192567,-0.367073974320671,-0.8777228826472757,lying,karol
1672331765373706400,-0.038089432041429,-0.1664916304034203,-0.3645064018980946,-0.8784298548937982,lying,karol
1672331765383706400,-0.046914002714776,-0.1628264401007863,-0.3661641514549453,-0.8780003698261319,lying,karol
1672331765393706400,-0.0606475093180311,-0.1570743946685689,-0.3686689208615317,-0.8771584594973394,lying,karol
1672331765403706400,-0.05175366087034,-0.1607883864959158,-0.3670571292435112,-0.8777311393601358,lying,karol
1672331765413706400,-0.037968169183982,-0.1665243379112815,-0.3644887052118579,-0.8784362789721827,lying,karol
1672331765423706400,-0.0467925849722958,-0.1628595998681308,-0.3661467862904442,-0.8780079718857071,lying,karol
1672331765433706400,-0.0605240431004269,-0.1571089201749888,-0.3686517361860466,-0.8771680577591536,lying,karol
1672331765443706400,-0.0516298750684745,-0.1608230154909297,-0.3670396081719175,-0.8777394431804217,lying,karol
1672331765453706400,-0.0378420963085958,-0.1665597715853816,-0.3644702771860258,-0.8784426784560232,lying,karol
1672331765463706400,-0.0466663558202991,-0.1628954925462652,-0.3661287143492473,-0.8780155989369753,lying,karol
1672331765473706400,-0.0603957122879717,-0.1571462110654626,-0.3686338750410174,-0.8771777606731198,lying,karol
1672331765483706400,-0.0515012232129049,-0.1608604023533728,-0.3670213797497441,-0.8777478036366491,lying,karol
1672331765493706400,-0.0377111034109376,-0.1665979729585361,-0.3644510856217023,-0.8784490611033557,lying,karol
1672331765503706400,-0.0465352052114259,-0.1629341601718778,-0.3661099039529859,-0.8780232597660933,lying,karol
1672331765513706400,-0.0602624053344094,-0.1571863106765332,-0.368615306215828,-0.8771875787197274,lying,karol
1672331765523706400,-0.0513675936079677,-0.160900590246946,-0.367002412446171,-0.8777562299988863,lying,karol
1672331765533706400,-0.037575077031609,-0.1666389854898793,-0.3644310981005035,-0.8784554343604823,lying,karol
1672331765543706400,-0.0463990196358967,-0.1629756467106382,-0.366090323216891,-0.8780309628846265,lying,karol
1672331765553706400,-0.0601240071851151,-0.1572292642925815,-0.3685959983089618,-0.8771975221603342,lying,karol
1672331765563706400,-0.0512288710527541,-0.1609436242799528,-0.3669826745144138,-0.877764731284712,lying,karol
1672331765573706400,-0.0374339001684977,-0.1666828545950097,-0.3644102819425815,-0.8784618053662917,lying,karol
1672331765583706400,-0.0462576820336758,-0.1630199980879772,-0.3660699400083024,-0.878038716534619,lying,karol
1672331765593706400,-0.0599803991871412,-0.1572751191782422,-0.3685759196867162,-0.8772076010433867,lying,karol
1672331765603706400,-0.0510849367511756,-0.1609895515373701,-0.3669621339503539,-0.8777733162643905,lying,karol
1672331765613706400,-0.0372874521848292,-0.166729627678284,-0.3643886041644965,-0.878468180955738,lying,karol
1672331765623706400,-0.0461110717023171,-0.163067262222018,-0.3660487219050363,-0.8780465286928701,lying,karol
1672331765633706400,-0.059831458995429,-0.1573239246127631,-0.3685550384418867,-0.8772178252098723,lying,karol
1672331765643706400,-0.0509356682182248,-0.1610384211148524,-0.3669407584511114,-0.8777819934652402,lying,karol
1672331765653706400,-0.0371356087133953,-0.1667793541670499,-0.3643660314369784,-0.8784745676624355,lying,karol
1672331765663706400,-0.0459590642009623,-0.163117489058454,-0.366026636153651,-0.8780544070743681,lying,karol
1672331765673706400,-0.0596770604748922,-0.1573757319264213,-0.3685333223523132,-0.8772282042979982,lying,karol
1672331765683706400,-0.0507809391821157,-0.1610902841547899,-0.366918515373453,-0.87779077117519,lying,karol
1672331765693706400,-0.036978241556623,-0.1668320855479489,-0.3643425300424667,-0.8784809717203718,lying,karol
1672331765703706400,-0.0458015312501477,-0.1631707306075052,-0.3660036496274975,-0.8780623591348861,lying,karol
1672331765713706400,-0.0595170735974748,-0.1574305945393596,-0.3685107388390775,-0.877238747747125,lying,karol
1672331765723706400,-0.0506206194814102,-0.161145193884783,-0.3668953716918185,-0.8777996574455446,lying,karol
1672331765733706400,-0.0368152185815105,-0.1668878754056806,-0.3643180658321892,-0.8784873990647369,lying,karol
1672331765743706400,-0.0456383406264718,-0.1632270409833414,-0.3659797287843266,-0.878070392072749,lying,karol
1672331765753706400,-0.0593513643354236,-0.1574885680023225,-0.3684872549245332,-0.8772494648008672,lying,karol
1672331765763706400,-0.0504545749583944,-0.1612032056580019,-0.3668712939561574,-0.8778086600928772,lying,karol
1672331765773706400,-0.036646403610701,-0.166946779463696,-0.3642926041829838,-0.8784938553318192,lying,karol
1672331765783706400,-0.0454693560533465,-0.1632864764454524,-0.3659548396236419,-0.8780785128297057,lying,karol
1672331765793706400,-0.0591797945491971,-0.1575497100399379,-0.3684628371898299,-0.8772603645094198,lying,karol
1672331765803706400,-0.0502826673470717,-0.1612643769960989,-0.3668462482492222,-0.8778177867001005,lying,karol
1672331765813706400,-0.0364716563084826,-0.1670088556273078,-0.3642661099535722,-0.8785003458579536,lying,karol
1672331765823706400,-0.0452944370866642,-0.1633490954424425,-0.3659289476435203,-0.878086728090914,lying,karol
1672331765833706400,-0.0590022218709802,-0.1576140805961328,-0.3684374517320588,-0.8772714557310248,lying,karol
1672331765843706400,-0.0501047541568217,-0.1613287676342295,-0.3668202001434635,-0.8778270446166307,lying,karol
1672331765853706400,-0.036290832061576,-0.1670741640292708,-0.3642385474402233,-0.8785068756775297,lying,karol
1672331765863706400,-0.0451134389952183,-0.1634149586583087,-0.3659020177968366,-0.87809504428403,lying,karol
1672331765873706400,-0.0588184995824794,-0.1576817418822314,-0.3684110641207376,-0.8772827471326302,lying,karol
1672331765883706400,-0.0499206885503365,-0.1613964395687545,-0.3667931146572286,-0.8778364409576915,lying,karol
1672331765893706400,-0.0361037818550423,-0.1671427670776815,-0.3642098803318122,-0.8785134495199822,lying,karol
1672331765903706400,-0.044926212636209,-0.1634841290610566,-0.3658740144468922,-0.8781034675773358,lying,karol
1672331765913706400,-0.0586284764878018,-0.1577527584273879,-0.3683836393537252,-0.8772942471896424,lying,karol
1672331765923706400,-0.0497303192166469,-0.1614674571072723,-0.3667649562103591,-0.8778459826026619,lying,karol
1672331765933706400,-0.0359103521423516,-0.1672147295065879,-0.3641800716640498,-0.8785200718057762,lying,karol
1672331765943706400,-0.0447326043248794,-0.1635566719540414,-0.3658449013222346,-0.8781120038769227,lying,karol
1672331765953706400,-0.0584319967802608,-0.1578271971318345,-0.3683551418123146,-0.8773059641848189,lying,karol
1672331765963706400,-0.049533490238143,-0.1615418869214347,-0.3667356885789432,-0.877855676192502,lying,karol
1672331765973706400,-0.0357103847105669,-0.1672901184289034,-0.3641490837730099,-0.8785267466412903,lying,karol
1672331765983706400,-0.044532455699231,-0.1636326550296305,-0.3658146414707822,-0.8781206588228193,lying,karol
1672331765993706400,-0.0582288999044341,-0.1579051273223752,-0.3683255352156868,-0.8773179062061426,lying,karol
1672331766003706400,-0.0493300409528026,-0.1616197981020252,-0.3667052748493906,-0.8778655281261205,lying,karol
1672331766013706400,-0.03550371653897,-0.1673690033923094,-0.3641168782475953,-0.8785334778126406,lying,karol
1672331766023706400,-0.0443256035781435,-0.1637121484258769,-0.3657831972129087,-0.8781294377841287,lying,karol
1672331766033706400,-0.0580190204109838,-0.1579866208111663,-0.3682947825742369,-0.8773300811438248,lying,karol
1672331766043706400,-0.049119805809283,-0.1617012622172751,-0.3666736773713575,-0.8778755445557888,lying,karol
1672331766053706400,-0.0352901796502718,-0.1674514564384978,-0.3640834158807305,-0.8785402687784275,lying,karol
1672331766063706400,-0.0441118798120385,-0.1637952247865601,-0.3657505300932753,-0.8781383458531623,lying,karol
1672331766073706400,-0.0578021878041479,-0.1580717519578197,-0.3682628461417092,-0.877342496686381,lying,karol
1672331766083706400,-0.0489026142146418,-0.1617863533745143,-0.366640857709432,-0.8778857313815612,lying,karol
1672331766093706400,-0.0350696009636736,-0.1675375521618779,-0.3640486566209375,-0.878547122660822,lying,karol
1672331766103706400,-0.0438911111353453,-0.1638819593206916,-0.3657166008330269,-0.8781473878378974,lying,karol
1672331766113706400,-0.0575782263910514,-0.1581605977309341,-0.368229687367674,-0.8773551603149742,lying,karol
1672331766123706400,-0.0486782903839399,-0.16187514828123,-0.3666067765951708,-0.877896094243984,lying,karol
1672331766133706400,-0.0348420366870599,-0.167627269827544,-0.364012602774142,-0.8785540292411598,lying,karol
1672331766143706400,-0.0436633536087115,-0.1639723312008498,-0.3656814115464384,-0.878156552949725,lying,karol
1672331766153706400,-0.0573471924342745,-0.1582531370014341,-0.3681953080682733,-0.8773680601979749,lying,karol
1672331766163706400,-0.048446890842043,-0.1619676256786069,-0.3665714361069985,-0.8779066218703668,lying,karol
1672331766173706400,-0.0621860322428542,-0.1562053866460439,-0.3690637674758464,-0.8770404730177472,lying,karol
1672331766183706400,-0.0532923355291001,-0.1599229829349795,-0.3674603991756291,-0.8776290312220549,lying,karol
1672331766193706400,-0.0395153477014179,-0.1656615735144115,-0.3649066481398552,-0.8783582566976065,lying,karol
1672331766203706400,-0.0483379051535947,-0.1619922323954292,-0.3665556030774196,-0.8779147314725998,lying,karol
1672331766213706400,-0.0620751270389515,-0.1562313035164042,-0.3690480204614816,-0.8770503708569979,lying,karol
1672331766223706400,-0.0531811113629283,-0.1599490337694407,-0.3674444196080101,-0.8776377522756096,lying,karol
1672331766233706400,-0.0394019503147763,-0.1656884224922719,-0.364889936162951,-0.8783652605202861,lying,karol
1672331766243706400,-0.0482243646262299,-0.1620195380028735,-0.3665391765054727,-0.8779228264466035,lying,karol
1672331766253706400,-0.0619596183972235,-0.1562599470697042,-0.3690317099260431,-0.8770603300550451,lying,karol
1672331766263706400,-0.0530652829838854,-0.1599778040626517,-0.367427845272201,-0.8776464897870864,lying,karol
1672331766273706400,-0.0392839005223185,-0.1657179996609759,-0.3648725741546147,-0.8783722119106983,lying,karol
1672331766283706400,-0.0481061703697278,-0.1620495769396824,-0.3665221239279306,-0.8779309173552404,lying,karol
1672331766293706400,-0.0618394060615054,-0.156291353029422,-0.369014803814402,-0.8770703626821249,lying,karol
1672331766303706400,-0.0529447499656478,-0.1600093293716086,-0.3674106439041362,-0.8776552547142946,lying,karol
1672331766313706400,-0.0391610962089497,-0.1657503408365482,-0.364854529141291,-0.8783791201706653,lying,karol
1672331766323706400,-0.0479832202468658,-0.1620823855444613,-0.3665044128631569,-0.877939014435386,lying,karol
1672331766333706400,-0.0617143864830467,-0.1563255590337982,-0.368997270067072,-0.877080480535897,lying,karol
1672331766343706400,-0.0528194085927514,-0.1600436471662166,-0.3673927832091372,-0.8776640577120948,lying,karol
1672331766353706400,-0.0390334319398567,-0.1657854837596343,-0.3648357680738401,-0.8783859942487298,lying,karol
1672331766363706400,-0.0478554087933688,-0.1621180020809332,-0.3664860107658901,-0.8779471276070564,lying,karol
1672331766373706400,-0.0615844527443681,-0.1563626046603227,-0.3689790765762925,-0.8770906951512867,lying,karol
1672331766383706400,-0.052689151784429,-0.1600807968534152,-0.3673742308180487,-0.8776729091413066,lying,karol
1672331766393706400,-0.0389007988823095,-0.1658234681198154,-0.3648162577831241,-0.8783928427475939,lying,karol
1672331766403706400,-0.047722627139597,-0.1621564667629059,-0.3664668849833145,-0.87795526648148,lying,karol
1672331766413706400,-0.0614494944807134,-0.1564025314516262,-0.3689601911426123,-0.8771010178094566,lying,karol
1672331766423706400,-0.0525538690160592,-0.1601208198027071,-0.3673549542438508,-0.8776818190767288,lying,karol
1672331766433706400,-0.0387630847254602,-0.1658643355811727,-0.3647959649360986,-0.8783996739306027,lying,karol
1672331766443706400,-0.0475847629301962,-0.1621978217804901,-0.3664470027116296,-0.8779634403682394,lying,karol
1672331766453706400,-0.061309397793926,-0.1564453829449161,-0.3689405814309572,-0.8771114595461821,lying,karol
1672331766463706400,-0.0524134462330372,-0.1601637593752332,-0.3673349208377078,-0.8776907973144876,lying,karol
1672331766473706400,-0.0386201735919737,-0.1659081298116389,-0.3647748559911579,-0.8784064957274614,lying,karol
1672331766483706400,-0.0474417002355512,-0.1622421113301224,-0.3664263309519012,-0.8779716582817337,lying,karol
1672331766493706400,-0.061164045165024,-0.1564912047023453,-0.3689202149272966,-0.8771220311592871,lying,karol
1672331766503706400,-0.0522677657633693,-0.1602096609537756,-0.3673140977455991,-0.8776998533784394,lying,karol
1672331766513706400,-0.0384719459488697,-0.1659548965130823,-0.3647528971541185,-0.8784133157389507,lying,karol
1672331766523706400,-0.0472933194624472,-0.1622893816453091,-0.366404836466546,-0.8779799289466494,lying,karol
1672331766533706400,-0.0610133153618102,-0.1565400443438203,-0.3688990588951714,-0.877132743215315,lying,karol
1672331766543706400,-0.0521167062253087,-0.1602585719751997,-0.3672924518647759,-0.877708996525759,lying,karol
1672331766553706400,-0.0383182785127122,-0.1660046834541191,-0.3647300543338422,-0.8784201412407765,lying,karol
1672331766563706400,-0.047139497259027,-0.1623396810301167,-0.3663824857354652,-0.877988260802628,lying,karol
1672331766573706400,-0.0608570833416835,-0.1565919515821764,-0.3688770803320667,-0.8771436060554301,lying,karol
1672331766583706400,-0.0519601424302203,-0.1603105419652528,-0.3672699498000332,-0.8777182357517151,lying,karol
1672331766593706400,-0.0381590441507009,-0.1660575405049993,-0.3647062930977433,-0.8784269791864843,lying,karol
1672331766603706400,-0.0469801064156563,-0.1623930598947321,-0.3663592449120783,-0.8779966620080413,lying,karol
1672331766613706400,-0.0606952201509348,-0.1566469782601721,-0.3688542459258102,-0.8771546298004412,lying,karol
1672331766623706400,-0.0517979452819351,-0.1603656225751827,-0.36724655781998,-0.8777275797935354,lying,karol
1672331766633706400,-0.037994111777822,-0.1661135196744932,-0.364681578627165,-0.8784338362094147,lying,karol
1672331766643706400,-0.0468150157617887,-0.1624495707930415,-0.3663350797792253,-0.8780051404428505,lying,karol
1672331766653706400,-0.0605275928185648,-0.1567051783901126,-0.3688305220105831,-0.8771658243550425,lying,karol
1672331766663706400,-0.0516299816706449,-0.1604238676209778,-0.3672222418128874,-0.8777370371334339,lying,karol
1672331766673706400,-0.0378233462480831,-0.1661726751495847,-0.364655875672191,-0.8784407186237502,lying,karol
1672331766683706400,-0.0466440900569195,-0.1625092684630169,-0.3663099557045274,-0.87801370371062,lying,karol
1672331766693706400,-0.0603540642462033,-0.1567666081954393,-0.3688058745227924,-0.8771771994111741,lying,karol
1672331766703706400,-0.0514561143629177,-0.1604853331245655,-0.3671969672423728,-0.8777466160007262,lying,karol
1672331766713706400,-0.0376466082425041,-0.1662350633368554,-0.3646291485063567,-0.8784476324245349,lying,karol
1672331766723706400,-0.0464671898782368,-0.1625722098688141,-0.3662838375956461,-0.878022359139539,lying,karol
1672331766733706400,-0.0601744930921339,-0.1568313261551023,-0.3687802689563729,-0.8771887644505654,lying,karol
1672331766743706400,-0.0512762018858389,-0.1605500773577854,-0.3671706991024792,-0.8777563243730647,lying,karol
1672331766753706400,-0.0374637541510761,-0.1663007429067018,-0.3646013608806651,-0.8784545832867117,lying,karol
1672331766763706400,-0.0462841715022354,-0.1626384542457057,-0.3662566898548672,-0.8780311137825219,lying,karol
1672331766773706400,-0.0599887336511699,-0.1568993930499822,-0.3687536703177971,-0.8772005287463347,lying,karol
1672331766783706400,-0.0510900984070158,-0.1606181608884053,-0.3671434018724358,-0.8777661699766949,lying,karol
1672331766793706400,-0.0372746359497331,-0.166369774839947,-0.3645724759770729,-0.878461576563147,lying,karol
1672331766803706400,-0.0460948867812952,-0.1627080631474311,-0.3662284763331657,-0.8780399744163512,lying,karol
1672331766813706400,-0.0597966357281982,-0.1569708720122662,-0.3687260430803449,-0.8772125013637558,lying,karol
1672331766823706400,-0.0508976536082832,-0.1606896466290753,-0.367115039470644,-0.8777761602858137,lying,karol
1672331766833706400,-0.03707910107181,-0.1664422224770512,-0.3645424563612799,-0.8784686172815908,lying,karol
1672331766843706400,-0.0458991830147157,-0.1627811004961601,-0.3661991602835868,-0.8780489475398089,lying,karol
1672331766853706400,-0.0595980445065822,-0.1570458285772696,-0.3686973511377933,-0.8772246911600593,lying,karol
1672331766863706400,-0.0506987125542705,-0.1607645998887247,-0.3670855752080515,-0.877786302520911,lying,karol
1672331766873706400,-0.0368769922738713,-0.1665181515699616,-0.3645112639347554,-0.8784757101405422,lying,karol
1672331766883706400,-0.0456969028140909,-0.1628576326351103,-0.3661687043138794,-0.8780580393707751,lying,karol
1672331766893706400,-0.0593928004106783,-0.1571243307380066,-0.3686675577573419,-0.8772371067832774,lying,karol
1672331766903706400,-0.0504931155551281,-0.1608430884266872,-0.3670549717407351,-0.8777966036461041,lying,karol
1672331766913706400,-0.0366681474959172,-0.1665976303365883,-0.3644788598859498,-0.8784828595039824,lying,karol
1672331766923706400,-0.0454878839630183,-0.1629377283838122,-0.3661370703383295,-0.8780672558422488,lying,karol
1672331766933706400,-0.0591807389624398,-0.1572064490025118,-0.3686366255317181,-0.8772497566700876,lying,karol
1672331766943706400,-0.0502806980233404,-0.1609251825095711,-0.3670231910216257,-0.8778070703654016,lying,karol
1672331766953706400,-0.0364523997147327,-0.1666807295184084,-0.3644452046404058,-0.8784900693949678,lying,karol
1672331766963706400,-0.0452719592699093,-0.1630214590965267,-0.3661042195285094,-0.8780766025973011,lying,karol
1672331766973706400,-0.0589616906310849,-0.1572922564543354,-0.3686045163302254,-0.8772626490426713,lying,karol
1672331766983706400,-0.0500612903236559,-0.1610109549712786,-0.366990194251147,-0.8778177091179207,lying,karol
1672331766993706400,-0.0362295767917446,-0.1667675224406211,-0.364410257809969,-0.8784973434879595,lying,karol
1672331767003706400,-0.0450489564152749,-0.16310889872323,-0.3660701122631433,-0.8780860849828174,lying,karol
1672331767013706400,-0.0587354806770297,-0.1573818288156936,-0.3685711912488921,-0.8772757919044294,lying,karol
1672331767023706400,-0.0498347176172848,-0.1611004812756745,-0.3669559418269204,-0.8778285260719041,lying,karol
1672331767033706400,-0.0359995013182262,-0.1668580850736518,-0.3643739781415608,-0.8785046850996587,lying,karol
1672331767043706400,-0.0448186977962959,-0.1632001238719682,-0.3660347080775305,-0.8780957080417748,lying,karol
1672331767053706400,-0.0585019289929691,-0.1574752445120348,-0.3685366105601564,-0.8772891930342521,lying,karol
1672331767063706400,-0.0496007997032913,-0.1611938395806496,-0.3669203932929925,-0.87783952711726,lying,karol
1672331767073706400,-0.0633390758846368,-0.1554260346467483,-0.3694006501121163,-0.8769552932261905,lying,karol
1672331767083706400,-0.0544446314461455,-0.1591476957120525,-0.3678049805047315,-0.8775555939882095,lying,karol
1672331767093706400,-0.0406688316034837,-0.1648916660956831,-0.3652634370233715,-0.8783028811849891,lying,karol
1672331767103706400,-0.0494892023968516,-0.1612193699511395,-0.3669043313900214,-0.8778478819877317,lying,karol
1672331767113706400,-0.0632255374298906,-0.1554528981666648,-0.3693846871763466,-0.8769654800627537,lying,karol
1672331767123706400,-0.0543307757118486,-0.1591746969627251,-0.3677887775649778,-0.8775645754008461,lying,karol
1672331767133706400,-0.0405527738589394,-0.1649194809184329,-0.3652464848496949,-0.8783101062070742,lying,karol
1672331767143706400,-0.0493730093542583,-0.1612476491743683,-0.3668876764741618,-0.8778562229776065,lying,karol
1672331767153706400,-0.0631073548726733,-0.1554825380565971,-0.3693681619883032,-0.8769757297600064,lying,karol
1672331767163706400,-0.0542122751478239,-0.1592044671584659,-0.3677719805054136,-0.8775735744348528,lying,karol
1672331767173706400,-0.0404320232792496,-0.1649500731690684,-0.3652288824770653,-0.8783172794408497,lying,karol
1672331767183706400,-0.0492521222178079,-0.1612787107500631,-0.3668703957795295,-0.8778645610203667,lying,karol
1672331767193706400,-0.0629844284745828,-0.1555149891195877,-0.3693510421782405,-0.876986054749325,lying,karol
1672331767203706400,-0.0540890298402757,-0.1592370409378074,-0.3677545567622785,-0.8775826024111344,lying,karol
1672331767213706400,-0.0403064782514931,-0.1649834777476983,-0.3652105966520238,-0.8783244105571517,lying,karol
1672331767223706400,-0.049126439354223,-0.1613125901092574,-0.3668524565405437,-0.87787290671384,lying,karol
1672331767233706400,-0.0628566551952563,-0.1555502880964026,-0.3693332953945551,-0.8769964671793592,lying,karol
1672331767243706400,-0.0539609365770349,-0.1592724548752413,-0.367736473763191,-0.877591670337539,lying,karol
1672331767253706400,-0.0401760338341956,-0.1650197315022211,-0.3651915940669435,-0.8783315088634286,lying,karol
1672331767263706400,-0.0489958557942653,-0.1613493246309131,-0.3668338259493869,-0.8778812703291142,lying,karol
1672331767273706400,-0.0627239286126061,-0.1555884736910555,-0.3693148892581355,-0.8770069789266502,lying,karol
1672331767283706400,-0.0538278887677709,-0.1593107475063694,-0.3677176988815521,-0.8776007889185024,lying,karol
1672331767293706400,-0.0400405816755272,-0.1650588732536308,-0.3651718413138862,-0.8783385833118507,lying,karol
1672331767303706400,-0.0488602631508166,-0.1613889536679072,-0.3668144711103648,-0.8778896618193127,lying,karol
1672331767313706400,-0.0625861388454494,-0.1556295865957579,-0.3692957913181397,-0.8770176016050918,lying,karol
1672331767323706400,-0.0536897763665994,-0.1593519593524911,-0.3676981993923702,-0.8776099685635601,lying,karol
1672331767333706400,-0.0399000099341719,-0.1651009438206652,-0.3651513048399162,-0.8783456425063034,lying,karol
1672331767343706400,-0.048719549539593,-0.1614315185723479,-0.3667943589956991,-0.8778980908272279,lying,karol
1672331767353706400,-0.062443172468401,-0.1556736695194936,-0.3692759690072756,-0.8770283465747821,lying,karol
1672331767363706400,-0.0535464857869774,-0.1593961329488042,-0.3676779424275436,-0.8776192193951805,lying,karol
1672331767373706400,-0.0397542031919657,-0.165145986048278,-0.3651299509017038,-0.8783526947086028,lying,karol
1672331767383706400,-0.0485735994916352,-0.1614770627247196,-0.3667734564006416,-0.8779065666922676,lying,karol
1672331767393706400,-0.0622949124243676,-0.1557207672179929,-0.3692553895975184,-0.8770392249499828,lying,karol
1672331767403706400,-0.0533978998142084,-0.1594433128740092,-0.3676568949315557,-0.8776285512556821,lying,karol
1672331767413706400,-0.039603042364664,-0.165194044837304,-0.3651077455205926,-0.8783597478437181,lying,karol
1672331767423706400,-0.0484222938638703,-0.161525631564232,-0.3667517298990423,-0.8779150984564306,lying,karol
1672331767433706400,-0.0621412379328805,-0.155770926525824,-0.369234020155878,-0.8770502476062502,lying,karol
1672331767443706400,-0.0532438975137937,-0.1594935457820296,-0.3676350236171872,-0.8776379737132867,lying,karol
1672331767453706400,-0.0394464046078654,-0.1652451671765308,-0.3650846544375053,-0.8783668095040924,lying,karol
1672331767463706400,-0.0482655097448436,-0.1615772726215651,-0.3667291457987761,-0.8779236948694291,lying,karol
1672331767473706400,-0.0619820243935351,-0.1558241963909012,-0.3692118275000336,-0.8770614251867825,lying,karol
1672331767483706400,-0.0530843541349248,-0.1595468804361362,-0.3676122949210676,-0.8776474960673404,lying,karol
1672331767493706400,-0.0392841632186505,-0.1652994021769329,-0.3650606430677359,-0.8783738869530117,lying,karol
1672331767503706400,-0.0481031203560955,-0.1616320355538039,-0.3667056700970539,-0.8779323643929137,lying,karol
1672331767513706400,-0.0618171432850852,-0.15588062791117,-0.3691887781538777,-0.877072768107923,lying,karol
1672331767523706400,-0.0529191410096276,-0.1596033677452525,-0.3675886749591007,-0.8776571273526519,lying,karol
1672331767533706400,-0.039116187532229,-0.1653568011083545,-0.3650356764554453,-0.8783809871270453,lying,karol
1672331767543706400,-0.047934994948556,-0.161689972181815,-0.3666812684354591,-0.877941115203816,lying,karol
1672331767553706400,-0.0616464620601989,-0.1559402743734595,-0.3691648383029252,-0.8770842865638107,lying,karol
1672331767563706400,-0.0527481254475893,-0.1596630608024196,-0.3675641294817283,-0.8776668763429379,lying,karol
1672331767573706400,-0.038942342814888,-0.1654174174380926,-0.3650097192280514,-0.8783881166374748,lying,karol
1672331767583706400,-0.0477609986952104,-0.161751136529531,-0.3666559060548804,-0.8779499551967234,lying,karol
1672331767593706400,-0.0614698440353898,-0.1560031912946906,-0.3691399737494343,-0.8770959905301646,lying,karol
1672331767603706400,-0.0525711706261911,-0.1597260149256051,-0.3675386238288762,-0.8776767515533523,lying,karol
1672331767613706400,-0.0387624901511514,-0.165481306872236,-0.3649827355500655,-0.8783952817707757,lying,karol
1672331767623706400,-0.0475809925779149,-0.1618155848660174,-0.3666295477499035,-0.8779588919853669,lying,karol
1672331767633706400,-0.0612871482756398,-0.1560694364656416,-0.3691141498671149,-0.8771078897672298,lying,karol
1672331767643706400,-0.0523881354752316,-0.1597922877010676,-0.3675121228844508,-0.877686761242131,lying,karol
1672331767653706400,-0.0385764863266523,-0.1655485273991263,-0.3649546890766025,-0.8784024884880479,lying,karol
1672331767663706400,-0.047394833269931,-0.161883375749657,-0.3666021578228893,-0.8779679329031032,lying,karol
1672331767673706400,-0.0610982294742644,-0.1561390699970211,-0.3690873315554537,-0.8771199938217878,lying,karol
1672331767683706400,-0.0521988745569223,-0.1598619390290191,-0.3674845910304276,-0.8776969134112528,lying,karol
1672331767693706400,-0.0383841837050698,-0.1656191393356165,-0.3649255429062074,-0.8784097424234472,lying,karol
1672331767703706400,-0.0472023730124761,-0.1619545700751551,-0.3665737000373846,-0.8779770850024603,lying,karol
1672331767713706400,-0.0609029378270225,-0.1562121543682683,-0.3690594831934426,-0.8771323120282963,lying,karol
1672331767723706400,-0.052003237940157,-0.159935031171998,-0.3674559921003092,-0.8777072158061715,lying,karol
1672331767733706400,-0.0381854301003432,-0.1656932053756125,-0.3648952595331679,-0.8784170488815093,lying,karol
1672331767743706400,-0.0470034594865135,-0.162029231122841,-0.3665441375710244,-0.877986355053622,lying,karol
1672331767753706400,-0.0607011189007971,-0.1562887544789252,-0.3690305685926979,-0.877144853509053,lying,karol
1672331767763706400,-0.0518010710693488,-0.1600116288058139,-0.3674262893319392,-0.8777176759145243,lying,karol
1672331767773706400,-0.037980068642107,-0.1657707906417407,-0.3648638007988772,-0.8784244128334281,lying,karol
1672331767783706400,-0.0467979356777371,-0.1621074246111147,-0.3665134329675089,-0.8779957495419423,lying,karol
1672331767793706400,-0.0604926134961556,-0.1563689377028704,-0.3690005509498131,-0.8771576271734398,lying,karol
1672331767803706400,-0.0515922146271988,-0.1600917990733315,-0.3673954453195226,-0.8777283009638555,lying,karol
1672331767813706400,-0.0377679376367463,-0.1658519627391367,-0.3648311278426415,-0.8784318389121237,lying,karol
1672331767823706400,-0.0465856397371334,-0.162189218751029,-0.3664815480880298,-0.8780052746642865,lying,karol
1672331767833706400,-0.0602772575044633,-0.156452773945113,-0.3689693927979887,-0.877170641716088,lying,karol
1672331767843706400,-0.0513765043920205,-0.1601756116408076,-0.367363421964887,-0.8777390979182087,lying,karol
1672331767853706400,-0.0375488704202502,-0.1659367918129304,-0.3647972010511636,-0.8784393314062325,lying,karol
1672331767863706400,-0.0463664048333023,-0.1622746843045972,-0.3664484440613993,-0.8780149363243841,lying,karol
1672331767873706400,-0.060054881757185,-0.1565403357021421,-0.368937055957489,-0.877183905614139,lying,karol
1672331767883706400,-0.0511537710872811,-0.1602631387577686,-0.3673301804275354,-0.8777500734737382,lying,karol
1672331767893706400,-0.0373226952075215,-0.1660253506074809,-0.3647619800075106,-0.8784468942527114,lying,karol
1672331767903706400,-0.0461400590011866,-0.1623638946448653,-0.3664140812336667,-0.8780247401268313,lying,karol
1672331767913706400,-0.0598253118712517,-0.1566316981241767,-0.3689035014855299,-0.8771974271231955,lying,karol
1672331767923706400,-0.0509238402272541,-0.1603544553187661,-0.3672956810741078,-0.8777612340529718,lying,karol
1672331767933706400,-0.0370892349292298,-0.1661177145310651,-0.3647254234378721,-0.8784545310285077,lying,karol
1672331767943706400,-0.0459064249783106,-0.1624569258214774,-0.3663784191155683,-0.8780346913702807,lying,karol
1672331767953706400,-0.0595883680818257,-0.1567269390829825,-0.3688686896240521,-0.877211214272632,lying,karol
1672331767963706400,-0.0506865319500676,-0.1604496389306889,-0.3672598834256675,-0.8777725857983029,lying,karol
1672331767973706400,-0.0644232905272708,-0.1546768343291976,-0.3697284445928471,-0.8768713435592811,lying,karol
1672331767983706400,-0.0555282111165515,-0.1584025602334327,-0.3681402232368432,-0.8774826470572957,lying,karol
1672331767993706400,-0.0417529594634917,-0.1641521689389024,-0.365610322688158,-0.8782469099040819,lying,karol
1672331768003706400,-0.050571266841947,-0.1604771045234926,-0.3672435167226106,-0.8777810923897196,lying,karol
1672331768013706400,-0.0643060614595091,-0.1547056537516133,-0.3697122039536585,-0.8768817434966322,lying,karol
1672331768023706400,-0.0554106681302934,-0.1584315168721648,-0.3681237232974357,-0.8774918034794476,lying,karol
1672331768033706400,-0.0416331872989836,-0.1641819499334259,-0.3655930393170177,-0.8782542553156578,lying,karol
1672331768043706400,-0.0504513668240675,-0.1605073550190937,-0.3672265511250266,-0.877789590336064,lying,karol
1672331768053706400,-0.0641841491303591,-0.1547372856363697,-0.3696953957357538,-0.8768922122059092,lying,karol
1672331768063706400,-0.05528844112694,-0.1584632783886989,-0.3681066235181649,-0.8775009830549344,lying,karol
1672331768073706400,-0.0415086830394744,-0.1642145441157214,-0.3655750994693547,-0.8782615539127081,lying,karol
1672331768083706400,-0.050326733517303,-0.1605404235899665,-0.3672089538087879,-0.8777980907191517,lying,karol
1672331768093706400,-0.0640574538653579,-0.1547717644280207,-0.3696779875233014,-0.8769027622619381,lying,karol
1672331768103706400,-0.055161430254355,-0.1584978790649216,-0.368088891294301,-0.8775101972477295,lying,karol
1672331768113706400,-0.0413793451274329,-0.1642499860327886,-0.3655564698575267,-0.878268815509782,lying,karol
1672331768123706400,-0.0501972653435672,-0.1605763453170994,-0.3671906919717966,-0.877806604279136,lying,karol
1672331768133706400,-0.0639258726650216,-0.1548091265272452,-0.3696599469216471,-0.8769134059553733,lying,karol
1672331768143706400,-0.0550295323390149,-0.1585353551370698,-0.3680704940152497,-0.877519457207112,lying,karol
1672331768153706400,-0.0412450686535441,-0.1642883121979237,-0.3655371171420558,-0.8782760495560884,lying,karol
1672331768163706400,-0.0500628573655497,-0.1606151572478665,-0.3671717327721439,-0.8778151414277571,lying,karol
1672331768173706400,-0.0637892991436117,-0.1548494103085169,-0.3696412415146889,-0.8769241553024161,lying,karol
1672331768183706400,-0.054892640824766,-0.158575744813039,-0.3680513990220628,-0.8775287737766002,lying,karol
1672331768193706400,-0.0411057452937767,-0.1643295611080835,-0.3655170078887735,-0.8782832651431708,lying,karol
1672331768203706400,-0.0499234012236685,-0.1606568984140211,-0.3671520432856814,-0.8778237122564917,lying,karol
1672331768213706400,-0.0636476234427229,-0.1548926561486658,-0.3696218388186333,-0.8769350220549463,lying,karol
1672331768223706400,-0.0547506456863823,-0.1586190883005686,-0.3680315735612101,-0.8775381575030399,lying,karol
1672331768233706400,-0.0409612632209034,-0.1643737732722308,-0.3654961085219774,-0.8782904710123468,lying,karol
1672331768243706400,-0.0497787850474372,-0.1607016098607407,-0.3671315904596989,-0.8778323265447281,lying,karol
1672331768253706400,-0.0635007321494141,-0.1549389064539626,-0.369601706237528,-0.8769460177093443,lying,karol
1672331768263706400,-0.0546034333476921,-0.1586654278339589,-0.3680109847401311,-0.8775476186444384,lying,karol
1672331768273706400,-0.0408115070206069,-0.1644209912382248,-0.3654743852793739,-0.8782976755609609,lying,karol
1672331768283706400,-0.0496288933714139,-0.1607493346741881,-0.3671103410683614,-0.8778409937667101,lying,karol
1672331768293706400,-0.0633485082079377,-0.154988205690269,-0.3695808110185067,-0.87695715351463,lying,karol
1672331768303706400,-0.054450886593328,-0.1587148077038396,-0.3679895994824621,-0.8775571671770535,lying,karol
1672331768313706400,-0.0406563576011792,-0.1644712596227763,-0.3654518041666207,-0.8783048868477812,lying,karol
1672331768323706400,-0.0494736070447108,-0.1608001180121504,-0.3670882616677638,-0.8778497230976963,lying,karol
1672331768333706400,-0.0631908308268215,-0.1550406004155128,-0.3695591202070141,-0.8769684404798049,lying,karol
1672331768343706400,-0.0542928844758245,-0.1587672742892712,-0.3679673844832037,-0.8775668128016395,lying,karol
1672331768353706400,-0.0404956920985233,-0.1645246251437521,-0.3654283309117476,-0.8783121125974724,lying,karol
1672331768363706400,-0.0493128031357785,-0.1608540071370359,-0.3670653185508714,-0.8778585234192454,lying,karol
1672331768373706400,-0.0630275753827417,-0.1550961393138815,-0.3695366006022141,-0.8769798893802964,lying,karol
1672331768383706400,-0.0541293022195307,-0.1588228760915576,-0.3679443061640524,-0.8775765649487716,lying,karol
1672331768393706400,-0.040329383778046,-0.1645811366541636,-0.3654039309197052,-0.8783193602040806,lying,karol
1672331768403706400,-0.0491463548340624,-0.1609110514505545,-0.3670414777025954,-0.8778674033235488,lying,karol
1672331768413706400,-0.0628586133196316,-0.1551548732323675,-0.3695132187122495,-0.8769915107635766,lying,karol
1672331768423706400,-0.0539600111197854,-0.1588816637704012,-0.3679203306285472,-0.8775864327832973,lying,karol
1672331768433706400,-0.0401573019311875,-0.1646408451787585,-0.3653785692265617,-0.8783266367335959,lying,karol
1672331768443706400,-0.0489741313462737,-0.1609713025310097,-0.3670167047545278,-0.8778763711168975,lying,karol
1672331768453706400,-0.0626838120426362,-0.1552168552198269,-0.3694889407092259,-0.8770033149539774,lying,karol
1672331768463706400,-0.0537848784369337,-0.1589436901825735,-0.3678954236169089,-0.8775964252079336,lying,karol
1672331768473706400,-0.0399793117677385,-0.1647038039527268,-0.3653522104535004,-0.8783339489255059,lying,karol
1672331768483706400,-0.0487959977884,-0.1610348141727219,-0.3669909649394844,-0.877885434822187,lying,karol
1672331768493706400,-0.0625030348079446,-0.1552821405681028,-0.3694637323840495,-0.8770153120565811,lying,karol
1672331768503706400,-0.0536037672862565,-0.159009010422638,-0.3678695504607056,-0.8776065508659042,lying,karol
1672331768513706400,-0.039795274302809,-0.1647700684629867,-0.3653248187603637,-0.8783413031933862,lying,karol
1672331768523706400,-0.0486118150723616,-0.1611016424280328,-0.3669642230456104,-0.877894602180512,lying,karol
1672331768533706400,-0.0623161406070309,-0.1553507868558259,-0.3694375591008101,-0.8770275119602859,lying,karol
1672331768543706400,-0.0534165365223201,-0.1590776818663435,-0.367842676037028,-0.8776168181426959,lying,karol
1672331768553706400,-0.0396050462391536,-0.1648396964917426,-0.3652963577988141,-0.8783487056244462,lying,karol
1672331768563706400,-0.0484214397879724,-0.1611718456516028,-0.3669364433701086,-0.8779038806517718,lying,karol
1672331768573706400,-0.0621229840459891,-0.155422853994591,-0.3694103857507679,-0.8770399243399443,lying,karol
1672331768583706400,-0.0532230406184418,-0.1591497642163861,-0.3678147647222418,-0.87762723516684,lying,karol
1672331768593706400,-0.0394084798440763,-0.1649127481626294,-0.3652667906649139,-0.8783561619780376,lying,karol
1672331768603706400,-0.0482247240794746,-0.1612454845472976,-0.366907589672407,-0.8779132774142878,lying,karol
1672331768613706400,-0.0619234152196081,-0.1554984042776518,-0.3693821767058365,-0.8770525586575734,lying,karol
1672331768623706400,-0.0530231295409113,-0.1592253195506786,-0.3677857803451999,-0.8776378098097165,lying,karol
1672331768633706400,-0.0392054228207759,-0.1649892859894908,-0.3652360798510498,-0.8783636776830986,lying,karol
1672331768643706400,-0.0480215155164456,-0.1613226222177392,-0.3668776251266756,-0.8779227993634204,lying,karol
1672331768653706400,-0.0617172795791257,-0.1555775024315683,-0.3693528957713137,-0.8770654241626684,lying,karol
1672331768663706400,-0.0528166486169177,-0.1593044123735619,-0.3677556861396724,-0.8776485496843957,lying,karol
1672331768673706400,-0.0389957181738093,-0.165069374927915,-0.3652041871970781,-0.8783712578344917,lying,karol
1672331768683706400,-0.0478116569588164,-0.1614033242166199,-0.3668465122735874,-0.8779324531091356,lying,karol
1672331768693706400,-0.0615044177947439,-0.1556602156703456,-0.3693225061380034,-0.8770785298914957,lying,karol
1672331768703706400,-0.0526034383972598,-0.1593871096694952,-0.3677244446961358,-0.8776594621434141,lying,karol
1672331768713706400,-0.0387792040687782,-0.1651530824294745,-0.3651710738406671,-0.8783789071881974,lying,karol
1672331768723706400,-0.0475949864160536,-0.1614876586037481,-0.3668142129712847,-0.8779422449724912,lying,karol
1672331768733706400,-0.0612846656115723,-0.1557466137526143,-0.3692909703334347,-0.877091884665416,lying,karol
1672331768743706400,-0.0523833345125103,-0.1594734809597723,-0.3676920179126249,-0.877670554275509,lying,karol
1672331768753706400,-0.0385557136859124,-0.1652404784987946,-0.365136700166712,-0.878386630155314,lying,karol
1672331768763706400,-0.0473713369002205,-0.1615756960029343,-0.3667806883454393,-0.8779521809809876,lying,karol
1672331768773706400,-0.0610578536993963,-0.1558367690416731,-0.3692582501721921,-0.8771054970881397,lying,karol
1672331768783706400,-0.0521561675230255,-0.1595635983620895,-0.3676583669446628,-0.8776818329012286,lying,karol
1672331768793706400,-0.0383250750670776,-0.1653316357536352,-0.3651010257556801,-0.8783944307948282,lying,karol
1672331768803706400,-0.0471405362723899,-0.1616675096629261,-0.3667458987382528,-0.877962266862757,lying,karol
1672331768813706400,-0.0608238074958877,-0.1559307565685479,-0.3692243067052344,-0.877119375541894,lying,karol
1672331768823706400,-0.0519217627624286,-0.1596575366531113,-0.3676234521541467,-0.8776933045673856,lying,karol
1672331768833706400,-0.0380871109549455,-0.1654266294885051,-0.3650640093306028,-0.8784023128051759,lying,karol
1672331768843706400,-0.0469024070812063,-0.161763175521892,-0.3667098036561346,-0.8779725080396245,lying,karol
1672331768853706400,-0.0605823470415282,-0.1560286540987896,-0.3691891001678467,-0.8771335281825696,lying,karol
1672331768863706400,-0.0516799401728438,-0.1597553733347524,-0.3675872330568289,-0.877704975540409,lying,karol
1672331768873706400,-0.0378416386182778,-0.1655255377443335,-0.3650256087015509,-0.8784102795148633,lying,karol
1672331768883706400,-0.0466567663874786,-0.1618627722780229,-0.3666723617149015,-0.8779829096193624,lying,karol
1672331768893706400,-0.0603332868004025,-0.1561305422054928,-0.3691525899251657,-0.8771479629342637,lying,karol
1672331768903706400,-0.0514305141259905,-0.1598571887066697,-0.3675496682672997,-0.8777168517989483,lying,karol
1672331768913706400,-0.0651617087261578,-0.1540822333012931,-0.3700081973343891,-0.8768042050815461,lying,karol
1672331768923706400,-0.0562657171638756,-0.1578118800793657,-0.3684258679399406,-0.87742295181104,lying,karol
1672331768933706400,-0.0424866335652257,-0.1635683791848402,-0.3659044308538297,-0.8781989009577811,lying,karol
1672331768943706400,-0.0513028697424861,-0.1598914020113034,-0.3675314974931543,-0.8777257306480433,lying,karol
1672331768953706400,-0.0650319896577733,-0.1541178821354734,-0.3699902368710737,-0.876815181226733,lying,karol
1672331768963706400,-0.0561356823004375,-0.1578476511167088,-0.3684075773173262,-0.8774325579656798,lying,karol
1672331768973706400,-0.0423542477763582,-0.1636049986070719,-0.3658852273776303,-0.878206507046162,lying,karol
1672331768983706400,-0.0511703617547414,-0.1599285126683428,-0.3675126791753376,-0.8777346159158926,lying,karol
1672331768993706400,-0.0648973562852835,-0.1541564578185848,-0.3699716615355639,-0.8768262448468791,lying,karol
1672331769003706400,-0.0560007321406036,-0.1578863410485224,-0.3683886384556896,-0.8774422035740546,lying,karol
1672331769013706400,-0.0422168957339361,-0.1636445456549587,-0.3658653167902419,-0.878214078982651,lying,karol
1672331769023706400,-0.0510328862472568,-0.159968556519302,-0.3674931796814977,-0.8777435185813286,lying,karol
1672331769033706400,-0.0647577032428622,-0.1541979975415822,-0.3699524381126249,-0.876837408505102,lying,karol
1672331769043706400,-0.0558607611418647,-0.1579279868959428,-0.3683690179203309,-0.8774519000312491,lying,karol
1672331769053706400,-0.0420744701128132,-0.1636870576346817,-0.3658446649109826,-0.8782216264217658,lying,karol
1672331769063706400,-0.0508903358641096,-0.1600115714180793,-0.3674729653398994,-0.8777524492833428,lying,karol
1672331769073706400,-0.0646129216792556,-0.1542425405225979,-0.3699325333631842,-0.8768486844808348,lying,karol
1672331769083706400,-0.0557156602800802,-0.1579726277050839,-0.3683486822250748,-0.8774616584164199,lying,karol
1672331769093706400,-0.0419268600730878,-0.1637325738898043,-0.3658232374600101,-0.8782291586485685,lying,karol
1672331769103706400,-0.0507425997267332,-0.1600575972567932,-0.3674520023923994,-0.8777614183299586,lying,karol
1672331769113706400,-0.0644628991759656,-0.1542901280334918,-0.3699119139779652,-0.8768600847795994,lying,karol
1672331769123706400,-0.0555653169676472,-0.1580203045732029,-0.3683275977859486,-0.8774714895015712,lying,karol
1672331769133706400,-0.0417739511758971,-0.163781135827732,-0.3658010000113583,-0.8782366845858739,lying,karol
1672331769143706400,-0.0505895633495546,-0.1601066759929393,-0.367430256947992,-0.8777704357061271,lying,karol
1672331769153706400,-0.064307519660762,-0.1543408034287631,-0.3698905465312352,-0.8768716211419803,lying,karol
1672331769163706400,-0.0554096149670095,-0.1580710606772255,-0.3683057308749417,-0.8774814037594861,lying,karol
1672331769173706400,-0.0416156252950501,-0.1638327869483248,-0.3657779179460854,-0.8782442128004961,lying,karol
1672331769183706400,-0.0504311085514424,-0.160158851678706,-0.3674076949364728,-0.8777795110807076,lying,karol
1672331769193706400,-0.0641466633152221,-0.1543946121773524,-0.3698683974343644,-0.8768833050518311,lying,karol
1672331769203706400,-0.0552484342982273,-0.1581249413051498,-0.3682830475735359,-0.8774914113708369,lying,karol
1672331769213706400,-0.0414517605224661,-0.1638875728754935,-0.3657539564050821,-0.8782517515085889,lying,karol
1672331769223706400,-0.0502671133609527,-0.1602141704932766,-0.3673842820617804,-0.8777886538126065,lying,karol
1672331769233706400,-0.0639802064794788,-0.154451601896002,-0.3698454328897183,-0.8768951477435416,lying,karol
1672331769243706400,-0.0550816511437408,-0.1581819938890194,-0.3682595137265429,-0.8775015222303281,lying,karol
1672331769253706400,-0.041282231070589,-0.1639455413904627,-0.3657290802421016,-0.8782593085799753,lying,karol
1672331769263706400,-0.050097451918503,-0.1602726807768081,-0.3673599837555601,-0.8777978729559416,lying,karol
1672331769273706400,-0.0638080215523612,-0.1545118223849187,-0.3698216188445012,-0.8769071602084423,lying,karol
1672331769283706400,-0.054909137748577,-0.158242268040182,-0.3682350948958646,-0.8775117459519398,lying,karol
1672331769293706400,-0.041106907170554,-0.1640067424671886,-0.3657032539767122,-0.8782668915414737,lying,karol
1672331769303706400,-0.0499219943742916,-0.1603344330665636,-0.3673347651306614,-0.8778071772642506,lying,karol
1672331769313706400,-0.0636299768865608,-0.1545753256658832,-0.3697969209444222,-0.8769193532003559,lying,karol
1672331769323706400,-0.0547307623155685,-0.158305815586999,-0.3682097563140364,-0.8775220918732637,lying,karol
1672331769333706400,-0.0409256549649009,-0.1640712283104214,-0.3656764417468877,-0.878274507579253,lying,karol
1672331769343706400,-0.0497406067807258,-0.1603994801357038,-0.3673085909342845,-0.8778165751937823,lying,karol
1672331769353706400,-0.0634459366789987,-0.1546421660227234,-0.3697713044871616,-0.8769317372402565,lying,karol
1672331769363706400,-0.0545463888958121,-0.1583726906149067,-0.3681834628375461,-0.8775325690589089,lying,karol
1672331769373706400,-0.0407383363958347,-0.1641390533959878,-0.3656486072613709,-0.8782821635401455,lying,karol
1672331769383706400,-0.0495531509803654,-0.1604678770343079,-0.3672814255009085,-0.8778260749057986,lying,karol
1672331769393706400,-0.0632557608561988,-0.1547124000442233,-0.3697447343755479,-0.8769443226200274,lying,karol
1672331769403706400,-0.0543558772741442,-0.1584429495089084,-0.3681561788998257,-0.8775431863029516,lying,karol
1672331769413706400,-0.0405448090880182,-0.1642102745137043,-0.3656197137515648,-0.8782898659319424,lying,karol
1672331769423706400,-0.0493594844883757,-0.1605396811330351,-0.3672532327047615,-0.8778356842679123,lying,karol
1672331769433706400,-0.0630593049543429,-0.1547860866695973,-0.3697171750703307,-0.8769571194053088,lying,karol
1672331769443706400,-0.0541590828493129,-0.1585166509986245,-0.3681278684638104,-0.8775539521304304,lying,karol
1672331769453706400,-0.0403449262263426,-0.1642849508127244,-0.3655897239229753,-0.8782976209226072,lying,karol
1672331769463706400,-0.0491594603699128,-0.1606149521692383,-0.3672239759118529,-0.8778454108544015,lying,karol
1672331769473706400,-0.0628564199939176,-0.1548632872365533,-0.3696885905424794,-0.8769701374374027,lying,karol
1672331769483706400,-0.0539558565087742,-0.1585938562059198,-0.3680984949739888,-0.8775648747978412,lying,karol
1672331769493706400,-0.0401385364284115,-0.1643631438494185,-0.3655585999061028,-0.8783054343383863,lying,karol
1672331769503706400,-0.0489529271122011,-0.1606937522956184,-0.3671936179314665,-0.8778552619454688,lying,karol
1672331769513706400,-0.0626469523491413,-0.1549440655318584,-0.3696589442249813,-0.876983386334179,lying,karol
1672331769523706400,-0.0537460444982801,-0.1586746286950245,-0.3680680213079222,-0.8775759622925854,lying,karol
1672331769533706400,-0.039925483610482,-0.1644449176383015,-0.3655263032064965,-0.8783133116608428,lying,karol
1672331769543706400,-0.0487397284900286,-0.1607761461319476,-0.3671621209668351,-0.8778652445254979,lying,karol
1672331769553706400,-0.0624307436103432,-0.1550284878451687,-0.369628198963768,-0.8769968754900855,lying,karol
1672331769563706400,-0.0535294882844403,-0.1587590345259093,-0.3680364097268535,-0.8775872223314514,lying,karol
1672331769573706400,-0.0397056068479692,-0.1645303387055333,-0.3654927946541112,-0.8783212580226945,lying,karol
1672331769583706400,-0.0485197034257552,-0.1608622008193884,-0.3671294465651283,-0.8778753652801671,lying,karol
1672331769593706400,-0.0622076304411069,-0.1551166230253484,-0.3695963169680231,-0.8770106140750589,lying,karol
1672331769603706400,-0.0533060244120937,-0.1588471423101275,-0.3680036218256707,-0.8775986623579464,lying,karol
1672331769613706400,-0.0394787402302065,-0.1646194761451108,-0.3654580343518572,-0.8783292782024246,lying,karol
1672331769623706400,-0.0482926858435577,-0.1609519860775126,-0.3670955555666487,-0.8778856305923959,lying,karol
1672331769633706400,-0.061977444429249,-0.1552085425396563,-0.3695632597596552,-0.8770246110323576,lying,karol
1672331769643706400,-0.0530754843555075,-0.1589390232695254,-0.3679696184819968,-0.8776102895384903,lying,karol
1672331769653706400,-0.0392447127070782,-0.1647124016787352,-0.3654219816228514,-0.8783373766177515,lying,karol
1672331769663706400,-0.0480585045154772,-0.1610455742650369,-0.3670604080527512,-0.8778960465372331,lying,karol
1672331769673706400,-0.0617400119294774,-0.1553043205367092,-0.3695289881215058,-0.8770388750754399,lying,karol
1672331769683706400,-0.0528376943613179,-0.1590347512986969,-0.3679343598039803,-0.8776221107575674,lying,karol
1672331769693706400,-0.0390033479322197,-0.164809189717382,-0.3653845949571582,-0.8783455573175967,lying,karol
1672331769703706400,-0.04781698290402,-0.1611430404422602,-0.3670239632932572,-0.877906618875276,lying,karol
1672331769713706400,-0.0614951539024779,-0.1554040339111884,-0.3694934620450432,-0.8770534146834008,lying,karol
1672331769723706400,-0.0525924752878993,-0.1591344030291805,-0.3678978050775435,-0.8776341326114098,lying,karol
1672331769733706400,-0.0387544641459357,-0.1649099174064585,-0.3653458319657861,-0.8783538239699117,lying,karol
1672331769743706400,-0.0475679390444058,-0.161244462416989,-0.3669861797009446,-0.8779173530415625,lying,karol
1672331769753706400,-0.0612426857940401,-0.1555077623516833,-0.369456640684923,-0.8770682380912117,lying,karol
1672331769763706400,-0.0523396424849037,-0.1592380578767899,-0.3678599127206718,-0.8776463613968901,lying,karol
1672331769773706400,-0.0660689002301367,-0.1534587122671803,-0.3703086288802344,-0.8767195137121603,lying,karol
1672331769783706400,-0.0571726936536534,-0.1571919782906131,-0.3687325237478984,-0.8773474609705127,lying,karol
1672331769793706400,-0.043393882563042,-0.162953797304255,-0.3662206906743495,-0.878137646890778,lying,karol
1672331769803706400,-0.052208423307885,-0.1592741823628277,-0.3678413860149632,-0.8776554189166434,lying,karol
1672331769813706400,-0.0659355981214497,-0.1534962873633205,-0.3702903431675147,-0.8767307264267991,lying,karol
1672331769823706400,-0.057039078303358,-0.1572296743952581,-0.368713890395169,-0.8773572660504492,lying,karol
1672331769833706400,-0.0432579029765357,-0.1629923455312082,-0.3662011148479519,-0.8781453973160894,lying,karol
1672331769843706400,-0.0520723282122817,-0.1593132273428686,-0.3678222168867084,-0.8776644832723226,lying,karol
1672331769853706400,-0.0657973697636241,-0.153536812121453,-0.3702714480628185,-0.8767420272811896,lying,karol
1672331769863706400,-0.0569005357403989,-0.1572703121393333,-0.3686946139644145,-0.8773671111760792,lying,karol
1672331769873706400,-0.0431169455743682,-0.1630338439622902,-0.3661808367179218,-0.8781531140572191,lying,karol
1672331769883706400,-0.0519312540625445,-0.1593552279246974,-0.3678023715369425,-0.8776735656556878,lying,karol
1672331769893706400,-0.0656541105789353,-0.1535803230019426,-0.3702519101783861,-0.8767534290375726,lying,karol
1672331769903706400,-0.056756961207838,-0.1573139278137354,-0.3686746608599204,-0.8773770079475463,lying,karol
1672331769913706400,-0.0429709038155627,-0.1630783291727683,-0.3661598219589247,-0.8781608069847372,lying,karol
1672331769923706400,-0.0517850942885171,-0.1594002212350744,-0.3677818161458505,-0.8776826769120111,lying,karol
1672331769933706400,-0.0655057125062066,-0.1536268585001489,-0.370231696120396,-0.8767649441681015,lying,karol
1672331769943706400,-0.0566082464691597,-0.1573605597422779,-0.3686539974520008,-0.8773869676427732,lying,karol
1672331769953706400,-0.0428196676467236,-0.1631258397833812,-0.3661380361637053,-0.8781684855936076,lying,karol
1672331769963706400,-0.0516337387996709,-0.1594482464468373,-0.3677605168243446,-0.8776918275495159,lying,karol
1672331769973706400,-0.0653520639212148,-0.1536764591718569,-0.3702107724422754,-0.8767765848648954,lying,karol
1672331769983706400,-0.0564542797286433,-0.1574102483067399,-0.3686325900303697,-0.8773970012265402,lying,karol
1672331769993706400,-0.0426631234202274,-0.1631764164855932,-0.3661154447958785,-0.878176159010715,lying,karol
1672331770003706400,-0.0514770739031775,-0.1594993448048405,-0.3677384395673654,-0.8777010277475632,lying,karol
1672331770013706400,-0.0651930495492559,-0.1537291676623919,-0.3701891055975768,-0.8767883630494585,lying,karol
1672331770023706400,-0.0562949455439412,-0.1574630359755785,-0.3686104047570364,-0.8774071193588464,lying,karol
1672331770033706400,-0.0425011538047586,-0.1632301020704511,-0.3660920131421903,-0.878183836001541,lying,karol
1672331770043706400,-0.0513149822142461,-0.1595535596555332,-0.3677155502066642,-0.877710287364068,lying,karol
1672331770053706400,-0.0650285503737929,-0.1537850287377769,-0.3701666618930722,-0.8768002903812181,lying,karol
1672331770063706400,-0.0561301247347296,-0.1575189673346933,-0.3685874076193828,-0.8774173324023586,lying,karol
1672331770073706400,-0.0423336376918103,-0.1632869414595407,-0.3660677062648899,-0.8781915249758554,lying,karol
1672331770083706400,-0.0511473425624442,-0.1596109364786231,-0.3676918143637129,-0.8777196159419781,lying,karol
1672331770093706400,-0.0648584435426007,-0.1538440893173277,-0.3701434074422682,-0.8768123782650852,lying,karol
1672331770103706400,-0.055959694288883,-0.1575780891196236,-0.3685635643836394,-0.8774276504288632,lying,karol
1672331770113706400,-0.0421604500996996,-0.163346981737387,-0.3660424889544522,-0.878199233992366,lying,karol
1672331770123706400,-0.0509740298954811,-0.1596715229201932,-0.3676671974029574,-0.8777290227147384,lying,karol
1672331770133706400,-0.0646826022675732,-0.1539063985092761,-0.3701193081185793,-0.8768246378582544,lying,karol
1672331770143706400,-0.0557835272623411,-0.1576404502507611,-0.3685388405479822,-0.8774380832248926,lying,karol
1672331770153706400,-0.0419814620712016,-0.1634102721868972,-0.3660163256818416,-0.878206970762432,lying,karol
1672331770163706400,-0.0507949151765892,-0.1597353688288718,-0.367641664384633,-0.8777385166108881,lying,karol
1672331770173706400,-0.0645008957207446,-0.1539720076483487,-0.3700943295085731,-0.8768370800760678,lying,karol
1672331770183706400,-0.0556014926751693,-0.157706101870531,-0.368513201295666,-0.8774486402963845,lying,karol
1672331770193706400,-0.0417965405670854,-0.1634768643268954,-0.3659891805507073,-0.8782147426527582,lying,karol
1672331770203706400,-0.0506098652777865,-0.159802526294097,-0.3676151800175166,-0.8777481062576813,lying,karol
1672331770213706400,-0.0643131889252462,-0.1540409703358262,-0.3700684368649957,-0.876849715597005,lying,karol
1672331770223706400,-0.055413455402615,-0.1577750973830287,-0.3684866114479132,-0.8774593308724185,lying,karol
1672331770233706400,-0.0416055483550533,-0.1635468119519394,-0.3659610172493446,-0.8782225566870405,lying,karol
1672331770243706400,-0.0504187428685104,-0.1598730496866737,-0.3675877086114579,-0.8777577999837117,lying,karol
1672331770253706400,-0.0641193426412971,-0.154113342482028,-0.3700415950595377,-0.87686255486676,lying,karol
1672331770263706400,-0.0552192760611828,-0.1578474924960903,-0.3684590354165033,-0.8774701639079909,lying,karol
1672331770273706400,-0.0414083438932263,-0.1636201711747665,-0.3659317990022159,-0.8782304195465911,lying,karol
1672331770283706400,-0.0502214062987544,-0.1599469957019774,-0.3675592140294761,-0.8777676058205722,lying,karol
1672331770293706400,-0.0639192132469797,-0.1541891823513232,-0.3700137685352398,-0.876875608101394,lying,karol
1672331770303706400,-0.0550188108895428,-0.1579233452658682,-0.3684304371559768,-0.8774811480858177,lying,karol
1672331770313706400,-0.04120478880033,-0.1636969825756811,-0.3659014884391175,-0.8782383405834109,lying,karol
1672331770323706400,-0.0500182452935599,-0.1600231767040285,-0.367529675059663,-0.8777777217955094,lying,karol
1672331770333706400,-0.063714621924324,-0.1542639712542789,-0.3699848184607446,-0.8768895911959017,lying,karol
1672331770343706400,-0.0548166086413961,-0.1579916340960392,-0.3684003475838772,-0.8774941753798998,lying,karol
1672331770353706400,-0.0410026348867667,-0.1637585400765726,-0.3658696156382819,-0.878249636396463,lying,karol
1672331770363706400,-0.0498185335057253,-0.1600793941389075,-0.3674983820792784,-0.8777919625376729,lying,karol
1672331770373706400,-0.0635127135875316,-0.154320638126493,-0.3699538205405457,-0.8769073780088256,lying,karol
1672331770383706400,-0.0546111761837855,-0.1580557578368018,-0.3683692283388831,-0.8775085330554365,lying,karol
1672331770393706400,-0.0407895179130126,-0.1638341213865339,-0.3658372034908123,-0.8782589980218654,lying,karol
1672331770403706400,-0.0496007227068975,-0.1601662942121638,-0.3674667496546513,-0.8778017199890864,lying,karol
1672331770413706400,-0.0632886682799927,-0.1544170967959335,-0.3699232951242485,-0.8769195058088359,lying,karol
1672331770423706400,-0.0543868853812538,-0.1581519936435216,-0.3683376716396564,-0.877518402407175,lying,karol
1672331770433706400,-0.0405626497716752,-0.1639296237812365,-0.3658034692811279,-0.8782657679247015,lying,karol
1672331770443706400,-0.0493745286440448,-0.1602604637539568,-0.3674338702359953,-0.8778110799528531,lying,karol
1672331770453706400,-0.0630601027186876,-0.1545116037570502,-0.3698911955664313,-0.8769328974608555,lying,karol
1672331770463706400,-0.0541584173832035,-0.1582454055285314,-0.3683044848785709,-0.877529653848366,lying,karol
1672331770473706400,-0.0403326944202685,-0.1640194830741418,-0.3657680836933413,-0.8782743508987416,lying,karol
1672331770483706400,-0.0491472897101382,-0.1603442891297446,-0.3673993411588581,-0.877823008692702,lying,karol
1672331770493706400,-0.0628317940131314,-0.1545927419695933,-0.3698572701933648,-0.8769493264427904,lying,karol
1672331770503706400,-0.0539309430113607,-0.1583236500908746,-0.3682696286963816,-0.8775442105762676,lying,karol
1672331770513706400,-0.0401012878658119,-0.1640997536692425,-0.3657315064926525,-0.8782852170573759,lying,karol
1672331770523706400,-0.0489142750275501,-0.1604287438074082,-0.3673636359557106,-0.8778355681336288,lying,karol
1672331770533706400,-0.0625938276237485,-0.1546834826782019,-0.3698225006840389,-0.8769650385400088,lying,karol
1672331770543706400,-0.0536914430029013,-0.1584171192691792,-0.3682341020068687,-0.8775569687229692,lying,karol
1672331770553706400,-0.039858269364725,-0.1641941109873708,-0.3656938731548138,-0.8782943466989379,lying,karol
1672331770563706400,-0.048672048882764,-0.1605215883734085,-0.3673268991166266,-0.8778474643112588,lying,karol
1672331770573706400,-0.0623502111627364,-0.1547740799891007,-0.3697864310907396,-0.8769816502442858,lying,karol
1672331770583706400,-0.0534484922213947,-0.1585051696355809,-0.3681969533387177,-0.877571519391758,lying,karol
1672331770593706400,-0.0396107945209283,-0.1642852030643154,-0.3656547699753617,-0.878304820941965,lying,karol
1672331770603706400,-0.0484233185523291,-0.1606160156036787,-0.3672887005939199,-0.8778599629320984,lying,karol
1672331770613706400,-0.0620970009540154,-0.154873373121772,-0.3697491914835617,-0.8769978201722697,lying,karol
1672331770623706400,-0.0531947815156028,-0.1586046903370611,-0.3681587098321074,-0.8775850308008972,lying,karol
1672331770633706400,-0.0669232817089853,-0.152818442658875,-0.3705972710454747,-0.8766452698788445,lying,karol
1672331770643706400,-0.0580277949699016,-0.1565530422813663,-0.3690274777983006,-0.8772822369245051,lying,karol
1672331770653706400,-0.0442495728850768,-0.1623186118588104,-0.3665255187975356,-0.8780860916313556,lying,karol
1672331770663706400,-0.0530626193329333,-0.1586365629829176,-0.3681397624561616,-0.8775952514623558,lying,karol
1672331770673706400,-0.0667877895870007,-0.1528547651781469,-0.370578711319193,-0.8766571482011025,lying,karol
1672331770683706400,-0.0578916335697743,-0.1565903500615717,-0.3690087076431073,-0.8772925017576377,lying,karol
1672331770693706400,-0.0441107939901775,-0.1623573923125114,-0.3665059046783407,-0.8780941235734138,lying,karol
1672331770703706400,-0.0529233188393699,-0.1586768325269339,-0.368120628798542,-0.8776044410076446,lying,karol
1672331770713706400,-0.066645927721797,-0.1528975482204043,-0.3705599690434518,-0.8766684382187732,lying,karol
1672331770723706400,-0.0577484963584464,-0.1566355646489506,-0.3689897674065737,-0.8773018624424175,lying,karol
1672331770733706400,-0.0439650010553496,-0.1624040913188648,-0.3664859432211615,-0.8781011630489134,lying,karol
1672331770743706400,-0.0527786455582585,-0.1587211295175952,-0.368101112372131,-0.8776133613909216,lying,karol
1672331770753706400,-0.0665000912491791,-0.1529409695547926,-0.3705406826651095,-0.8766801227772697,lying,karol
1672331770763706400,-0.0576028747268297,-0.1566778395451254,-0.3689699848777885,-0.8773122393137421,lying,karol
1672331770773706400,-0.0438169040511378,-0.1624472550337759,-0.3664651088443072,-0.8781093086333062,lying,karol
1672331770783706400,-0.0526298754424768,-0.1587661124255675,-0.3680807103880334,-0.8776227481899825,lying,karol
1672331770793706400,-0.0663495056007347,-0.1529865203845032,-0.3705205486496762,-0.8766921264317963,lying,karol
1672331770803706400,-0.0574532612503449,-0.1567204139583433,-0.3689491801294458,-0.8773232272219805,lying,karol
1672331770813706400,-0.043666174490859,-0.1624873504646017,-0.3664431601027774,-0.8781185902651558,lying,karol
1672331770823706400,-0.0524804009547435,-0.158803573576561,-0.368059183652594,-0.8776339817749679,lying,karol
1672331770833706400,-0.0661985148422133,-0.1530238609615012,-0.3704991932591776,-0.8767060810773505,lying,karol
1672331770843706400,-0.0573019317215885,-0.1567578523910136,-0.3689274872365946,-0.8773355901729175,lying,karol
1672331770853706400,-0.0435111498433723,-0.1625282696420723,-0.3664205534089783,-0.8781281784731271,lying,karol
1672331770863706400,-0.0523237248902552,-0.1588486479700815,-0.3680370061654207,-0.8776445119880788,lying,karol
1672331770873706400,-0.0660377183483179,-0.1530747556390933,-0.3704774993972822,-0.8767185226495762,lying,karol
1672331770883706400,-0.0571396058992374,-0.1568116863444402,-0.3689054452140218,-0.8773458574747096,lying,karol
1672331770893706400,-0.0433463315413207,-0.1625826570317061,-0.3663971900846892,-0.8781360424470971,lying,karol
1672331770903706400,-0.0521594574443708,-0.1589019911643055,-0.3680141371317145,-0.8776542553572767,lying,karol
1672331770913706400,-0.065871954069277,-0.1531276421045955,-0.370454943647012,-0.8767313206403898,lying,karol
1672331770923706400,-0.0569739939938395,-0.1568635085991034,-0.3688822972901209,-0.8773571288253145,lying,karol
1672331770933706400,-0.0431780496730091,-0.1626353212341612,-0.366372832691185,-0.8781447756259991,lying,karol
1672331770943706400,-0.0519913756548682,-0.1589544892213073,-0.3679903455110781,-0.8776647298993081,lying,karol
1672331770953706400,-0.0657022353706787,-0.1531799655497596,-0.3704315173073926,-0.8767448458915578,lying,karol
1672331770963706400,-0.0568054627848461,-0.156912280789389,-0.3688581287025705,-0.8773695287180732,lying,karol
1672331770973706400,-0.0430091506745043,-0.1626792805737581,-0.3663472955082529,-0.8781556076857507,lying,karol
1672331770983706400,-0.0518256205949977,-0.158991447185935,-0.3679652174324416,-0.8776784065059389,lying,karol
1672331770993706400,-0.0655367385559329,-0.1532123668660275,-0.3704063316772761,-0.8767622436087805,lying,karol
1672331771003706400,-0.0566414254185959,-0.1569404049860493,-0.3688324460136433,-0.8773859327082828,lying,karol
1672331771013706400,-0.0428431027627314,-0.1627062714654755,-0.3663207720191193,-0.8781698205979473,lying,karol
1672331771023706400,-0.0516586771059583,-0.1590209967435748,-0.3679390604075084,-0.8776938929176923,lying,karol
1672331771033706400,-0.0653648768247874,-0.1532494515256489,-0.370380523288023,-0.876779526866948,lying,karol
1672331771043706400,-0.0564652780989585,-0.1569868563643557,-0.3688069274943912,-0.8773997355401156,lying,karol
1672331771053706400,-0.0426597382093503,-0.1627639249043505,-0.3662944068723209,-0.8781790930629332,lying,karol
1672331771063706400,-0.0514708889565356,-0.1590893365633517,-0.3679134172794604,-0.8777033226548584,lying,karol
1672331771073706400,-0.0651713069643523,-0.1533269639217387,-0.3703558897134384,-0.8767908225963813,lying,karol
1672331771083706400,-0.0562697107976145,-0.1570684476994881,-0.3687818319627081,-0.8774082776397744,lying,karol
1672331771093706400,-0.042459938290015,-0.1628496753687009,-0.3662676749531075,-0.8781840605202557,lying,karol
1672331771103706400,-0.0512701849822688,-0.1591774054022403,-0.3678875516247,-0.8777099761418207,lying,karol
1672331771113706400,-0.0649692148750968,-0.1534136396399484,-0.3703307403282793,-0.8768013140394652,lying,karol
1672331771123706400,-0.0560704071422288,-0.1571477703343238,-0.3687552286841966,-0.877418046547982,lying,karol
1672331771133706400,-0.0422619872427642,-0.1629196100623974,-0.366238928983321,-0.8781926585229243,lying,karol
1672331771143706400,-0.0510775154769312,-0.159235254498468,-0.3678593303336774,-0.8777225768128579,lying,karol
1672331771153706400,-0.0647773414836696,-0.1534651493696087,-0.3703025798702626,-0.8768184219397692,lying,karol
1672331771163706400,-0.0558793027350642,-0.1571966024086733,-0.3687264393299199,-0.8774336217280144,lying,karol
1672331771173706400,-0.042067924786698,-0.1629690179794359,-0.3662089237010828,-0.878205353604093,lying,karol
1672331771183706400,-0.0508829714741147,-0.1592862089396756,-0.3678298381917166,-0.8777370227684725,lying,karol
1672331771193706400,-0.0645792886590449,-0.153519806422826,-0.370273465973241,-0.8768357903218486,lying,karol
1672331771203706400,-0.0556798693083899,-0.1572536446967186,-0.3686968909894538,-0.8774485274785436,lying,karol
1672331771213706400,-0.0418632510244777,-0.1630319029984165,-0.366178078626994,-0.8782163560899671,lying,karol
1672331771223706400,-0.0506747930473343,-0.1593576846668773,-0.3677996991284701,-0.8777487543131643,lying,karol
1672331771233706400,-0.0643646344607076,-0.1536016958556403,-0.3702443465578736,-0.8768495603761178,lying,karol
1672331771243706400,-0.0554620752199479,-0.1573422209716819,-0.368667415295109,-0.8774588591953657,lying,karol
1672331771253706400,-0.0416410152443516,-0.1631244550670145,-0.3661467866270751,-0.8782228144162278,lying,karol
1672331771263706400,-0.0504528436442766,-0.1594498405583974,-0.3677693461329114,-0.8777575543459832,lying,karol
1672331771273706400,-0.0641418035853509,-0.1536909158452619,-0.3702147561355155,-0.8768627812576695,lying,karol
1672331771283706400,-0.0552415115714009,-0.157425267333186,-0.368636577627298,-0.8774708654880612,lying,karol
1672331771293706400,-0.0414191744647055,-0.1632037376550601,-0.3661140107699358,-0.8782322715584958,lying,karol
1672331771303706400,-0.0502320322923751,-0.1595270733550604,-0.3677373758228881,-0.8777696121736255,lying,karol
1672331771313706400,-0.0639180685035203,-0.1537699921572018,-0.3701834462894488,-0.8768785058983162,lying,karol
1672331771323706400,-0.0550172264480797,-0.1575047729201,-0.3686044748650545,-0.8774842075746541,lying,karol
1672331771333706400,-0.0411911121423209,-0.1632851868276852,-0.3660801018590898,-0.8782420254969385,lying,karol
1672331771343706400,-0.0500026761982741,-0.1596119089192298,-0.3677042826548022,-0.877781181079091,lying,karol
1672331771353706400,-0.0636837315464379,-0.1538613294805816,-0.3701513179209298,-0.8768931292105373,lying,karol
1672331771363706400,-0.054781457717382,-0.1575986596161609,-0.3685715726551679,-0.8774959538089492,lying,karol
1672331771373706400,-0.0409517374346587,-0.1633804927091091,-0.3660451354239538,-0.8782501019268494,lying,karol
1672331771383706400,-0.0497641545245397,-0.1597055326420454,-0.3676702260691871,-0.8777920047973206,lying,karol
1672331771393706400,-0.0634438935120015,-0.1539526949638963,-0.3701179572881189,-0.8769085921556607,lying,karol
1672331771403706400,-0.0545420362663389,-0.1576881426837201,-0.3685371632930215,-0.8775092766361425,lying,karol
1672331771413706400,-0.0407084958679999,-0.1634716746299579,-0.3660087360976004,-0.8782596453170594,lying,karol
1672331771423706400,-0.0495206255645931,-0.1597977350201804,-0.3676346788732454,-0.8778039178041067,lying,karol
1672331771433706400,-0.0631968311544045,-0.1540477158454433,-0.3700832288423886,-0.8769244342382276,lying,karol
1672331771443706400,-0.054294446428893,-0.1577834809773586,-0.368501420722412,-0.8775225359882771,lying,karol
1672331771453706400,-0.0404575247939136,-0.1635674486023613,-0.3659707907143462,-0.8782692553981725,lying,karol
1672331771463706400,-0.0492699304419632,-0.1598932257841153,-0.3675976391528474,-0.8778161802719939,lying,karol
1672331771473706400,-0.0629430330450088,-0.1541449008019316,-0.3700470468455992,-0.8769409112320026,lying,karol
1672331771483706400,-0.0540403075246058,-0.1578805342697231,-0.3684642452604212,-0.8775364099108497,lying,karol
1672331771493706400,-0.0677670864878358,-0.1520909977378721,-0.3708917870066673,-0.8765830910934909,lying,karol
1672331771503706400,-0.0588716361313642,-0.1558287356701426,-0.3693296314732815,-0.8772285084004368,lying,karol
1672331771513706400,-0.0450949562201254,-0.1615964998429649,-0.3668391953391486,-0.8780459738158332,lying,karol
1672331771523706400,-0.0539093516187357,-0.1579059135302466,-0.368446254010206,-0.877547484510027,lying,karol
1672331771533706400,-0.0676350771227257,-0.1521155890251591,-0.370873800340243,-0.8765966619255295,lying,karol
1672331771543706400,-0.0587389644059495,-0.1558542653622934,-0.3693115260083457,-0.8772405214780189,lying,karol
1672331771553706400,-0.0449582093637399,-0.1616269797372665,-0.3668205122141146,-0.8780552138481291,lying,karol
1672331771563706400,-0.0537698857792467,-0.1579430399661671,-0.3684279914660431,-0.8775570595172427,lying,karol
1672331771573706400,-0.067490991100761,-0.1521601213219612,-0.3708561199590472,-0.8766075508253741,lying,karol
1672331771583706400,-0.0585930317880459,-0.155902610786575,-0.3692937055188025,-0.8772492246208051,lying,karol
1672331771593706400,-0.0448100229320615,-0.1616759627423183,-0.3668015752061311,-0.8780617142227147,lying,karol
1672331771603706400,-0.0536234343985279,-0.1579881652480972,-0.3684094800384715,-0.8775657016820072,lying,karol
1672331771613706400,-0.0673465160607537,-0.1521970435087406,-0.3708373980726648,-0.8766202050628297,lying,karol
1672331771623706400,-0.0584526293834601,-0.1559291676689218,-0.3692737883785336,-0.87726228757661,lying,karol
1672331771633706400,-0.0446704864467279,-0.1616954117765349,-0.3667805272745617,-0.8780740672922626,lying,karol
1672331771643706400,-0.0534852418199753,-0.1580048373797591,-0.3683885918264493,-0.8775799344003005,lying,karol
1672331771653706400,-0.0672050571928362,-0.1522179926818309,-0.3708166215758047,-0.8766362449293174,lying,karol
1672331771663706400,-0.0583082983850085,-0.1559562382640287,-0.3692533426947457,-0.8772757188913166,lying,karol
1672331771673706400,-0.0445199656324779,-0.1617321131193523,-0.3667596862855575,-0.8780836901554927,lying,karol
1672331771683706400,-0.0533301199858178,-0.1580526463001007,-0.3683683760397881,-0.8775892838817464,lying,karol
1672331771693706400,-0.067043673810259,-0.152276784326888,-0.3707973265121748,-0.876646585549359,lying,karol
1672331771703706400,-0.0581457588827677,-0.1560171884309486,-0.3692336262488094,-0.8772840005549813,lying,karol
1672331771713706400,-0.0443560373812326,-0.1617913131627853,-0.3667385122698387,-0.8780899563795097,lying,karol
1672331771723706400,-0.0531683431099255,-0.1581070160448084,-0.3683477022763574,-0.8775980162580006,lying,karol
1672331771733706400,-0.0668818414879698,-0.1523274588272711,-0.3707768478856348,-0.876658837281609,lying,karol
1672331771743706400,-0.0579821038894261,-0.1560715605120515,-0.3692129470972956,-0.8772938965205024,lying,karol
1672331771753706400,-0.044187249387746,-0.1618526967515342,-0.3667168354806091,-0.8780962395282632,lying,karol
1672331771763706400,-0.0529977823917422,-0.1581727760734347,-0.3683267168293292,-0.8776053233651774,lying,karol
1672331771773706400,-0.0667094592191101,-0.1523934983240304,-0.3707564209769398,-0.8766691657569229,lying,karol
1672331771783706400,-0.0578138414291859,-0.1561271690703698,-0.3691910748080599,-0.8773043436988706,lying,karol
1672331771793706400,-0.0440211802080951,-0.1618976933632989,-0.3666932404424968,-0.8781061715838554,lying,karol
1672331771803706400,-0.0528359242669047,-0.1582082286617135,-0.3683034279001138,-0.8776184987120926,lying,karol
1672331771813706400,-0.0665472557680379,-0.1524259423624169,-0.3707330598506989,-0.876685764789593,lying,karol
1672331771823706400,-0.0576502277453395,-0.1561621820621245,-0.3691675833982576,-0.8773187965171392,lying,karol
1672331771833706400,-0.0438535778151781,-0.1619365301953118,-0.366668834073041,-0.8781176205130111,lying,karol
1672331771843706400,-0.0526668670736939,-0.1582508130900727,-0.3682793933866438,-0.8776311009341022,lying,karol
1672331771853706400,-0.0663748982910569,-0.1524722860246755,-0.3707093264889614,-0.8767008406486391,lying,karol
1672331771863706400,-0.0574773310125827,-0.1562090380187669,-0.3691433907685494,-0.8773320112707838,lying,karol
1672331771873706400,-0.0436770254893195,-0.1619863608073055,-0.3666435823389508,-0.8781278051595852,lying,karol
1672331771883706400,-0.0524890699996192,-0.1583039306225969,-0.368254773052125,-0.8776425364201006,lying,karol
1672331771893706400,-0.0661940397942135,-0.1525285030566286,-0.3706852856494874,-0.876714933491243,lying,karol
1672331771903706400,-0.057295519916929,-0.1562668235816199,-0.3691190117011876,-0.8773439025962557,lying,karol
1672331771913706400,-0.0434919136032059,-0.1620462306138626,-0.3666179772688175,-0.8781366696254853,lying,karol
1672331771923706400,-0.0523033102590921,-0.1583656502666532,-0.3682298602124308,-0.8776529769955899,lying,karol
1672331771933706400,-0.0660043718462407,-0.1525951418869295,-0.3706611148477148,-0.8767278888958121,lying,karol
1672331771943706400,-0.0571043295503286,-0.1563363777996357,-0.3690943922914998,-0.8773543662568966,lying,karol
1672331771953706400,-0.0432971798567233,-0.1621183251837178,-0.3665918246379939,-0.878143936427177,lying,karol
1672331771963706400,-0.0521087122095469,-0.1584376792321885,-0.3682043795722526,-0.8776622750961164,lying,karol
1672331771973706400,-0.0658082754160297,-0.152666248605847,-0.3706361378108181,-0.8767408427566743,lying,karol
1672331771983706400,-0.056908809471451,-0.1564053817103721,-0.369068535185053,-0.8773656815341303,lying,karol
1672331771993706400,-0.0430992214480597,-0.1621870777683522,-0.3665643792552508,-0.8781524684440263,lying,karol
1672331772003706400,-0.0519104945000396,-0.1585073597139381,-0.3681776639135057,-0.8776726796295524,lying,karol
1672331772013706400,-0.0656068916894462,-0.152738876490225,-0.3706101451387299,-0.8767543060782134,lying,karol
1672331772023706400,-0.0567075054129176,-0.1564770833050104,-0.3690417784450309,-0.877377218058597,lying,karol
1672331772033706400,-0.0428957493460896,-0.1622577369128118,-0.3665359574799074,-0.8781612741361275,lying,karol
1672331772043706400,-0.0517078261026208,-0.1585764501145035,-0.3681499097027616,-0.8776838374018336,lying,karol
1672331772053706400,-0.0654016875501026,-0.1528093282081239,-0.3705829349589279,-0.8767688950357125,lying,karol
1672331772063706400,-0.0565004698066699,-0.1565510852742065,-0.3690140407365606,-0.8773890728197521,lying,karol
1672331772073706400,-0.0426839191697573,-0.1623367475423456,-0.3665066072017724,-0.8781692760055204,lying,karol
1672331772083706400,-0.051494350153625,-0.1586595929408389,-0.3681213169134179,-0.8776933876668805,lying,karol
1672331772093706400,-0.0651847783618075,-0.1528957267479205,-0.3705551567836441,-0.8767817588738548,lying,karol
1672331772103706400,-0.0562843288211906,-0.1566348878164117,-0.3689851762871099,-0.8774001798956982,lying,karol
1672331772113706400,-0.042465669149869,-0.1624190482349173,-0.3664758039476556,-0.8781775269506752,lying,karol
1672331772123706400,-0.0512767772951953,-0.1587406236094017,-0.3680913069633615,-0.8777040928042439,lying,karol
1672331772133706400,-0.0649654139891551,-0.1529761103886707,-0.3705257750927023,-0.8767964684832904,lying,karol
1672331772143706400,-0.056065731224367,-0.1567126258975327,-0.3689547909243815,-0.8774131043558868,lying,karol
1672331772153706400,-0.0422444378147578,-0.1624963127268521,-0.3664436181115292,-0.8781873670255239,lying,karol
1672331772163706400,-0.0510557002614046,-0.1588178946659671,-0.3680598906101278,-0.8777162092745325,lying,karol
1672331772173706400,-0.0647405501949431,-0.1530573536693751,-0.370495160395675,-0.8768118916438159,lying,karol
1672331772183706400,-0.0558391146594703,-0.156797205483517,-0.3689236050755085,-0.8774255906140975,lying,karol
1672331772193706400,-0.0420136715225812,-0.1625838829370192,-0.3664106101412218,-0.8781960346499215,lying,karol
1672331772203706400,-0.0508245342483039,-0.1589067335494634,-0.3680277409756446,-0.8777270594975793,lying,karol
1672331772213706400,-0.0645066700547456,-0.1531474479024784,-0.3704638055886733,-0.8768266784756535,lying,karol
1672331772223706400,-0.0556050868820982,-0.1568868058809767,-0.3688912879235412,-0.8774380565230773,lying,karol
1672331772233706400,-0.0417757792301788,-0.1626756237830258,-0.3663763456804174,-0.8782047222490346,lying,karol
1672331772243706400,-0.0505856927191372,-0.1590010505690474,-0.3679944235947787,-0.8777377781794079,lying,karol
1672331772253706400,-0.0642635863222569,-0.153246478615033,-0.3704315748404953,-0.8768408751477267,lying,karol
1672331772263706400,-0.0553621472461683,-0.1569846711167635,-0.3688580114983762,-0.877449936474184,lying,karol
1672331772273706400,-0.0415322284364743,-0.1627677448645042,-0.3663407549169568,-0.8782140848190056,lying,karol
1672331772283706400,-0.0503460448664678,-0.1590843925812362,-0.3679596437731939,-0.8777510688630595,lying,karol
1672331772293706400,-0.0640235647748588,-0.1533254456051352,-0.3703972453518419,-0.8768591633387306,lying,karol
1672331772303706400,-0.0551218451175972,-0.1570633632171943,-0.3688228942330043,-0.8774657770579201,lying,karol
1672331772313706400,-0.0412856390238213,-0.1628538924663183,-0.3663040184991548,-0.8782250970709251,lying,karol
1672331772323706400,-0.0500950843174024,-0.1591811934126121,-0.3679238461483848,-0.8777629163304227,lying,karol
1672331772333706400,-0.063766783123618,-0.153430357792256,-0.3703624970179808,-0.8768742335272828,lying,karol
1672331772343706400,-0.0548646283300901,-0.1571683459083458,-0.3687868592546631,-0.877478277949912,lying,karol
1672331772353706400,-0.068593064389042,-0.151368788462184,-0.3712030534612156,-0.8765127956945966,lying,karol
1672331772363706400,-0.0596998400910764,-0.1551049791017847,-0.3696477498243096,-0.8771675076109274,lying,karol
1672331772373706400,-0.0459253577133849,-0.1608757009786756,-0.3671686324601268,-0.8779982920196907,lying,karol
1672331772383706400,-0.0547366766882647,-0.1571867769014419,-0.3687683925969094,-0.8774907608659258,lying,karol
1672331772393706400,-0.0684573869009803,-0.151402240680144,-0.3711854424689069,-0.8765251158295537,lying,karol
1672331772403706400,-0.0595576551282281,-0.1551533725032028,-0.3696311381900919,-0.877175647391902,lying,karol
1672331772413706400,-0.0457762184571924,-0.1609362388342556,-0.3671515674012106,-0.878002154716052,lying,karol
1672331772423706400,-0.0545864159049676,-0.1572501229419946,-0.3687520987837507,-0.8774956514148433,lying,karol
1672331772433706400,-0.0683090509777672,-0.1514575521298468,-0.3711692761711732,-0.8765340111825954,lying,karol
1672331772443706400,-0.0594143173377394,-0.1551962497783622,-0.3696134007013725,-0.8771852895194766,lying,karol
1672331772453706400,-0.0456356301575784,-0.1609678843634706,-0.3671322358679864,-0.878011788264013,lying,karol
1672331772463706400,-0.054449889212221,-0.1572725400234945,-0.3687328646398444,-0.8775082313224256,lying,karol
1672331772473706400,-0.0681731512758784,-0.1514752346536491,-0.3711497245520753,-0.876549847291852,lying,karol
1672331772483706400,-0.0592786856986363,-0.1552126055053314,-0.3695936556048618,-0.8771999239904827,lying,karol
1672331772493706400,-0.0454963888751332,-0.160987926532472,-0.3671121080279166,-0.8780237883773813,lying,karol
1672331772503706400,-0.0543075146235609,-0.157300338024719,-0.3687132263902029,-0.87752035601194,lying,karol
1672331772513706400,-0.0680247353706506,-0.1515138613815503,-0.3711308355165382,-0.8765627321792182,lying,karol
1672331772523706400,-0.0591262559375275,-0.1552601866047963,-0.3695751781587352,-0.8772096087289691,lying,karol
1672331772533706400,-0.0453387707115646,-0.1610430469100492,-0.3670928470658768,-0.8780299189114622,lying,karol
1672331772543706400,-0.0541482750625965,-0.1573594796652872,-0.368694624059985,-0.8775274416970604,lying,karol
1672331772553706400,-0.0678627976019965,-0.1515756493328624,-0.3711128775327005,-0.876572237726808,lying,karol
1672331772563706400,-0.0589646112249522,-0.1553207272854633,-0.3695565083395649,-0.8772176698831196,lying,karol
1672331772573706400,-0.0451760363031335,-0.1611013019712549,-0.3670727310849895,-0.8780360627985652,lying,karol
1672331772583706400,-0.0539872113014585,-0.1574140458805,-0.3686750443551719,-0.8775358376737487,lying,karol
1672331772593706400,-0.0677004223195016,-0.1516295827020999,-0.3710936786982611,-0.8765836263463126,lying,karol
1672331772603706400,-0.0588018017485554,-0.1553750784262796,-0.3695367816695016,-0.8772273162158347,lying,karol
1672331772613706400,-0.0450099286679091,-0.1611584233370637,-0.3670517753186441,-0.8780429042355304,lying,karol
1672331772623706400,-0.0538197214323387,-0.1574746169148357,-0.3686546436669314,-0.8775438616834584,lying,karol
1672331772633706400,-0.0675298186768817,-0.1516936032843119,-0.3710738911598564,-0.8765941186233732,lying,karol
1672331772643706400,-0.0586307691256372,-0.1554395091421324,-0.3695163369395018,-0.8772359945703062,lying,karol
1672331772653706400,-0.0448370936995731,-0.1612219801911367,-0.3670298108623052,-0.8780492935646348,lying,karol
1672331772663706400,-0.0536480949608264,-0.1575355684118992,-0.3686332417760397,-0.8775524541839139,lying,karol
1672331772673706400,-0.0673576947486847,-0.1517518168385415,-0.3710527983915367,-0.8766062470580439,lying,karol
1672331772683706400,-0.0584598264197946,-0.1554942580843302,-0.3694943889865727,-0.8772469776377337,lying,karol
1672331772693706400,-0.0446634260222258,-0.1612778530796696,-0.3670066080982554,-0.878057615024992,lying,karol
1672331772703706400,-0.0534729414109186,-0.1575952147751777,-0.3686106657883526,-0.877561950767313,lying,karol
1672331772713706400,-0.0671779784904609,-0.1518181878045741,-0.3710310120074446,-0.876617799887759,lying,karol
1672331772723706400,-0.0582793245515514,-0.1555618409059134,-0.3694719837070495,-0.8772564753124416,lying,karol
1672331772733706400,-0.0444818496216527,-0.1613425287492747,-0.3669825042112654,-0.8780650577595547,lying,karol
1672331772743706400,-0.0532935549482352,-0.157655010446126,-0.3685870558122532,-0.8775720721981023,lying,karol
1672331772753706400,-0.0669987957291497,-0.1518734588571325,-0.3710075508921194,-0.8766319012722571,lying,karol
1672331772763706400,-0.0581008584567114,-0.1556146797750076,-0.3694477767310052,-0.8772691694036394,lying,karol
1672331772773706400,-0.0443000299455229,-0.1613976591749148,-0.3669570978335611,-0.8780747686241307,lying,karol
1672331772783706400,-0.053110623832813,-0.1577130935238751,-0.3685622744561975,-0.877583166403109,lying,karol
1672331772793706400,-0.0668122643883716,-0.1519358909444122,-0.3709834232266543,-0.87664556278819,lying,karol
1672331772803706400,-0.0579130176457371,-0.1556795130683372,-0.3694232084512576,-0.8772804658191503,lying,karol
1672331772813706400,-0.0441084056296672,-0.1614657309639411,-0.3669311552081557,-0.8780827745867554,lying,karol
1672331772823706400,-0.0529178004291863,-0.1577842871977748,-0.3685370976296511,-0.8775926233474106,lying,karol
1672331772833706400,-0.066616664126682,-0.1520093290876327,-0.3709589906577334,-0.8766580891745608,lying,karol
1672331772843706400,-0.0577184655494105,-0.1557497738813799,-0.3693978450487007,-0.8772915292203252,lying,karol
1672331772853706400,-0.0439125101567588,-0.1615333016144364,-0.3669041133873883,-0.8780914977176082,lying,karol
1672331772863706400,-0.0527234772929216,-0.1578484856121465,-0.3685106404524845,-0.8776039172859859,lying,karol
1672331772873706400,-0.0664196880223823,-0.1520754282317305,-0.3709330589077441,-0.8766725766096916,lying,karol
1672331772883706400,-0.0575187079438386,-0.1558217215395022,-0.3693716352437106,-0.8773029410526411,lying,karol
1672331772893706400,-0.0437069390718096,-0.1616130330247669,-0.3668765253210874,-0.8780986428318048,lying,karol
1672331772903706400,-0.0525151776699738,-0.1579348899027899,-0.3684839335966023,-0.8776121079734797,lying,karol
1672331772913706400,-0.066208316537527,-0.152164457834718,-0.3709072461528053,-0.8766840710509571,lying,karol
1672331772923706400,-0.0573088725776177,-0.1559063847051728,-0.3693445484699786,-0.8773130685874964,lying,karol
1672331772933706400,-0.0434975288792454,-0.1616904912087133,-0.3668472286043884,-0.878107054262018,lying,karol
1672331772943706400,-0.0523098943344286,-0.1580029657593829,-0.3684551457880636,-0.8776242336750716,lying,karol
1672331772953706400,-0.0660037526601736,-0.152226316769975,-0.3708785407788433,-0.8767009340216729,lying,karol
1672331772963706400,-0.0571055496182714,-0.1559644278861471,-0.3693149052116687,-0.8773285218298705,lying,karol
1672331772973706400,-0.0432897671648067,-0.1617525951396437,-0.3668163140313133,-0.8781188308883612,lying,karol
1672331772983706400,-0.0520995494949149,-0.1580715705531984,-0.3684250172842235,-0.8776370730131078,lying,karol
1672331772993706400,-0.0657873620891111,-0.1523045346946086,-0.3708495076529864,-0.8767159280664454,lying,karol
1672331773003706400,-0.0568854621506749,-0.1560506842275905,-0.3692857793850375,-0.8773397744506666,lying,karol
1672331773013706400,-0.0430638599901092,-0.1618462500699488,-0.3667856289510556,-0.8781255323864332,lying,karol
1672331773023706400,-0.0518689595108799,-0.1581765229058483,-0.3683955185488649,-0.8776442376499496,lying,karol
1672331773033706400,-0.0655478043251759,-0.1524255551523359,-0.3708219422047049,-0.876724531643592,lying,karol
1672331773043706400,-0.0566419621885199,-0.1561804587361934,-0.3692576327339557,-0.8773443162261874,lying,karol
1672331773053706400,-0.0428171791714191,-0.1619771976368206,-0.3667548705137663,-0.878126330367523,lying,karol
1672331773063706400,-0.0516276044050703,-0.1582950931661699,-0.3683657714871169,-0.87764960961454,lying,karol
1672331773073706400,-0.0653122838935055,-0.1525252387962838,-0.3707923437397507,-0.8767373234016778,lying,karol
1672331773083706400,-0.0564137957547621,-0.1562618281062489,-0.3692256095496527,-0.8773580384885501,lying,karol
1672331773093706400,-0.0425909763718661,-0.1620469399549542,-0.3667204908121287,-0.8781388544695129,lying,karol
1672331773103706400,-0.0514024334558918,-0.1583628434724152,-0.3683319639791495,-0.8776648258235846,lying,karol
1672331773113706400,-0.0650833565796617,-0.1525968977039882,-0.3707590866363126,-0.8767559752446722,lying,karol
1672331773123706400,-0.0561831773610225,-0.1563365543491692,-0.3691917909928373,-0.8773737887427971,lying,karol
1672331773133706400,-0.0423543262851232,-0.1621288344308429,-0.3666851002825099,-0.8781499957794454,lying,karol
1672331773143706400,-0.0511620638179067,-0.1584538674473351,-0.3682974641786778,-0.8776769526288188,lying,karol
1672331773153706400,-0.0648362848840995,-0.1526984686910659,-0.370725866263283,-0.8767706772583354,lying,karol
1672331773163706400,-0.055932270241021,-0.1564464160984613,-0.3691581323450854,-0.8773844324873791,lying,karol
1672331773173706400,-0.0420985305302758,-0.1622431809931377,-0.3666492494008868,-0.8781561793287267,lying,karol
1672331773183706400,-0.0509077979073103,-0.1585649346171363,-0.3682627017928834,-0.8776862981395999,lying,karol
1672331773193706400,-0.0645811394998233,-0.1528061826692984,-0.3706919974290976,-0.8767850946925644,lying,karol
1672331773203706400,-0.0556792022818549,-0.1565483285950359,-0.369122747224728,-0.8773972711530534,lying,karol
1672331773213706400,-0.0418424526112291,-0.1623448405229625,-0.3666116089479356,-0.8781653780604376,lying,karol
1672331773223706400,-0.0506507381704926,-0.1586692797006267,-0.3682260837385332,-0.8776977094698469,lying,karol
1672331773233706400,-0.0643204575019944,-0.1529135469608186,-0.3706564620917852,-0.8768005947725473,lying,karol
1672331773243706400,-0.0554180403434672,-0.1566559441450267,-0.3690861376798621,-0.877410031486679,lying,karol
1672331773253706400,-0.0691419936815073,-0.150857291641677,-0.3714944821044954,-0.8764351150424801,lying,karol
1672331773263706400,-0.0602463453839125,-0.1546031410793727,-0.3699449589356345,-0.8770941724092632,lying,karol
1672331773273706400,-0.0464687798895875,-0.1603861523756102,-0.3674739352311327,-0.8779322691778121,lying,karol
1672331773283706400,-0.0552767397590177,-0.1566995248478934,-0.369068936100174,-0.8774184312597213,lying,karol
1672331773293706400,-0.0689940947873219,-0.1509131293744302,-0.3714784308021659,-0.8764439938238573,lying,karol
1672331773303706400,-0.0600936632913586,-0.1546699166061827,-0.3699293815030346,-0.8770994768359628,lying,karol
1672331773313706400,-0.046311003587702,-0.1604608039363623,-0.3674574296685793,-0.8779339065142767,lying,karol
1672331773323706400,-0.0551183212096552,-0.1567758036170898,-0.3690532982402077,-0.8774213816916522,lying,karol
1672331773333706400,-0.0688364502406897,-0.1509840234050619,-0.3714632234267106,-0.876450657942296,lying,karol
1672331773343706400,-0.0599402971601178,-0.1547301400889786,-0.3699124762308606,-0.8771065119318355,lying,karol
1672331773353706400,-0.0461604129085239,-0.1605098358511568,-0.3674384891915722,-0.8779408344565894,lying,karol
1672331773363706400,-0.054972545161419,-0.1568137034454218,-0.3690343336417632,-0.8774317637324475,lying,karol
1672331773373706400,-0.0686933109288278,-0.1510123237764858,-0.3714435871446225,-0.8764653677398154,lying,karol
1672331773383706400,-0.0598009930011351,-0.1547485375093459,-0.3698915037173565,-0.8771216526145402,lying,karol
1672331773393706400,-0.0460214713862631,-0.1605223069532591,-0.3674163724918829,-0.8779551374968775,lying,karol
1672331773403706400,-0.0548336729722002,-0.1568264206576593,-0.3690122311012418,-0.8774475089369341,lying,karol
1672331773413706400,-0.0685496434562845,-0.1510330798205722,-0.3714217068747215,-0.8764823448623057,lying,karol
1672331773423706400,-0.0596505221091341,-0.1547847814079592,-0.3698707985252579,-0.8771342676746116,lying,karol
1672331773433706400,-0.0458608059442588,-0.1605779413707615,-0.3673957565159005,-0.8779620312157262,lying,karol
1672331773443706400,-0.0546660489398668,-0.1568987137669025,-0.3689928210830207,-0.8774532398404705,lying,karol
1672331773453706400,-0.068374426582343,-0.151119555967654,-0.3714041113975936,-0.8764886145894217,lying,karol
1672331773463706400,-0.0594724077396206,-0.15487777401169,-0.3698530708895336,-0.8771374556664336,lying,karol
1672331773473706400,-0.0456798873595325,-0.1606729943077562,-0.367376347748242,-0.8779622273895811,lying,karol
1672331773483706400,-0.0544865760629595,-0.1569904479015731,-0.3689742699625882,-0.8774558289126908,lying,karol
1672331773493706400,-0.0681962124525123,-0.1512043685055607,-0.3713860109238265,-0.8764955745515971,lying,karol
1672331773503706400,-0.0592984663428052,-0.1549518638874839,-0.3698330729993663,-0.8771446118669075,lying,karol
1672331773513706400,-0.0455074401926426,-0.1607384992990237,-0.3673542163393887,-0.8779684858760444,lying,karol
1672331773523706400,-0.0543172146448301,-0.1570489186899655,-0.3689525004535871,-0.8774650528342937,lying,karol
1672331773533706400,-0.0680271084014428,-0.1512584650123453,-0.3713643401860517,-0.8765085965413513,lying,karol
1672331773543706400,-0.0591315631798435,-0.1550000337562504,-0.3698103321154249,-0.8771569894866129,lying,karol
1672331773553706400,-0.0453419198423325,-0.1607780506498266,-0.3673298678134086,-0.8779800280224852,lying,karol
1672331773563706400,-0.0541565315527713,-0.1570775248035242,-0.3689283045173221,-0.8774800707516871,lying,karol
1672331773573706400,-0.0678692272842662,-0.1512769532928807,-0.3713395932074445,-0.8765281624374662,lying,karol
1672331773583706400,-0.0589769247078834,-0.1550099846017932,-0.3697848401847722,-0.8771764218940904,lying,karol
1672331773593706400,-0.0451848919207841,-0.1607880370665195,-0.3673038972336351,-0.8779971926955858,lying,karol
1672331773603706400,-0.0539961477872577,-0.1570959614626729,-0.3689027299790249,-0.8774974392283943,lying,karol
1672331773613706400,-0.0676991267217961,-0.1513146369756018,-0.3713150516547299,-0.8765452417946509,lying,karol
1672331773623706400,-0.0587973777644465,-0.1550694107404014,-0.3697617460741865,-0.8771877401565104,lying,karol
1672331773633706400,-0.0449939030497628,-0.1608692896235681,-0.3672804275988667,-0.8780019683742264,lying,karol
1672331773643706400,-0.0537984641084893,-0.1571931372891761,-0.368880455623712,-0.8775015757439655,lying,karol
1672331773653706400,-0.0674957660425106,-0.1514208627735791,-0.3712943015554615,-0.876551403596387,lying,karol
1672331773663706400,-0.0585933803610204,-0.1551766406846429,-0.3697399508669274,-0.8771916477231149,lying,karol
1672331773673706400,-0.0447889882072292,-0.1609733762984969,-0.3672562669932565,-0.8780035077723435,lying,karol
1672331773683706400,-0.0535966518570705,-0.1572900517317356,-0.3688570755102993,-0.8775064202278561,lying,karol
1672331773693706400,-0.067295855485688,-0.1515089664396148,-0.3712713277345331,-0.8765613143399701,lying,karol
1672331773703706400,-0.05839848525456,-0.1552521749117741,-0.369715060893326,-0.8772018029171903,lying,karol
1672331773713706400,-0.0445958836471106,-0.1610389409837198,-0.367229279443864,-0.8780126352576437,lying,karol
1672331773723706400,-0.0534064011754573,-0.1573492878310569,-0.3688306486101258,-0.8775185410016216,lying,karol
1672331773733706400,-0.0671043833142533,-0.1515669770675361,-0.371245280180745,-0.8765770296386818,lying,karol
1672331773743706400,-0.058206185529242,-0.1553113804995645,-0.3696885324745605,-0.877215316941632,lying,karol
1672331773753706400,-0.0444004860178545,-0.1610995379777915,-0.3672013158092739,-0.8780231501299064,lying,karol
1672331773763706400,-0.0532116771074311,-0.1574086363975788,-0.3688031076425238,-0.8775313348924002,lying,karol
1672331773773706400,-0.0669075883496303,-0.151626942918636,-0.3712180202212291,-0.8765932797551352,lying,karol
1672331773783706400,-0.0580090877964683,-0.1553712250931565,-0.3696605564712391,-0.8772295979459012,lying,karol
1672331773793706400,-0.0441994139257646,-0.1611626872635087,-0.3671719875587587,-0.8780340041843615,lying,karol
1672331773803706400,-0.0530080623883433,-0.1574781615964278,-0.3687745674136847,-0.8775432113659439,lying,karol
1672331773813706400,-0.0666978433752357,-0.1517064982168335,-0.3711905995323085,-0.8766071439855724,lying,karol
1672331773823706400,-0.0577947748672014,-0.1554609150049257,-0.3696331275602167,-0.8772394447538019,lying,karol
1672331773833706400,-0.0439774444165989,-0.1612645037391107,-0.3671431020229866,-0.8780385674396586,lying,karol
1672331773843706400,-0.0527810760386855,-0.1575919589023644,-0.3687468695175289,-0.87754813675538,lying,karol
1672331773853706400,-0.0664639998810238,-0.1518315575709017,-0.3711646484206977,-0.8766142747825469,lying,karol
1672331773863706400,-0.0575571871305562,-0.1555942868643027,-0.3696064617282921,-0.8772426883388218,lying,karol
1672331773873706400,-0.043732865158798,-0.1614085040537634,-0.3671141694977681,-0.8780364543209627,lying,karol
1672331773883706400,-0.0525332675329879,-0.1577435786510487,-0.3687194457394131,-0.8775473214127577,lying,karol
1672331773893706400,-0.0662126767890305,-0.1519862280936424,-0.3711391090186105,-0.876617337268404,lying,karol
1672331773903706400,-0.0573089779607676,-0.1557410400602338,-0.369578687730558,-0.8772446317622702,lying,karol
1672331773913706400,-0.0434899782657438,-0.1615364103746943,-0.3670826837437851,-0.878038193166673,lying,karol
1672331773923706400,-0.0522995748101102,-0.1578501062810581,-0.3686887929849313,-0.8775550366542231,lying,karol
1672331773933706400,-0.0659840971211424,-0.1520758808826982,-0.3711086114045985,-0.8766319686677235,lying,karol
1672331773943706400,-0.0570850887463677,-0.155818742045521,-0.369546454583414,-0.8772590434443701,lying,karol
1672331773953706400,-0.0432641935210372,-0.161611911020923,-0.3670487076652561,-0.8780496908889818,lying,karol
1672331773963706400,-0.0520737317351482,-0.1579262392192377,-0.3686557157845497,-0.8775686986831005,lying,karol
1672331773973706400,-0.0657545054254357,-0.1521560966517424,-0.3710764712443756,-0.8766489391908306,lying,karol
1672331773983706400,-0.0568526709376726,-0.1559048517480301,-0.3695140564570662,-0.8772725177998316,lying,karol
1672331773993706400,-0.043024311705914,-0.1617089617649017,-0.3670148643712411,-0.8780577894348314,lying,karol
1672331774003706400,-0.0518276484600875,-0.1580381894065038,-0.368623115322458,-0.8775768404747198,lying,karol
1672331774013706400,-0.0654987970844773,-0.1522854530325111,-0.371045873193536,-0.8766586048631434,lying,karol
1672331774023706400,-0.0565918653449562,-0.1560456259253765,-0.369482896132856,-0.8772775094398453,lying,karol
1672331774033706400,-0.0427582358318986,-0.1618555098854708,-0.3669809320469983,-0.8780580009199669,lying,karol
1672331774043706400,-0.0515636087632768,-0.1581800161662541,-0.3685902641884968,-0.8775806736373871,lying,karol
1672331774053706400,-0.065237243582708,-0.1524158539724666,-0.3710136101160592,-0.8766691337441709,lying,karol
1672331774063706400,-0.0563386394849217,-0.1561553132481525,-0.3694473668206933,-0.877289286965409,lying,karol
1672331774073706400,-0.0425118095436116,-0.1619415977111529,-0.3669417033361152,-0.8780705210577842,lying,karol
1672331774083706400,-0.0513271984068693,-0.1582429644129293,-0.3685510523660629,-0.8775996854633727,lying,karol
1672331774093706400,-0.0650054439487617,-0.1524629319709062,-0.3709735318097524,-0.8766951597498215,lying,karol
1672331774103706400,-0.0561101449662038,-0.1561932651920031,-0.3694059431670807,-0.8773146511303739,lying,karol
1672331774113706400,-0.0422779081507149,-0.1619844623286409,-0.366899234561984,-0.8780916871939002,lying,karol
1672331774123706400,-0.0510868735553236,-0.158301690820948,-0.3685094407773561,-0.877620624008282,lying,karol
1672331774133706400,-0.064753191345752,-0.1525447156009064,-0.3709336783859824,-0.8767164971560087,lying,karol
1672331774143706400,-0.0558480520608706,-0.1562975789148445,-0.3693673303828572,-0.8773290875996762,lying,karol
1672331774153706400,-0.0695655631720859,-0.1505047934967379,-0.3717703700592206,-0.8763459573148215,lying,karol
1672331774163706400,-0.0606659451532041,-0.1542642548515141,-0.3702252020882678,-0.8770074130360446,lying,karol
1672331774173706400,-0.046885232301152,-0.1600605995868817,-0.3677597073796151,-0.8778506203771512,lying,karol
1672331774183706400,-0.0556903475481231,-0.156375040668667,-0.3693514165645835,-0.8773320421340124,lying,karol
1672331774193706400,-0.0694065861785714,-0.150581870768854,-0.3717554017616685,-0.8763517051346102,lying,karol
1672331774203706400,-0.0605080979225154,-0.1543382578289555,-0.3702092597057475,-0.8770120607721922,lying,karol
1672331774213706400,-0.0467267102970858,-0.160131955929301,-0.367742069606044,-0.877853481254012,lying,karol
1672331774223706400,-0.055533147262598,-0.1564433974438471,-0.3693342858394065,-0.877337065184759,lying,karol
1672331774233706400,-0.0692488325642057,-0.1506480381665932,-0.3717385739627242,-0.8763599846677321,lying,karol
1672331774243706400,-0.0603515420538837,-0.1544009993168691,-0.3701912288323327,-0.8770194489373834,lying,karol
1672331774253706400,-0.0465692733006077,-0.1601922059522734,-0.3677222930439752,-0.8778591724745411,lying,karol
1672331774263706400,-0.0553772731412858,-0.1565001372416397,-0.3693148016544539,-0.8773450336853205,lying,karol
1672331774273706400,-0.069092829878247,-0.150701659844708,-0.371719239251749,-0.8763713131829667,lying,karol
1672331774283706400,-0.0601977637760956,-0.1544487320075821,-0.3701708491506486,-0.8770302482293257,lying,karol
1672331774293706400,-0.0464154357781407,-0.1602353458944908,-0.3677006181237433,-0.8778685589344631,lying,karol
1672331774303706400,-0.0552244083008781,-0.1565413787902763,-0.3692936361531644,-0.8773562540234053,lying,karol
1672331774313706400,-0.0689376150642766,-0.150745139185346,-0.3716985630913498,-0.8763848616894587,lying,karol
1672331774323706400,-0.0600395539416045,-0.1544987117630399,-0.3701503472433876,-0.8770409765020218,lying,karol
1672331774333706400,-0.0462515569560152,-0.1602939896104014,-0.3676793271194917,-0.8778754532549466,lying,karol
1672331774343706400,-0.055057337812615,-0.1566077441577632,-0.3692730488924093,-0.8773636091576202,lying,karol
1672331774353706400,-0.068765968876059,-0.1508186188848067,-0.3716789089192108,-0.8763940736469307,lying,karol
1672331774363706400,-0.0598671905696603,-0.1545733294929953,-0.3701299682979464,-0.8770482452273235,lying,karol
1672331774373706400,-0.0460769004459355,-0.160369226871766,-0.367657329010362,-0.877880143288364,lying,karol
1672331774383706400,-0.0548826101535249,-0.1566833528135022,-0.3692517690811549,-0.8773700467733168,lying,karol
1672331774393706400,-0.0685894529310024,-0.1508947084156212,-0.37165837634831,-0.8764035496022091,lying,karol
1672331774403706400,-0.0596915055678657,-0.1546468940543967,-0.3701084955373334,-0.8770563465694606,lying,karol
1672331774413706400,-0.0459004470689921,-0.1604396877189211,-0.3676342211127641,-0.877886223205894,lying,karol
1672331774423706400,-0.0547082173288184,-0.1567492932294668,-0.3692293856193953,-0.8773786134563104,lying,karol
1672331774433706400,-0.0684144605351203,-0.1509584084281154,-0.3716365689006617,-0.8764155386352729,lying,karol
1672331774443706400,-0.0595173065023622,-0.1547081172108593,-0.3700859706388316,-0.8770669261178412,lying,karol
1672331774453706400,-0.0457252810052566,-0.1604980882822264,-0.367610263596011,-0.8778947550590319,lying,karol
1672331774463706400,-0.0545344958769178,-0.1568046551926549,-0.3692059943512543,-0.8773894128618418,lying,karol
1672331774473706400,-0.0682397580302738,-0.1510124019251827,-0.3716135292972752,-0.8764296598146394,lying,karol
1672331774483706400,-0.0593432762804012,-0.1547598246543052,-0.3700622344769346,-0.8770796448404758,lying,karol
1672331774493706400,-0.045548997859961,-0.1605498052486894,-0.3675852765036982,-0.8779049587228738,lying,karol
1672331774503706400,-0.0543578951267513,-0.1568574847983899,-0.3691815330394754,-0.8774012549948709,lying,karol
1672331774513706400,-0.0680594924281007,-0.1510700781171942,-0.3715896731928619,-0.8764438854544355,lying,karol
1672331774523706400,-0.059160721207242,-0.1548222326675117,-0.3700381510046132,-0.8770911579815782,lying,karol
1672331774533706400,-0.0453612127794491,-0.1606192264394306,-0.3675600338702823,-0.8779125855865825,lying,karol
1672331774543706400,-0.0541672457685937,-0.156933919470311,-0.3691571198543934,-0.8774096830512039,lying,karol
1672331774553706400,-0.0678643235396544,-0.1511531196548067,-0.3715663554309898,-0.8764546211057269,lying,karol
1672331774563706400,-0.0589630640940002,-0.1549105851309014,-0.3700144433519539,-0.8770989028769871,lying,karol
1672331774573706400,-0.0451587563773057,-0.1607136181407767,-0.3675347561631799,-0.8779163646977962,lying,karol
1672331774583706400,-0.0539631453432855,-0.1570323699409976,-0.3691328546099752,-0.8774148874997663,lying,karol
1672331774593706400,-0.0676569797199812,-0.1512549212603278,-0.371543260986412,-0.8764629126373259,lying,karol
1672331774603706400,-0.0587556329625765,-0.1550120194320776,-0.3699902500321901,-0.8771051414360824,lying,karol
1672331774613706400,-0.0449497475767223,-0.1608133237234611,-0.3675083793058701,-0.8779199085201883,lying,karol
1672331774623706400,-0.0537561672656711,-0.1571275207526752,-0.3691073382559304,-0.877421326265677,lying,karol
1672331774633706400,-0.0674498067826357,-0.1513462451634912,-0.3715184676475672,-0.8764736589213638,lying,karol
1672331774643706400,-0.0585503977830547,-0.1550980837111825,-0.369964092897585,-0.8771147182511201,lying,karol
1672331774653706400,-0.0447437670088133,-0.1608954079051636,-0.3674801793251724,-0.8779272288768762,lying,karol
1672331774663706400,-0.0535518057842791,-0.1572061207147804,-0.3690798486678821,-0.8774313409616304,lying,karol
1672331774673706400,-0.0672443626911011,-0.1514231452842232,-0.3714915437200222,-0.8764876083029733,lying,karol
1672331774683706400,-0.0583459461645651,-0.1551718758369478,-0.3699361263898323,-0.8771271198824654,lying,karol
1672331774693706400,-0.0445370673904486,-0.160968550708737,-0.3674505119512069,-0.8779367823635532,lying,karol
1672331774703706400,-0.0533445549674815,-0.1572809439122225,-0.3690509549988636,-0.8774427432750743,lying,karol
1672331774713706400,-0.0670334628227271,-0.1515022525221455,-0.3714635498203371,-0.8765019909842352,lying,karol
1672331774723706400,-0.0581333941510126,-0.1552541741828699,-0.3699076341801215,-0.8771387196390804,lying,karol
1672331774733706400,-0.0443202605108729,-0.1610548971960794,-0.3674204194003841,-0.8779445461808583,lying,karol
1672331774743706400,-0.0531263344004308,-0.1573709500867882,-0.3690218137241678,-0.8774521346237517,lying,karol
1672331774753706400,-0.0668107920900467,-0.151598203897564,-0.3714355840908125,-0.8765142869008548,lying,karol
1672331774763706400,-0.0579085401679574,-0.1553546044112131,-0.3698790231967781,-0.8771479102390942,lying,karol
1672331774773706400,-0.0440904391178529,-0.161160992421833,-0.3673898869581387,-0.8779494596936009,lying,karol
1672331774783706400,-0.0528949205325404,-0.1574810241358735,-0.3689923506197707,-0.8774587907487383,lying,karol
1672331774793706400,-0.0665771329612076,-0.1517087981887827,-0.3714072357970858,-0.8765249772377495,lying,karol
1672331774803706400,-0.0576762830546234,-0.1554611691761149,-0.3698492035099218,-0.8771569399304963,lying,karol
1672331774813706400,-0.04385752885402,-0.1612627975732786,-0.3673576141024994,-0.8779559697087075,lying,karol
1672331774823706400,-0.0526644088146993,-0.1575775206175168,-0.3689609517247506,-0.8774685692378734,lying,karol
1672331774833706400,-0.0663454721249871,-0.1518032770953082,-0.3713766122683372,-0.8765391941408182,lying,karol
1672331774843706400,-0.0574457005757093,-0.1555522931854257,-0.3698173619418107,-0.8771693751766165,lying,karol
1672331774853706400,-0.0436248969886085,-0.1613522160025092,-0.3673237233509163,-0.8779653445033734,lying,karol
1672331774863706400,-0.0524318303661957,-0.1576672186803899,-0.368927958564701,-0.8774802907196697,lying,karol
1672331774873706400,-0.0661089014994333,-0.1518975886359395,-0.3713446659622747,-0.8765542980498606,lying,karol
1672331774883706400,-0.0572063916641854,-0.1556522973837442,-0.369784880671824,-0.8771810021455478,lying,karol
1672331774893706400,-0.0433793799474283,-0.1614602776653853,-0.3672893850213141,-0.8779720428229381,lying,karol
1672331774903706400,-0.0521837503756568,-0.1577816091523234,-0.3688947769663622,-0.8774885016372613,lying,karol
1672331774913706400,-0.0658565721934468,-0.152016901597014,-0.3713129013165034,-0.8765660982418466,lying,karol
1672331774923706400,-0.0569545674261026,-0.1557696766314738,-0.3697517901236693,-0.8771905353525113,lying,karol
1672331774933706400,-0.0431253787382765,-0.1615760620641073,-0.3672538400750177,-0.8779781581146391,lying,karol
1672331774943706400,-0.0519299694351206,-0.1578972156591628,-0.3688604030221064,-0.8774972459930779,lying,karol
1672331774953706400,-0.0655997760889537,-0.1521344390546927,-0.371279795724983,-0.8765790186758816,lying,karol
1672331774963706400,-0.0566968957478666,-0.1558885000579814,-0.3697175458729892,-0.8772005868034493,lying,karol
1672331774973706400,-0.0428652603959347,-0.161693694132743,-0.3672169898377091,-0.877984687534472,lying,karol
1672331774983706400,-0.0516733733935083,-0.158006901120518,-0.3688244693183698,-0.8775077878546447,lying,karol
1672331774993706400,-0.0653437511301165,-0.1522375687275366,-0.3712444665392501,-0.876595233244641,lying,karol
1672331775003706400,-0.0564435676557196,-0.1559843006548652,-0.3696805603230853,-0.8772155150031163,lying,karol
1672331775013706400,-0.0426097605289721,-0.1617872925482796,-0.3671777493916144,-0.8779963270146802,lying,karol
1672331775023706400,-0.0514167187231149,-0.1581036779530402,-0.3687861716326114,-0.8775215621791445,lying,karol
1672331775033706400,-0.0650818444303634,-0.1523414615480094,-0.3712073785983799,-0.8766124080345438,lying,karol
1672331775043706400,-0.0561790806426647,-0.1560934190207671,-0.3696428316893441,-0.8772290159647521,lying,karol
1672331775053706400,-0.0698977258453818,-0.1502899684746933,-0.3720422064169043,-0.8762417810078668,lying,karol
1672331775063706400,-0.0610020383696167,-0.1540447687849875,-0.3704984429268848,-0.876908038488929,lying,karol
1672331775073706400,-0.0472259643574798,-0.1598381287844422,-0.3680358988579804,-0.8777578917307538,lying,karol
1672331775083706400,-0.0560321810697356,-0.1561444063937783,-0.3696250108364666,-0.8772368800291958,lying,karol
1672331775093706400,-0.0697483758599304,-0.1503436379309501,-0.3720250427935694,-0.8762517961375904,lying,karol
1672331775103706400,-0.0608518860053134,-0.1540998494448037,-0.3704809249823063,-0.87691622833502,lying,karol
1672331775113706400,-0.0470733282253013,-0.1598948596593982,-0.3680172684667503,-0.8777636034152303,lying,karol
1672331775123706400,-0.0558794425964149,-0.1562016113239173,-0.3696069664686191,-0.8772440751722161,lying,karol
1672331775133706400,-0.0695941725153321,-0.1504010826296392,-0.3720074929797781,-0.8762616835529822,lying,karol
1672331775143706400,-0.0606979558207604,-0.1541561143500912,-0.3704626756877244,-0.8769247508888491,lying,karol
1672331775153706400,-0.0469176122872413,-0.1599509797933184,-0.3679977355214603,-0.8777699387861104,lying,karol
1672331775163706400,-0.0557240627217273,-0.1562571971091567,-0.3695879765725863,-0.8772520941322981,lying,karol
1672331775173706400,-0.0694374194135671,-0.1504566646178626,-0.3719889853954545,-0.8762724680950873,lying,karol
1672331775183706400,-0.0605416125604267,-0.1542101805767116,-0.3704435217743142,-0.8769341777530306,lying,karol
1672331775193706400,-0.0467599215640772,-0.1600037526066433,-0.367977341669588,-0.877777318759947,lying,karol
1672331775203706400,-0.0555675112330321,-0.1563075990087698,-0.3695680806057503,-0.8772614611708108,lying,karol
1672331775213706400,-0.0692798286272863,-0.1505062660677381,-0.3719694373119367,-0.876284755684456,lying,karol
1672331775223706400,-0.0603835824942383,-0.1542602335710986,-0.3704235375897658,-0.8769447457359558,lying,karol
1672331775233706400,-0.0465986333996694,-0.160056905822837,-0.3679563433230177,-0.877785041736603,lying,karol
1672331775243706400,-0.0554043840236762,-0.1563653562283832,-0.3695477320266493,-0.8772700918402054,lying,karol
1672331775253706400,-0.0691128101627152,-0.1505697695642871,-0.3719499022149032,-0.8762953610209621,lying,karol
1672331775263706400,-0.0602155209063946,-0.154325641221638,-0.3704034798555534,-0.876953299791753,lying,karol
1672331775273706400,-0.0464280460807251,-0.1601236255866961,-0.3679348821136268,-0.8777909425685726,lying,karol
1672331775283706400,-0.0552337817941023,-0.156432357478045,-0.3695269206914333,-0.877277705118969,lying,karol
1672331775293706400,-0.0689405611232394,-0.1506371346949726,-0.3719297119895582,-0.8763059551454474,lying,karol
1672331775303706400,-0.0600436128550793,-0.1543916270920861,-0.3703825034354704,-0.8769623658179008,lying,karol
1672331775313706400,-0.046254369090259,-0.1601890076962333,-0.3679124346256638,-0.8777976249389313,lying,karol
1672331775323706400,-0.055060559765546,-0.1564969501391854,-0.3695050923681118,-0.8772863020096018,lying,karol
1672331775333706400,-0.068765624506782,-0.1507022098748896,-0.3719084719073955,-0.8763175599360556,lying,karol
1672331775343706400,-0.0598688204067104,-0.154455756660431,-0.3703605407664526,-0.8769723329767352,lying,karol
1672331775353706400,-0.0460778390367964,-0.160252316898424,-0.3678890216737623,-0.8778052003041352,lying,karol
1672331775363706400,-0.0548846126513477,-0.1565592101102171,-0.369482304334878,-0.8772958503066176,lying,karol
1672331775373706400,-0.0685875324258609,-0.1507659351119857,-0.3718863424755416,-0.8763299809625018,lying,karol
1672331775383706400,-0.0596900962436774,-0.1545203696657551,-0.3703378993053025,-0.8769827290474754,lying,karol
1672331775393706400,-0.0458961160263446,-0.1603189949898708,-0.3678650566025574,-0.8778126225714736,lying,karol
1672331775403706400,-0.0547024570537411,-0.1566272092697457,-0.3694590374540289,-0.8773049224106398,lying,karol
1672331775413706400,-0.0684034296711962,-0.1508348001710117,-0.3718637003271749,-0.8763421625597005,lying,karol
1672331775423706400,-0.0595059299161572,-0.1545887439818739,-0.3703145071355241,-0.8769931065186759,lying,karol
1672331775433706400,-0.0457090519003285,-0.160389068837835,-0.3678402302132474,-0.8778200200790249,lying,karol
1672331775443706400,-0.0545144608288026,-0.1566997776554661,-0.3694349676422204,-0.8773138356814336,lying,karol
1672331775453706400,-0.0682118561877735,-0.1509119547715283,-0.3718405561439178,-0.8763536664222576,lying,karol
1672331775463706400,-0.0593131007976774,-0.1546682559811439,-0.3702907665864717,-0.8770022081059822,lying,karol
1672331775473706400,-0.0455133155724711,-0.160470226045625,-0.3678148404608469,-0.8778260311064455,lying,karol
1672331775483706400,-0.054319162886234,-0.1567801757232026,-0.3694103315778363,-0.8773219933291578,lying,karol
1672331775493706400,-0.0680153528640753,-0.1509912472290866,-0.3718165876793904,-0.876365484883533,lying,karol
1672331775503706400,-0.0591176134804499,-0.1547444832535098,-0.3702657375019365,-0.8770125621502161,lying,karol
1672331775513706400,-0.0453163230286696,-0.1605445923584226,-0.3677880679774835,-0.8778338764084617,lying,karol
1672331775523706400,-0.0541219111212009,-0.1568554847771995,-0.3693843224008225,-0.8773317079141107,lying,karol
1672331775533706400,-0.0678145710260461,-0.1510708745060495,-0.3717915135977916,-0.87637799373148,lying,karol
1672331775543706400,-0.0589148272143568,-0.1548282134606822,-0.3702402079557376,-0.8770222422758748,lying,karol
1672331775553706400,-0.0451092542017418,-0.1606329867720179,-0.3677609775439391,-0.8778397545467764,lying,karol
1672331775563706400,-0.0539144784871537,-0.1569450287979621,-0.3693581687732213,-0.8773395110029775,lying,karol
1672331775573706400,-0.0676044527688223,-0.1511625918924802,-0.3717664230319914,-0.8763890904666186,lying,karol
1672331775583706400,-0.0587039663389576,-0.1549210804397963,-0.3702143455926381,-0.8770309337986064,lying,karol
1672331775593706400,-0.0448949875158547,-0.1607283562382725,-0.3677333112746435,-0.8778449063903455,lying,karol
1672331775603706400,-0.0536989579474411,-0.1570435976081204,-0.3693315014972376,-0.8773463510031668,lying,karol
1672331775613706400,-0.0673867429391432,-0.1512619832137193,-0.3717407474546347,-0.876399633841522,lying,karol
1672331775623706400,-0.0584883657402288,-0.1550147844746928,-0.3701871130694238,-0.8770403104458804,lying,karol
1672331775633706400,-0.0446801806111979,-0.1608143311177443,-0.3677036557283951,-0.8778525764920901,lying,karol
1672331775643706400,-0.0534879338828193,-0.1571210255570785,-0.3693024130270607,-0.8773576574429903,lying,karol
1672331775653706400,-0.067175093595835,-0.151336659564379,-0.3717120970029481,-0.8764151763084851,lying,karol
1672331775663706400,-0.0582762770557576,-0.1550897083148317,-0.3701576908519467,-0.8770536350921693,lying,karol
1672331775673706400,-0.044463377275145,-0.160894383428605,-0.3676727721589389,-0.8778618855287278,lying,karol
1672331775683706400,-0.0532683851284418,-0.1572079053292581,-0.3692724821352283,-0.8773680838437835,lying,karol
1672331775693706400,-0.0669506704187422,-0.1514306081699714,-0.3716833822815473,-0.8764283335869881,lying,karol
1672331775703706400,-0.0580500963341882,-0.1551871134377752,-0.3701283100579469,-0.8770638386969145,lying,karol
1672331775713706400,-0.0442335279647317,-0.1609944071122915,-0.3676414415405476,-0.8778683148650029,lying,karol
1672331775723706400,-0.0530380426838445,-0.1573094042954298,-0.3692421653720027,-0.8773766395021865,lying,karol
1672331775733706400,-0.0667172160753148,-0.1515348539398243,-0.3716542492639464,-0.8764405068208635,lying,karol
1672331775743706400,-0.0578159763359455,-0.1552922446540709,-0.370098227040093,-0.8770734238559849,lying,karol
1672331775753706400,-0.0439961573785212,-0.1611010649864496,-0.3676092766391775,-0.8778741803812987,lying,karol
1672331775763706400,-0.0528007729837226,-0.1574161481717965,-0.3692110842576617,-0.8773849193936695,lying,karol
1672331775773706400,-0.0664780004690924,-0.151641478767985,-0.3716242303906095,-0.8764530053614342,lying,karol
1672331775783706400,-0.0575773816315505,-0.1553966492872341,-0.3700669170027134,-0.877083873016848,lying,karol
1672331775793706400,-0.0437551554317365,-0.1612047608473153,-0.3675756816554961,-0.8778812912715318,lying,karol
1672331775803706400,-0.0525604965674815,-0.1575184769676267,-0.3691784317306553,-0.8773947549548416,lying,karol
1672331775813706400,-0.0662355648010513,-0.1517441251095838,-0.3715925545823636,-0.876467059108454,lying,karol
1672331775823706400,-0.0573349180068052,-0.1554985779993498,-0.3700341463412747,-0.8770955517187285,lying,karol
1672331775833706400,-0.0435095801704402,-0.1613074836001617,-0.3675407960360973,-0.8778892682558769,lying,karol
1672331775843706400,-0.0523145039811829,-0.1576225688626472,-0.3691446201673505,-0.8774050232248335,lying,karol
1672331775853706400,-0.0659861786790022,-0.1518513420994934,-0.3715599530798264,-0.8764811562920463,lying,karol
1672331775863706400,-0.0570850295122073,-0.1556062025419879,-0.3700005114293651,-0.8771069875700462,lying,karol
1672331775873706400,-0.0432562877137836,-0.161416446667675,-0.3675049471003869,-0.8778967992699889,lying,karol
1672331775883706400,-0.0520606618142428,-0.1577331859087856,-0.3691098610945846,-0.8774149001588126,lying,karol
1672331775893706400,-0.0657289632754988,-0.1519648681285039,-0.3715264122408604,-0.8764950594870773,lying,karol
1672331775903706400,-0.0568274423630288,-0.1557197953503026,-0.36996577902082,-0.8771182397922869,lying,karol
1672331775913706400,-0.0429951109843071,-0.1615316280049619,-0.3674678270979665,-0.8779040162594041,lying,karol
1672331775923706400,-0.0517989567737629,-0.1578499446479391,-0.3690738202137493,-0.8774245867635871,lying,karol
1672331775933706400,-0.0654639885239799,-0.1520841378611891,-0.371491617308877,-0.8765089855238052,lying,karol
1672331775943706400,-0.0565620125520017,-0.1558393234284183,-0.3699297699182475,-0.8771293898863042,lying,karol
1672331775953706400,-0.0427266154337947,-0.1616513370680729,-0.3674293063424392,-0.8779112476579608,lying,karol
1672331775963706400,-0.051531040545042,-0.1579686684417665,-0.369036440492928,-0.8774347523654702,lying,karol
1672331775973706400,-0.0651933746151152,-0.1522039341947711,-0.3714554638608613,-0.8765237174003483,lying,karol
1672331775983706400,-0.0562915747467398,-0.1559578503375115,-0.3698923045694713,-0.8771415553293321,lying,karol
1672331775993706400,-0.0700085392646673,-0.1501494434725178,-0.3722893542828996,-0.8761528510135813,lying,karol
1672331776003706400,-0.0611141699302783,-0.1539053600548545,-0.370746928750193,-0.8768204838301472,lying,karol
1672331776013706400,-0.0473392399986861,-0.1597015383877361,-0.3682863846671696,-0.8776723856835286,lying,karol
1672331776023706400,-0.0561451813888591,-0.1560034930972773,-0.369874053406609,-0.8771505521661882,lying,karol
1672331776033706400,-0.0698602268048029,-0.150196672747732,-0.3722715699393039,-0.8761641851249814,lying,karol
1672331776043706400,-0.0609649787548787,-0.1539541412426679,-0.3707288351761441,-0.8768299906366942,lying,karol
1672331776053706400,-0.0471867001460561,-0.1597540826215678,-0.3682673873550305,-0.8776790431911564,lying,karol
1672331776063706400,-0.05599086760114,-0.1560604691590731,-0.3698557384210791,-0.8771580379738253,lying,karol
1672331776073706400,-0.0697021392394177,-0.1502594417978232,-0.3722541690886885,-0.8761734410103243,lying,karol
1672331776083706400,-0.0608059102322624,-0.1540187600267543,-0.3707109983283931,-0.8768372636056818,lying,karol
1672331776093706400,-0.0470259191643922,-0.1598185821432806,-0.3682482058018873,-0.8776840126334668,lying,karol
1672331776103706400,-0.0558306162622858,-0.1561239610760323,-0.3698371908741602,-0.8771648087942182,lying,karol
1672331776113706400,-0.0695408695457708,-0.1503221640962364,-0.3722361741434245,-0.8761831764397437,lying,karol
1672331776123706400,-0.0606452515568911,-0.154079512763555,-0.3706921979292757,-0.8768456992413185,lying,karol
1672331776133706400,-0.0468637356366791,-0.1598786071049018,-0.368228032932783,-0.8776902533423062,lying,karol
1672331776143706400,-0.0556690649737226,-0.1561827645896173,-0.3698175677349902,-0.8771729160939227,lying,karol
1672331776153706400,-0.0693781389885016,-0.1503805488210114,-0.372217020809125,-0.876194229483744,lying,karol
1672331776163706400,-0.0604826257567195,-0.1541370819360083,-0.3706723663734605,-0.876855231989645,lying,karol
1672331776173706400,-0.046699274249222,-0.1599360383036126,-0.3682068881334313,-0.8776974610821219,lying,karol
1672331776183706400,-0.05550527846587,-0.1562389010274489,-0.3697969337217185,-0.8771820318609251,lying,karol
1672331776193706400,-0.0692129629792629,-0.150436726215117,-0.3721968413241934,-0.8762062559312441,lying,karol
1672331776203706400,-0.060317112883418,-0.1541934732716846,-0.3706516589372658,-0.876865506226205,lying,karol
1672331776213706400,-0.0465303359580344,-0.1599959633395447,-0.3681851000549209,-0.8777046863067143,lying,karol
1672331776223706400,-0.0553340666606877,-0.1563044541647362,-0.3697759130509804,-0.8771900664337472,lying,karol
1672331776233706400,-0.0690377581801916,-0.1505082963539651,-0.3721768231969747,-0.8762163248484741,lying,karol
1672331776243706400,-0.0601403733949261,-0.1542681600839878,-0.3706312205481568,-0.8768731828185663,lying,karol
1672331776253706400,-0.0463513546543318,-0.1600713934023294,-0.3681631877343977,-0.8777096293152489,lying,karol
1672331776263706400,-0.0551558138273491,-0.1563784416682317,-0.3697547730459565,-0.8771970516338723,lying,karol
1672331776273706400,-0.0688571159422986,-0.1505844267823674,-0.3721565708829188,-0.8762260954188201,lying,karol
1672331776283706400,-0.0599588094164607,-0.1543459404184406,-0.3706103391665824,-0.8768807895328099,lying,karol
1672331776293706400,-0.0461670815729124,-0.1601508933337344,-0.3681407128695622,-0.8777143005119729,lying,karol
1672331776303706400,-0.0549720650489873,-0.1564569245983844,-0.3697329863005012,-0.8772038090766082,lying,karol
1672331776313706400,-0.0686742792314338,-0.1506571954032013,-0.372135141076098,-0.8762370716810907,lying,karol
1672331776323706400,-0.0597789542167035,-0.1544110193408416,-0.3705874924983062,-0.8768913019704749,lying,karol
1672331776333706400,-0.0459870729085411,-0.1602113771086836,-0.3681161896510802,-0.8777230321582076,lying,karol
1672331776343706400,-0.0547925151676628,-0.1565166876318763,-0.3697090447550273,-0.8772145066419023,lying,karol
1672331776353706400,-0.0684909508346721,-0.1507223370736844,-0.37211203408193,-0.8762500657266827,lying,karol
1672331776363706400,-0.0595935162263759,-0.1544805398009182,-0.3705641300029197,-0.8769015869584171,lying,karol
1672331776373706400,-0.0457976012496492,-0.1602854625305797,-0.3680915587194671,-0.877729777213235,lying,karol
1672331776383706400,-0.0546018895777463,-0.1565937859004289,-0.3696852502787465,-0.8772226957650829,lying,karol
1672331776393706400,-0.0682976193578477,-0.1508021017705015,-0.3720891545053338,-0.8762611824920409,lying,karol
1672331776403706400,-0.0593997120854487,-0.1545608328796427,-0.3705405154534791,-0.8769106010817923,lying,karol
1672331776413706400,-0.0456012560797168,-0.1603667071272567,-0.368066315035277,-0.8777357804911052,lying,karol
1672331776423706400,-0.0544054953712163,-0.1566754370113171,-0.3696608350091874,-0.8772306422449571,lying,karol
1672331776433706400,-0.0680990846418475,-0.1508849923489491,-0.3720656188419493,-0.8762723933514085,lying,karol
1672331776443706400,-0.0592010095429666,-0.1546435050523759,-0.3705161174712988,-0.8769198064973928,lying,karol
1672331776453706400,-0.0453999056592023,-0.160450442819036,-0.3680401985538584,-0.8777419010940148,lying,karol
1672331776463706400,-0.0542034655430338,-0.1567610479557789,-0.3696355652852385,-0.8772385370992031,lying,karol
1672331776473706400,-0.0678945247742337,-0.1509726396688485,-0.3720412814288423,-0.8762835383756895,lying,karol
1672331776483706400,-0.0589968183507556,-0.1547296399975643,-0.3704907351928004,-0.876929132494828,lying,karol
1672331776493706400,-0.0451938896660552,-0.1605355438878001,-0.3680129239933941,-0.8777484427935274,lying,karol
1672331776503706400,-0.0539985948655162,-0.1568437743056269,-0.369609057996218,-0.8772475883395887,lying,karol
1672331776513706400,-0.0676883630719828,-0.1510544699432993,-0.3720155128340577,-0.876296360162714,lying,karol
1672331776523706400,-0.0587907843284575,-0.1548104984168137,-0.3704640912185382,-0.8769399897428143,lying,karol
1672331776533706400,-0.0449850326974038,-0.1606175910686502,-0.367984640933974,-0.877756054250083,lying,karol
1672331776543706400,-0.0537890818362867,-0.1569277213652283,-0.3695816848711513,-0.8772570141331328,lying,karol
1672331776553706400,-0.0674753431364123,-0.151142636649573,-0.3719892255420629,-0.8763087803205843,lying,karol
1672331776563706400,-0.0585762044880785,-0.1549017080227586,-0.3704371824164443,-0.876949644604847,lying,karol
1672331776573706400,-0.0447675429662134,-0.1607101058393187,-0.3679558718634256,-0.8777623350035462,lying,karol
1672331776583706400,-0.0535719381398258,-0.1570197340416708,-0.3695538045611763,-0.8772656169922509,lying,karol
1672331776593706400,-0.0672561793016438,-0.1512352353116506,-0.3719622791060698,-0.8763211253722696,lying,karol
1672331776603706400,-0.0583571993114455,-0.154993245178429,-0.3704092058766622,-0.8769599241679946,lying,karol
1672331776613706400,-0.0445458326478811,-0.1608022899201399,-0.367925955439718,-0.8777693068661838,lying,karol
1672331776623706400,-0.0533497750245214,-0.1571132951537047,-0.3695247750697761,-0.8772746675193706,lying,karol
1672331776633706400,-0.0670307300971976,-0.1513322335162312,-0.3719342982290677,-0.8763335649482912,lying,karol
1672331776643706400,-0.0581310083787193,-0.1550912933083744,-0.3703802740930881,-0.8769698668512169,lying,karol
1672331776653706400,-0.0443166120145967,-0.1609016339616816,-0.3678950160367638,-0.8777757075296229,lying,karol
1672331776663706400,-0.0531208985230911,-0.1572121660693695,-0.3694948181105869,-0.877283496429031,lying,karol
1672331776673706400,-0.0668003661281166,-0.1514302496501036,-0.3719053128556842,-0.8763465597913735,lying,karol
1672331776683706400,-0.0579013421594872,-0.1551869423414917,-0.3703501438879352,-0.8769808992878395,lying,karol
1672331776693706400,-0.0440845785660123,-0.1609968366670133,-0.3678628622011907,-0.8777834457890747,lying,karol
1672331776703706400,-0.0528886770772201,-0.1573081782094395,-0.3694636244239449,-0.8772934885146849,lying,karol
1672331776713706400,-0.0665650151414176,-0.151529175403662,-0.3718752093888695,-0.8763601779795291,lying,karol
1672331776723706400,-0.0576652371739257,-0.1552869136138308,-0.3703191199637021,-0.8769918954634489,lying,karol
1672331776733706400,-0.043845024319562,-0.1610987841387396,-0.3678298108298242,-0.8777906251428482,lying,karol
1672331776743706400,-0.052648905435275,-0.157410986656566,-0.3694315796200873,-0.87730299956539,lying,karol
1672331776753706400,-0.0663224434387579,-0.1516339820942605,-0.3718442735904927,-0.8763736026952456,lying,karol
1672331776763706400,-0.0574221100231967,-0.1553922793615971,-0.3702871384542273,-0.8770027237861764,lying,karol
1672331776773706400,-0.0435984844174075,-0.1612058889800678,-0.3677956751753413,-0.8777975801876072,lying,karol
1672331776783706400,-0.0524017146299982,-0.1575199744897553,-0.3693985421567725,-0.8773121834622114,lying,karol
1672331776793706400,-0.0660718703120527,-0.1517462054837341,-0.3718125253876245,-0.8763866102429775,lying,karol
1672331776803706400,-0.0571708441122268,-0.1555054029861257,-0.3702543340537571,-0.8770129732406025,lying,karol
1672331776813706400,-0.0433437557060156,-0.1613207520844307,-0.3677606049724,-0.8778038217238415,lying,karol
1672331776823706400,-0.0521466745078802,-0.1576359048596736,-0.3693646086030422,-0.8773208793186098,lying,karol
1672331776833706400,-0.0658140604046165,-0.1518637824320101,-0.3717798526672606,-0.876399538485861,lying,karol
1672331776843706400,-0.0569133208306943,-0.1556215323614356,-0.3702203414641771,-0.877023509117688,lying,karol
1672331776853706400,-0.0430840218768279,-0.161435467737616,-0.3677241483250922,-0.8778108264832107,lying,karol
1672331776863706400,-0.0518879928781938,-0.1577485287338109,-0.3693292411947624,-0.8773308978672196,lying,karol
1672331776873706400,-0.0655536397483277,-0.1519755796952929,-0.3717455542942559,-0.8764142608229591,lying,karol
1672331776883706400,-0.056653821055493,-0.1557303142370507,-0.3701846660366818,-0.8770360952573956,lying,karol
1672331776893706400,-0.0428226390990465,-0.1615418019062844,-0.3676860413414521,-0.8778200520241,lying,karol
1672331776903706400,-0.0516276593564518,-0.1578528303203011,-0.3692921086231513,-0.8773431617825117,lying,karol
1672331776913706400,-0.0652900024843355,-0.1520826912595893,-0.3717095584581041,-0.8764306626145386,lying,karol
1672331776923706400,-0.056388324877424,-0.1558409757450302,-0.3701478730752991,-0.8770491127294573,lying,karol
1672331776933706400,-0.0701031790932118,-0.1500322825699854,-0.3725436667693244,-0.8760580672346217,lying,karol
1672331776943706400,-0.0612077853443622,-0.1537953628456562,-0.3710029426839522,-0.8767257767490738,lying,karol
1672331776953706400,-0.0474336500139714,-0.1595996500703809,-0.3685446897112527,-0.8775782046723727,lying,karol
1672331776963706400,-0.0562372059091718,-0.1559021986350801,-0.370131530088146,-0.8770548671705504,lying,karol
1672331776973706400,-0.0699512765467363,-0.1500925295902648,-0.372527916531878,-0.8760666223030156,lying,karol
1672331776983706400,-0.0610552395399466,-0.1538567132390903,-0.3709867529883796,-0.8767325349515402,lying,karol
1672331776993706400,-0.0472778436735657,-0.1596649513220423,-0.3685274771308622,-0.8775819973202141,lying,karol
1672331777003706400,-0.0560802823203505,-0.1559703071138101,-0.3701150572178996,-0.8770597925150356,lying,karol
1672331777013706400,-0.0697922833162466,-0.1501625313263032,-0.3725122092639173,-0.8760740212496194,lying,karol
1672331777023706400,-0.0608991189891931,-0.1539194326692566,-0.3709696201019927,-0.876739669054461,lying,karol
1672331777033706400,-0.0471244221809567,-0.1597172686112065,-0.3685084093919463,-0.8775887711946463,lying,karol
1672331777043706400,-0.0559301248001884,-0.1560152520646261,-0.3700962587555418,-0.8770693547824906,lying,karol
1672331777053706400,-0.069641991928217,-0.1502049946294867,-0.3724935862210475,-0.8760866553938044,lying,karol
1672331777063706400,-0.0607478431107473,-0.1539636632577441,-0.3709507434688548,-0.8767504196003155,lying,karol
1672331777073706400,-0.0469693790796315,-0.1597662848258815,-0.3684887567197688,-0.8775964480567167,lying,karol
1672331777083706400,-0.055773186481768,-0.1560690230420542,-0.3700772737912082,-0.8770778279976721,lying,karol
1672331777093706400,-0.06948183163645,-0.1502634102756269,-0.3724754218656672,-0.8760971129712098,lying,karol
1672331777103706400,-0.0605865496040851,-0.1540242756337022,-0.3709322580182451,-0.8767587904056666,lying,karol
1672331777113706400,-0.0468054468726342,-0.1598290394589074,-0.3684691462661187,-0.8776020487872481,lying,karol
1672331777123706400,-0.055609046072672,-0.1561325322446841,-0.3700583542535852,-0.8770849649520122,lying,karol
1672331777133706400,-0.0693158502551344,-0.1503281983764784,-0.3724572197879569,-0.8761069201112129,lying,karol
1672331777143706400,-0.0604202753131579,-0.1540892581385865,-0.3709134418057108,-0.8767668420658546,lying,karol
1672331777153706400,-0.0466366218543968,-0.1598958613660314,-0.368449053486607,-0.8776073354568368,lying,karol
1672331777163706400,-0.0554395090771719,-0.1562012688989086,-0.3700389865721811,-0.8770916654105284,lying,karol
1672331777173706400,-0.0691443792702497,-0.1503983310277246,-0.372438624868765,-0.8761163733675815,lying,karol
1672331777183706400,-0.0602487759097479,-0.1541589532931732,-0.3708941057107162,-0.8767746073309183,lying,karol
1672331777193706400,-0.0464637897779583,-0.1599644055438191,-0.3684281824941265,-0.8776128090390042,lying,karol
1672331777203706400,-0.0552677351966042,-0.15626758706844,-0.3700187191921217,-0.8770992786636921,lying,karol
1672331777213706400,-0.0689715043335972,-0.1504640572993422,-0.3724189423364895,-0.8761271165822007,lying,karol
1672331777223706400,-0.0600765017302716,-0.1542227048724374,-0.3708736002380887,-0.8767839262476678,lying,karol
1672331777233706400,-0.0462904624034347,-0.1600261932961356,-0.3684062229372086,-0.8776199578177701,lying,karol
1672331777243706400,-0.0550951807369606,-0.1563278814037692,-0.3699973621518534,-0.8771084351094643,lying,karol
1672331777253706400,-0.06879679991539,-0.1505262204844696,-0.3723982664790577,-0.8761389982497713,lying,karol
1672331777263706400,-0.0599005132361202,-0.1542873447364611,-0.3708525415537649,-0.8767935375766721,lying,karol
1672331777273706400,-0.0461105747257998,-0.1600955383696543,-0.3683840146754769,-0.8776261379738953,lying,karol
1672331777283706400,-0.054913844969936,-0.1564008944581815,-0.3699759372446404,-0.8771158635115999,lying,karol
1672331777293706400,-0.0686127408549677,-0.1506022660872359,-0.3723777190389248,-0.8761491319512533,lying,karol
1672331777303706400,-0.0597157985451576,-0.1543643958970672,-0.3708312900970819,-0.8768015991541511,lying,karol
1672331777313706400,-0.0459234547615542,-0.1601736843627546,-0.3683611883735292,-0.8776313069006705,lying,karol
1672331777323706400,-0.0547266327590582,-0.1564795110285997,-0.3699538858373061,-0.8771228790570078,lying,karol
1672331777333706400,-0.0684235842058883,-0.1506820014926592,-0.3723565281675583,-0.8761592568170244,lying,karol
1672331777343706400,-0.0595269232636288,-0.1544429102468638,-0.3708091942219005,-0.8768099963494815,lying,karol
1672331777353706400,-0.0457330096436469,-0.1602511944636413,-0.3683374061800266,-0.8776371189523161,lying,karol
1672331777363706400,-0.0545367316509179,-0.1565560300477411,-0.3699308477821588,-0.877130804719411,lying,karol
1672331777373706400,-0.068231952357718,-0.1507590980369708,-0.3723342795539517,-0.8761704293120994,lying,karol
1672331777383706400,-0.0593351989335074,-0.1545196402880201,-0.3707861471483143,-0.8768192547145612,lying,karol
1672331777393706400,-0.0455392260264803,-0.1603279443931823,-0.3683127437290388,-0.8776435636975749,lying,karol
1672331777403706400,-0.0543435549105557,-0.156631662685456,-0.3699069187687616,-0.8771394189176601,lying,karol
1672331777413706400,-0.0680370949471822,-0.150835140856796,-0.372311117880727,-0.8761823722963785,lying,karol
1672331777423706400,-0.0591402932098305,-0.1545951916207895,-0.3707622123977215,-0.8768292615291176,lying,karol
1672331777433706400,-0.045341833932339,-0.1604044018608952,-0.3682872623885206,-0.8776505417515356,lying,karol
1672331777443706400,-0.0541454987703549,-0.1567099992942723,-0.3698822572613297,-0.8771481103624438,lying,karol
1672331777453706400,-0.0678364004708282,-0.1509160359740352,-0.3722873660580302,-0.8761941315424567,lying,karol
1672331777463706400,-0.0589391317595087,-0.1546765686925359,-0.3707376645079699,-0.8768388698823429,lying,karol
1672331777473706400,-0.0451373235746464,-0.1604886227595623,-0.3682611147296449,-0.8776566941015238,lying,karol
1672331777483706400,-0.0539398237230389,-0.1567972435014321,-0.3698570049597866,-0.8771558747636776,lying,karol
1672331777493706400,-0.0676277846168291,-0.1510064076155275,-0.3722631730900217,-0.876205002291215,lying,karol
1672331777503706400,-0.0587298277765112,-0.1547679686152428,-0.3707126383875609,-0.8768474023483926,lying,karol
1672331777513706400,-0.0449255079018751,-0.1605808158478404,-0.368234262973075,-0.8776620007248203,lying,karol
1672331777523706400,-0.0537281214691321,-0.1568894638304644,-0.3698310858238336,-0.8771633418376089,lying,karol
1672331777533706400,-0.067413665159518,-0.1511004269529637,-0.3722383050519608,-0.8762158944940688,lying,karol
1672331777543706400,-0.0585152949310553,-0.1548623539949898,-0.3706868432520174,-0.8768560213571231,lying,karol
1672331777553706400,-0.0447085187964591,-0.1606757232635175,-0.3682065278861071,-0.8776673829483309,lying,karol
1672331777563706400,-0.053511185544941,-0.1569845286203942,-0.3698042640953343,-0.8771709380828673,lying,karol
1672331777573706400,-0.0671944439672814,-0.1511968837298171,-0.3722125229729284,-0.8762270824150196,lying,karol
1672331777583706400,-0.0582962873037528,-0.1549576643776571,-0.370659973664501,-0.8768651651362858,lying,karol
1672331777593706400,-0.0444879070940803,-0.1607693789485279,-0.3681775937883063,-0.8776736162859453,lying,karol
1672331777603706400,-0.0532920656277958,-0.1570750129830259,-0.3697761769543788,-0.8771799558721165,lying,karol
1672331777613706400,-0.0669746388403117,-0.1512849970120761,-0.3721852097214082,-0.8762403395764942,lying,karol
1672331777623706400,-0.0580770877150136,-0.1550436466707085,-0.3706316163525192,-0.876876533894379,lying,karol
1672331777633706400,-0.044265836040097,-0.1608565149275821,-0.3681474567648137,-0.8776815563127434,lying,karol
1672331777643706400,-0.0530689347044312,-0.1571649900195946,-0.3697469416413355,-0.8771897261739207,lying,karol
1672331777653706400,-0.0667474186505643,-0.1513804751299021,-0.372157138941422,-0.8762531460122341,lying,karol
1672331777663706400,-0.0578478192253108,-0.1551432918630902,-0.3706028967470745,-0.8768862386123013,lying,karol
1672331777673706400,-0.0440315837961392,-0.1609622669341128,-0.3681169355566602,-0.8776867888900362,lying,karol
1672331777683706400,-0.0528315105629058,-0.1572784666618435,-0.369717639439124,-0.8771961055153418,lying,karol
1672331777693706400,-0.0665050742301405,-0.1515011522176353,-0.3721294978448237,-0.876262491201917,lying,karol
1672331777703706400,-0.0576048901382729,-0.1552647576447799,-0.3705741225849429,-0.8768929282774501,lying,karol
1672331777713706400,-0.0437869728269305,-0.1610819841436383,-0.3680856924765322,-0.8776902018204928,lying,karol
1672331777723706400,-0.0525892157629516,-0.1573930367217862,-0.3696874944923159,-0.8772028559205952,lying,karol
1672331777733706400,-0.0662618230241021,-0.1516135604818098,-0.3721004595170169,-0.8762738444235447,lying,karol
1672331777743706400,-0.0573615140550438,-0.1553767752507323,-0.3705438745023673,-0.876901859081483,lying,karol
1672331777753706400,-0.0435418566295007,-0.1611921365941115,-0.3680530294077568,-0.8776959063427556,lying,karol
1672331777763706400,-0.0523461924919939,-0.1574985925129599,-0.3696557472386387,-0.8772118605803697,lying,karol
1672331777773706400,-0.0660194153032797,-0.1517132349100211,-0.3720693607775089,-0.8762881306556899,lying,karol
1672331777783706400,-0.057122416545712,-0.1554677929437799,-0.3705110255382902,-0.8769152504803083,lying,karol
1672331777793706400,-0.0433006992488192,-0.161281712527913,-0.3680181019426972,-0.8777060627934085,lying,karol
1672331777803706400,-0.0521037231143815,-0.1575916749767701,-0.3696217342461304,-0.8772239466942121,lying,karol
1672331777813706400,-0.0657716215039397,-0.151814374496621,-0.3720366730398717,-0.8763031622536577,lying,karol
1672331777823706400,-0.0568710820467918,-0.1555765564018783,-0.3704779300346448,-0.8769263155726534,lying,karol
1672331777833706400,-0.0430436167125324,-0.1613977872888639,-0.3679830933516889,-0.87771208519185,lying,karol
1672331777843706400,-0.0518445059141805,-0.1577131063768171,-0.3695880242011938,-0.8772317205419031,lying,karol
1672331777853706400,-0.0655081935830742,-0.1519409616599663,-0.3720045871791199,-0.8763146121387618,lying,karol
1672331777863706400,-0.0566067852728582,-0.1557045058030985,-0.370444685479933,-0.8769347872201726,lying,karol
1672331777873706400,-0.0427764575796703,-0.1615261203453002,-0.3679472747050747,-0.8777165904690218,lying,karol
1672331777883706400,-0.0515778096304237,-0.1578406608936368,-0.3695534344220575,-0.8772391083270666,lying,karol
1672331777893706400,-0.0652393966337767,-0.1520685773615588,-0.371971354004905,-0.8763266715010416,lying,karol
1672331777903706400,-0.0563388632295662,-0.1558293013433708,-0.3704099335515469,-0.8769445892817801,lying,karol
1672331777913706400,-0.0425066493808122,-0.1616487721850964,-0.3679098971487563,-0.8777228222748982,lying,karol
1672331777923706400,-0.0513090863895881,-0.157961139371608,-0.3695172269489489,-0.8772484692403167,lying,karol
1672331777933706400,-0.0649686337030696,-0.1521889442047945,-0.3719363847188918,-0.8763407699398105,lying,karol
1672331777943706400,-0.0560681151739481,-0.1559488209544685,-0.3703736588640715,-0.8769560523270704,lying,karol
1672331777953706400,-0.0697818708067148,-0.1501344791503616,-0.3727709475791235,-0.8759704322987758,lying,karol
1672331777963706400,-0.0608882197160202,-0.1538977289450727,-0.3712291110941327,-0.8766352294447105,lying,karol
1672331777973706400,-0.0471161277456512,-0.1597031594113232,-0.3687691479384281,-0.8774830866594493,lying,karol
1672331777983706400,-0.0559195796628965,-0.156001321323645,-0.3703570828225843,-0.876963235141391,lying,karol
1672331777993706400,-0.0696318332298292,-0.1501879375084405,-0.3727549905193637,-0.8759800341746452,lying,karol
1672331778003706400,-0.0607377814689602,-0.1539516881207137,-0.3712127094541582,-0.8766431724158947,lying,karol
1672331778013706400,-0.0469635424861524,-0.1597585490066774,-0.3687516923243114,-0.8774885552873622,lying,karol
1672331778023706400,-0.0557663380306314,-0.1560584914369222,-0.3703402429958328,-0.8769699690127599,lying,karol
1672331778033706400,-0.0694762591554131,-0.1502479008554939,-0.3727388750704447,-0.8759889975568206,lying,karol
1672331778043706400,-0.0605815027753658,-0.1540128613035875,-0.3711960706253492,-0.8766503226178022,lying,karol
1672331778053706400,-0.0468050883960516,-0.1598211493054664,-0.3687338124182818,-0.8774931716142437,lying,karol
1672331778063706400,-0.05560750613834,-0.1561221849033782,-0.3703229808640754,-0.8769760435734237,lying,karol
1672331778073706400,-0.0693156791975575,-0.1503129193444375,-0.3727223102350273,-0.8759976487805125,lying,karol
1672331778083706400,-0.0604208369525208,-0.1540776236273202,-0.371178810214449,-0.8766573751109863,lying,karol
1672331778093706400,-0.046642640044732,-0.1598863359073807,-0.3687152293270807,-0.8774977910654308,lying,karol
1672331778103706400,-0.0554452400109104,-0.1561871767983636,-0.370305051707584,-0.8769823519341563,lying,karol
1672331778113706400,-0.0691524565481897,-0.1503773508167431,-0.372705025385209,-0.876006881108473,lying,karol
1672331778123706400,-0.0602581671684547,-0.1541402784697669,-0.3711607602126914,-0.8766652356112709,lying,karol
1672331778133706400,-0.0464784682125626,-0.1599486518445781,-0.3686958896893051,-0.8775033076465741,lying,karol
1672331778143706400,-0.0552814525216953,-0.1562488639333666,-0.3702863570198189,-0.8769896330089488,lying,karol
1672331778153706400,-0.068987627144362,-0.1504386637510614,-0.372686949792421,-0.8760170763843029,lying,karol
1672331778163706400,-0.060093840229934,-0.1541999041794979,-0.3711419645515515,-0.8766740231251468,lying,karol
1672331778173706400,-0.0463130731706319,-0.1600067815311931,-0.3686757667747602,-0.8775099456499262,lying,karol
1672331778183706400,-0.0551160576074936,-0.156307287161482,-0.3702668374034468,-0.8769979097748237,lying,karol
1672331778193706400,-0.0688192907709973,-0.1505011195809689,-0.3726682394327195,-0.8760275850984486,lying,karol
1672331778203706400,-0.0599240287666769,-0.1542653474159862,-0.3711228983392065,-0.8766822411026918,lying,karol
1672331778213706400,-0.046140055115168,-0.1600757529855846,-0.368655516645236,-0.8775150247750153,lying,karol
1672331778223706400,-0.0549416731916751,-0.1563797078797898,-0.370247382773741,-0.8770041909637372,lying,karol
1672331778233706400,-0.0686418530439243,-0.150577677240126,-0.372649807575712,-0.876036227460893,lying,karol
1672331778243706400,-0.0597450385767973,-0.1543451202758544,-0.37110397818,-0.876688461913555,lying,karol
1672331778253706400,-0.0459577962226547,-0.1601591919239866,-0.3686351644401299,-0.8775179504092928,lying,karol
1672331778263706400,-0.0547589601795891,-0.1564643971513965,-0.3702278754411521,-0.8770087846660289,lying,karol
1672331778273706400,-0.068457949500166,-0.1506619871540607,-0.3726311720508146,-0.8760440854863802,lying,karol
1672331778283706400,-0.0595630457901038,-0.1544244148675765,-0.3710840245742656,-0.8766953641907049,lying,karol
1672331778293706400,-0.04577612421887,-0.1602334690797584,-0.3686133048749214,-0.877523105351971,lying,karol
1672331778303706400,-0.054579340009377,-0.1565341192392564,-0.3702065797207251,-0.8770165657008925,lying,karol
1672331778313706400,-0.0682784166827226,-0.1507284114786781,-0.3726103367359448,-0.8760555688308397,lying,karol
1672331778323706400,-0.0593847369473045,-0.1544873686967296,-0.3710622530158732,-0.8767056205848675,lying,karol
1672331778333706400,-0.0455967218438333,-0.1602945735659729,-0.3685901406686541,-0.8775310522198326,lying,karol
1672331778343706400,-0.0544007457445286,-0.1565937049209094,-0.3701840701281306,-0.8770265625131005,lying,karol
1672331778353706400,-0.0680967589029974,-0.1507921274421437,-0.3725886924312203,-0.8760679851567753,lying,karol
1672331778363706400,-0.0591994120793061,-0.1545592135113667,-0.3710407048759673,-0.8767146474201348,lying,karol
1672331778373706400,-0.0454051047520774,-0.1603768875610019,-0.3685675992484432,-0.8775354520854766,lying,karol
1672331778383706400,-0.0542050207083688,-0.1566858649288843,-0.3701625902124318,-0.8770313236671851,lying,karol
1672331778393706400,-0.067898430134057,-0.1508870027227148,-0.3725683945829752,-0.876075712094872,lying,karol
1672331778403706400,-0.0590024201674871,-0.15465043892771,-0.3710191566067836,-0.8767209954737192,lying,karol
1672331778413706400,-0.0452081073041339,-0.1604636476249471,-0.3685440495945721,-0.8775396894770252,lying,karol
1672331778423706400,-0.0540096740331659,-0.1567690199962952,-0.3701398296320188,-0.8770381577977129,lying,karol
1672331778433706400,-0.0676995099011835,-0.1509751236918034,-0.3725467204101761,-0.8760851783322271,lying,karol
1672331778443706400,-0.0588017311558766,-0.1547421793150928,-0.3709967569707115,-0.8767278065827888,lying,karol
1672331778453706400,-0.0450048841816011,-0.1605567275596066,-0.3685197067946965,-0.8775433695698391,lying,karol
1672331778463706400,-0.0538067435810044,-0.1568615955137235,-0.3701162340890621,-0.8770440727670415,lying,karol
1672331778473706400,-0.0674958320071015,-0.1510659241467278,-0.3725239224884616,-0.8760949723019789,lying,karol
1672331778483706400,-0.0585967817978334,-0.1548354301374641,-0.3709732015669621,-0.8767350686142964,lying,karol
1672331778493706400,-0.0447933610658727,-0.1606608502432566,-0.3684947888628193,-0.877545635655029,lying,karol
1672331778503706400,-0.0535905637914946,-0.1569768507041364,-0.3700927302800705,-0.8770466423614547,lying,karol
1672331778513706400,-0.0672744298927978,-0.1511897274518549,-0.3725024730940067,-0.8760998019647406,lying,karol
1672331778523706400,-0.0583781856509945,-0.1549522335765768,-0.3709501845148296,-0.8767387908784284,lying,karol
1672331778533706400,-0.0445804998239022,-0.1607594470332947,-0.3684690048474391,-0.8775492816781509,lying,karol
1672331778543706400,-0.0533865235903527,-0.1570552073829901,-0.3700678209941881,-0.8770556053600247,lying,karol
1672331778553706400,-0.0670753421894559,-0.1512531493540131,-0.37247782519187,-0.8761146358414158,lying,karol
1672331778563706400,-0.0581799779098494,-0.1550129873807654,-0.3709250134544773,-0.8767519127126121,lying,karol
1672331778573706400,-0.0443762932345937,-0.160829416289772,-0.3684430784162865,-0.8775577334781727,lying,karol
1672331778583706400,-0.0531758253227911,-0.1571407044049634,-0.3700429231317764,-0.8770636327305519,lying,karol
1672331778593706400,-0.0668562175123699,-0.1513546365219371,-0.3724545152181165,-0.8761238043291196,lying,karol
1672331778603706400,-0.0579572198266726,-0.1551224133278014,-0.3709009111814462,-0.876757545684771,lying,karol
1672331778613706400,-0.0441511620456081,-0.1609392873012624,-0.368416275761824,-0.8775602354085994,lying,karol
1672331778623706400,-0.0529546786199639,-0.1572412466413004,-0.3700163413818159,-0.8770702445370122,lying,karol
1672331778633706400,-0.0666384947702201,-0.1514431290796455,-0.3724276175624331,-0.8761365702770767,lying,karol
1672331778643706400,-0.0577444659666593,-0.1551982200303996,-0.370871508507797,-0.8767706426530235,lying,karol
1672331778653706400,-0.0439391626328413,-0.1610076240995618,-0.3683844632671396,-0.8775717319678779,lying,karol
1672331778663706400,-0.0527439466953258,-0.1573070136534332,-0.3699848959787293,-0.877084451416688,lying,karol
1672331778673706400,-0.066424540070823,-0.1515128287000696,-0.3723969245893473,-0.8761538497739776,lying,karol
1672331778683706400,-0.0575276114253785,-0.1552740572506404,-0.3708408048714651,-0.876784494212884,lying,karol
1672331778693706400,-0.0437171897320412,-0.1610900981656698,-0.3683527277289912,-0.8775810403803583,lying,karol
1672331778703706400,-0.0525194136191665,-0.1573960545658768,-0.36995455590944,-0.8770947854802614,lying,karol
1672331778713706400,-0.0661955777511296,-0.1516085222961487,-0.3723682782872612,-0.8761668367538293,lying,karol
1672331778723706400,-0.0572968567744357,-0.1553734476663309,-0.3708118731852324,-0.8767942699493287,lying,karol
1672331778733706400,-0.043481671262985,-0.1611953895367178,-0.3683223386480636,-0.8775861990480275,lying,karol
1672331778743706400,-0.0522812196568487,-0.1575079989418296,-0.3699256024287096,-0.8771011688322696,lying,karol
1672331778753706400,-0.0659520489376843,-0.151728889245304,-0.3723412047661582,-0.8761759082023557,lying,karol
1672331778763706400,-0.0570513002977533,-0.1554980721207512,-0.3707840010272771,-0.876800013043277,lying,karol
1672331778773706400,-0.0432333395408562,-0.1613211327203717,-0.3682920878254902,-0.8775880948640642,lying,karol
1672331778783706400,-0.0520340648706856,-0.1576312044486962,-0.3698965156390549,-0.8771060363688304,lying,karol
1672331778793706400,-0.0657051814640121,-0.1518471349849728,-0.3723131687881459,-0.8761859215054171,lying,karol
1672331778803706400,-0.0568077292349386,-0.1556078497467295,-0.3707540629965269,-0.876809048696905,lying,karol
1672331778813706400,-0.0429904875516716,-0.161423429138776,-0.3682595709963024,-0.8775948969345418,lying,karol
1672331778823706400,-0.0517945885614922,-0.1577259565182571,-0.3698648166065522,-0.8771165812309898,lying,karol
1672331778833706400,-0.0654659972024994,-0.1519370795154986,-0.3722821194032141,-0.8762014626788183,lying,karol
1672331778843706400,-0.0565691939657479,-0.1556954728525629,-0.3707219423665999,-0.8768225340289977,lying,karol
1672331778853706400,-0.0427480696893108,-0.1615142209942619,-0.3682257227159001,-0.877604273549328,lying,karol
1672331778863706400,-0.0515490174973646,-0.1578245592352037,-0.3698320442010947,-0.8771271671843636,lying,karol
1672331778873706400,-0.065213650644236,-0.1520472804398878,-0.3722509670851404,-0.876214436647468,lying,karol
1672331778883706400,-0.0563128214809914,-0.1558144872088466,-0.370690290101908,-0.8768313144030384,lying,karol
1672331778893706400,-0.0424858022200659,-0.1616411653669897,-0.3681918697335313,-0.8776078776381805,lying,karol
1672331778903706400,-0.051284990396645,-0.1579558335999366,-0.369799340480643,-0.8771328393805341,lying,karol
1672331778913706400,-0.0649465850608716,-0.1521810035618883,-0.3722196516434944,-0.8762243982639553,lying,karol
1672331778923706400,-0.0560461831083136,-0.1559464603336346,-0.3706572711256015,-0.8768389318254329,lying,karol
1672331778933706400,-0.0422177293558452,-0.1617703018794072,-0.3681559121454087,-0.8776121418061694,lying,karol
1672331778943706400,-0.0510187575344668,-0.1580809237259465,-0.3697644117810332,-0.8771405920688586,lying,karol
1672331778953706400,-0.0646792617955188,-0.152303989912539,-0.3721858462652675,-0.8762371998163017,lying,karol
1672331778963706400,-0.0557800446651604,-0.1560658583128837,-0.3706218898042027,-0.8768496520223166,lying,karol
1672331778973706400,-0.0419501984933165,-0.1618865595417367,-0.368117985589236,-0.877619479362809,lying,karol
1672331778983706400,-0.0507530887148807,-0.1581932600045371,-0.369727632938336,-0.8771512921541647,lying,karol
1672331778993706400,-0.0644127381208074,-0.1524137708327169,-0.3721501908647033,-0.8762529250788387,lying,karol
1672331779003706400,-0.0555149337161284,-0.1561715008414335,-0.3705849792945854,-0.8768633048872819,lying,karol
1672331779013706400,-0.0692291026149421,-0.1503497589980005,-0.3729856721111784,-0.8758869298248282,lying,karol
1672331779023706400,-0.0603374109255147,-0.1541126096620342,-0.3714416388541335,-0.876546501718443,lying,karol
1672331779033706400,-0.0465666870733176,-0.1599221796459932,-0.3689786249000187,-0.8773854290409892,lying,karol
1672331779043706400,-0.0553680002355101,-0.1562209766536564,-0.3705690973033173,-0.8768705309206944,lying,karol
1672331779053706400,-0.069077821857047,-0.1504071286041257,-0.3729709334326773,-0.8758953374335479,lying,karol
1672331779063706400,-0.0601834048211873,-0.1541760715302383,-0.3714269645894417,-0.8765521844843679,lying,karol
1672331779073706400,-0.0464093367690303,-0.1599903277338325,-0.3689629880850585,-0.8773879550024563,lying,karol
1672331779083706400,-0.0552086400596847,-0.1562939943787254,-0.3705543134501078,-0.8768738518802016,lying,karol
1672331779093706400,-0.0689147046428331,-0.1504863815527893,-0.372957367602152,-0.8759003873885047,lying,karol
1672331779103706400,-0.0600185688847438,-0.1542590658391229,-0.3714128844851362,-0.8765548880389797,lying,karol
1672331779113706400,-0.0462424103217871,-0.1600750398714162,-0.3689473596843854,-0.8773879265650723,lying,karol
1672331779123706400,-0.0550425650646001,-0.156376805321386,-0.3705394526449573,-0.8768758452147166,lying,karol
1672331779133706400,-0.0687488356452182,-0.1505660569548227,-0.3729432694104679,-0.8759057696421085,lying,karol
1672331779143706400,-0.0598533154584867,-0.1543369305934595,-0.3713978004450568,-0.8765589096091934,lying,karol
1672331779153706400,-0.0460757789025062,-0.1601527952429054,-0.3689307018423951,-0.8773895452029056,lying,karol
1672331779163706400,-0.0548771111624246,-0.1564519249506655,-0.3705234141324265,-0.8768796301461056,lying,karol
1672331779173706400,-0.068584304162512,-0.150636350868499,-0.3729276583678827,-0.8759132658555538,lying,karol
1672331779183706400,-0.0596931256549103,-0.1543964702030058,-0.3713804477611147,-0.8765667371879605,lying,karol
1672331779193706400,-0.0459187346897864,-0.1602011924685221,-0.3689114466051785,-0.877397076367056,lying,karol
1672331779203706400,-0.0547228191008292,-0.1564941653995498,-0.3705043648610139,-0.8768898212088793,lying,karol
1672331779213706400,-0.0684281356885935,-0.1506805288360282,-0.3729089836828124,-0.8759258692164504,lying,karol
1672331779223706400,-0.0595331558252482,-0.1544490983874988,-0.3713620154143069,-0.8765761913366492,lying,karol
1672331779233706400,-0.0457525962734509,-0.1602647108627501,-0.3688924253911613,-0.8774021903178828,lying,karol
1672331779243706400,-0.0545524046381153,-0.1565679511428272,-0.3704863308455731,-0.8768949250266068,lying,karol
1672331779253706400,-0.0682544317378223,-0.1507593338954946,-0.3728921884560209,-0.8759330493829793,lying,karol
1672331779263706400,-0.0593604532510471,-0.1545251588592954,-0.371344327985647,-0.8765820290950864,lying,karol
1672331779273706400,-0.0455797808697155,-0.1603373902421129,-0.3688731615486233,-0.8774060426733402,lying,karol
1672331779283706400,-0.0543814645491566,-0.1566364883561002,-0.3704677382292466,-0.8769011952916851,lying,karol
1672331779293706400,-0.0680811553061566,-0.1508306268754244,-0.3728745059891795,-0.8759418256940494,lying,karol
1672331779303706400,-0.0591847966419192,-0.1546016378742894,-0.3713263584004123,-0.8765880710392884,lying,karol
1672331779313706400,-0.0454006814090496,-0.1604182891109323,-0.3688538887728018,-0.8774086807736289,lying,karol
1672331779323706400,-0.0542005861043763,-0.1567217398311658,-0.3704494101326611,-0.8769049420413133,lying,karol
1672331779333706400,-0.0678975735108658,-0.1509193245126941,-0.3728574021611254,-0.8759481155714983,lying,karol
1672331779343706400,-0.0590009307485489,-0.1546906206538049,-0.37130840771723,-0.8765924089003566,lying,karol
1672331779353706400,-0.0452155039386174,-0.1605066197321522,-0.368834186751575,-0.8774104086777723,lying,karol
1672331779363706400,-0.0540173989332816,-0.1568055963056972,-0.3704304963194464,-0.8769092819356916,lying,karol
1672331779373706400,-0.067716915949381,-0.1509943782953136,-0.3728389500126435,-0.875957057490122,lying,karol
1672331779383706400,-0.0588243305042135,-0.1547556083597445,-0.3712884762519051,-0.8766012867048499,lying,karol
1672331779393706400,-0.0450399158250399,-0.1605652273517213,-0.3688127508515681,-0.8774177645928365,lying,karol
1672331779403706400,-0.0538422673884958,-0.1568634917959015,-0.3704097246839905,-0.8769185096418487,lying,karol
1672331779413706400,-0.0675379826974697,-0.1510583892052271,-0.3728190853319398,-0.8759683279168526,lying,karol
1672331779423706400,-0.0586426361999101,-0.1548255970333082,-0.3712683796131293,-0.8766096511180785,lying,karol
1672331779433706400,-0.0448540782987906,-0.1606408926956802,-0.3687913040479606,-0.8774224867091132,lying,karol
1672331779443706400,-0.053656421334242,-0.1569393503495353,-0.3703888140085813,-0.8769251978097446,lying,karol
1672331779453706400,-0.0673528305327867,-0.151129595253522,-0.3727984630979174,-0.875979115832342,lying,karol
1672331779463706400,-0.0584612639756025,-0.1548872079040193,-0.3712460274698538,-0.876620385805718,lying,karol
1672331779473706400,-0.0446749431122723,-0.1606927995398115,-0.3687670194841991,-0.8774323653340826,lying,karol
1672331779483706400,-0.0534811750031865,-0.1569825557213443,-0.370364778334226,-0.8769383589148098,lying,karol
1672331779493706400,-0.0671779280468504,-0.1511692645179139,-0.3727745353899863,-0.8759959217668686,lying,karol
1672331779503706400,-0.058284253604881,-0.1549311883252342,-0.3712221452650162,-0.8766345520037264,lying,karol
1672331779513706400,-0.0444902587727848,-0.1607504752802469,-0.3687427637035642,-0.8774414160081704,lying,karol
1672331779523706400,-0.0532871878033646,-0.1570623415410684,-0.3703416228810056,-0.8769456984866348,lying,karol
1672331779533706400,-0.0669724740664105,-0.1512727287162238,-0.3727535954043871,-0.8760027409417697,lying,karol
1672331779543706400,-0.0580715022849625,-0.1550514933409855,-0.3712014647262995,-0.8766361958642629,lying,karol
1672331779553706400,-0.0442737395517369,-0.1608755778290168,-0.3687199994794486,-0.8774390435989675,lying,karol
1672331779563706400,-0.0530748436330036,-0.1571777866774619,-0.3703199057779717,-0.8769471004951237,lying,karol
1672331779573706400,-0.0667643073699315,-0.1513750322509883,-0.3727325591253413,-0.8760099474946088,lying,karol
1672331779583706400,-0.0578705775039809,-0.1551361891796411,-0.3711781047761286,-0.876644427354219,lying,karol
1672331779593706400,-0.0440770834084065,-0.1609457190820237,-0.3686944646436348,-0.8774468490599899,lying,karol
1672331779603706400,-0.0528822680036708,-0.1572388332380084,-0.3702950815636756,-0.8769583109426365,lying,karol
1672331779613706400,-0.0665727333295637,-0.1514308066810482,-0.3727082722477481,-0.8760252586709867,lying,karol
1672331779623706400,-0.0576795543812926,-0.1551900956056632,-0.3711534848080242,-0.8766579370409235,lying,karol
1672331779633706400,-0.0438815560456235,-0.1610057281307971,-0.3686692819523858,-0.8774562589048335,lying,karol
1672331779643706400,-0.0526824696354108,-0.157309346096885,-0.3702711152808968,-0.8769678477487804,lying,karol
1672331779653706400,-0.0663659084043933,-0.1515146626749657,-0.3726860764797648,-0.8760359330227236,lying,karol
1672331779663706400,-0.0574676889859253,-0.1552854310168008,-0.3711315813158456,-0.876664280055245,lying,karol
1672331779673706400,-0.0436636091396947,-0.1611110538482091,-0.3686460576223932,-0.877457594014455,lying,karol
1672331779683706400,-0.0524609726112119,-0.1574231436057985,-0.3702491456706116,-0.8769700191376093,lying,karol
1672331779693706400,-0.0661391210561755,-0.1516372078541181,-0.3726658610834142,-0.8760405187955136,lying,karol
1672331779703706400,-0.0572382910691193,-0.155413716549889,-0.3711104166815382,-0.8766655523690353,lying,karol
1672331779713706400,-0.0434300715087773,-0.1612511480557711,-0.3686229682566796,-0.8774531889132701,lying,karol
1672331779723706400,-0.0522265386587312,-0.1576018112551115,-0.3702307186418641,-0.8769597440385761,lying,karol
1672331779733706400,-0.065911555141417,-0.1518692589017128,-0.3726582191114609,-0.8760207736894343,lying,karol
1672331779743706400,-0.0570314338050234,-0.1557067957318727,-0.3711155477064299,-0.8766249153631801,lying,karol
1672331779753706400,-0.0432435785295656,-0.1616012790733322,-0.368647673030181,-0.8773876758772065,lying,karol
1672331779763706400,-0.0520566289252787,-0.157977399857721,-0.3702889868995667,-0.8768777439288596,lying,karol
1672331779773706400,-0.0657611089052473,-0.1522333740698182,-0.3727424636001647,-0.8759331199180725,lying,karol
1672331779783706400,-0.0569120357975708,-0.1560198497269281,-0.3711965039742548,-0.8765428137564304,lying,karol
1672331779793706400,-0.04319417273449,-0.1618263033834396,-0.3686967824881189,-0.877328062560869,lying,karol
1672331779803706400,-0.0520929540307167,-0.1581047620792009,-0.3702926310542422,-0.876851140017076,lying,karol
1672331779813706400,-0.0658673425043542,-0.152290081475059,-0.3727022488509111,-0.8759324253429848,lying,karol
1672331779823706400,-0.0570556348328275,-0.156040270516544,-0.3711232161013941,-0.8765609003024157,lying,karol
1672331779833706400,-0.0433042216993841,-0.1618246159062977,-0.3686161352399514,-0.8773568576156994,lying,karol
1672331779843706400,-0.0521426240053611,-0.1580763669495886,-0.3702190415608671,-0.8768843995781741,lying,karol
1672331779853706400,-0.0658728760082104,-0.1521948244896475,-0.3726356650682614,-0.8759769098650915,lying,karol
1672331779863706400,-0.0570367615594649,-0.1558542675143893,-0.3710585283045649,-0.8766226184531696,lying,karol
1672331779873706400,-0.0433038145077401,-0.1615611632608758,-0.3685233826208381,-0.8774444036516797,lying,karol
1672331779883706400,-0.0521771333135515,-0.1577635782365951,-0.3700657399699842,-0.8770033892546207,lying,karol
1672331779893706400,-0.0659269390065538,-0.1518838365055653,-0.3723975053963182,-0.8761280923760467,lying,karol
1672331779903706400,-0.0570945323232849,-0.155562234655934,-0.3707335182270398,-0.8768082246180422,lying,karol
1672331779913706400,-0.0433398708488453,-0.1612928512393339,-0.3681279634188419,-0.8776579489110005,lying,karol
1672331779923706400,-0.052189532194122,-0.1575145481651338,-0.3696213828318526,-0.8772347784450241,lying,karol
1672331779933706400,-0.0658998279739493,-0.1516456255123936,-0.3719276619485991,-0.8763709473038666,lying,karol
1672331779943706400,-0.0570287590938141,-0.1553236658479647,-0.3702717001076226,-0.8770499165236862,lying,karol
1672331779953706400,-0.0432266436657866,-0.1610663453547521,-0.3676970404989034,-0.8778857482302881,lying,karol
1672331779963706400,-0.0520460227403762,-0.1573238717776031,-0.3692274118981753,-0.877443413070238,lying,karol
1672331779973706400,-0.0657246038195593,-0.1515154344919422,-0.3715797452321316,-0.8765541975749143,lying,karol
1672331779983706400,-0.0568232224702329,-0.1552619892347558,-0.3699791582981963,-0.8771976322674956,lying,karol
1672331779993706400,-0.0429885304747583,-0.1610864823162937,-0.367456504413323,-0.8779944699358642,lying,karol
1672331780003706400,-0.0517934663402351,-0.1574340931845795,-0.3690380351361551,-0.8775182783374555,lying,karol
1672331780013706400,-0.0654662727962239,-0.1517035664587368,-0.3714372811650642,-0.8766014007508206,lying,karol
1672331780023706400,-0.0565758367719486,-0.1554938286786649,-0.3698712727546896,-0.8772180898775472,lying,karol
1672331780033706400,-0.0427720721614139,-0.1613366971291212,-0.3673713547939413,-0.877994769100648,lying,karol
1672331780043706400,-0.0516352969839147,-0.1576808538009366,-0.3689715145119554,-0.8775113023760137,lying,karol
1672331780053706400,-0.0653548826946562,-0.1519402249805553,-0.3713818004997992,-0.8765922642180765,lying,karol
1672331780063706400,-0.0564909420658382,-0.1557094244655,-0.3698118340737828,-0.8772104074292469,lying,karol
1672331780073706400,-0.0426777320307311,-0.1615242975157132,-0.3672965419054149,-0.877996193385439,lying,karol
1672331780083706400,-0.051495294841304,-0.1578360231862154,-0.3688806340411397,-0.8775298654671235,lying,karol
1672331780093706400,-0.0651741281732085,-0.1520509937344902,-0.3712774917058248,-0.8766307222717854,lying,karol
1672331780103706400,-0.0562908564442231,-0.1557672884826377,-0.3696998687049416,-0.8772602100439357,lying,karol
1672331780113706400,-0.0700401290083173,-0.1499265513383569,-0.3720904500827406,-0.8762766069391643,lying,karol
1672331780123706400,-0.0611771413794692,-0.1536506570021581,-0.3705531419049568,-0.8769462901065816,lying,karol
1672331780133706400,-0.0474286921850715,-0.1594278047573772,-0.3681011008809539,-0.8777986544042794,lying,karol
1672331780143706400,-0.0562557662351899,-0.1557299541536605,-0.3696897525734547,-0.8772733742124911,lying,karol
1672331780153706400,-0.0699855548647254,-0.1499312127707938,-0.3720791537782097,-0.8762849914157541,lying,karol
1672331780163706400,-0.0610975897327454,-0.1536912672099655,-0.3705225278012146,-0.8769576824212502,lying,karol
1672331780173706400,-0.047328023440163,-0.1594852777994333,-0.3680330435115428,-0.8778222114810731,lying,karol
1672331780183706400,-0.0561482505979087,-0.1557894650460557,-0.3695763047967871,-0.8773175206986971,lying,karol
1672331780193706400,-0.0698928537748776,-0.1499926187782747,-0.3719206396653647,-0.8763491938609456,lying,karol
1672331780203706400,-0.0610257679343238,-0.1537597070758335,-0.3703331734833676,-0.8770306871722997,lying,karol
1672331780213706400,-0.0472725775797596,-0.1595776963519019,-0.3678353552369078,-0.8778912817902322,lying,karol
1672331780223706400,-0.0561081145259388,-0.1559092045117284,-0.3693870240690959,-0.8773785532814371,lying,karol
1672331780233706400,-0.0698509371958454,-0.1501279031449865,-0.3717507897511894,-0.8764014598840151,lying,karol
1672331780243706400,-0.0609715877562633,-0.1538811066887689,-0.37016964918293,-0.8770822185206769,lying,karol
1672331780253706400,-0.0471977221380838,-0.1596586389578129,-0.3676642225395838,-0.8779522974947488,lying,karol
1672331780263706400,-0.0560153806944747,-0.155948272062931,-0.3692075587326866,-0.877453087867627,lying,karol
1672331780273706400,-0.0697385902986214,-0.1501328999457639,-0.3715599281918817,-0.8764904999077368,lying,karol
1672331780283706400,-0.0608510852312532,-0.1538605975324268,-0.3699838920907654,-0.8771725734127072,lying,karol
1672331780293706400,-0.0470737531958387,-0.1596307731668008,-0.3675010611972105,-0.8780323445382578,lying,karol
1672331780303706400,-0.0559001687569354,-0.1559336234667286,-0.3690797811597997,-0.8775168097903843,lying,karol
1672331780313706400,-0.069636127433328,-0.150140154748907,-0.371468228711767,-0.8765362908108223,lying,karol
1672331780323706400,-0.0607690634312335,-0.1538850543292284,-0.3699181473865695,-0.8772017185308851,lying,karol
1672331780333706400,-0.0470119285832998,-0.1596666169113541,-0.3674461730884724,-0.8780521329738645,lying,karol
1672331780343706400,-0.0558546590187876,-0.1559688509541285,-0.3690159815511013,-0.8775402985838419,lying,karol
1672331780353706400,-0.0695951965399065,-0.1501696611552841,-0.3713904469330706,-0.8765674647047433,lying,karol
1672331780363706400,-0.0607177225284293,-0.1539049234650487,-0.3698261828572501,-0.8772405810808374,lying,karol
1672331780373706400,-0.0469510968091432,-0.1596757159547301,-0.3673491793809389,-0.8780943328768644,lying,karol
1672331780383706400,-0.055793986655919,-0.1559681632536667,-0.3689297519331135,-0.8775805517100023,lying,karol
1672331780393706400,-0.0695392125895945,-0.1501683139421088,-0.3713177377908516,-0.8766029566160097,lying,karol
1672331780403706400,-0.0606733920895932,-0.1539094460151159,-0.3697685091079196,-0.877267182507014,lying,karol
1672331780413706400,-0.0469066444312674,-0.1596891630874065,-0.3672922274083344,-0.8781181026482022,lying,karol
1672331780423706400,-0.0557335075222388,-0.1559915386942379,-0.3688571623607609,-0.877610768331785,lying,karol
1672331780433706400,-0.069439737198088,-0.1501897681243502,-0.3712225260063753,-0.8766475068344622,lying,karol
1672331780443706400,-0.060532328009812,-0.1539119703267131,-0.3696482013743619,-0.87732720053862,lying,karol
1672331780453706400,-0.0467285414134472,-0.1596680658886993,-0.3671537421350689,-0.878189362505615,lying,karol
1672331780463706400,-0.0555372415706778,-0.155955193066727,-0.3687099937729398,-0.8776915262979766,lying,karol
1672331780473706400,-0.0692543370800627,-0.1501691831490309,-0.3710741143031818,-0.8767285475877477,lying,karol
1672331780483706400,-0.0603730822289768,-0.1539222597306197,-0.3695057381022525,-0.8773963985462244,lying,karol
1672331780493706400,-0.046596375717936,-0.1597266479191254,-0.3670215429243562,-0.8782410127872929,lying,karol
1672331780503706400,-0.0554374975807576,-0.1560630980400526,-0.3685879562989403,-0.8777299338254088,lying,karol
1672331780513706400,-0.0691780115398689,-0.1502991929183668,-0.3709577450107504,-0.8767615641579896,lying,karol
1672331780523706400,-0.0603112167578974,-0.1540419985801318,-0.3693824697469975,-0.8774315645344393,lying,karol
1672331780533706400,-0.0465332004410363,-0.15981060855602,-0.3668815699293775,-0.8782875886586432,lying,karol
1672331780543706400,-0.0553585647737674,-0.1561161640048952,-0.3684442561548552,-0.8777858243172386,lying,karol
1672331780553706400,-0.0690699899442974,-0.1503333483664011,-0.3708264831783278,-0.8768197646197425,lying,karol
1672331780563706400,-0.0601844391038886,-0.1540670162118392,-0.3692822308454509,-0.8774780854795163,lying,karol
1672331780573706400,-0.0464024654317414,-0.1598414840023617,-0.3668195276569116,-0.8783148199033367,lying,karol
1672331780583706400,-0.0552485766017441,-0.1561459289435244,-0.3684023602322944,-0.8778050627663724,lying,karol
1672331780593706400,-0.0689840130116112,-0.1503604212209719,-0.3707805781611641,-0.8768413201564582,lying,karol
1672331780603706400,-0.0600983069792182,-0.1540854206850599,-0.369206342491959,-0.8775127043832304,lying,karol
1672331780613706400,-0.0462940807486262,-0.1598420490969105,-0.3666967593187309,-0.8783717109592192,lying,karol
1672331780623706400,-0.0551068577283302,-0.1561272045348498,-0.3682320513816943,-0.8778887692713235,lying,karol
1672331780633706400,-0.0688090990866194,-0.1503238869233216,-0.3705748072988982,-0.8769483223280601,lying,karol
1672331780643706400,-0.0599149290686644,-0.1540379686456924,-0.3689923194941969,-0.877623604542974,lying,karol
1672331780653706400,-0.0461179017437476,-0.1598043333358735,-0.3665032220979833,-0.8784686263973301,lying,karol
1672331780663706400,-0.0549620168301547,-0.1561235816688079,-0.368086313927811,-0.8779596255409897,lying,karol
1672331780673706400,-0.0686930968677133,-0.1503653555828831,-0.3704796470889092,-0.8769905327843573,lying,karol
1672331780683706400,-0.0598214271755667,-0.1541195140586426,-0.3689358909813936,-0.8776394117106222,lying,karol
1672331780693706400,-0.0460307461030246,-0.1599165231185822,-0.3664662189990454,-0.8784682429146976,lying,karol
1672331780703706400,-0.0548620023204956,-0.1562520857109079,-0.3680527906796618,-0.8779570991364307,lying,karol
1672331780713706400,-0.0685678955585597,-0.1504916194832812,-0.3704407886044769,-0.876995111848158,lying,karol
1672331780723706400,-0.0596715269482758,-0.1542233869787237,-0.3688838239287295,-0.8776532781072403,lying,karol
1672331780733706400,-0.0458628268508971,-0.159988683797934,-0.3664012955256802,-0.8784909882257529,lying,karol
1672331780743706400,-0.0546885658327256,-0.1562916720078183,-0.3679790250774063,-0.8779918117818806,lying,karol
1672331780753706400,-0.0683949855601341,-0.1505104674091891,-0.370355066854567,-0.8770415990307058,lying,karol
1672331780763706400,-0.0595063607417564,-0.1542249820980747,-0.3687878182551041,-0.8777045721468562,lying,karol
1672331780773706400,-0.050626580470725,-0.1579149646640757,-0.3671876596487837,-0.8782762459113926,lying,karol
1672331780783706400,-0.0368683713206612,-0.1636204509505067,-0.3646532745366395,-0.8789728063960396,lying,karol
1672331780793706400,-0.0456934207979398,-0.1599443663142569,-0.3662739969791928,-0.878560988834447,lying,karol
1672331780803706400,-0.036774455621198,-0.1636513221741102,-0.3646343383271918,-0.8789788585350409,lying,karol
1672331780813706400,-0.050476494164361,-0.1579671346822701,-0.3671495507670271,-0.8782914534488713,lying,karol
1672331780823706400,-0.0415640435265597,-0.1616966260718592,-0.3655308994287681,-0.8787547821139667,lying,karol
1672331780833706400,-0.05038560093048,-0.1580407007556604,-0.3671337178388515,-0.8782900702277545,lying,karol
1672331780843706400,-0.0414773557047899,-0.1617676988780515,-0.3655045633560773,-0.8787567646858871,lying,karol
1672331780853706400,-0.0551765674285025,-0.1560676513088219,-0.3679718359448534,-0.8780041960682301,lying,karol
1672331780863706400,-0.0462892755748666,-0.1597945798070005,-0.3663547978783388,-0.8785234037077928,lying,karol
1672331780873706400,-0.0373865313986795,-0.1635212805554864,-0.3646965799635115,-0.8789514569522751,lying,karol
1672331780883706400,-0.0511004365015853,-0.1578444823847743,-0.3671870904140518,-0.8782617691597973,lying,karol
1672331780893706400,-0.042196060826888,-0.1615807939305895,-0.36555154660482,-0.8787374158114662,lying,karol
1672331780903706400,-0.0283354296623277,-0.1673481243969149,-0.3629428239227733,-0.8792954373573458,lying,karol
1672331780913706400,-0.0371377235083624,-0.1637354174042206,-0.3645862229934067,-0.8789679467112843,lying,karol
1672331780923706400,-0.0233133387677662,-0.1694620744413754,-0.3619510571247536,-0.8794468725402507,lying,karol
1672331780933706400,-0.0143578090127965,-0.1731600297073386,-0.3601923125646027,-0.8796404058089788,lying,karol
1672331780943706400,-0.0231716330360247,-0.1695649846717009,-0.3618969047648267,-0.8794530798157845,lying,karol
1672331780953706400,-0.0319882228933103,-0.1659458735100983,-0.3635695731341284,-0.8791769978578801,lying,karol
1672331780963706400,-0.0408119951392914,-0.162302527701099,-0.3652118218065229,-0.8788110791700725,lying,karol
1672331780973706400,-0.0496269558740083,-0.1586442844772956,-0.3668165585049351,-0.8783570445007933,lying,karol
1672331780983706400,-0.0584316047130264,-0.1549752472933502,-0.368382303963956,-0.877815039270477,lying,karol
1672331780993706400,-0.0721306138210311,-0.1492170012026104,-0.3707439750072391,-0.8767991374235837,lying,karol
1672331781003706400,-0.0632224151155774,-0.1529757728061209,-0.36919046492702,-0.8774942266661374,lying,karol
1672331781013706400,-0.0543186700889774,-0.1567289554789177,-0.3676000916954619,-0.8780957132027326,lying,karol
1672331781023706400,-0.0631508840466273,-0.1530606110679598,-0.3691362024519287,-0.8775074270052053,lying,karol
1672331781033706400,-0.0542808000620346,-0.1568281745215607,-0.3675377427741494,-0.878106454181644,lying,karol
1672331781043706400,-0.045396322039897,-0.1606004634237435,-0.3658921977189706,-0.8786159556394751,lying,karol
1672331781053706400,-0.0542527986283998,-0.1569720513169635,-0.3674473213468319,-0.8781203333086044,lying,karol
1672331781063706400,-0.045382350430272,-0.1607236059078783,-0.3657948150814388,-0.8786347205088952,lying,karol
1672331781073706400,-0.0365014974444538,-0.1644454064184601,-0.3641090561677758,-0.8790599547604395,lying,karol
1672331781083706400,-0.0453553115287197,-0.160794286617176,-0.3657127628251593,-0.878657346584013,lying,karol
1672331781093706400,-0.0590716727133913,-0.1550640961490247,-0.3681521693992247,-0.8778531271270341,lying,karol
1672331781103706400,-0.0501818514039091,-0.1587612521885608,-0.3665395174981011,-0.8784201177462498,lying,karol
1672331781113706400,-0.0638838333747019,-0.1530071214492223,-0.3689531583563968,-0.8775407257186493,lying,karol
1672331781123706400,-0.054985653958339,-0.156715422431897,-0.3673604753200117,-0.878156947852237,lying,karol
1672331781133706400,-0.041162831487209,-0.1624653725590061,-0.364824396979495,-0.8789256406333813,lying,karol
1672331781143706400,-0.0548396833873791,-0.1567799974277322,-0.3672907824639302,-0.8781837122379463,lying,karol
1672331781153706400,-0.0459310916158724,-0.1605094911687564,-0.3656686279454978,-0.878697910208151,lying,karol
1672331781163706400,-0.0370157461358665,-0.1642454357898335,-0.3640130812323653,-0.8791156295781956,lying,karol
1672331781173706400,-0.0280957014282557,-0.1679861759707412,-0.3623230542577896,-0.8794372306061715,lying,karol
1672331781183706400,-0.0369284196532373,-0.1644157722254134,-0.3639916584668041,-0.8790963562881988,lying,karol
1672331781193706400,-0.0506201831058462,-0.15879944627926,-0.3665111620516824,-0.878399972081583,lying,karol
1672331781203706400,-0.0417164160903068,-0.1625619653177639,-0.364884933470487,-0.8788566237543978,lying,karol
1672331781213706400,-0.0554045609704486,-0.1569161145554131,-0.3673771110997968,-0.8780879093706551,lying,karol
1672331781223706400,-0.0416574879920324,-0.1626862214964549,-0.3648766474004779,-0.8788398867550382,lying,karol
1672331781233706400,-0.0505007831294535,-0.1590542680377625,-0.366497498031188,-0.8783664819524175,lying,karol
1672331781243706400,-0.0416160095754002,-0.1627919910488251,-0.364872185664832,-0.8788241340235856,lying,karol
1672331781253706400,-0.0504699042982766,-0.1591396430883817,-0.3664946095389242,-0.8783540108218867,lying,karol
1672331781263706400,-0.0415868268966031,-0.162834220435652,-0.364860440938981,-0.8788225764221352,lying,karol
1672331781273706400,-0.0326847018977361,-0.1665112803683167,-0.3631826424901047,-0.8792046324259771,lying,karol
1672331781283706400,-0.0188668062134749,-0.1721819912268927,-0.3605108969974692,-0.8796169712725277,lying,karol
1672331781293706400,-0.0276787859911231,-0.1685423775821154,-0.3622167338073406,-0.8793879191481282,lying,karol
1672331781303706400,-0.03649497444338,-0.1648622035039021,-0.3638933548435524,-0.8790716277580211,lying,karol
1672331781313706400,-0.0453198115972634,-0.1611584505845272,-0.3655346113375272,-0.8786667471918786,lying,karol
1672331781323706400,-0.0364114154819006,-0.1648179271402374,-0.3638837320015156,-0.8790873855852522,lying,karol
1672331781333706400,-0.0274997608921888,-0.1684899251457034,-0.3621938066357408,-0.8794130448427009,lying,karol
1672331781343706400,-0.0363339729615124,-0.1648606085557788,-0.3638666774421664,-0.8790896540923955,lying,karol
1672331781353706400,-0.0500653664808573,-0.1591762245483825,-0.3663886511619472,-0.8784147716070377,lying,karol
1672331781363706400,-0.0411658356582925,-0.162891095648181,-0.3647437270883704,-0.8788803411325912,lying,karol
1672331781373706400,-0.0549157239031361,-0.1571835462284342,-0.3672383929207281,-0.8781288876105156,lying,karol
1672331781383706400,-0.0460412205727666,-0.1608976153131673,-0.3656193527267637,-0.8786418186402073,lying,karol
1672331781393706400,-0.0371540622659484,-0.1646125088426473,-0.3639616174791421,-0.8790625918828248,lying,karol
1672331781403706400,-0.0460023984457121,-0.1609731489290917,-0.3655879947932897,-0.8786430747582264,lying,karol
1672331781413706400,-0.0371006739296181,-0.1646837479826178,-0.3639205163676949,-0.8790685288011344,lying,karol
1672331781423706400,-0.0459310823101611,-0.1610373241509911,-0.3655393320722643,-0.8786553009427288,lying,karol
1672331781433706400,-0.0370063574268443,-0.164745067040937,-0.3638680309942006,-0.8790827506871862,lying,karol
1672331781443706400,-0.0231501387785079,-0.1704632083062346,-0.3612136451978124,-0.8795612037903529,lying,karol
1672331781453706400,-0.0319577602964429,-0.1668476345276107,-0.3628948852043796,-0.8792864847120454,lying,karol
1672331781463706400,-0.0407899493598204,-0.1631947459778354,-0.3645465770740977,-0.8789233796421533,lying,karol
1672331781473706400,-0.0318786710451939,-0.1668764115022521,-0.362869524508573,-0.8792943696539751,lying,karol
1672331781483706400,-0.0455738419513646,-0.1612104722504134,-0.3654280065325978,-0.8786884861920781,lying,karol
1672331781493706400,-0.0366793308327295,-0.1649005452616673,-0.3637813135677926,-0.8791032230819067,lying,karol
1672331781503706400,-0.0504216441443633,-0.1592099785425444,-0.3663177950442969,-0.8784178993759708,lying,karol
1672331781513706400,-0.0415476062984949,-0.1629112625124006,-0.3646909130892992,-0.8788806265112082,lying,karol
1672331781523706400,-0.0326567656667286,-0.1666117663160167,-0.363028832316331,-0.879250267273337,lying,karol
1672331781533706400,-0.0463800182453907,-0.1609462998887284,-0.3655947874369809,-0.8786253778282841,lying,karol
1672331781543706400,-0.0374744744306342,-0.1646412274909767,-0.3639551975572413,-0.879046343860955,lying,karol
1672331781553706400,-0.0511547719060442,-0.1589607304333566,-0.3664857820495461,-0.8783506061546625,lying,karol
1672331781563706400,-0.0422573986278741,-0.1626578289150604,-0.3648669089570329,-0.8788207051298608,lying,karol
1672331781573706400,-0.0559391835408675,-0.1569589796489403,-0.3673669139669671,-0.8780507939836164,lying,karol
1672331781583706400,-0.0470438263747437,-0.1606647536621412,-0.3657678068143783,-0.8785696309610292,lying,karol
1672331781593706400,-0.0607714193677577,-0.1549349398495575,-0.3682385715156043,-0.8777239506658113,lying,karol
1672331781603706400,-0.0518601731359124,-0.1586626621546829,-0.3666391963441593,-0.8782991366748637,lying,karol
1672331781613706400,-0.0429363726213044,-0.1623748449177922,-0.3649982492761377,-0.8787856158560184,lying,karol
1672331781623706400,-0.0339950954324012,-0.166071433833588,-0.3633168651051144,-0.8791828492801129,lying,karol
1672331781633706400,-0.0427877032790838,-0.1624314369653865,-0.3649509135165239,-0.8788020832925061,lying,karol
1672331781643706400,-0.0289506642531851,-0.1681511939705351,-0.3623397731219869,-0.8793713501270719,lying,karol
1672331781653706400,-0.0377540548621167,-0.1645358013120372,-0.3640016206175893,-0.8790349738661124,lying,karol
1672331781663706400,-0.0239122932665405,-0.1702755228608058,-0.3613624983098634,-0.8795161580722574,lying,karol
1672331781673706400,-0.0327577648197106,-0.1667019327157323,-0.3630535243575595,-0.8792193288022273,lying,karol
1672331781683706400,-0.0416127798180599,-0.1631124259493206,-0.3647069305735428,-0.8788337040323787,lying,karol
1672331781693706400,-0.032728719178299,-0.1668590181265706,-0.3630245803146076,-0.8792025813052393,lying,karol
1672331781703706400,-0.018968102312552,-0.1725888500051547,-0.3603498502393544,-0.8796012869723199,lying,karol
1672331781713706400,-0.0278120366111115,-0.1690217704356972,-0.362048843319867,-0.8793610845460452,lying,karol
1672331781723706400,-0.0366447256414017,-0.1654229588590136,-0.3637145124721282,-0.8790343135194002,lying,karol
1672331781733706400,-0.0503634989149573,-0.1597561166387681,-0.3662448969669962,-0.8783526353785541,lying,karol
1672331781743706400,-0.0414377410128655,-0.1634823169651327,-0.3646023545609117,-0.8788166825395372,lying,karol
1672331781753706400,-0.0276224201737227,-0.1692155161552733,-0.3619954575074181,-0.8793518154732408,lying,karol
1672331781763706400,-0.0137317531910924,-0.1749614863238476,-0.3592829512908644,-0.8796663683204661,lying,karol
1672331781773706400,-0.0225374426779589,-0.1714313582993688,-0.3610162589967442,-0.879470227766165,lying,karol
1672331781783706400,-0.0313607659402407,-0.1678772821270083,-0.3627064100511906,-0.8791900094434415,lying,karol
1672331781793706400,-0.0401942378049449,-0.1643093912454832,-0.3643505932540492,-0.8788246742352914,lying,karol
1672331781803706400,-0.0313054171783981,-0.1680825022223663,-0.3626291409383699,-0.8791846731697173,lying,karol
1672331781813706400,-0.0401784675847554,-0.1645337472280272,-0.3642608697316624,-0.8788206421856534,lying,karol
1672331781823706400,-0.0263960542673586,-0.170339608550681,-0.3615850904447066,-0.879341388674927,lying,karol
1672331781833706400,-0.0126204728402073,-0.17610678709704,-0.3588205986481945,-0.8796432873312635,lying,karol
1672331781843706400,-0.0215059367424561,-0.1726068736227253,-0.3605318118212012,-0.879464955418998,lying,karol
1672331781853706400,-0.0303914539544215,-0.1690760419587038,-0.3622115296636349,-0.8791984494151425,lying,karol
1672331781863706400,-0.0441620448702121,-0.1634788010521703,-0.3647794717756321,-0.8786112938265639,lying,karol
1672331781873706400,-0.0530373221614769,-0.1598542944664263,-0.3663755337690293,-0.878123058323081,lying,karol
1672331781883706400,-0.0441748369974148,-0.1635859556998363,-0.3646994339775951,-0.8786239506288546,lying,karol
1672331781893706400,-0.0304407130762954,-0.1693158225062924,-0.3620491693325104,-0.879217513570422,lying,karol
1672331781903706400,-0.0166735618229061,-0.1750306899791238,-0.3593006022057931,-0.8795947190010661,lying,karol
1672331781913706400,-0.0255254439432539,-0.1714858724680932,-0.3609894062593606,-0.8793891397997771,lying,karol
1672331781923706400,-0.0343896099853646,-0.167912020728497,-0.3626418052491259,-0.8790969306749464,lying,karol
1672331781933706400,-0.0432756194725836,-0.1643040141117481,-0.3642657384113046,-0.8787146780666868,lying,karol
1672331781943706400,-0.0344409394670868,-0.1680222887632634,-0.3625436266333757,-0.8791143659736245,lying,karol
1672331781953706400,-0.0207044668856854,-0.1737518510791498,-0.3598248225407507,-0.8795483789116983,lying,karol
1672331781963706400,-0.0344951728525714,-0.1681975438914698,-0.3624690253953267,-0.8791095084525423,lying,karol
1672331781973706400,-0.0434348564631305,-0.1646131221234482,-0.3641388879125132,-0.8787015866238087,lying,karol
1672331781983706400,-0.0346275184299216,-0.168365723855375,-0.3624655318845436,-0.8790735786626556,lying,karol
1672331781993706400,-0.0484231118170552,-0.1627678874976371,-0.3650883142965006,-0.8783906130150589,lying,karol
1672331782003706400,-0.0395785303454815,-0.1665256240445445,-0.3634692038615645,-0.8788006906614256,lying,karol
1672331782013706400,-0.0484577514114836,-0.1629329381400347,-0.3651849956408733,-0.8783179460497582,lying,karol
1672331782023706400,-0.0622079460790906,-0.1572795389685527,-0.367754735349819,-0.8774095970513306,lying,karol
1672331782033706400,-0.053365050755088,-0.1610676528916401,-0.3662260713299886,-0.8779440310690463,lying,karol
1672331782043706400,-0.0445228680987676,-0.1648759351783776,-0.3646791613837984,-0.8783738870359402,lying,karol
1672331782053706400,-0.0308203956708008,-0.1707206529973725,-0.3621795344490572,-0.8788791547354141,lying,karol
1672331782063706400,-0.0396785136130065,-0.1673111920291309,-0.3640366695151104,-0.8784122298627104,lying,karol
1672331782073706400,-0.0484978457737631,-0.163975950854437,-0.3658874424757014,-0.8778294981595605,lying,karol
1672331782083706400,-0.0394910691545991,-0.1681398234443524,-0.3644165865109532,-0.8781052628382068,lying,karol
1672331782093706400,-0.0303671551389001,-0.172397615389287,-0.362909441068706,-0.878267127647386,lying,karol
1672331782103706400,-0.0388760839701219,-0.1693716758502064,-0.3647740458422626,-0.8777483163587374,lying,karol
1672331782113706400,-0.0247580750029266,-0.1756890082917391,-0.3621108135001167,-0.8781214808300968,lying,karol
1672331782123706400,-0.0106620302923296,-0.1819504159824315,-0.3592433713989615,-0.8783089274603595,lying,karol
1672331782133706400,-0.0191704592608593,-0.1789558696452823,-0.3609179122515462,-0.8780936140645835,lying,karol
1672331782143706400,-0.0277988476680929,-0.1759605761389373,-0.3625007765412509,-0.8778165830126644,lying,karol
1672331782153706400,-0.0365389617617848,-0.1729877620492132,-0.3640167446290778,-0.8774602297941286,lying,karol
1672331782163706400,-0.0276631673894579,-0.1773913563912388,-0.3619700694489951,-0.877752878391681,lying,karol
1672331782173706400,-0.0414546761977931,-0.1724174071043262,-0.3644394137177896,-0.8771794840991929,lying,karol
1672331782183706400,-0.0326911659993763,-0.1766800529189606,-0.3624119344270793,-0.8775419047754713,lying,karol
1672331782193706400,-0.019063276877811,-0.18275433059062,-0.3593465185719112,-0.8779604787433714,lying,karol
1672331782203706400,-0.0280814677991122,-0.1793028984101747,-0.3609662817991177,-0.8777655897371084,lying,karol
1672331782213706400,-0.0193803249260171,-0.1828556429384308,-0.3589777791250162,-0.8780833621875296,lying,karol
1672331782223706400,-0.0106607879917939,-0.1861442575950378,-0.3570148880155013,-0.8783418196375725,lying,karol
1672331782233706400,-0.0196493068579229,-0.1819767179611512,-0.3588316772447356,-0.8783198825923174,lying,karol
1672331782243706400,-0.0286116696619757,-0.1775858655673095,-0.3606493062399869,-0.8782282466147576,lying,karol
1672331782253706400,-0.0375552684238665,-0.1729969669296172,-0.3624582780946343,-0.8780629736284611,lying,karol
1672331782263706400,-0.02385166332839,-0.1776389887353893,-0.3597858257732709,-0.8787146759202266,lying,karol
1672331782273706400,-0.0149755426448083,-0.180260051641692,-0.3580866556569818,-0.879071516056365,lying,karol
1672331782283706400,-0.0238374139077595,-0.1756588956208049,-0.3599951293957205,-0.8790283384402706,lying,karol
1672331782293706400,-0.0327055927253641,-0.171098938011816,-0.3618302205995968,-0.8788894504962195,lying,karol
1672331782303706400,-0.041592772557806,-0.1666061920917262,-0.3635861739855781,-0.8786525551239802,lying,karol
1672331782313706400,-0.0327672463385534,-0.1695595750744112,-0.3619062555288737,-0.8791546296755217,lying,karol
1672331782323706400,-0.0466211170818853,-0.1632945146174335,-0.3645128715315983,-0.8786382040282008,lying,karol
1672331782333706400,-0.0329644217247963,-0.1685255958996113,-0.3618936760062132,-0.8793514167705149,lying,karol
1672331782343706400,-0.0193146807805216,-0.1738408454869536,-0.3591970538981681,-0.879828011988698,lying,karol
1672331782353706400,-0.0283238330718975,-0.1699904921442886,-0.3609214152276261,-0.8796307868861301,lying,karol
1672331782363706400,-0.0422234893539316,-0.1641818738749798,-0.3635274667795446,-0.8791034566033833,lying,karol
1672331782373706400,-0.0560437968514468,-0.1584327295634532,-0.3660362360075431,-0.8783446147480888,lying,karol
1672331782383706400,-0.0472249573907571,-0.1621391200834248,-0.3644085090823075,-0.8788633451451072,lying,karol
1672331782393706400,-0.0383292453064824,-0.1659116248096393,-0.3627408902956323,-0.879282036223508,lying,karol
1672331782403706400,-0.0244746571119886,-0.1717298766877769,-0.3600891964915953,-0.8797495716465004,lying,karol
1672331782413706400,-0.03319290835805,-0.1682706943413858,-0.3617899917274458,-0.8794344567019574,lying,karol
1672331782423706400,-0.0418877136001285,-0.1647555722463516,-0.3634535178466713,-0.8790428776624163,lying,karol
1672331782433706400,-0.0505843275653969,-0.1611795336231611,-0.365066186231037,-0.8785800688959348,lying,karol
1672331782443706400,-0.0415589899065352,-0.1648796722267091,-0.3633557962478941,-0.8790756613742506,lying,karol
1672331782453706400,-0.0552196128875735,-0.1591327689717831,-0.3658095577599106,-0.8783648781227974,lying,karol
1672331782463706400,-0.068879016156996,-0.1532963182965337,-0.3681442325661841,-0.8774620801138973,lying,karol
1672331782473706400,-0.059989764616005,-0.1568494867676895,-0.3664628258276479,-0.8781904352202793,lying,karol
1672331782483706400,-0.0511124064381075,-0.1603660333940322,-0.364745283230185,-0.8788316847721753,lying,karol
1672331782493706400,-0.0373423625837997,-0.1658585291479793,-0.3620853213017317,-0.8796048745713555,lying,karol
1672331782503706400,-0.0235936213887162,-0.1712782281377399,-0.3593656735737637,-0.8801576439639126,lying,karol
1672331782513706400,-0.0325332207059456,-0.1673898531378475,-0.3610126892621205,-0.8799466883479201,lying,karol
1672331782523706400,-0.0188074111424289,-0.1727426721582741,-0.3582975123794464,-0.8804222413796792,lying,karol
1672331782533706400,-0.027755028678486,-0.1688273187167006,-0.3599896139027413,-0.8802549290699457,lying,karol
1672331782543706400,-0.0366956824148643,-0.1648705393705727,-0.361657251386861,-0.8799940521622567,lying,karol
1672331782553706400,-0.0504791748892281,-0.1588629240656799,-0.3641863513613484,-0.8793731876090778,lying,karol
1672331782563706400,-0.0367297384902767,-0.1641823525973694,-0.3616686223362868,-0.8801167447783799,lying,karol
1672331782573706400,-0.0455897612156222,-0.160178567266833,-0.3633123252966924,-0.8797631898692457,lying,karol
1672331782583706400,-0.0317588519040598,-0.1655066526861092,-0.3607658873217205,-0.8804326925783935,lying,karol
1672331782593706400,-0.0405509784890659,-0.1615712853206541,-0.3624177613488884,-0.8801242087720261,lying,karol
1672331782603706400,-0.0315840517321982,-0.1649262878163547,-0.3607718429425955,-0.8805455408320777,lying,karol
1672331782613706400,-0.0404038627200003,-0.160996552425383,-0.362415583203013,-0.880237279816419,lying,karol
1672331782623706400,-0.0541321958158894,-0.1550477087655067,-0.3648819624111416,-0.8795488717781464,lying,karol
1672331782633706400,-0.0403933517894628,-0.1605097818895601,-0.3624179099896425,-0.8803257579131355,lying,karol
1672331782643706400,-0.03148938365631,-0.1640110250084049,-0.3607705548755102,-0.8807205163531208,lying,karol
1672331782653706400,-0.0403298776332264,-0.1602810428936182,-0.3623645194493082,-0.8803923404111383,lying,karol
1672331782663706400,-0.0491128632147648,-0.15653602382099,-0.3638931408101207,-0.8799894497883679,lying,karol
1672331782673706400,-0.0627316055639026,-0.1507223113573568,-0.366212575453905,-0.8791764132839285,lying,karol
1672331782683706400,-0.0537265895507841,-0.1543159932170054,-0.3645875152437892,-0.8798245783675545,lying,karol
1672331782693706400,-0.0674048665632716,-0.1485148846726151,-0.3668751493888049,-0.8789299633406936,lying,karol
1672331782703706400,-0.0535618825906166,-0.1541705427656824,-0.364425102550685,-0.8799274249344228,lying,karol
1672331782713706400,-0.0446052171503348,-0.1578038116356073,-0.3627768252657502,-0.8804639005411065,lying,karol
1672331782723706400,-0.0307350690398165,-0.1634662955507111,-0.3601925271216534,-0.8810850452121185,lying,karol
1672331782733706400,-0.0395146819415317,-0.1598743008259826,-0.3617537990047881,-0.8807544446924994,lying,karol
1672331782743706400,-0.0482905205496278,-0.1562778104123593,-0.3632828204270991,-0.8803330564008793,lying,karol
1672331782753706400,-0.0570454868731628,-0.1526867953561027,-0.3647774792992505,-0.8798212325502791,lying,karol
1672331782763706400,-0.0479969869277943,-0.1564668653072449,-0.3631448755276071,-0.8803724847097641,lying,karol
1672331782773706400,-0.0615869886841215,-0.1508808284705722,-0.3654638104164722,-0.8795418082738882,lying,karol
1672331782783706400,-0.0524571541376061,-0.1546688374214676,-0.3637976154431557,-0.8801663259228797,lying,karol
1672331782793706400,-0.0432657756567769,-0.1584359060221976,-0.3620544642475664,-0.8807147678741578,lying,karol
1672331782803706400,-0.0340297749965093,-0.1621786664684717,-0.3602303837568905,-0.8811867538578747,lying,karol
1672331782813706400,-0.0474982428912515,-0.1566093136291601,-0.3624820546735564,-0.8806476941862997,lying,karol
1672331782823706400,-0.0609369809699333,-0.1509895017800835,-0.3645992764406274,-0.879927608099769,lying,karol
1672331782833706400,-0.0517883749137107,-0.1546468970700513,-0.3627171279332187,-0.8806561014620526,lying,karol
1672331782843706400,-0.0427060384045716,-0.1582148803567216,-0.36074400400774,-0.8813199350316109,lying,karol
1672331782853706400,-0.0287546264945395,-0.1637019081591951,-0.3577725434231001,-0.8820945461661077,lying,karol
1672331782863706400,-0.0375734717905225,-0.1598503751870807,-0.3589007542159578,-0.882011288497209,lying,karol
1672331782873706400,-0.0463705342073277,-0.1558043184089128,-0.3599278807420323,-0.8818985202804448,lying,karol
1672331782883706400,-0.0599496876894243,-0.1496007077804124,-0.3616966876877158,-0.8814309281695677,lying,karol
1672331782893706400,-0.0506594251374904,-0.1525041566986534,-0.3595278170089978,-0.8824038686562434,lying,karol
1672331782903706400,-0.0639001063558707,-0.145955283744993,-0.3612628853488837,-0.8819441897262535,lying,karol
1672331782913706400,-0.0492748427515657,-0.1504848499390906,-0.3584055374027093,-0.8832874878942489,lying,karol
1672331782923706400,-0.0345147363586147,-0.1549263158695845,-0.3555773590741283,-0.8843635213224385,lying,karol
1672331782933706400,-0.0424704368636347,-0.1502316770732734,-0.3568515573704137,-0.8843152632048938,lying,karol
1672331782943706400,-0.0504868686205508,-0.1456514562833986,-0.3582343693729872,-0.8841020687532778,lying,karol
1672331782953706400,-0.0586309645619327,-0.1412933237882445,-0.3597167792855659,-0.8837053655578958,lying,karol
1672331782963706400,-0.0442028732776867,-0.146405296028518,-0.3576137871233145,-0.8845661767763598,lying,karol
1672331782973706400,-0.0526751147751641,-0.142598793669286,-0.3592734044560666,-0.8840515557120754,lying,karol
1672331782983706400,-0.0613209892730885,-0.1390394829120572,-0.3609074705221757,-0.8833953187510855,lying,karol
1672331782993706400,-0.0701101365072812,-0.1357127944663008,-0.3624984290290328,-0.882607145197005,lying,karol
1672331783003706400,-0.0611934725043358,-0.1399215760417109,-0.3612590082184639,-0.8831214058736525,lying,karol
1672331783013706400,-0.0750428605704496,-0.1349985532450981,-0.3635000757122886,-0.8818992700597434,lying,karol
1672331783023706400,-0.0661905661301723,-0.1395206068930435,-0.3621274857834885,-0.8824691704155634,lying,karol
1672331783033706400,-0.0573002836879268,-0.1440959505332583,-0.3606258195316773,-0.8829712235998233,lying,karol
1672331783043706400,-0.0433924182029487,-0.1506758980181829,-0.3581694123449043,-0.8836659490067202,lying,karol
1672331783053706400,-0.0522303104488976,-0.1479750369987479,-0.3595069018050126,-0.8831013305287427,lying,karol
1672331783063706400,-0.0383384021749781,-0.1544342201811133,-0.3569642830139227,-0.88373938035865,lying,karol
1672331783073706400,-0.0520305707228737,-0.1496661372555127,-0.3591487584826122,-0.8829746680102586,lying,karol
1672331783083706400,-0.0657494438081632,-0.1447680146132597,-0.3612682019403866,-0.8820115117255156,lying,karol
1672331783093706400,-0.0567300585588311,-0.1490788839264978,-0.3595875984711167,-0.8826064992951297,lying,karol
1672331783103706400,-0.0476372728223892,-0.1533319980892502,-0.3578254665829205,-0.8831317415320407,lying,karol
1672331783113706400,-0.056300140689062,-0.1502694179364614,-0.3590809036603101,-0.882638928874725,lying,karol
1672331783123706400,-0.0697616982501856,-0.1451166699570171,-0.3610736353165695,-0.8817266691756889,lying,karol
1672331783133706400,-0.0604520565281243,-0.1491716374236677,-0.3592315378404511,-0.8824898027696566,lying,karol
1672331783143706400,-0.0510945387597113,-0.1531847936133723,-0.3573107293916182,-0.8831735981378042,lying,karol
1672331783153706400,-0.041741177516923,-0.1571678291374637,-0.3553277043029346,-0.8837655835825914,lying,karol
1672331783163706400,-0.0502457338746422,-0.1539589464051179,-0.3564713519930624,-0.8834275673895012,lying,karol
1672331783173706400,-0.0588164596605317,-0.1507034968992273,-0.3575717209101052,-0.8830154105759918,lying,karol
1672331783183706400,-0.0446892379313149,-0.1565913712926656,-0.3547124997951884,-0.8839718677988136,lying,karol
1672331783193706400,-0.0533832276709984,-0.1533020292669454,-0.3558173439364975,-0.8836223383462428,lying,karol
1672331783203706400,-0.0442486038878454,-0.1571484061310754,-0.3537956883299589,-0.8842630927944574,lying,karol
1672331783213706400,-0.0350790433154916,-0.1609614388586302,-0.3517566871358111,-0.8848020727253783,lying,karol
1672331783223706400,-0.0437397913223671,-0.1576133830236118,-0.352972733115434,-0.8845349496557587,lying,karol
1672331783233706400,-0.0572624915246605,-0.1521895486752777,-0.355068953574551,-0.8838736733929394,lying,karol
1672331783243706400,-0.0707519733522588,-0.1466411228453006,-0.3571331230368672,-0.8830028369044313,lying,karol
1672331783253706400,-0.0615435838015302,-0.1501409416446118,-0.3554177517501401,-0.8837963959852804,lying,karol
1672331783263706400,-0.0523093655413814,-0.1535525348370986,-0.3537061308861014,-0.8844915592052662,lying,karol
1672331783273706400,-0.0430339656623412,-0.1568854814069839,-0.3519849563621388,-0.8850931524909299,lying,karol
1672331783283706400,-0.0515490057576275,-0.1530313186856327,-0.3534061599955275,-0.8847467767880289,lying,karol
1672331783293706400,-0.0421289513205357,-0.1562031654942281,-0.3517139748014303,-0.8853655526179692,lying,karol
1672331783303706400,-0.0505381360025105,-0.1521810104911804,-0.3531478467856978,-0.8850554857360263,lying,karol
1672331783313706400,-0.0589426796003769,-0.1480917215332505,-0.3545428061059897,-0.8846719394616588,lying,karol
1672331783323706400,-0.0673479234179319,-0.1439834422103851,-0.3559131608173158,-0.8842001607626271,lying,karol
1672331783333706400,-0.0529317221859981,-0.1490471808179828,-0.3535086116942237,-0.8853058891075185,lying,karol
1672331783343706400,-0.0385640596493235,-0.1541395175930412,-0.3509807603955263,-0.8861820193951068,lying,karol
1672331783353706400,-0.0470306714211851,-0.1502222659464252,-0.3523369891235292,-0.8859078717654653,lying,karol
1672331783363706400,-0.0556256224244934,-0.1462908851219179,-0.3536438292311976,-0.8855472376024243,lying,karol
1672331783373706400,-0.0693021393824855,-0.1403880069014917,-0.3557325001951477,-0.8847011727450481,lying,karol
1672331783383706400,-0.0602511836805671,-0.1436903722636828,-0.3542377051104661,-0.885433229337786,lying,karol
1672331783393706400,-0.0740189227778975,-0.1379483613076713,-0.356470945072701,-0.8844057074121974,lying,karol
1672331783403706400,-0.0649849508039424,-0.1414893069260341,-0.3551711642115037,-0.8850789424799411,lying,karol
1672331783413706400,-0.0508931466660208,-0.1471607100545925,-0.3530729376629641,-0.8859157501398177,lying,karol
1672331783423706400,-0.0367446082347698,-0.1529508841906711,-0.3509189743989881,-0.8864905402988096,lying,karol
1672331783433706400,-0.0453715332956318,-0.1498680310499409,-0.352628129028135,-0.8859392920223061,lying,karol
1672331783443706400,-0.0540211512043672,-0.146838518825966,-0.3542783777428631,-0.8853029915564408,lying,karol
1672331783453706400,-0.0676501807241289,-0.1418325917901829,-0.3565956516766778,-0.8842517980062105,lying,karol
1672331783463706400,-0.058549670857509,-0.1459643066904986,-0.3551165736204881,-0.8848240741876728,lying,karol
1672331783473706400,-0.067300543909645,-0.142887153993478,-0.3564791151232102,-0.8841560478386091,lying,karol
1672331783483706400,-0.0581792936255818,-0.1469730635628312,-0.3549083797937527,-0.8847654071812582,lying,karol
1672331783493706400,-0.0489787333418757,-0.151104444626856,-0.353301130297155,-0.8852699774375531,lying,karol
1672331783503706400,-0.0396916431986658,-0.1552479629501197,-0.351656146680797,-0.8856732724175469,lying,karol
1672331783513706400,-0.0254291974508142,-0.1612940402621447,-0.3490917893319489,-0.8861318006977736,lying,karol
1672331783523706400,-0.0387655361798751,-0.1564162169065792,-0.3514909725426279,-0.885574916915691,lying,karol
1672331783533706400,-0.0243570590186605,-0.1624832723045668,-0.3489331901641465,-0.886007810955809,lying,karol
1672331783543706400,-0.0327809775512067,-0.1595778556766592,-0.3505174832189344,-0.8856391948965803,lying,karol
1672331783553706400,-0.0412450808901802,-0.1566927030206326,-0.3520933706970335,-0.8851757812225962,lying,karol
1672331783563706400,-0.0497182102188238,-0.1538096226188201,-0.3536345722766673,-0.8846319439123954,lying,karol
1672331783573706400,-0.0403293890744331,-0.1580666214267923,-0.3520061114535929,-0.8850092276703475,lying,karol
1672331783583706400,-0.0260439243191932,-0.1642863254683669,-0.3493564009332389,-0.8854624943698005,lying,karol
1672331783593706400,-0.0345113656486795,-0.1615443017570162,-0.3507803097839569,-0.8851149969168125,lying,karol
1672331783603706400,-0.0201532126916248,-0.1678232978167131,-0.3478934214217179,-0.8855300242184806,lying,karol
1672331783613706400,-0.0286142379511335,-0.1651489983029477,-0.3492132397753982,-0.8852809826604299,lying,karol
1672331783623706400,-0.041969238785402,-0.1605700929994462,-0.3513699577382801,-0.8847381557156493,lying,karol
1672331783633706400,-0.0325791140851878,-0.1649834985666963,-0.3493344005560888,-0.8851285314755969,lying,karol
1672331783643706400,-0.0410767832449169,-0.1622771150174432,-0.3506030668280733,-0.8847742915896523,lying,karol
1672331783653706400,-0.0495808727732808,-0.1595512133589191,-0.3518522986081185,-0.8843390373535709,lying,karol
1672331783663706400,-0.0402278177963827,-0.1639455748810493,-0.3498287847220105,-0.8848135773493381,lying,karol
1672331783673706400,-0.0308168229035808,-0.1683353482570865,-0.3477128659615704,-0.8852018472793594,lying,karol
1672331783683706400,-0.0163507974721826,-0.1745795301638211,-0.3444872191364301,-0.8856397533672292,lying,karol
1672331783693706400,-0.0246082054498821,-0.1718969583235975,-0.3456036811892327,-0.8855395662026284,lying,karol
1672331783703706400,-0.0328488874655824,-0.1691345517677257,-0.3466275314616407,-0.8854050689889083,lying,karol
1672331783713706400,-0.0412147695290215,-0.1662194744525683,-0.3475755933700958,-0.8852365301132306,lying,karol
1672331783723706400,-0.026940384578035,-0.1721180677386348,-0.3441237133647193,-0.8860079131343012,lying,karol
1672331783733706400,-0.0356779269809362,-0.1693720769137381,-0.3450690614921572,-0.8858615605959647,lying,karol
1672331783743706400,-0.0444974529399553,-0.1668308158018616,-0.3460189159698588,-0.8855751395561733,lying,karol
1672331783753706400,-0.0353570378630158,-0.1711917413472213,-0.3435198662147942,-0.8861287419027698,lying,karol
1672331783763706400,-0.02611965756488,-0.1754267546840776,-0.3409365470761881,-0.8866194511597255,lying,karol
1672331783773706400,-0.0347521796847437,-0.1725597115714238,-0.3418562181916404,-0.8865325171321548,lying,karol
1672331783783706400,-0.0482612504450915,-0.1676461629574636,-0.3436960408836368,-0.8861321989156263,lying,karol
1672331783793706400,-0.0389921847667365,-0.1714471858500304,-0.3412262165149337,-0.8868162806803882,lying,karol
1672331783803706400,-0.0297356686716072,-0.1752910674002741,-0.3388063385719927,-0.8873518442937101,lying,karol
1672331783813706400,-0.0384877050570981,-0.1726269113088226,-0.3400593521170884,-0.8870591024295609,lying,karol
1672331783823706400,-0.0294012897309751,-0.1767413188266615,-0.3379362622988731,-0.8874084560640056,lying,karol
1672331783833706400,-0.0432295661834609,-0.1719111272911554,-0.3404136670127284,-0.8868446530448887,lying,karol
1672331783843706400,-0.0342005616206282,-0.1758168381906001,-0.3384420919007457,-0.8872279074258989,lying,karol
1672331783853706400,-0.0250666606672171,-0.1797874477702996,-0.3364545502957888,-0.8874935305810889,lying,karol
1672331783863706400,-0.0337406213893408,-0.1769985830676289,-0.3380650517960961,-0.8871551048432547,lying,karol
1672331783873706400,-0.0244350625855149,-0.1810502123303564,-0.336061572072427,-0.8874043397487383,lying,karol
1672331783883706400,-0.03302956941262,-0.1786434292736966,-0.337766410856708,-0.8869674100247547,lying,karol
1672331783893706400,-0.0416507950354914,-0.1764164183280723,-0.3395688692593181,-0.8863630223054705,lying,karol
1672331783903706400,-0.032414824354103,-0.1808366039784112,-0.3378550288351759,-0.8865139619417381,lying,karol
1672331783913706400,-0.0410283930587155,-0.1783690141426296,-0.3397839611321373,-0.8859204629725645,lying,karol
1672331783923706400,-0.0316134412851967,-0.1828789468286947,-0.3379717294777033,-0.8860812653658966,lying,karol
1672331783933706400,-0.0447593724829392,-0.1789411510231745,-0.3407984070625808,-0.8852374548784332,lying,karol
1672331783943706400,-0.0346985488485769,-0.1842496037922755,-0.3390258771799327,-0.8852843539328439,lying,karol
1672331783953706400,-0.0197105273472944,-0.1914346334038492,-0.3361615570669845,-0.8853165287503438,lying,karol
1672331783963706400,-0.028123667427484,-0.189610875799173,-0.3383297850434748,-0.8846578401086928,lying,karol
1672331783973706400,-0.0190460415495699,-0.1944010182742928,-0.3367151206002004,-0.8844778801673523,lying,karol
1672331783983706400,-0.0330288331062679,-0.1902379605405868,-0.3401314363379203,-0.8836652750000454,lying,karol
1672331783993706400,-0.0244731123723104,-0.1944385513240542,-0.3389487265308675,-0.8834849324558617,lying,karol
1672331784003706400,-0.0160447962564563,-0.1985073318951233,-0.3381697816489651,-0.8830732043998679,lying,karol
1672331784013706400,-0.0074685603137443,-0.2027960279406911,-0.3371471157966932,-0.8826051642749864,lying,karol
1672331784023706400,0.0062467113920748,-0.2091570093969609,-0.3345246643502528,-0.8821291334107203,lying,karol
1672331784033706400,-0.0022878969319312,-0.2057365035446069,-0.3370524434556633,-0.8819906537005634,lying,karol
1672331784043706400,-0.0153910322914179,-0.1994088088213947,-0.3406101569034185,-0.8819466600272154,lying,karol
1672331784053706400,-0.0065599952693445,-0.2028526024923578,-0.3391353530636166,-0.8818397186559334,lying,karol
1672331784063706400,0.0016648036722597,-0.2068739014119734,-0.3380502929323473,-0.881346045513612,lying,karol
1672331784073706400,0.0093855672162008,-0.210175637450083,-0.3376021313315619,-0.88069018127044,lying,karol
1672331784083706400,-0.0057601708325738,-0.2046048906827983,-0.3427367291535085,-0.880052624884565,lying,karol
1672331784093706400,0.0068936654359443,-0.2105447117450044,-0.3413593330671834,-0.8791816418361276,lying,karol
1672331784103706400,0.0147441696040349,-0.2150248490960183,-0.3409405906742747,-0.8781660897335811,lying,karol
1672331784113706400,0.0226861985213811,-0.2196601232388172,-0.3398756280448746,-0.8772644800655742,lying,karol
1672331784123706400,0.0130148554626618,-0.2173268727497009,-0.3426739041054013,-0.8769553906307611,lying,karol
1672331784133706400,0.0259426883020398,-0.2234109385201182,-0.3393145512958727,-0.8764463767791144,lying,karol
1672331784143706400,0.0163687323926721,-0.2204745950958088,-0.3412457218647068,-0.8766718863607755,lying,karol
1672331784153706400,0.0068540359076301,-0.2173611680312465,-0.3428713827907471,-0.8769416711392893,lying,karol
1672331784163706400,0.0153600026634425,-0.2213610568329967,-0.3401269307623029,-0.8769027822670513,lying,karol
1672331784173706400,0.0065244757965756,-0.2187429108085032,-0.3419213705866826,-0.8769731635120388,lying,karol
1672331784183706400,0.0151387397844987,-0.2227900238131107,-0.3393516734113765,-0.8768467750721214,lying,karol
1672331784193706400,0.0233658788835297,-0.2265216738975178,-0.3368411134711578,-0.8766785333816123,lying,karol
1672331784203706400,0.0135111797555647,-0.2230975314178623,-0.3389003101586887,-0.8769707313900934,lying,karol
1672331784213706400,-0.001333021150184,-0.2176551238463964,-0.3422154293399888,-0.8771546079072469,lying,karol
1672331784223706400,0.0075335744059358,-0.2211267975588065,-0.3403123135391228,-0.8769954948628812,lying,karol
1672331784233706400,-0.0058613030732783,-0.2158544594871167,-0.3441863085173217,-0.8768103163784347,lying,karol
1672331784243706400,0.0023197750289927,-0.2195977245155851,-0.3420766081363615,-0.8767233408639539,lying,karol
1672331784253706400,0.0101428467744022,-0.2232998847885302,-0.3399482317745163,-0.8765611273219629,lying,karol
1672331784263706400,-0.0048474751248195,-0.2180771136545135,-0.3440744679462615,-0.8763124045903286,lying,karol
1672331784273706400,0.0028164199465401,-0.2215770145087791,-0.3425141074081028,-0.8760555104441825,lying,karol
1672331784283706400,0.0108258528403111,-0.2248995930174186,-0.3406387761568379,-0.8758780116403432,lying,karol
1672331784293706400,0.0240007969409473,-0.2299492718468851,-0.3372267483411045,-0.8756252945966123,lying,karol
1672331784303706400,0.014839948970765,-0.2261694800561699,-0.3395185648215282,-0.8759272602647395,lying,karol
1672331784313706400,0.0281491272882044,-0.2310371424150285,-0.3358979721255319,-0.8757261977967657,lying,karol
1672331784323706400,0.0187906082879882,-0.2272753056484481,-0.3381315834179912,-0.876101837445048,lying,karol
1672331784333706400,0.0092419533519192,-0.2235542355934387,-0.3403461465778339,-0.8763546445302567,lying,karol
1672331784343706400,0.0173070790932023,-0.226728511047631,-0.3380367309224488,-0.8763110764019175,lying,karol
1672331784353706400,0.02544186111116,-0.2297369445816315,-0.3356900944533239,-0.8762313869596001,lying,karol
1672331784363706400,0.0159107563072948,-0.2258637304331121,-0.3379524322994919,-0.8765937192558233,lying,karol
1672331784373706400,0.0062590491620066,-0.2222171517860195,-0.3402390135029034,-0.8767634658556425,lying,karol
1672331784383706400,0.014120878794233,-0.2256859412681928,-0.3380419172292222,-0.8766363988218443,lying,karol
1672331784393706400,-0.0008523941782232,-0.2207306939165499,-0.3415933658927922,-0.8766357216506231,lying,karol
1672331784403706400,0.0066712242668926,-0.2245192978762885,-0.3393633156644012,-0.8765158142762355,lying,karol
1672331784413706400,0.0141635766255892,-0.2279118254326692,-0.3370140067679943,-0.8764585357076411,lying,karol
1672331784423706400,0.0041267292469832,-0.2243451124110806,-0.3393320281572076,-0.876589720622828,lying,karol
1672331784433706400,0.0170534205228821,-0.2293356935152131,-0.3360893284583068,-0.8763916611746765,lying,karol
1672331784443706400,0.0076380962262914,-0.2259043989089804,-0.3386139352822215,-0.8764438469764493,lying,karol
1672331784453706400,-0.0014103876161532,-0.2230242346949256,-0.3408197686203322,-0.8763591295020404,lying,karol
1672331784463706400,0.0073634192759784,-0.2267183672628875,-0.3387484249696412,-0.8761848062870868,lying,karol
1672331784473706400,-0.0013991206400834,-0.2231839748457506,-0.3417338959170664,-0.8759630627789728,lying,karol
1672331784483706400,0.0076750439642617,-0.2266375062442579,-0.3404377372073644,-0.8755492112475639,lying,karol
1672331784493706400,-0.0055153850863023,-0.2217297262193711,-0.3452152538417299,-0.8749529829356895,lying,karol
1672331784503706400,0.0048540741570834,-0.2277491625632728,-0.3448671441733809,-0.8735568162147421,lying,karol
1672331784513706400,0.0158835092245462,-0.235386942100611,-0.3446793412755337,-0.8714931092681332,lying,karol
1672331784523706400,0.0262722687612084,-0.2437847597162355,-0.343512616353717,-0.8694127139724058,lying,karol
1672331784533706400,0.0363546666985022,-0.2522466474529969,-0.3415127401039307,-0.8674417610564555,lying,karol
1672331784543706400,0.0461165534607035,-0.2593708989595394,-0.3390237494467334,-0.8658634981357536,lying,karol
1672331784553706400,0.0554994498435698,-0.2653321695277154,-0.3362649964247973,-0.8645878027518193,lying,karol
1672331784563706400,0.0470804210206665,-0.2636522368120187,-0.3387368118998777,-0.8646395450614152,lying,karol
1672331784573706400,0.0559911542456402,-0.2681368874670188,-0.3358079549665184,-0.8638731486887957,lying,karol
1672331784583706400,0.0476436104615251,-0.2652611231165253,-0.3383211107377366,-0.8642818936884089,lying,karol
1672331784593706400,0.0393797101228217,-0.2621154691623855,-0.3408172187161922,-0.8646775796528088,lying,karol
1672331784603706400,0.0485709889393322,-0.2656339606295739,-0.3380091188943181,-0.8642392021096204,lying,karol
1672331784613706400,0.0576561194443824,-0.2691336348882558,-0.3352441755116004,-0.8636754482270603,lying,karol
1672331784623706400,0.0491508094473137,-0.265965694302956,-0.3380518271131276,-0.8640887399358805,lying,karol
1672331784633706400,0.0359001120999042,-0.2611250360461947,-0.3425389314724218,-0.8644510273540279,lying,karol
1672331784643706400,0.0450056831260047,-0.2652615925162207,-0.3405778965792024,-0.8635415565444284,lying,karol
1672331784653706400,0.0539661643500927,-0.2690743518527825,-0.3390903073240878,-0.8624350090560481,lying,karol
1672331784663706400,0.0453361614126043,-0.2654513793587432,-0.3434209843225033,-0.8623429730808959,lying,karol
1672331784673706400,0.0539086144370461,-0.267830603959083,-0.3426193760043466,-0.8614348590762986,lying,karol
1672331784683706400,0.0625878693814946,-0.2700004203334961,-0.3418670712487786,-0.8604718493986906,lying,karol
1672331784693706400,0.0718571246267307,-0.2729484640233559,-0.3407985580048256,-0.8592429333251516,lying,karol
1672331784703706400,0.0812292077153902,-0.2761040730793308,-0.339481581179083,-0.8579222454175522,lying,karol
1672331784713706400,0.072917497396374,-0.2725227133366601,-0.3434579412150557,-0.8582327136093382,lying,karol
1672331784723706400,0.0815165543905065,-0.275905666329894,-0.3415378059349766,-0.8571444826966317,lying,karol
1672331784733706400,0.0724349126331864,-0.2723298878914236,-0.3447294620113236,-0.8578259567309054,lying,karol
1672331784743706400,0.080539405168955,-0.2756051770000765,-0.3424352178095908,-0.8569761189017945,lying,karol
1672331784753706400,0.0664594029127228,-0.2699834323717453,-0.3473938392384513,-0.8579774557317709,lying,karol
1672331784763706400,0.0744942422577666,-0.2730672388011735,-0.3452353441680914,-0.8572128445901128,lying,karol
1672331784773706400,0.0653044738031898,-0.2688609199321351,-0.3483859561824866,-0.8580170311329114,lying,karol
1672331784783706400,0.0735081688815757,-0.27134157082156,-0.3460127261540283,-0.8575330337064037,lying,karol
1672331784793706400,0.0817073104228374,-0.273493127297455,-0.343658222940413,-0.8570546663111385,lying,karol
1672331784803706400,0.0944852504501355,-0.2773220718087517,-0.3398161512406307,-0.856042980461224,lying,karol
1672331784813706400,0.085159062230232,-0.2723668172243412,-0.3430978021375217,-0.8573035499562652,lying,karol
1672331784823706400,0.0931430021234692,-0.2745052508525019,-0.3408967613959443,-0.8566698692408031,lying,karol
1672331784833706400,0.0839283446882548,-0.2699342728304257,-0.3441891602132226,-0.857758178866322,lying,karol
1672331784843706400,0.092137258351508,-0.2722861784195155,-0.3418464794761878,-0.8571093941685003,lying,karol
1672331784853706400,0.0832548572685878,-0.267839550936729,-0.344886834578065,-0.8582008833418472,lying,karol
1672331784863706400,0.0746401584359487,-0.263653972168632,-0.3478472980450595,-0.8590942962647015,lying,karol
1672331784873706400,0.0834901596000709,-0.2664365454337705,-0.345437637110025,-0.8583935183589128,lying,karol
1672331784883706400,0.0750670039759321,-0.2620954207169527,-0.3483707454416375,-0.8593223094633712,lying,karol
1672331784893706400,0.0887529945955592,-0.2666736330155735,-0.3444904452081546,-0.8581730179506916,lying,karol
1672331784903706400,0.0803447406108701,-0.2623912000590413,-0.3474341277321856,-0.8591344707237357,lying,karol
1672331784913706400,0.071936798458566,-0.2581666324064989,-0.350309319305884,-0.859991720222952,lying,karol
1672331784923706400,0.0857322335533639,-0.2630512331651813,-0.3464417310855677,-0.8588130180192408,lying,karol
1672331784933706400,0.0992965632827008,-0.2679046538544317,-0.3425546561819248,-0.8574097349494503,lying,karol
1672331784943706400,0.090639403611296,-0.2640013567272234,-0.345508241315183,-0.8583937679951457,lying,karol
1672331784953706400,0.082025355060755,-0.2600679337345234,-0.3483285355181272,-0.8593205970950699,lying,karol
1672331784963706400,0.0907995098927102,-0.2630890931746363,-0.3457353381883925,-0.8585655975984148,lying,karol
1672331784973706400,0.0827336955307492,-0.2591721709454561,-0.3482036651095535,-0.8595741950355101,lying,karol
1672331784983706400,0.0701207960677701,-0.2534737839766824,-0.3518256686923246,-0.860919608485102,lying,karol
1672331784993706400,0.0798462692052735,-0.2573314363113241,-0.3486239680312858,-0.8602315477357118,lying,karol
1672331785003706400,0.0894908359979781,-0.2611586802709773,-0.3450398642629213,-0.8595751730091417,lying,karol
1672331785013706400,0.0814713001779058,-0.2572344772613995,-0.3459562176455196,-0.8611882728291852,lying,karol
1672331785023706400,0.0685577002310759,-0.251223913638722,-0.34808185358757,-0.8632310194885208,lying,karol
1672331785033706400,0.0604814368978835,-0.2471598083094718,-0.3487307103438942,-0.8647471542071711,lying,karol
1672331785043706400,0.0746321829616135,-0.251914054560916,-0.342861868955545,-0.8646193977484239,lying,karol
1672331785053706400,0.066454730950178,-0.247480582704704,-0.3431644749039281,-0.8664488262634837,lying,karol
1672331785063706400,0.0582388914471687,-0.2428701589839025,-0.3432498375312283,-0.8683134265091074,lying,karol
1672331785073706400,0.049994667717055,-0.2380929775681474,-0.3431903692943199,-0.8701770562384894,lying,karol
1672331785083706400,0.0416986796467607,-0.2329959467733706,-0.3431028366233918,-0.8720321623683654,lying,karol
1672331785093706400,0.0509488069637296,-0.2343727970709193,-0.338330704112917,-0.8730423652580556,lying,karol
1672331785103706400,0.0426036258134247,-0.2285988245266401,-0.3379392417950131,-0.8751781791271959,lying,karol
1672331785113706400,0.0342201274158059,-0.2224340580034554,-0.3371449203208478,-0.8774495092611101,lying,karol
1672331785123706400,0.0255316910607164,-0.2154860679920581,-0.3362194808205777,-0.8798457066709989,lying,karol
1672331785133706400,0.0115208074039238,-0.2055113847394423,-0.3362492915231487,-0.8825328231189713,lying,karol
1672331785143706400,0.0247390264824884,-0.2041473007829612,-0.3294733914724246,-0.8851661591409018,lying,karol
1672331785153706400,0.0151475718259017,-0.193437025418441,-0.3274203245495916,-0.8885906033918126,lying,karol
1672331785163706400,0.0057795149416285,-0.1824428344203879,-0.3243098944505446,-0.8922166864402048,lying,karol
1672331785173706400,-0.0036269037983553,-0.1715422282220033,-0.3209581559634847,-0.8956534846886339,lying,karol
1672331785183706400,-0.0132094077760435,-0.1609567737289997,-0.317771333398022,-0.898712892461898,lying,karol
1672331785193706400,-0.0227686583325217,-0.1501690745016905,-0.3142820231536627,-0.9016686913391668,lying,karol
1672331785203706400,-0.0321768842733267,-0.1382579548264213,-0.3101798877353005,-0.904775988470372,lying,karol
1672331785213706400,-0.0413827712785562,-0.1254730188598541,-0.3059041526508944,-0.9078004857521038,lying,karol
1672331785223706400,-0.0505489564051952,-0.1117640359826871,-0.301443705868058,-0.9107111753522869,lying,karol
1672331785233706400,-0.060266100844474,-0.0967944567600912,-0.2973371377047448,-0.9132901575292832,lying,karol
1672331785243706400,-0.0704330011248949,-0.0810326266826526,-0.2941789967199902,-0.9152335722459328,lying,karol
1672331785253706400,-0.0803615403038831,-0.0679177146215977,-0.291996066194347,-0.9162558841724442,lying,karol
1672331785263706400,-0.0898896777179003,-0.0588594198824339,-0.2909718390688398,-0.9163528375575494,lying,karol
1672331785273706400,-0.0990265058534784,-0.0543433089822674,-0.2913123141402513,-0.9155849436703342,lying,karol
1672331785283706400,-0.1080131445769406,-0.051587455859387,-0.2925561001949083,-0.9143309663342688,lying,karol
1672331785293706400,-0.1169751808675762,-0.0489027843328375,-0.2942879103987321,-0.9128188937130484,lying,karol
1672331785303706400,-0.125953438533301,-0.0461897642294881,-0.2960542431935477,-0.9111929661906304,lying,karol
1672331785313706400,-0.1115774384341603,-0.0510376065330185,-0.2963059415183605,-0.9127250106901188,lying,karol
1672331785323706400,-0.1207502453832143,-0.0481731311577388,-0.2978032349306931,-0.9112247477976936,lying,karol
1672331785333706400,-0.1350179052753835,-0.0434241023238508,-0.2998054275839527,-0.9088014526189984,lying,karol
1672331785343706400,-0.1259037228131204,-0.0462449570285906,-0.3006994699005842,-0.9096751094520964,lying,karol
1672331785353706400,-0.1352405945028543,-0.0429210062065087,-0.3024763559581638,-0.9079073566918324,lying,karol
1672331785363706400,-0.1262578811992646,-0.0454741017863063,-0.303397255719894,-0.9087695446071696,lying,karol
1672331785373706400,-0.1121566286785508,-0.0495213993015532,-0.3040579468740287,-0.9101866624793769,lying,karol
1672331785383706400,-0.1214706205595204,-0.045581516134638,-0.3056577054858808,-0.9086610355007584,lying,karol
1672331785393706400,-0.1308001995037264,-0.0413940454321976,-0.3068152816392255,-0.9071762915114134,lying,karol
1672331785403706400,-0.1219089981546818,-0.0431561990170201,-0.3069489733387712,-0.9082884028359072,lying,karol
1672331785413706400,-0.1364835531065297,-0.0368772992912691,-0.3080157934061675,-0.9061303582653856,lying,karol
1672331785423706400,-0.1276745395088149,-0.0384266885044145,-0.3080045448404808,-0.907355408286736,lying,karol
1672331785433706400,-0.1370935016313748,-0.033813728851943,-0.3087200733812662,-0.9059229577840396,lying,karol
1672331785443706400,-0.1278790124117722,-0.0357358507437663,-0.3087917660688056,-0.9071731081611248,lying,karol
1672331785453706400,-0.1417846744658732,-0.0301670357437635,-0.3097857290076926,-0.9049679406380436,lying,karol
1672331785463706400,-0.1272270770243494,-0.0347789501928642,-0.3098772746452837,-0.9069329846747072,lying,karol
1672331785473706400,-0.1360987752156009,-0.0315416177583698,-0.3107864614635572,-0.9054513123398396,lying,karol
1672331785483706400,-0.1219821105484746,-0.0361244829350799,-0.3107060864945486,-0.9073179296283352,lying,karol
1672331785493706400,-0.1314013905826871,-0.0324107287510886,-0.3112977040722118,-0.9059399897270398,lying,karol
1672331785503706400,-0.1177072281456152,-0.0362441429723849,-0.3107448681211561,-0.90786716392423,lying,karol
1672331785513706400,-0.132296267121365,-0.0304783187150458,-0.3109092412286587,-0.9060144290004478,lying,karol
1672331785523706400,-0.1417835451759089,-0.0265471481594149,-0.3104301380201152,-0.9048695038321044,lying,karol
1672331785533706400,-0.1328107190024471,-0.0290678127973157,-0.3089629943491492,-0.9066573684062338,lying,karol
1672331785543706400,-0.146971919497983,-0.0239440624931017,-0.3079362559888598,-0.9049737501520764,lying,karol
1672331785553706400,-0.1610551216595802,-0.01915151414745,-0.3071022893317458,-0.902975167582148,lying,karol
1672331785563706400,-0.1517999859385862,-0.022529054097672,-0.3061889233782716,-0.9048105779707936,lying,karol
1672331785573706400,-0.1373090911583994,-0.0277906405366982,-0.3058210233892593,-0.907101465776346,lying,karol
1672331785583706400,-0.150940233814217,-0.0238883433819757,-0.3069960314364036,-0.9046468583662792,lying,karol
1672331785593706400,-0.1407594228029352,-0.0290648377258025,-0.3082228569620444,-0.905721065516693,lying,karol
1672331785603706400,-0.1249993460154311,-0.036999192769347,-0.3098155006154286,-0.9072048516211472,lying,karol
1672331785613706400,-0.1137546582861953,-0.0437475738154848,-0.3120054335289721,-0.9076430865425626,lying,karol
1672331785623706400,-0.1210115328753349,-0.0439592438656769,-0.3156396601405826,-0.9054457943495232,lying,karol
1672331785633706400,-0.1061175294473035,-0.0516281872704063,-0.3187811773182689,-0.9058180158345128,lying,karol
1672331785643706400,-0.1203598024113595,-0.0490030565546937,-0.3230236241352918,-0.9026820739153768,lying,karol
1672331785653706400,-0.1069359092357581,-0.0562484522952326,-0.3242959669719181,-0.9034965986311008,lying,karol
1672331785663706400,-0.1214594724935714,-0.0528725420033583,-0.326392746792625,-0.9011078199600636,lying,karol
1672331785673706400,-0.1071410159977493,-0.058984318666729,-0.3262651399383501,-0.9025899246859774,lying,karol
1672331785683706400,-0.1210743063909689,-0.0546822891941935,-0.3278140744236388,-0.9005358825533455,lying,karol
1672331785693706400,-0.1117961640650776,-0.0586943242042983,-0.3278843783747532,-0.9014569702119342,lying,karol
1672331785703706400,-0.1024925364490815,-0.0632737095445189,-0.3280933679222385,-0.9021771629210544,lying,karol
1672331785713706400,-0.1113816654707367,-0.0616850744511093,-0.3297755966593798,-0.9006200405708122,lying,karol
1672331785723706400,-0.1203344378490221,-0.0595119047549201,-0.3315235353296329,-0.8989718894610018,lying,karol
1672331785733706400,-0.1111128106323024,-0.0637025487937349,-0.3320458335642502,-0.8996790929913433,lying,karol
1672331785743706400,-0.1017319378541233,-0.0681275795593535,-0.3324495531790284,-0.9003157041601156,lying,karol
1672331785753706400,-0.115357408425912,-0.0641732719376574,-0.3345185569469224,-0.8981953248769668,lying,karol
1672331785763706400,-0.1057145143589079,-0.0689016427324561,-0.3348926408264046,-0.8988929808482291,lying,karol
1672331785773706400,-0.1192002120638465,-0.0649231309222973,-0.336933381755732,-0.8967376344303828,lying,karol
1672331785783706400,-0.1096546112672356,-0.0691744322420835,-0.3371230319615487,-0.89756654909604,lying,karol
1672331785793706400,-0.0953315105787477,-0.0748329869812696,-0.3367759006779439,-0.8988776050626746,lying,karol
1672331785803706400,-0.1095994331928528,-0.069346429164153,-0.3386872109633932,-0.896971275678441,lying,karol
1672331785813706400,-0.1009331996180799,-0.0720008038273636,-0.3389937426998927,-0.8976641003353046,lying,karol
1672331785823706400,-0.0923793703807829,-0.0743251729048285,-0.3396254936182502,-0.8981587822685246,lying,karol
1672331785833706400,-0.1018828638814219,-0.070105040432935,-0.3416039032588041,-0.8967203544729211,lying,karol
1672331785843706400,-0.0882063575274751,-0.075151929488659,-0.3415411584542087,-0.8977851237858802,lying,karol
1672331785853706400,-0.0976948109393739,-0.0717802174447127,-0.3433113906900002,-0.8964028924700682,lying,karol
1672331785863706400,-0.1121342884769293,-0.0667070067611801,-0.3454000889497062,-0.8943003686295597,lying,karol
1672331785873706400,-0.0985707200611331,-0.0724380983201731,-0.3451695431988644,-0.8955408138204808,lying,karol
1672331785883706400,-0.0899742966807866,-0.0764115931628558,-0.345177479396032,-0.8961125809339965,lying,karol
1672331785893706400,-0.0772725682842391,-0.0837968631449817,-0.3448908773448599,-0.8967509722391753,lying,karol
1672331785903706400,-0.0883000900719098,-0.0828695705404596,-0.3469364319055915,-0.8950345009577969,lying,karol
1672331785913706400,-0.0815228206894266,-0.0888041527018982,-0.3475075362483691,-0.8948935488161923,lying,karol
1672331785923706400,-0.0977415953955323,-0.0857387710741608,-0.3506272880036591,-0.8923546999649862,lying,karol
1672331785933706400,-0.0905905533061647,-0.0916075837498875,-0.3519128341676805,-0.892027248386396,lying,karol
1672331785943706400,-0.0834467309095276,-0.0978338047360792,-0.3535584406349433,-0.8914215864479771,lying,karol
1672331785953706400,-0.0716334381398841,-0.1068466988074553,-0.3549993597700573,-0.8908562441872813,lying,karol
1672331785963706400,-0.0597573466918949,-0.1166052637113618,-0.3566061866633166,-0.8898850746020702,lying,karol
1672331785973706400,-0.0706258026134111,-0.1177407514542971,-0.3613634399417908,-0.8870386862072084,lying,karol
1672331785983706400,-0.0632659947327945,-0.1261151075034845,-0.363267027902609,-0.8856850809504684,lying,karol
1672331785993706400,-0.0553162576609899,-0.1343283286298316,-0.3641240928100503,-0.8846728580681014,lying,karol
1672331786003706400,-0.0472988733194695,-0.1412662477870432,-0.363963954549304,-0.884130605416262,lying,karol
1672331786013706400,-0.0343097440152655,-0.1490775356147529,-0.3621786254220547,-0.8841837596765406,lying,karol
1672331786023706400,-0.043669601024333,-0.1474289292839172,-0.363734992052441,-0.883410547986087,lying,karol
1672331786033706400,-0.0577736506319778,-0.1437160301123667,-0.3659705707805855,-0.8822908631109388,lying,karol
1672331786043706400,-0.0716225234805948,-0.1409209259583781,-0.3684133498695903,-0.8807133757278663,lying,karol
1672331786053706400,-0.0625549860899652,-0.1485893873231557,-0.3672787162871599,-0.8806271516383813,lying,karol
1672331786063706400,-0.0535565799946114,-0.1570597166655248,-0.3659933140062549,-0.880299467612754,lying,karol
1672331786073706400,-0.0397693996544369,-0.1680858887393554,-0.3637860486910293,-0.87992648736989,lying,karol
1672331786083706400,-0.031075192345705,-0.1774642586025993,-0.3630964992600808,-0.8787405603302263,lying,karol
1672331786093706400,-0.0174698322969552,-0.1887794161215079,-0.3612772911358556,-0.8775286246612439,lying,karol
1672331786103706400,-0.0084091641565712,-0.1976880093395594,-0.3601379634528531,-0.8761862380396478,lying,karol
1672331786113706400,-0.0167226227646792,-0.1991604471246445,-0.3628641218189534,-0.8746251292200483,lying,karol
1672331786123706400,-0.0072021764437082,-0.2077481066692655,-0.3614852703851744,-0.873345442593877,lying,karol
1672331786133706400,0.001605085467716,-0.215458075821346,-0.3602699976343146,-0.8720200402181246,lying,karol
1672331786143706400,0.0091959156717294,-0.2217448304615082,-0.3594938338476777,-0.8707248764749594,lying,karol
1672331786153706400,-0.0062246535442652,-0.2180070363887593,-0.3646734632774216,-0.8695480955369819,lying,karol
1672331786163706400,0.0003766591550965,-0.2233668550283556,-0.3642578553876865,-0.868391552341689,lying,karol
1672331786173706400,0.0070733541913893,-0.2300160466821625,-0.3633496906872251,-0.8670177831579189,lying,karol
1672331786183706400,-0.0036770370762964,-0.2301164872993782,-0.3665680059718534,-0.8656704766520477,lying,karol
1672331786193706400,0.0028161482968545,-0.2372761103325151,-0.364723235493738,-0.864531929438922,lying,karol
1672331786203706400,0.0091526665069879,-0.2438843209545816,-0.3623181250942476,-0.8636701451046613,lying,karol
1672331786213706400,0.0203589978425855,-0.2516392799527253,-0.3576853405217735,-0.8631919834703661,lying,karol
1672331786223706400,0.0265806594029145,-0.2565293766863363,-0.354284802345888,-0.862991172422239,lying,karol
1672331786233706400,0.0151788899861896,-0.2535967048045499,-0.356312988316779,-0.8633033247652779,lying,karol
1672331786243706400,0.0211751337572156,-0.2572257170813535,-0.3535811648711188,-0.8632305031808862,lying,karol
1672331786253706400,0.0098867555733688,-0.2530642631395526,-0.3565627866428194,-0.8634405009301355,lying,karol
1672331786263706400,-0.0015070756886735,-0.2485060520363874,-0.3597012354809364,-0.8635217162835003,lying,karol
1672331786273706400,-0.0129714387505379,-0.2437142925517615,-0.362901741815891,-0.8634564423899597,lying,karol
1672331786283706400,-0.0070031851647895,-0.2457372343744154,-0.3623649449938543,-0.8631846011821461,lying,karol
1672331786293706400,-0.0010389684860719,-0.2473068688826284,-0.3635512178716347,-0.86227915706035,lying,karol
1672331786303706400,0.0039942434620401,-0.2501306801840361,-0.3646537284838023,-0.8610061452756549,lying,karol
1672331786313706400,-0.0137250879671107,-0.2452932524612163,-0.3720262180365644,-0.8591631581099887,lying,karol
1672331786323706400,-0.0090467202012824,-0.2509688660407203,-0.3739810019110888,-0.8567636727286378,lying,karol
1672331786333706400,-0.0045457980665383,-0.2569126536651274,-0.3766849340101442,-0.8538861453553589,lying,karol
1672331786343706400,-0.0009749329439552,-0.261994614956184,-0.3795688120957312,-0.8511132226929967,lying,karol
1672331786353706400,0.0020421783562215,-0.2668156553973742,-0.3823287791633525,-0.8484171608303246,lying,karol
1672331786363706400,0.0050427765526496,-0.2721302343908732,-0.3845984461943526,-0.8457278933081859,lying,karol
1672331786373706400,0.0082406738496093,-0.2776705461383698,-0.3863656713980647,-0.8431306800545277,lying,karol
1672331786383706400,0.011735192264774,-0.2830658122556629,-0.3877576880389832,-0.8406861970308169,lying,karol
1672331786393706400,0.0157183749549071,-0.2885274059703089,-0.3885463009950292,-0.8384255507502436,lying,karol
1672331786403706400,0.0202968898692595,-0.2943712790616691,-0.3885049329829586,-0.8363350517517057,lying,karol
1672331786413706400,0.0246891181275931,-0.3004605365029899,-0.3877838776321165,-0.8344036325018082,lying,karol
1672331786423706400,0.0291429204375818,-0.3070930456908946,-0.3861234618181451,-0.8326324761431795,lying,karol
1672331786433706400,0.0337100575946902,-0.3142392179511228,-0.3831958466027284,-0.8311644856036197,lying,karol
1672331786443706400,0.0381503452881856,-0.321628159932426,-0.3790538621886154,-0.8300656057421109,lying,karol
1672331786453706400,0.0424813383340698,-0.3284689922109334,-0.3740462623936955,-0.8294668317705721,lying,karol
1672331786463706400,0.0445105680618629,-0.3336688890564895,-0.3693753018580269,-0.8293958324694825,lying,karol
1672331786473706400,0.0461437745820186,-0.3384076910451383,-0.3652131609916587,-0.8292470869421767,lying,karol
1672331786483706400,0.0468792037886522,-0.3423186316116445,-0.3619246443507788,-0.8290593856284182,lying,karol
1672331786493706400,0.0468678460264837,-0.3453332446256856,-0.3592357292881734,-0.8289943657292623,lying,karol
1672331786503706400,0.0464882431795108,-0.3478652684439087,-0.3567920204368374,-0.8290258770994063,lying,karol
1672331786513706400,0.0462615202385037,-0.3500661999008123,-0.35445228626198,-0.8291253346780986,lying,karol
1672331786523706400,0.0464341551111309,-0.3525388189678492,-0.3522637969610299,-0.8290093261175466,lying,karol
1672331786533706400,0.0446953490508318,-0.3546742010658884,-0.3514003745573905,-0.8285708321155882,lying,karol
1672331786543706400,0.0434983628454138,-0.3572860654151046,-0.3507694572549028,-0.8277915664404185,lying,karol
1672331786553706400,0.0418726828376551,-0.3600429871673615,-0.3506389893976379,-0.8267492827269957,lying,karol
1672331786563706400,0.0391130911444924,-0.3626572124675919,-0.3510187710794951,-0.8255953894354489,lying,karol
1672331786573706400,0.0360996072061103,-0.3655166106615146,-0.3511003347821789,-0.8244546608805468,lying,karol
1672331786583706400,0.0332505883337192,-0.3678736783250492,-0.3512276926102223,-0.8234890918195458,lying,karol
1672331786593706400,0.0286681030357613,-0.3688854649726545,-0.3521914926193957,-0.8228148956943637,lying,karol
1672331786603706400,0.0248387383411557,-0.3706545246626405,-0.3526403110622993,-0.8219706061381389,lying,karol
1672331786613706400,0.0210930659240932,-0.3729729841960972,-0.3528411700416962,-0.8209593890780181,lying,karol
1672331786623706400,0.0184724098996003,-0.3752219331045365,-0.3528525061257603,-0.820006777974935,lying,karol
1672331786633706400,0.0168191726657619,-0.3776019767486947,-0.3526993655706135,-0.8190275945655514,lying,karol
1672331786643706400,0.015096253787507,-0.3804714864809713,-0.3526030625067635,-0.8177899459944493,lying,karol
1672331786653706400,0.0134409338692482,-0.3833487944077985,-0.3524348009597446,-0.8165640767718144,lying,karol
1672331786663706400,0.0115028035984302,-0.3853909553763764,-0.3521554105988756,-0.8157646640206995,lying,karol
1672331786673706400,0.0099533367045347,-0.3870449803753216,-0.3513420831443219,-0.8153612515238557,lying,karol
1672331786683706400,0.0071873685359911,-0.3878667944812142,-0.3501075180170486,-0.8155413764898951,lying,karol
1672331786693706400,0.0030036835355122,-0.3883113433137923,-0.3490400310576532,-0.8158276574454378,lying,karol
1672331786703706400,-0.0020451299471505,-0.3888274153873243,-0.3483088584958332,-0.8159153016750808,lying,karol
1672331786713706400,-0.0070648234390221,-0.389939309018971,-0.3470557192701205,-0.8159125515958078,lying,karol
1672331786723706400,-0.0122351729581814,-0.3917879254181511,-0.3453169246506686,-0.815730043284078,lying,karol
1672331786733706400,-0.0175869497976264,-0.3941905410102367,-0.3436661092953232,-0.8152012797620378,lying,karol
1672331786743706400,-0.0224673990676987,-0.3973818230535172,-0.3418461970061541,-0.8143289249431669,lying,karol
1672331786753706400,-0.0278839080080405,-0.3998540141767104,-0.3405851033252656,-0.8135076174246482,lying,karol
1672331786763706400,-0.0324968491977403,-0.40181868281147,-0.3395473552251443,-0.8128244815949253,lying,karol
1672331786773706400,-0.0366808251410461,-0.4041070640163131,-0.3391638477880084,-0.8116941216673919,lying,karol
1672331786783706400,-0.0399516026380968,-0.4074505524456955,-0.3394414927216143,-0.8097781840554019,lying,karol
1672331786793706400,-0.0421117475472547,-0.4123657259138389,-0.340760838249553,-0.80666471713649,lying,karol
1672331786803706400,-0.043953311228038,-0.4178344096738103,-0.342333335347456,-0.8031308440800093,lying,karol
1672331786813706400,-0.0473107131862155,-0.4226470894414983,-0.3427423866501495,-0.800288265383046,lying,karol
1672331786823706400,-0.051703028125551,-0.4263599066843918,-0.3425300906233168,-0.7981741555776516,lying,karol
1672331786833706400,-0.0567548477002841,-0.4287246534583676,-0.3420737881685656,-0.7967904881912841,lying,karol
1672331786843706400,-0.0622049567108171,-0.4307214061818036,-0.3414762076097338,-0.79559436173035,lying,karol
1672331786853706400,-0.0681439221456618,-0.4325757786501754,-0.3408185877541635,-0.7944176889119021,lying,karol
1672331786863706400,-0.0743464634039082,-0.4336550149382802,-0.3401322000458913,-0.7935976588598553,lying,karol
1672331786873706400,-0.0798388844045447,-0.4332710811169175,-0.3388593847551361,-0.7938377106859431,lying,karol
1672331786883706400,-0.08367859369878,-0.4299967415401597,-0.336410495762042,-0.796275196691549,lying,karol
1672331786893706400,-0.084764451172234,-0.42336051292602,-0.3325545977285993,-0.8013580224731528,lying,karol
1672331786903706400,-0.0815874799020743,-0.4174348590886307,-0.327639223934381,-0.8068509381984386,lying,karol
1672331786913706400,-0.0744024422987988,-0.4128094354200366,-0.322135863740035,-0.8121992737811492,lying,karol
1672331786923706400,-0.0635735729777191,-0.4084981728709883,-0.3161403364794323,-0.8177651056173947,lying,karol
1672331786933706400,-0.0506481094486258,-0.4041133094155775,-0.3104274252732804,-0.8231883851555937,lying,karol
1672331786943706400,-0.0368287694458087,-0.3996946430241671,-0.3054979321548204,-0.8281017893874631,lying,karol
1672331786953706400,-0.0234669161843945,-0.394799688817782,-0.3010886445944871,-0.8327351431180946,lying,karol
1672331786963706400,-0.0118046107121652,-0.3889100454498279,-0.2970237799263514,-0.837374282003187,lying,karol
1672331786973706400,-0.0022449102915874,-0.3824524958391447,-0.2932334955922644,-0.8418944421724465,lying,karol
1672331786983706400,0.0030926756638935,-0.375777873350386,-0.2900302491429619,-0.8460947820260089,lying,karol
1672331786993706400,0.0056171416639835,-0.3694840310750323,-0.2863794268660832,-0.8501568638101815,lying,karol
1672331787003706400,0.0050980155862811,-0.3635811351303468,-0.2821635191895141,-0.8541583729527076,lying,karol
1672331787013706400,0.0017403758241477,-0.3580289837358493,-0.2775941483907879,-0.8580520086424286,lying,karol
1672331787023706400,-0.004446254076748,-0.3527396894255814,-0.2729411644971233,-0.861763309328959,lying,karol
1672331787033706400,-0.0122202068109588,-0.3487926615544273,-0.2684365761524204,-0.864746879893607,lying,karol
1672331787043706400,-0.0201689386302197,-0.3473765119407736,-0.2642163740628734,-0.866505921466039,lying,karol
1672331787053706400,-0.0280425264194975,-0.3470765360188284,-0.2609128285735633,-0.8674443443023534,lying,karol
1672331787063706400,-0.034816474967884,-0.3473277284904992,-0.2583025676946097,-0.867912289228235,lying,karol
1672331787073706400,-0.0410396612403187,-0.3460034986655065,-0.2563410175463391,-0.8687745137766997,lying,karol
1672331787083706400,-0.0474253479910831,-0.3427254352634391,-0.2549731955212305,-0.8701693360577544,lying,karol
1672331787093706400,-0.0542159123231154,-0.3382299113115063,-0.2540578417867377,-0.8718149226701245,lying,karol
1672331787103706400,-0.0614702947203647,-0.3333404925873851,-0.2535564239732518,-0.8733764862863811,lying,karol
1672331787113706400,-0.0688998134602958,-0.3289378214955799,-0.2534324285896191,-0.8745388763996145,lying,karol
1672331787123706400,-0.0761232941506841,-0.3253151913323138,-0.2534307304985412,-0.875306579804952,lying,karol
1672331787133706400,-0.0833113750511601,-0.3225449947149376,-0.2536959742040571,-0.8756122913514427,lying,karol
1672331787143706400,-0.08985936980513,-0.3206239371784705,-0.2542435302569387,-0.8755251638852968,lying,karol
1672331787153706400,-0.0955297941977303,-0.319220015926814,-0.2555566476264388,-0.8750717361053498,lying,karol
1672331787163706400,-0.1001487567184829,-0.318141630938029,-0.25773373842297,-0.8743295166743938,lying,karol
1672331787173706400,-0.1039957272148755,-0.317138343833598,-0.2609215729591497,-0.8733241715201334,lying,karol
1672331787183706400,-0.1080866753934984,-0.3170366318324883,-0.2646755526678944,-0.8717636658633903,lying,karol
1672331787193706400,-0.1131005679310519,-0.317950598579709,-0.268519164533817,-0.8696518527821783,lying,karol
1672331787203706400,-0.1200277398192482,-0.3181536540056774,-0.2712549672095384,-0.8678218633688941,lying,karol
1672331787213706400,-0.1291832713848899,-0.3167403391614282,-0.2726452473468774,-0.8666000792342167,lying,karol
1672331787223706400,-0.144919800256796,-0.3118268678907608,-0.2755922721480361,-0.8649657361369508,lying,karol
1672331787233706400,-0.13920455429213,-0.3130963956297565,-0.2707241422158974,-0.8669863874624629,lying,karol
1672331787243706400,-0.1328206221014103,-0.3149297947368378,-0.2663690039395993,-0.8686750234907696,lying,karol
1672331787253706400,-0.1428456711231287,-0.3122463440609478,-0.2689824489991043,-0.8672495115346062,lying,karol
1672331787263706400,-0.1335042682785552,-0.316273444621074,-0.2660596686296647,-0.8681871192328049,lying,karol
1672331787273706400,-0.1401722695923128,-0.3160175061149994,-0.2703439183182606,-0.8659198635014939,lying,karol
1672331787283706400,-0.128336889628035,-0.321811815360933,-0.2690952171863138,-0.8660380124980346,lying,karol
1672331787293706400,-0.1125305127382304,-0.3282326933695638,-0.2657204092229685,-0.8668893048219959,lying,karol
1672331787303706400,-0.1232403679969552,-0.3247403443549868,-0.2689793581549989,-0.8657448540631689,lying,karol
1672331787313706400,-0.1362476691356245,-0.3207654620420252,-0.2710358887958446,-0.8646439542895124,lying,karol
1672331787323706400,-0.1331460131989018,-0.3224319070425177,-0.2656749307405341,-0.8661871301738951,lying,karol
1672331787333706400,-0.1527976770367579,-0.3167725568197208,-0.2678158456427622,-0.864392427228614,lying,karol
1672331787343706400,-0.1503647727262672,-0.3171838841511596,-0.2608675207119776,-0.8668173833359267,lying,karol
1672331787353706400,-0.1646201928874832,-0.3105731050801721,-0.2602918710922356,-0.8668212408588201,lying,karol
1672331787363706400,-0.1597342702571149,-0.3075697539768691,-0.2538214448476215,-0.8707413300881434,lying,karol
1672331787373706400,-0.1712099144042201,-0.3003109004491801,-0.2541410090523833,-0.8710167074108626,lying,karol
1672331787383706400,-0.1815759948089244,-0.2949223377253325,-0.2549751161286579,-0.870521185131323,lying,karol
1672331787393706400,-0.1906966833499827,-0.292578386963357,-0.2566664950045723,-0.8688686502732745,lying,karol
1672331787403706400,-0.1818685618401101,-0.2964173204560533,-0.2526560107031704,-0.8706432330475066,lying,karol
1672331787413706400,-0.1738292418945723,-0.2989838941185769,-0.2481010370166667,-0.8727212265160796,lying,karol
1672331787423706400,-0.1838896009810822,-0.2953718641423848,-0.249344803797343,-0.8715383567040059,lying,karol
1672331787433706400,-0.1941235825130587,-0.2908214125049909,-0.2510457631210445,-0.8703624203515596,lying,karol
1672331787443706400,-0.1820664048891875,-0.2925230683925965,-0.2459140788472839,-0.8738569690361134,lying,karol
1672331787453706400,-0.197416177901815,-0.2866329862135117,-0.2506393281769771,-0.8711296117070801,lying,karol
1672331787463706400,-0.1904893476187219,-0.2870618102625477,-0.2481384998401615,-0.8732445951184108,lying,karol
1672331787473706400,-0.1838736702283923,-0.2876035682108933,-0.245838602032402,-0.8751339537422924,lying,karol
1672331787483706400,-0.1993178939689344,-0.2826018012994236,-0.2507093965218099,-0.8719958538102842,lying,karol
1672331787493706400,-0.1909363127389467,-0.2860695231195383,-0.2473904211149982,-0.8736933757957944,lying,karol
1672331787503706400,-0.1985400349210563,-0.2868385985249377,-0.2489043686621558,-0.8713353452522414,lying,karol
1672331787513706400,-0.1868666443474327,-0.2943465053014829,-0.2433966010829994,-0.8730127202635835,lying,karol
1672331787523706400,-0.1916256103576223,-0.2973647202880646,-0.2426605807186619,-0.871223166401495,lying,karol
1672331787533706400,-0.1956904888464647,-0.3003393461716226,-0.2414484556200949,-0.8697053969743076,lying,karol
1672331787543706400,-0.182467119704321,-0.3070697179974131,-0.234779352859003,-0.8721087142898353,lying,karol
1672331787553706400,-0.1869238608744373,-0.3074039649685926,-0.2347419873039054,-0.87109764399259,lying,karol
1672331787563706400,-0.1716545068799884,-0.3085408721274589,-0.2289392290375451,-0.8754147584487613,lying,karol
1672331787573706400,-0.1734684759462188,-0.3036221846462342,-0.2298237340357865,-0.876590883551967,lying,karol
1672331787583706400,-0.1592368009813579,-0.3036654649968929,-0.2257654187528031,-0.880350180806721,lying,karol
1672331787593706400,-0.1635134935506745,-0.2998406670564552,-0.2285289266204722,-0.8801837042764754,lying,karol
1672331787603706400,-0.1501479736703731,-0.3015230610821733,-0.2254988115537055,-0.8827869275304068,lying,karol
1672331787613706400,-0.1538385505498118,-0.2995049649038668,-0.2283587568179792,-0.8821286382083197,lying,karol
1672331787623706400,-0.1327105965236267,-0.3040883550243293,-0.2222402308545379,-0.8855950597511313,lying,karol
1672331787633706400,-0.1333126771416151,-0.3031987988297493,-0.2230998981939549,-0.8856541701850309,lying,karol
1672331787643706400,-0.1333586814452887,-0.3023941615735689,-0.2232968093067678,-0.8859432658517677,lying,karol
1672331787653706400,-0.1334790041740745,-0.3018462312826062,-0.2230132455836252,-0.8862569599445267,lying,karol
1672331787663706400,-0.1342028209948322,-0.3015736678379407,-0.2223240893407214,-0.8864845963856397,lying,karol
1672331787673706400,-0.1190747227790243,-0.3046151092393767,-0.2153744181042858,-0.8893661228214333,lying,karol
1672331787683706400,-0.1290380405463799,-0.3003776340638752,-0.2164067753759278,-0.8891970162705459,lying,karol
1672331787693706400,-0.117371732078938,-0.3004170027057772,-0.2100334004054544,-0.8923441447870808,lying,karol
1672331787703706400,-0.1060575552382439,-0.3000837828807103,-0.2039477863901901,-0.8952984131664229,lying,karol
1672331787713706400,-0.1125340283538255,-0.2962003007651038,-0.2037001440547295,-0.8958785411848161,lying,karol
1672331787723706400,-0.1238360339932519,-0.2913193530471706,-0.2047590576294944,-0.8957704554615973,lying,karol
1672331787733706400,-0.1349950793410668,-0.2860944870803539,-0.2054667839535273,-0.8957058073007028,lying,karol
1672331787743706400,-0.1229906649104826,-0.2853245329879795,-0.1988567249582631,-0.8991910328016557,lying,karol
1672331787753706400,-0.1292322605099985,-0.2789342259593819,-0.1990681944129631,-0.9002964545963309,lying,karol
1672331787763706400,-0.1175178147308399,-0.2760684825448362,-0.1944453567331847,-0.9038089247923816,lying,karol
1672331787773706400,-0.1242426778652375,-0.2692323774300275,-0.1961443635992912,-0.904621918344464,lying,karol
1672331787783706400,-0.1362393445570995,-0.2615863388525443,-0.1997598756752266,-0.90436099086294,lying,karol
1672331787793706400,-0.1250669759289695,-0.2599001238430285,-0.1969791996395286,-0.9070768427531246,lying,karol
1672331787803706400,-0.1369147546567597,-0.2542413508667579,-0.2008040373013291,-0.9061392377454656,lying,karol
1672331787813706400,-0.1249050320446501,-0.2547282607947092,-0.1975783834033208,-0.908454335994482,lying,karol
1672331787823706400,-0.1072790102468943,-0.2568359469917045,-0.1924960576369998,-0.9112145477761036,lying,karol
1672331787833706400,-0.1124502065994628,-0.2544961831993804,-0.1936413268844229,-0.911023901847449,lying,karol
1672331787843706400,-0.0932293675376353,-0.2576302878722961,-0.1879313138980167,-0.9135314744919324,lying,karol
1672331787853706400,-0.0969652233083804,-0.255972062650297,-0.1888064374185684,-0.9134587900387652,lying,karol
1672331787863706400,-0.1058748320934889,-0.2525775787416918,-0.1912720837511523,-0.9129300761945288,lying,karol
1672331787873706400,-0.0916222904859615,-0.2531632798473807,-0.1875635454866548,-0.915100593802566,lying,karol
1672331787883706400,-0.0791683891057773,-0.2527598946207798,-0.1849093169795408,-0.9169243840388374,lying,karol
1672331787893706400,-0.0921038661810264,-0.2471375836277702,-0.1895686865007811,-0.916301839807678,lying,karol
1672331787903706400,-0.0830917311680679,-0.2462221726158686,-0.1883573610619584,-0.9176603769370456,lying,karol
1672331787913706400,-0.0928494892525403,-0.2416522014597537,-0.1924899237401059,-0.9170834537252274,lying,karol
1672331787923706400,-0.0839892864441644,-0.2411502478960118,-0.1919344030740441,-0.9181866806630826,lying,karol
1672331787933706400,-0.074805867042092,-0.2409069452263495,-0.1914395134503585,-0.9191484627941886,lying,karol
1672331787943706400,-0.065135065441674,-0.2407708020212569,-0.1909233737771059,-0.9200285640237028,lying,karol
1672331787953706400,-0.0499214450919526,-0.241696577994812,-0.1889619852242186,-0.921143252050154,lying,karol
1672331787963706400,-0.057996156424002,-0.2377550246508801,-0.1930225462445958,-0.9208568345538342,lying,karol
1672331787973706400,-0.0653256614264261,-0.2341414775045962,-0.1967120500473599,-0.920515349022608,lying,karol
1672331787983706400,-0.0767886128194746,-0.230156721382528,-0.2012945974049477,-0.9196517004640096,lying,karol
1672331787993706400,-0.0632935305751416,-0.2322172283411279,-0.1995875458567026,-0.9205467309201484,lying,karol
1672331788003706400,-0.0486281150615084,-0.2351123339933758,-0.1976125862168173,-0.9211506405129096,lying,karol
1672331788013706400,-0.0279617170712083,-0.239498621235819,-0.1940716825939625,-0.9216607290473684,lying,karol
1672331788023706400,-0.0302589894939804,-0.2391369446718863,-0.1964940667243084,-0.9212040065225094,lying,karol
1672331788033706400,-0.0317716829743539,-0.2389448073637185,-0.1987199152972252,-0.9207681396829596,lying,karol
1672331788043706400,-0.0088122442353336,-0.2441122679560776,-0.1944506095571953,-0.9208811307054912,lying,karol
1672331788053706400,-0.0088611918112651,-0.2446288757227751,-0.1960877616230298,-0.9204566459121992,lying,karol
1672331788063706400,0.0147710373969114,-0.2498419891372949,-0.1913861824510322,-0.9200294916739532,lying,karol
1672331788073706400,0.0141191866080617,-0.248929866581642,-0.193487900754818,-0.9198979275541804,lying,karol
1672331788083706400,0.0129745829017524,-0.2466628920152935,-0.1960647061561048,-0.9200235897172756,lying,karol
1672331788093706400,0.0350814131775618,-0.2481587119920494,-0.1927886167448149,-0.91977531102589,lying,karol
1672331788103706400,0.0278920007314733,-0.2430730484809479,-0.1975995545973793,-0.92039360495254,lying,karol
1672331788113706400,0.0488177891480851,-0.2437262514667516,-0.1948419651742595,-0.9199666296713968,lying,karol
1672331788123706400,0.0684413369922768,-0.2443441351460201,-0.1918004964275182,-0.9192122018093104,lying,karol
1672331788133706400,0.0626548473022182,-0.2403170770249121,-0.1945713839223457,-0.9201158556025368,lying,karol
1672331788143706400,0.0553067040124149,-0.2371723790971579,-0.1968054610070217,-0.9209333987938716,lying,karol
1672331788153706400,0.0413673624955384,-0.2335840892860154,-0.1998974294571301,-0.9219193303283992,lying,karol
1672331788163706400,0.0492980956323931,-0.234798391962078,-0.1970746217480555,-0.9218320750697652,lying,karol
1672331788173706400,0.0563501022638905,-0.2352920027986043,-0.1947391812987826,-0.9218028558037816,lying,karol
1672331788183706400,0.0392343314779912,-0.2298095910391469,-0.198894236692399,-0.9231917785671576,lying,karol
1672331788193706400,0.0458744731479258,-0.2292443104737128,-0.1975439992116371,-0.9233229925360976,lying,karol
1672331788203706400,0.053122345272094,-0.2287109213335897,-0.1968954957706201,-0.9232104681532276,lying,karol
1672331788213706400,0.0659165698717035,-0.229307921027399,-0.1952768030125363,-0.9225857262843709,lying,karol
1672331788223706400,0.055246103908472,-0.2249523557041748,-0.1996414692478099,-0.9234284362847326,lying,karol
1672331788233706400,0.0447276598378853,-0.2209337966327821,-0.2039052782608257,-0.9240391700971744,lying,karol
1672331788243706400,0.0582582720697705,-0.2230554993156456,-0.2023443362537129,-0.9231191307496164,lying,karol
1672331788253706400,0.0428193580398778,-0.2194283389491708,-0.2075385717012627,-0.9236807748217526,lying,karol
1672331788263706400,0.0558476022476564,-0.2225334204112399,-0.2056006687371833,-0.9226754925188132,lying,karol
1672331788273706400,0.0396561850450099,-0.2191808040421563,-0.2105603596376766,-0.9231983562823728,lying,karol
1672331788283706400,0.0519646098861573,-0.2221829426967284,-0.2086225440504989,-0.9223111115317004,lying,karol
1672331788293706400,0.0402461630204978,-0.2196944261567526,-0.2122982829052039,-0.92265655596157,lying,karol
1672331788303706400,0.0522076124681555,-0.2225869779304597,-0.2102217786639129,-0.9218417621735916,lying,karol
1672331788313706400,0.0405667244794772,-0.2203246985315998,-0.2137791988041554,-0.9221550183447238,lying,karol
1672331788323706400,0.0478184608764438,-0.2225813552796102,-0.2127289028111142,-0.9215098390715748,lying,karol
1672331788333706400,0.0318215615288977,-0.2195362403772939,-0.2170602272043178,-0.9219224805373653,lying,karol
1672331788343706400,0.0396369851099324,-0.2220704369234143,-0.215606671181018,-0.921354582377752,lying,karol
1672331788353706400,0.0524539245078193,-0.2259131710184062,-0.2128160486348234,-0.9204294859892704,lying,karol
1672331788363706400,0.0414719058126916,-0.2241159813153455,-0.2158254981107061,-0.9207296967985952,lying,karol
1672331788373706400,0.054134043030643,-0.2272808568703138,-0.2131090201917879,-0.9199302753190416,lying,karol
1672331788383706400,0.0431486703942461,-0.2250107602246192,-0.2163773082467981,-0.9203073291605884,lying,karol
1672331788393706400,0.05605902724335,-0.2283338377135393,-0.2140986129104377,-0.919326129727255,lying,karol
1672331788403706400,0.0454669106520178,-0.2257233082422225,-0.2178754101549467,-0.9196688766112292,lying,karol
1672331788413706400,0.0587769178066006,-0.2279810935876087,-0.2159747729969276,-0.9188065624085876,lying,karol
1672331788423706400,0.0487724342718499,-0.2245174338241398,-0.2199098229559551,-0.9193126048539084,lying,karol
1672331788433706400,0.0340443824032576,-0.219539658696746,-0.2249261191034451,-0.9199657293511304,lying,karol
1672331788443706400,0.0433910121463381,-0.2197995301413712,-0.2240679701964128,-0.9197221748076884,lying,karol
1672331788453706400,0.0583238771150075,-0.2211079733620365,-0.221748722897956,-0.9191482981047642,lying,karol
1672331788463706400,0.0500049036316761,-0.2170795737194625,-0.2248621111735215,-0.9198453632873288,lying,karol
1672331788473706400,0.0420861473134714,-0.2133045451607402,-0.2276484845237376,-0.920442736821918,lying,karol
1672331788483706400,0.0346274369909253,-0.2096505381261771,-0.2300246097577067,-0.9210065734553904,lying,karol
1672331788493706400,0.0272784091686964,-0.2060013866368798,-0.2321250049931511,-0.9215547908136984,lying,karol
1672331788503706400,0.0383898087025489,-0.206994227842081,-0.2298893128977367,-0.9215017062803272,lying,karol
1672331788513706400,0.0492850514894445,-0.2076725156402408,-0.2276781335086575,-0.9213846412571162,lying,karol
1672331788523706400,0.0358977387469522,-0.2010617137015624,-0.2309488916409718,-0.922662370238682,lying,karol
1672331788533706400,0.0507762090009602,-0.2001145354549942,-0.2278673333532103,-0.9229488644560904,lying,karol
1672331788543706400,0.0647974723061499,-0.1979675702330482,-0.2247145350359648,-0.92332831872142,lying,karol
1672331788553706400,0.078349434901043,-0.1958969622442859,-0.2212655407697784,-0.923575127006624,lying,karol
1672331788563706400,0.0675608055035283,-0.1882877033174322,-0.2222384932337766,-0.9257982369801296,lying,karol
1672331788573706400,0.0557648525152903,-0.1807888634860224,-0.22247832162091,-0.9280461945327928,lying,karol
1672331788583706400,0.0426438056411151,-0.1733300491531176,-0.2221725915631175,-0.9302686093471684,lying,karol
1672331788593706400,0.0229399801644547,-0.164521594863826,-0.22260149033595,-0.9324980046560258,lying,karol
1672331788603706400,0.0258825499657364,-0.1611377602417515,-0.218838981195897,-0.9339507543455484,lying,karol
1672331788613706400,0.0037655705369256,-0.1518928464541309,-0.2194821976932068,-0.9357557829473182,lying,karol
1672331788623706400,0.0046149846170537,-0.1479484101585312,-0.2167364272768882,-0.9370891012903568,lying,karol
1672331788633706400,-0.0146325783847913,-0.139386683271826,-0.2179746611907194,-0.9380877671981128,lying,karol
1672331788643706400,-0.0164584147817978,-0.1347320863403739,-0.217846685608532,-0.9388618658414536,lying,karol
1672331788653706400,-0.0202827642710189,-0.1293259180867735,-0.2199338335032471,-0.9391896718637126,lying,karol
1672331788663706400,-0.0431526433926533,-0.1194353705039125,-0.2259228559641306,-0.938439812631005,lying,karol
1672331788673706400,-0.040336146777072,-0.1159365461565801,-0.2297767672513196,-0.9381813389675914,lying,karol
1672331788683706400,-0.0608873968811371,-0.1069989979126193,-0.2366412991765278,-0.9365281742149402,lying,karol
1672331788693706400,-0.0862063995654366,-0.0969512750720254,-0.2437464010388915,-0.9339015333975512,lying,karol
1672331788703706400,-0.0877451424144729,-0.0941676114906132,-0.2481380805462389,-0.9329765843467012,lying,karol
1672331788713706400,-0.1139471165891651,-0.0865571762130932,-0.2547421649899168,-0.9291841880211322,lying,karol
1672331788723706400,-0.1157667281045446,-0.0868753245269271,-0.2587340490472881,-0.927905222941142,lying,karol
1672331788733706400,-0.1172376661513782,-0.0884817557825844,-0.2621999751126365,-0.9266660736925756,lying,karol
1672331788743706400,-0.1128451614410977,-0.0920266355956277,-0.2646422261541728,-0.9262326370503812,lying,karol
1672331788753706400,-0.1361900133470233,-0.0870156929313382,-0.2696429671894937,-0.9221744946743674,lying,karol
1672331788763706400,-0.1326032799130777,-0.0872650994268977,-0.2724710892835166,-0.9218671648798584,lying,karol
1672331788773706400,-0.1214967268246401,-0.0881108156768249,-0.2748817579780874,-0.922617659470147,lying,karol
1672331788783706400,-0.1381318534457263,-0.0802101116930731,-0.2796763934007395,-0.9195644495155552,lying,karol
1672331788793706400,-0.1539882970589118,-0.0722657822961151,-0.2840881355273092,-0.9163570204584424,lying,karol
1672331788803706400,-0.1455270368368151,-0.0723171364855538,-0.2865561183301595,-0.9169742788354552,lying,karol
1672331788813706400,-0.1600883621318458,-0.0655092689461078,-0.2905946691944306,-0.913787795247434,lying,karol
1672331788823706400,-0.1505568107508907,-0.0665420528685719,-0.292286128286071,-0.9147962588702456,lying,karol
1672331788833706400,-0.1354162876536788,-0.0696182496471856,-0.2930022220910885,-0.916704764834037,lying,karol
1672331788843706400,-0.1435396446552197,-0.0653792701883369,-0.2948750437951426,-0.915180850971602,lying,karol
1672331788853706400,-0.1332452527480242,-0.0669934483305396,-0.295020769934074,-0.9165745559949376,lying,karol
1672331788863706400,-0.1415906793848091,-0.0625722213390781,-0.2962078077968625,-0.9152540447665224,lying,karol
1672331788873706400,-0.1261986143338878,-0.0661316328049722,-0.2954740872203547,-0.9174917723779376,lying,karol
1672331788883706400,-0.1342355210180035,-0.0626643393156093,-0.2962733909295874,-0.9163375906963748,lying,karol
1672331788893706400,-0.1424710410781141,-0.0595361573366919,-0.297092830212618,-0.9150375493218832,lying,karol
1672331788903706400,-0.1276102173522178,-0.0641966209153683,-0.2963721370169405,-0.9171474078700166,lying,karol
1672331788913706400,-0.1420353075602229,-0.0594472018638047,-0.2978291928041677,-0.9148724267323682,lying,karol
1672331788923706400,-0.1566968104715152,-0.0545735367865978,-0.299366889670333,-0.9122771440454004,lying,karol
1672331788933706400,-0.1423153632961898,-0.0592477620730703,-0.2991791426973633,-0.9144016134190536,lying,karol
1672331788943706400,-0.1274210325295748,-0.0638652133970306,-0.2989042136217721,-0.916375615197408,lying,karol
1672331788953706400,-0.1356014930979149,-0.0602644349473818,-0.3001169958063241,-0.9150492224851268,lying,karol
1672331788963706400,-0.1433853805607808,-0.0564206305932446,-0.3012232307363175,-0.913745176385491,lying,karol
1672331788973706400,-0.1559918239692873,-0.0507544657986013,-0.3024994067843942,-0.9115907092100228,lying,karol
1672331788983706400,-0.1452268084566754,-0.0528858032383447,-0.3024309287877945,-0.91327147903604,lying,karol
1672331788993706400,-0.1585736767830524,-0.0475094402238057,-0.3037906659256967,-0.910893682693356,lying,karol
1672331789003706400,-0.1490393993974262,-0.0504187978531451,-0.304103406509706,-0.912241983554728,lying,karol
1672331789013706400,-0.1399883936361888,-0.0540465604641975,-0.3045985843223833,-0.9133023541399362,lying,karol
1672331789023706400,-0.1312541986568111,-0.0578357796087906,-0.3048728439508335,-0.914275516150622,lying,karol
1672331789033706400,-0.1411175392602081,-0.0555452881871036,-0.3060182792830019,-0.9125645834175896,lying,karol
1672331789043706400,-0.1275047912129666,-0.0609402225354962,-0.3055136877566595,-0.9143915567793276,lying,karol
1672331789053706400,-0.137449248904705,-0.0582027202036706,-0.306395634547762,-0.912833283153888,lying,karol
1672331789063706400,-0.1478340314886089,-0.0547385966083334,-0.3072266067477071,-0.9111451837645976,lying,karol
1672331789073706400,-0.163447404461335,-0.0492500382355773,-0.3083165580497596,-0.9084208529859554,lying,karol
1672331789083706400,-0.1554729394619606,-0.0518335262473016,-0.3081549258444669,-0.9097321572771636,lying,karol
1672331789093706400,-0.1420796511100238,-0.0564344599194975,-0.3077471565933385,-0.9117851926969668,lying,karol
1672331789103706400,-0.1332248344028553,-0.059677006997705,-0.3077150515858901,-0.9129258699114218,lying,karol
1672331789113706400,-0.1422242266934057,-0.0568560714022695,-0.3088909757209768,-0.911349855589028,lying,karol
1672331789123706400,-0.1271277538992113,-0.0619466467655615,-0.3085039511431331,-0.9133782210766735,lying,karol
1672331789133706400,-0.1402582137981715,-0.057153607337122,-0.3099764287311279,-0.9112685792697952,lying,karol
1672331789143706400,-0.1533640674755695,-0.0516944665791284,-0.3114311159390879,-0.9089854512117844,lying,karol
1672331789153706400,-0.1666767298296916,-0.0457383908747376,-0.3128447399140503,-0.9064734565100214,lying,karol
1672331789163706400,-0.1571357887663319,-0.0475062812280215,-0.3130553297725257,-0.908013980157225,lying,karol
1672331789173706400,-0.1431424089902286,-0.0511648441958579,-0.3129062956545941,-0.910178959448067,lying,karol
1672331789183706400,-0.1297293798368547,-0.0551166772623097,-0.3126368958075815,-0.912050896565186,lying,karol
1672331789193706400,-0.1400601914239949,-0.0512986723227239,-0.3136596057707472,-0.9103944899548244,lying,karol
1672331789203706400,-0.1555004738051571,-0.0458143139360334,-0.3148585051520523,-0.907764454161171,lying,karol
1672331789213706400,-0.1476222954932934,-0.0480286054432661,-0.3149346476118432,-0.9089400403588804,lying,karol
1672331789223706400,-0.1346660771814251,-0.0516798406246147,-0.3148416945330951,-0.9107843568562366,lying,karol
1672331789233706400,-0.15000924152268,-0.0452589017738419,-0.3163644473285921,-0.908199478426032,lying,karol
1672331789243706400,-0.1600923440229436,-0.0404263256610883,-0.3176260839530912,-0.9062662229393564,lying,karol
1672331789253706400,-0.1750510804363772,-0.0337467050396376,-0.3190916964577746,-0.9032563970107792,lying,karol
1672331789263706400,-0.1665742698897651,-0.0353225018884992,-0.3196682593630207,-0.9045967250842192,lying,karol
1672331789273706400,-0.1528261151136935,-0.039126905929722,-0.320063721792218,-0.9067264890663436,lying,karol
1672331789283706400,-0.1621820077146419,-0.0350876670568655,-0.3214232252001145,-0.904784540493233,lying,karol
1672331789293706400,-0.176426905940332,-0.0293973775903059,-0.3228697641450714,-0.901802379261654,lying,karol
1672331789303706400,-0.1674852093023043,-0.0319674756706991,-0.3234002723302046,-0.9032292344246244,lying,karol
1672331789313706400,-0.1536095587309785,-0.0364638431405892,-0.3235987770070712,-0.9054519861186516,lying,karol
1672331789323706400,-0.1680466378765779,-0.03119740514085,-0.3247864940744597,-0.9026551268978188,lying,karol
1672331789333706400,-0.1823794577489188,-0.0262804878152867,-0.3258791595065063,-0.8996307611257107,lying,karol
1672331789343706400,-0.1734616285732099,-0.0297892132892089,-0.3261952245579836,-0.9011693332733453,lying,karol
1672331789353706400,-0.1877071715502703,-0.0249158287462595,-0.3271778024796233,-0.8981012719846585,lying,karol
1672331789363706400,-0.1785822642151322,-0.0282679914418162,-0.3274954084423934,-0.8997455959422952,lying,karol
1672331789373706400,-0.1873334739646537,-0.0248466515628196,-0.328391430805974,-0.8977383667349901,lying,karol
1672331789383706400,-0.177780723423496,-0.0278409908619136,-0.3288687202565708,-0.8994170402214918,lying,karol
1672331789393706400,-0.1680605518343395,-0.0308712991900262,-0.3293994538584812,-0.9009916674808268,lying,karol
1672331789403706400,-0.1531132668810318,-0.036094640172128,-0.3297770417497955,-0.9033208486775838,lying,karol
1672331789413706400,-0.1613469520546491,-0.033023629367457,-0.3310095060419976,-0.9015529948125376,lying,karol
1672331789423706400,-0.1516248488041093,-0.0367348576554198,-0.3314582315503472,-0.9029311252703772,lying,karol
1672331789433706400,-0.1603367886635185,-0.0339402964583433,-0.3325197094532292,-0.9011435173739264,lying,karol
1672331789443706400,-0.1742513705779337,-0.0294385551421234,-0.3336677632428246,-0.8982898442299682,lying,karol
1672331789453706400,-0.1601928213930432,-0.0353531938569812,-0.3338130612533966,-0.9006366821194822,lying,karol
1672331789463706400,-0.1462951439406968,-0.041152755395846,-0.3338452857542562,-0.9027407635280924,lying,karol
1672331789473706400,-0.155651807284269,-0.0382587138260448,-0.3348756971646398,-0.9009198699994134,lying,karol
1672331789483706400,-0.1417873899645308,-0.0438568452163184,-0.3348906974199336,-0.9029456640063244,lying,karol
1672331789493706400,-0.1511602602925021,-0.0406709552798393,-0.3359823217272912,-0.9011671785054716,lying,karol
1672331789503706400,-0.1422995735182816,-0.0441165120835081,-0.3362365125839865,-0.9023523558347888,lying,karol
1672331789513706400,-0.156539379918142,-0.0389820537528629,-0.3375696454037984,-0.899729362992069,lying,karol
1672331789523706400,-0.1425239566409251,-0.0445198207693536,-0.3376450300216075,-0.9017711336947956,lying,karol
1672331789533706400,-0.1514559172712356,-0.0418692060087511,-0.3387890469106838,-0.9000114458062962,lying,karol
1672331789543706400,-0.137053446211806,-0.0483004269915255,-0.3387414568274907,-0.90201370898442,lying,karol
1672331789553706400,-0.1457693002478026,-0.0462955554020493,-0.3397191692171824,-0.9003838498875777,lying,karol
1672331789563706400,-0.1545262416456182,-0.0442180518904062,-0.3405492457176174,-0.8987134961111196,lying,karol
1672331789573706400,-0.145311308755901,-0.0486053831252309,-0.3402869452775645,-0.9001227403821602,lying,karol
1672331789583706400,-0.1595539286648259,-0.0434672185670395,-0.3410717995406895,-0.8976734010726752,lying,karol
1672331789593706400,-0.1461530361978208,-0.0477565557711599,-0.3403090217556695,-0.9000251460878971,lying,karol
1672331789603706400,-0.1558913878007933,-0.0431073348188466,-0.3408040358082735,-0.89843883451994,lying,karol
1672331789613706400,-0.1655104532768992,-0.038393334383475,-0.3413981152697077,-0.8967067537989708,lying,karol
1672331789623706400,-0.1799618182065414,-0.032212213173999,-0.3422555877689618,-0.8938358274995527,lying,karol
1672331789633706400,-0.1660868385142051,-0.0375876900078484,-0.3421960463503016,-0.8963312321557606,lying,karol
1672331789643706400,-0.1520174877585089,-0.0434683137165348,-0.3420904424764489,-0.8985993926434587,lying,karol
1672331789653706400,-0.1659879917379355,-0.0389353305084499,-0.3432539506624328,-0.895887579944587,lying,karol
1672331789663706400,-0.1567888375878108,-0.0434165562997373,-0.3433527028240858,-0.8973001386998729,lying,karol
1672331789673706400,-0.1425158608138848,-0.049913164268379,-0.3430556260699036,-0.899454168336758,lying,karol
1672331789683706400,-0.1513919758453734,-0.047567240445405,-0.343856939007661,-0.8978240331204611,lying,karol
1672331789693706400,-0.1651893610232669,-0.0433014577767899,-0.3448775460637744,-0.8952125072275219,lying,karol
1672331789703706400,-0.1557789849963446,-0.0480773069953878,-0.3447839770734613,-0.896691219922891,lying,karol
1672331789713706400,-0.1413220817456113,-0.0549022411098571,-0.3443268277862781,-0.8988681573787329,lying,karol
1672331789723706400,-0.1269179245928032,-0.0618487003289354,-0.3437096089690749,-0.900801338119347,lying,karol
1672331789733706400,-0.1356448515732866,-0.0599783161891807,-0.3445673167366488,-0.8993280163537132,lying,karol
1672331789743706400,-0.1442821083864522,-0.0579729925255909,-0.345366655429512,-0.8978082754140321,lying,karol
1672331789753706400,-0.1347032762321825,-0.0627791610429109,-0.3449322250673775,-0.8991401348929687,lying,karol
1672331789763706400,-0.1200205854725562,-0.069349697341738,-0.3440252717938038,-0.901083157911977,lying,karol
1672331789773706400,-0.1284818721526402,-0.0669403034517242,-0.3448608381029485,-0.8997788147481979,lying,karol
1672331789783706400,-0.13693660859352,-0.0643329068905147,-0.3457714027561963,-0.8983718646297251,lying,karol
1672331789793706400,-0.1222654702658358,-0.0704010972929412,-0.3450273383915551,-0.9003175549210553,lying,karol
1672331789803706400,-0.1307107455469968,-0.0675083386911349,-0.3460865790850653,-0.8989452287133899,lying,karol
1672331789813706400,-0.1390927449665288,-0.0646010615796167,-0.3472029317089545,-0.897469557204123,lying,karol
1672331789823706400,-0.1524204125962294,-0.0597373454463009,-0.3487005019962411,-0.8950583740553111,lying,karol
1672331789833706400,-0.1426987629356175,-0.0638110317854056,-0.348667775823019,-0.8963919628852515,lying,karol
1672331789843706400,-0.1279982500981424,-0.0698342738923502,-0.3482065349334043,-0.8983400356606053,lying,karol
1672331789853706400,-0.1366009138578051,-0.066649627512885,-0.349414169137649,-0.8968449679707645,lying,karol
1672331789863706400,-0.1503752698789187,-0.0612231467798953,-0.3508845113986055,-0.8944508173637327,lying,karol
1672331789873706400,-0.1412324535665119,-0.0646266378146412,-0.3506777875800121,-0.8957818927892092,lying,karol
1672331789883706400,-0.127184462511907,-0.069897030777615,-0.3500340013837836,-0.8977406426830408,lying,karol
1672331789893706400,-0.1362546445782704,-0.066118471072298,-0.3511198655671556,-0.8962710180423924,lying,karol
1672331789903706400,-0.1502189459092084,-0.0603736358592498,-0.3525451881064434,-0.8938821977035291,lying,karol
1672331789913706400,-0.1361039813031154,-0.0656606492566672,-0.3520659975318436,-0.8959566857574783,lying,karol
1672331789923706400,-0.1449471612271221,-0.0620277210753312,-0.3532466296955008,-0.8943625238837493,lying,karol
1672331789933706400,-0.1536892000632125,-0.0584942630710246,-0.3544232522426077,-0.8926740350417373,lying,karol
1672331789943706400,-0.1443599236109824,-0.0621237911010787,-0.354342643259482,-0.8940173117324202,lying,karol
1672331789953706400,-0.1349677379311495,-0.0658190395091119,-0.3541148345662256,-0.8953095309542186,lying,karol
1672331789963706400,-0.1204540461203313,-0.0716133051121555,-0.3532842111977524,-0.8972612311700418,lying,karol
1672331789973706400,-0.1287906551934024,-0.0685508825624666,-0.3540554010068026,-0.8960380006141452,lying,karol
1672331789983706400,-0.1417080734632889,-0.0638383745034412,-0.3550307981011613,-0.8940490237897816,lying,karol
1672331789993706400,-0.1313392254938251,-0.0683565753550986,-0.3541995719180582,-0.89562794572807,lying,karol
1672331790003706400,-0.1158545079580292,-0.0748243656688641,-0.3527995170004175,-0.8977993412271107,lying,karol
1672331790013706400,-0.123507931940644,-0.0721499454977919,-0.3532256094810698,-0.896831430053402,lying,karol
1672331790023706400,-0.1314640429209563,-0.0692320503052572,-0.3536723761391767,-0.8957546875628826,lying,karol
1672331790033706400,-0.1446644147935174,-0.0641431017035604,-0.3545164559576461,-0.8937636967749227,lying,karol
1672331790043706400,-0.1349701378448791,-0.0680590171182482,-0.3537300652870615,-0.8953012850132764,lying,karol
1672331790053706400,-0.1434251882384433,-0.0648959057796281,-0.3543962799982538,-0.8939573922884837,lying,karol
1672331790063706400,-0.1338836435791856,-0.0689577642165514,-0.3538604544861046,-0.8953445876115802,lying,karol
1672331790073706400,-0.1244208226036867,-0.0729983462340407,-0.3533639071370121,-0.8965846347093143,lying,karol
1672331790083706400,-0.1331746803736082,-0.069790022588855,-0.3543546077004508,-0.8951905393796857,lying,karol
1672331790093706400,-0.1420513255498326,-0.0664202577039949,-0.3553436500423212,-0.8936890437943737,lying,karol
1672331790103706400,-0.132971168438525,-0.0701626869002978,-0.354997562757991,-0.8949368991865094,lying,karol
1672331790113706400,-0.1469456885556733,-0.0649303257849459,-0.3564656297749894,-0.8925596575464393,lying,karol
1672331790123706400,-0.1379410796091482,-0.0689949938140993,-0.3562756570174699,-0.8937668378894998,lying,karol
1672331790133706400,-0.1289833926336228,-0.0731595061786775,-0.3560790611628082,-0.8948510445183836,lying,karol
1672331790143706400,-0.1200488745721787,-0.0774063035289212,-0.3558720618288477,-0.8958189342208636,lying,karol
1672331790153706400,-0.1060914343167556,-0.0836987284681714,-0.3551849358545025,-0.8972864928745811,lying,karol
1672331790163706400,-0.120266664549249,-0.0788470151672239,-0.3570198391630408,-0.8952075140768855,lying,karol
1672331790173706400,-0.1295124251779512,-0.0758171009875956,-0.3583415715551777,-0.8936500836623484,lying,karol
1672331790183706400,-0.1157588665714907,-0.0818382449654276,-0.3575854763684513,-0.8953078112597247,lying,karol
1672331790193706400,-0.1251140383084506,-0.0784741690153864,-0.3587781744221278,-0.8938723369518904,lying,karol
1672331790203706400,-0.1343826502982395,-0.0751090971527848,-0.359952546470427,-0.8923426913033069,lying,karol
1672331790213706400,-0.120495292113173,-0.081100825073548,-0.359170641050878,-0.8941148888978675,lying,karol
1672331790223706400,-0.1063678791712989,-0.0872135867910461,-0.3583072493895328,-0.8956768863290188,lying,karol
1672331790233706400,-0.1150564449136432,-0.0842099675356961,-0.3596364545034579,-0.8943567468237226,lying,karol
1672331790243706400,-0.1236443686339348,-0.0812401895978151,-0.3609349261645205,-0.8929613845670362,lying,karol
1672331790253706400,-0.1371106894464136,-0.076255876937163,-0.3625874830432636,-0.8907627680362117,lying,karol
1672331790263706400,-0.1277605474054404,-0.0804382395552766,-0.3620884840328287,-0.8919872985804485,lying,karol
1672331790273706400,-0.1185242866193707,-0.0845003305130396,-0.3614377337143622,-0.8931500486986306,lying,karol
1672331790283706400,-0.1323586977287877,-0.0791911658868048,-0.3628779231516337,-0.8911072558170626,lying,karol
1672331790293706400,-0.1232523810133562,-0.0832156106045345,-0.3622271740024806,-0.8923105490964103,lying,karol
1672331790303706400,-0.1090817681640757,-0.0894421840868627,-0.3610402178195332,-0.8940324215422173,lying,karol
1672331790313706400,-0.0948044136225213,-0.0958392525807735,-0.3597411316759131,-0.8955201108968347,lying,karol
1672331790323706400,-0.1036115348203618,-0.0930545572120774,-0.3608451720471015,-0.8943934375596143,lying,karol
1672331790333706400,-0.1174989957891136,-0.0881636619220657,-0.3624420244437276,-0.8925248645025038,lying,karol
1672331790343706400,-0.1315114389738527,-0.0830363211897209,-0.3640003174431536,-0.8904253736552635,lying,karol
1672331790353706400,-0.1226795007726625,-0.087135579639919,-0.3633820681462137,-0.8915461836211284,lying,karol
1672331790363706400,-0.1138882345520506,-0.0912045273223005,-0.3627288057218831,-0.8925710862513737,lying,karol
1672331790373706400,-0.1050370320901918,-0.095308063094595,-0.3620226184416907,-0.8935141055480289,lying,karol
1672331790383706400,-0.1190533283260727,-0.0901357762015442,-0.3636962293455799,-0.8916115817769005,lying,karol
1672331790393706400,-0.1099499416203746,-0.0944321249559178,-0.363003479929413,-0.8926177840610178,lying,karol
1672331790403706400,-0.095692442473441,-0.1009395554897743,-0.3616996704355405,-0.8940762344492378,lying,karol
1672331790413706400,-0.1043692479950065,-0.0982193043659565,-0.3629076549080917,-0.8929184620360542,lying,karol
1672331790423706400,-0.0949692092592008,-0.1028008899392373,-0.3620838332873132,-0.893786343625219,lying,karol
1672331790433706400,-0.1035564734216675,-0.0999523381272181,-0.3632717530972691,-0.8926732878025655,lying,karol
1672331790443706400,-0.0891603876081943,-0.1063363983833445,-0.3618180441175017,-0.8940791205905376,lying,karol
1672331790453706400,-0.097766799039908,-0.1033836567197675,-0.3630700621179997,-0.8930177713561123,lying,karol
1672331790463706400,-0.0834341426472929,-0.1097009694679054,-0.3616271045230516,-0.8943029299642482,lying,karol
1672331790473706400,-0.0971940637770538,-0.1046524991660145,-0.3635191872156511,-0.8927500475052325,lying,karol
1672331790483706400,-0.1060973293865175,-0.1015171024533917,-0.3647818054598394,-0.8915826919572141,lying,karol
1672331790493706400,-0.1200432893506725,-0.09624196197087,-0.3665525870815335,-0.8896708496398429,lying,karol
1672331790503706400,-0.1111944530592788,-0.1004165110221422,-0.3658289838446864,-0.8906568221638842,lying,karol
1672331790513706400,-0.0974381619306797,-0.1068005661623855,-0.3645415026493757,-0.8920523644004119,lying,karol
1672331790523706400,-0.1115785638736765,-0.101884206840065,-0.3665427787376291,-0.8901490078004104,lying,karol
1672331790533706400,-0.102815878296796,-0.1064204950569061,-0.3658918520915092,-0.8909413168483525,lying,karol
1672331790543706400,-0.0940274892482849,-0.1109800886284424,-0.3651647617177016,-0.891654273803811,lying,karol
1672331790553706400,-0.1032258000677647,-0.1081602127685227,-0.3666096393292737,-0.8903899488236531,lying,karol
1672331790563706400,-0.0945022214838571,-0.1126027425814751,-0.3658087699480434,-0.891137218136652,lying,karol
1672331790573706400,-0.108720493300469,-0.1075678492475199,-0.3678089006769978,-0.8893130875093459,lying,karol
1672331790583706400,-0.122974905414824,-0.1026043435406261,-0.369669210924586,-0.8872694133533625,lying,karol
1672331790593706400,-0.1144341236410528,-0.107171136600358,-0.3688030551303838,-0.8882325600259771,lying,karol
1672331790603706400,-0.1058937009831693,-0.1117263213048659,-0.367899705280908,-0.889105134147096,lying,karol
1672331790613706400,-0.0923754757526501,-0.118302748511049,-0.3662802115741685,-0.8904297734276335,lying,karol
1672331790623706400,-0.1017936275223172,-0.1153247043818764,-0.3675992541984813,-0.8892495818114914,lying,karol
1672331790633706400,-0.1111380706657607,-0.1122637893287833,-0.368897592468211,-0.8879842316445689,lying,karol
1672331790643706400,-0.1023631373733773,-0.1165853215051715,-0.3679204707820134,-0.8888873805736652,lying,karol
1672331790653706400,-0.0934644134622648,-0.1208347208893613,-0.3669048562482379,-0.8897196323238534,lying,karol
1672331790663706400,-0.1024805356018673,-0.1175106663466169,-0.3682859618387338,-0.8886007895914826,lying,karol
1672331790673706400,-0.09354621939291,-0.1214399894664117,-0.3672460383623022,-0.8894879112361763,lying,karol
1672331790683706400,-0.1075232951275314,-0.1157730092343143,-0.3692594278568709,-0.8878286982725835,lying,karol
1672331790693706400,-0.0984986896334477,-0.1195806076224449,-0.3682420345780023,-0.8887931523429708,lying,karol
1672331790703706400,-0.107298104774173,-0.1159651092824648,-0.3696200824369788,-0.8876808025590953,lying,karol
1672331790713706400,-0.1160000991972711,-0.1123502262951629,-0.3709955682169967,-0.886476599183492,lying,karol
1672331790723706400,-0.1018462714176645,-0.1182310980757819,-0.3694400616972549,-0.8880990718994985,lying,karol
1672331790733706400,-0.1105098872755315,-0.114515076497501,-0.3708546665713995,-0.8869599530468201,lying,karol
1672331790743706400,-0.1241183374366122,-0.10857703874326,-0.3728334824137485,-0.8850752822262706,lying,karol
1672331790753706400,-0.1148985763602318,-0.1120960922442039,-0.371921266429396,-0.8862645838401589,lying,karol
1672331790763706400,-0.1056574486677974,-0.1156102378767392,-0.3709432987490998,-0.8873722866511047,lying,karol
1672331790773706400,-0.0914238784403282,-0.1212868510907814,-0.3692258197835121,-0.8889101935673496,lying,karol
1672331790783706400,-0.0771291531255108,-0.1270756003517132,-0.3673989372742033,-0.8902128280816758,lying,karol
1672331790793706400,-0.0628150131962057,-0.13296364921815,-0.3654587747463958,-0.8912759884988283,lying,karol
1672331790803706400,-0.0715760754605351,-0.1293838258605218,-0.3668415914098498,-0.8905739923152395,lying,karol
1672331790813706400,-0.0854321951924535,-0.1235961094238928,-0.3688221475750365,-0.8893557708045678,lying,karol
1672331790823706400,-0.0764079547182152,-0.1272707872247168,-0.3675179983401367,-0.8901980941868061,lying,karol
1672331790833706400,-0.08532760733189,-0.1235702233821854,-0.3687042717050351,-0.8894183263345851,lying,karol
1672331790843706400,-0.0990974189996378,-0.1178747279240215,-0.3705101277756004,-0.8880122384413158,lying,karol
1672331790853706400,-0.0849399139107191,-0.1238534891244099,-0.3685571820913838,-0.8894770590774133,lying,karol
1672331790863706400,-0.0706555623559835,-0.1299332917844029,-0.3665294102401192,-0.8906962422621988,lying,karol
1672331790873706400,-0.0791887608188792,-0.1266269715985886,-0.3677908611553345,-0.8899344610505182,lying,karol
1672331790883706400,-0.0647625368908935,-0.1327286276526287,-0.365743255542773,-0.8910554059915816,lying,karol
1672331790893706400,-0.0733091920511848,-0.1293364027568769,-0.3670720477610345,-0.8903454975668553,lying,karol
1672331790903706400,-0.0819059860438942,-0.1257993267645339,-0.3684075254928542,-0.8895510660768594,lying,karol
1672331790913706400,-0.090556186297384,-0.1221105883208274,-0.369716039503726,-0.8886832895288098,lying,karol
1672331790923706400,-0.1041770505070016,-0.116223630270679,-0.3716272196548117,-0.8871819802543434,lying,karol
1672331790933706400,-0.0949685077443418,-0.1198850244575623,-0.370493625033872,-0.8882018693128056,lying,karol
1672331790943706400,-0.1085706511512052,-0.1141747708365293,-0.3724106731441453,-0.8865925824560001,lying,karol
1672331790953706400,-0.0993430273317214,-0.1181372346877689,-0.3713577835407273,-0.8875965393625745,lying,karol
1672331790963706400,-0.0901072212606887,-0.1221893325862015,-0.3702785044870382,-0.8884841404388477,lying,karol
1672331790973706400,-0.0809195276341332,-0.1262425845666221,-0.3691571621051688,-0.8892680790347041,lying,karol
1672331790983706400,-0.0668955840280758,-0.132302078904281,-0.367263703822268,-0.8903361575385282,lying,karol
1672331790993706400,-0.0808671781420962,-0.1267907704071159,-0.3694212189208491,-0.8890852468158649,lying,karol
1672331791003706400,-0.0901014161620924,-0.1231675553739033,-0.3708265929491721,-0.8881211854057595,lying,karol
1672331791013706400,-0.0766541359555134,-0.1289216948841067,-0.3690065523278676,-0.8893243815056692,lying,karol
1672331791023706400,-0.0861681401789978,-0.1250935413788619,-0.3704591793201737,-0.8883959587084314,lying,karol
1672331791033706400,-0.1006260490332323,-0.1191172864183423,-0.3725901394939777,-0.8868050503846711,lying,karol
1672331791043706400,-0.0921508448256107,-0.1226997707747938,-0.3716280521080032,-0.8876413207294993,lying,karol
1672331791053706400,-0.1063343995785147,-0.1167355270634348,-0.3737934463926615,-0.8859492531512116,lying,karol
1672331791063706400,-0.1204060421585181,-0.1106934614695721,-0.3758800723720329,-0.884039335133615,lying,karol
1672331791073706400,-0.1117023770796999,-0.1141879254469952,-0.3750321011048447,-0.8850971132777145,lying,karol
1672331791083706400,-0.10300957967079,-0.1176088456978374,-0.3741139186821349,-0.8860917233076826,lying,karol
1672331791093706400,-0.0943464614726555,-0.1209704110453507,-0.3731241045654735,-0.8870210053148049,lying,karol
1672331791103706400,-0.0807352655476945,-0.1263936566663359,-0.3714057283139591,-0.8883285313680392,lying,karol
1672331791113706400,-0.0898509076746239,-0.1222859142112848,-0.372889019483639,-0.8874065698438097,lying,karol
1672331791123706400,-0.0987755190997655,-0.1182371298429236,-0.3743634135898132,-0.8863855431355199,lying,karol
1672331791133706400,-0.1074078273370615,-0.1143477722701777,-0.375850677812827,-0.8852618470520983,lying,karol
1672331791143706400,-0.1207057991884679,-0.1085209482364263,-0.3779646427279538,-0.8833801776242057,lying,karol
1672331791153706400,-0.111053007340096,-0.1125034633789316,-0.3772387203180768,-0.8844581688974424,lying,karol
1672331791163706400,-0.1014105000162933,-0.1164550892201323,-0.3764615028397791,-0.8854358063420573,lying,karol
1672331791173706400,-0.0868731963867956,-0.1224654438482637,-0.3749668728124386,-0.8868040332511211,lying,karol
1672331791183706400,-0.1002370927343148,-0.1166041084625434,-0.3771846780535891,-0.8852425527738023,lying,karol
1672331791193706400,-0.1088637623859173,-0.1127437010624071,-0.3786707544026839,-0.8840887184929481,lying,karol
1672331791203706400,-0.0949216302795566,-0.1186541549476835,-0.3771932907762856,-0.8855525408199753,lying,karol
1672331791213706400,-0.1039095574427383,-0.1149234099695382,-0.3786751765173304,-0.8844024301199299,lying,karol
1672331791223706400,-0.1180310691480309,-0.1090351506011769,-0.3806662462056365,-0.8825194149438338,lying,karol
1672331791233706400,-0.109570771691311,-0.1128574900222017,-0.3796965472748942,-0.8835471296574576,lying,karol
1672331791243706400,-0.1012210081670408,-0.1166039128064826,-0.3785591320120701,-0.8845443820684491,lying,karol
1672331791253706400,-0.0928969568565312,-0.1203850548315778,-0.3772842487958329,-0.8854956673228864,lying,karol
1672331791263706400,-0.0796552904491088,-0.1262798113956206,-0.3751871894761172,-0.8868550588798968,lying,karol
1672331791273706400,-0.0892244706731512,-0.1224835720712166,-0.3762161077190815,-0.8860404079239443,lying,karol
1672331791283706400,-0.0987892243167843,-0.1185867145358333,-0.3771638611116233,-0.8851526774064763,lying,karol
1672331791293706400,-0.0904586260071328,-0.1222396180667572,-0.3756281968532084,-0.8861990389044274,lying,karol
1672331791303706400,-0.0999832160974067,-0.1182825931733723,-0.3764690416741553,-0.8853557729095185,lying,karol
1672331791313706400,-0.086585965562074,-0.1240033320875902,-0.3741617664982961,-0.8869615650614596,lying,karol
1672331791323706400,-0.1008701521950193,-0.1179710246976887,-0.3756177686701586,-0.8856589080830466,lying,karol
1672331791333706400,-0.0872858745346075,-0.1235559097862077,-0.373267001745546,-0.887332971984108,lying,karol
1672331791343706400,-0.0964682249639092,-0.1193505872165789,-0.3740165313636913,-0.8866423298422524,lying,karol
1672331791353706400,-0.1105306188310863,-0.1127524828701248,-0.3753284912813548,-0.8853096632868132,lying,karol
1672331791363706400,-0.1018562104103943,-0.115531660754853,-0.373652723020998,-0.8867005249618218,lying,karol
1672331791373706400,-0.0932613215178372,-0.1181805913790356,-0.3719848137493758,-0.8879985258554391,lying,karol
1672331791383706400,-0.1025847967238946,-0.1133067159312526,-0.3726658876304801,-0.8873210328767527,lying,karol
1672331791393706400,-0.0938764334084003,-0.1159524896486409,-0.3709675517623952,-0.8886552286248083,lying,karol
1672331791403706400,-0.1029784929250058,-0.111205228922557,-0.3715593175349013,-0.8880075574909498,lying,karol
1672331791413706400,-0.111907048177375,-0.1067248587926137,-0.3721272927974613,-0.8872396695438546,lying,karol
1672331791423706400,-0.1028416800304933,-0.1099237376955629,-0.3705326261964407,-0.8886131314722061,lying,karol
1672331791433706400,-0.0888404708509126,-0.1152605526295771,-0.3682939707142603,-0.890376370439117,lying,karol
1672331791443706400,-0.097878797669438,-0.111076436001598,-0.3689980112908183,-0.8896691065957734,lying,karol
1672331791453706400,-0.1120854695379794,-0.1046932945638375,-0.3703270197961927,-0.8882138162149974,lying,karol
1672331791463706400,-0.1036334297968242,-0.1075786602874581,-0.3689646542194139,-0.8894622176014796,lying,karol
1672331791473706400,-0.0903022257743643,-0.1124065529710514,-0.3670442136145175,-0.8911124968373016,lying,karol
1672331791483706400,-0.0998172538484661,-0.1078752717451711,-0.3680472300093578,-0.8902441990907696,lying,karol
1672331791493706400,-0.1092693137170182,-0.1034542100379356,-0.3690937020071432,-0.8892257149711155,lying,karol
1672331791503706400,-0.1235954122917521,-0.0971769177431411,-0.3707268821952819,-0.887377113032231,lying,karol
1672331791513706400,-0.1150563992330692,-0.1006225779675384,-0.3698808065819325,-0.8884939320415662,lying,karol
1672331791523706400,-0.1065556631751117,-0.1042513775026264,-0.3690671802862236,-0.8894736987084142,lying,karol
1672331791533706400,-0.0931240008541077,-0.1100875951375576,-0.3676301178041821,-0.8908723805549712,lying,karol
1672331791543706400,-0.1075959787515953,-0.1045539227652777,-0.3695573149628457,-0.8891098050462914,lying,karol
1672331791553706400,-0.1170650199420118,-0.1011897500035302,-0.3708859760083115,-0.8877486640034644,lying,karol
1672331791563706400,-0.1035529817056297,-0.1075131027095781,-0.3695704188757113,-0.8892320037016184,lying,karol
1672331791573706400,-0.1129424086679304,-0.1042057947638717,-0.370912801912888,-0.8879230584307817,lying,karol
1672331791583706400,-0.0994052280424319,-0.1101959600466718,-0.3693929951262197,-0.8894509441731787,lying,karol
1672331791593706400,-0.1087392223428633,-0.1066003515562645,-0.3705420028143768,-0.8883184449106961,lying,karol
1672331791603706400,-0.1180300646965406,-0.10295865923682,-0.371577671178751,-0.8871287966737789,lying,karol
1672331791613706400,-0.1093253090220268,-0.1068928743202373,-0.3704833717641694,-0.8882359654089593,lying,karol
1672331791623706400,-0.1184581572582737,-0.1034894529095313,-0.3715148273198396,-0.8870364226335721,lying,karol
1672331791633706400,-0.1047164071715409,-0.1096927626866578,-0.3698501246407187,-0.8887138334036938,lying,karol
1672331791643706400,-0.0908464036328879,-0.1159419452940872,-0.3680988436689686,-0.8901725672840233,lying,karol
1672331791653706400,-0.0998935835848235,-0.1126755469535929,-0.3693100688103878,-0.8891204941297383,lying,karol
1672331791663706400,-0.1138321763665777,-0.1072909206801278,-0.3711093681645417,-0.8873604244978385,lying,karol
1672331791673706400,-0.1277538298335248,-0.1017259128974975,-0.3728211590080412,-0.8854010472858488,lying,karol
1672331791683706400,-0.1189039583314773,-0.105603594204875,-0.3718423188876411,-0.8865905884677144,lying,karol
1672331791693706400,-0.110061373044269,-0.1093971052578541,-0.3708024981520489,-0.8877072424929158,lying,karol
1672331791703706400,-0.0962706872906646,-0.1151823195456504,-0.3690860266877869,-0.8892920762430837,lying,karol
1672331791713706400,-0.1053571089008024,-0.11142633636174,-0.3702989159598963,-0.8882357275914691,lying,karol
1672331791723706400,-0.1143986261560424,-0.1076498395385988,-0.371508278734895,-0.8870772452582759,lying,karol
1672331791733706400,-0.1054469448287604,-0.1113961263125469,-0.3705422549590047,-0.8881273939388536,lying,karol
1672331791743706400,-0.1143660260480106,-0.1077552094913557,-0.3718138267842172,-0.886940638812351,lying,karol
1672331791753706400,-0.1053197971010288,-0.111702989614758,-0.3708991724655249,-0.8879549558141688,lying,karol
1672331791763706400,-0.1141616516563106,-0.1082022477835185,-0.3722123274823233,-0.8867454170344803,lying,karol
1672331791773706400,-0.1001122887989909,-0.11429393828518,-0.3706874547025668,-0.8883160246475786,lying,karol
1672331791783706400,-0.1138362860613134,-0.1087868745064062,-0.3726688128784435,-0.8865240498763434,lying,karol
1672331791793706400,-0.0996995000965632,-0.1149495053667544,-0.3711788941073954,-0.888072754182869,lying,karol
1672331791803706400,-0.1083362501443813,-0.1116282409408636,-0.3726233445873446,-0.8868792748963268,lying,karol
1672331791813706400,-0.1168751906979119,-0.1083271010223403,-0.374075101885961,-0.8855925734184731,lying,karol
1672331791823706400,-0.1301292063703736,-0.1029101489614185,-0.376097694958716,-0.8835314704432554,lying,karol
1672331791833706400,-0.1432975303340313,-0.0973547446083795,-0.3780626966391348,-0.8812823204730328,lying,karol
1672331791843706400,-0.1336132990341908,-0.1014306001137385,-0.3774435382115023,-0.8826089049441324,lying,karol
1672331791853706400,-0.1465672129006204,-0.0957428930540516,-0.3793373624117192,-0.880373810114223,lying,karol
1672331791863706400,-0.1368659346177616,-0.0997295797262942,-0.378669737822408,-0.8817795703534125,lying,karol
1672331791873706400,-0.127148052869491,-0.1036715327593513,-0.3779067177536008,-0.883106468368312,lying,karol
1672331791883706400,-0.1174078332871835,-0.1075801523249389,-0.3770542870764062,-0.8843514882156561,lying,karol
1672331791893706400,-0.1026732379656755,-0.113628484062924,-0.3755302592773907,-0.8860756482371454,lying,karol
1672331791903706400,-0.1156813263647753,-0.1079228780556326,-0.3774772995493813,-0.8843575950180038,lying,karol
1672331791913706400,-0.1286833390666755,-0.1021826288888438,-0.3793406386113705,-0.882444131394543,lying,karol
1672331791923706400,-0.1190277137287093,-0.1061963429060783,-0.3785136044721313,-0.8836800406356019,lying,karol
1672331791933706400,-0.1321813979859227,-0.1005012273410044,-0.3803502462493773,-0.8816858653144053,lying,karol
1672331791943706400,-0.1226972105442474,-0.1046247341397063,-0.3795390075198132,-0.8829259864131774,lying,karol
1672331791953706400,-0.1083478531545659,-0.1109629207329576,-0.3780894518391688,-0.884650136427532,lying,karol
1672331791963706400,-0.1168054501822393,-0.1076143824959223,-0.3794351339915005,-0.8834107543984089,lying,karol
1672331791973706400,-0.1302765041961875,-0.1020420056116758,-0.3813266973470618,-0.8813714686444464,lying,karol
1672331791983706400,-0.1210801944834277,-0.106219110324771,-0.3805248384930795,-0.8825352198261761,lying,karol
1672331791993706400,-0.1119237553835956,-0.110380647689132,-0.3796741802980807,-0.8835990976264353,lying,karol
1672331792003706400,-0.0978708616493695,-0.1166558603694388,-0.3781376590374471,-0.8851188964034021,lying,karol
1672331792013706400,-0.1065763476472503,-0.1132247416009307,-0.3795348523618118,-0.8839603969458475,lying,karol
1672331792023706400,-0.0925779476543201,-0.1194891512219454,-0.3779442991395145,-0.8853931274170032,lying,karol
1672331792033706400,-0.1063115447892849,-0.1138221775474302,-0.3799650653237726,-0.8837308588645548,lying,karol
1672331792043706400,-0.0972439940111432,-0.1178950769886095,-0.3789607150626506,-0.8846719872712789,lying,karol
1672331792053706400,-0.1059982775151295,-0.1143150924572355,-0.3802557118304616,-0.8835799198388608,lying,karol
1672331792063706400,-0.1196078471471269,-0.1086430534449346,-0.3820956686429717,-0.8817624892156138,lying,karol
1672331792073706400,-0.1104740254316773,-0.1128232120785927,-0.3810555528415238,-0.8828786591649179,lying,karol
1672331792083706400,-0.1240540547674203,-0.1071712147964864,-0.3828391810522566,-0.8810055863269987,lying,karol
1672331792093706400,-0.1149382222343622,-0.111315901191576,-0.3817889132238136,-0.8821831265120521,lying,karol
1672331792103706400,-0.1010473992828687,-0.1174658671663226,-0.3800321014531853,-0.8838431414907413,lying,karol
1672331792113706400,-0.114856396574376,-0.1116515530500701,-0.3818357806728711,-0.8821311070231221,lying,karol
1672331792123706400,-0.1060724387890652,-0.1155827210468494,-0.3807111604470741,-0.8832101829366082,lying,karol
1672331792133706400,-0.1200300443711244,-0.1096716155743048,-0.3825135922456376,-0.8813967663941709,lying,karol
1672331792143706400,-0.1112234887452652,-0.1135253207183356,-0.3814657274693185,-0.8825175654419786,lying,karol
1672331792153706400,-0.0973874269605325,-0.119489223895008,-0.3797432894730209,-0.8841069467353333,lying,karol
1672331792163706400,-0.1061704233811504,-0.1157240818388994,-0.3810555911552221,-0.883031421681522,lying,karol
1672331792173706400,-0.1148636254639361,-0.1120172107094422,-0.3823478310278231,-0.8818621024582921,lying,karol
1672331792183706400,-0.1056798296667647,-0.1160937891843011,-0.3813421986743698,-0.8829181060594667,lying,karol
1672331792193706400,-0.1143130280537138,-0.1124421038578268,-0.3825977061918766,-0.8817713079191357,lying,karol
1672331792203706400,-0.1002755964082865,-0.1185500922101827,-0.3808308797613418,-0.88344265456017,lying,karol
1672331792213706400,-0.1089347395840195,-0.1148792988113986,-0.3819996781022308,-0.8823971189658469,lying,karol
1672331792223706400,-0.0948917327174735,-0.121042054205836,-0.380122275976116,-0.8840044955480538,lying,karol
1672331792233706400,-0.0808108036783362,-0.1272553132004322,-0.3781434923493574,-0.8853788827208728,lying,karol
1672331792243706400,-0.0895984187478021,-0.1237328707071574,-0.3793886195475078,-0.884499407719562,lying,karol
1672331792253706400,-0.0984280634259822,-0.1201966325919915,-0.3806102667082663,-0.8835231712868286,lying,karol
1672331792263706400,-0.0894297774887136,-0.1243213260106391,-0.3793705843881254,-0.8844417548889454,lying,karol
1672331792273706400,-0.0982783574721395,-0.1207624488322088,-0.3805968436700521,-0.8834685133840958,lying,karol
1672331792283706400,-0.1070955643279879,-0.1171723398118688,-0.3817887210212401,-0.8824122439284637,lying,karol
1672331792293706400,-0.1206972639302769,-0.1114210950462101,-0.3835679713112952,-0.88062817192102,lying,karol
1672331792303706400,-0.1115590113131027,-0.1154863383393679,-0.3824321777674487,-0.8818027249305123,lying,karol
1672331792313706400,-0.1250458178862878,-0.1096835801244134,-0.3842248188532181,-0.8799530576330649,lying,karol
1672331792323706400,-0.115861657888433,-0.1136956336036244,-0.3831355389820437,-0.8811751767699595,lying,karol
1672331792333706400,-0.1066722224150997,-0.1176214020967991,-0.3819939536325195,-0.8823151927671153,lying,karol
1672331792343706400,-0.0975166862434786,-0.1214481740248173,-0.3807924616199639,-0.8833749099881582,lying,karol
1672331792353706400,-0.1111531716013632,-0.1153877426440074,-0.3826234583910691,-0.881784138860198,lying,karol
1672331792363706400,-0.0972217942018629,-0.1212806420402156,-0.380717821149252,-0.8834626383677292,lying,karol
1672331792373706400,-0.1109146037440701,-0.1153073154533684,-0.3824670294756234,-0.8818925817343395,lying,karol
1672331792383706400,-0.1018960066746222,-0.1192883027019181,-0.3811777188244684,-0.8830087471034852,lying,karol
1672331792393706400,-0.1156018129689928,-0.1135453502886651,-0.3829011890668459,-0.8813306959556128,lying,karol
1672331792403706400,-0.1065672740726326,-0.1176346555000318,-0.3816472572705505,-0.8824762675642366,lying,karol
1672331792413706400,-0.0975322065384967,-0.1216869820199161,-0.3803551281070556,-0.8835288634001621,lying,karol
1672331792423706400,-0.0836491961761766,-0.1277457214520609,-0.3783172317820006,-0.8849708777604506,lying,karol
1672331792433706400,-0.0925209079521727,-0.1240441059294366,-0.3794933012507944,-0.8841104691012,lying,karol
1672331792443706400,-0.0785941109153722,-0.1300630546876795,-0.3773957343860999,-0.8854900265691485,lying,karol
1672331792453706400,-0.0873512808803612,-0.1263865579787643,-0.3785754871783129,-0.8846979013678233,lying,karol
1672331792463706400,-0.0781746019896884,-0.1303922384122759,-0.3771891091142496,-0.8855668287279899,lying,karol
1672331792473706400,-0.0917865739051457,-0.1246791748468521,-0.3791254291806117,-0.8842555817970957,lying,karol
1672331792483706400,-0.0826177616394159,-0.1286793684269817,-0.3778407575093637,-0.8851361736268027,lying,karol
1672331792493706400,-0.0913594351668347,-0.1249746684684585,-0.3791328092258791,-0.8842549917756366,lying,karol
1672331792503706400,-0.1001837476673997,-0.121148393611338,-0.3803941181879136,-0.8832895339645214,lying,karol
1672331792513706400,-0.0911742843446853,-0.125019855249389,-0.3791887053093982,-0.8842437580295558,lying,karol
1672331792523706400,-0.077195901852329,-0.1310699188097272,-0.3772246944430413,-0.8855375910999917,lying,karol
1672331792533706400,-0.0860468452390814,-0.1274698422419221,-0.3785495370065601,-0.8846815687142241,lying,karol
1672331792543706400,-0.0948944690625289,-0.1239095975098897,-0.3798092323602514,-0.8837422066983465,lying,karol
1672331792553706400,-0.1037400602397292,-0.1203453337261601,-0.3810105578113547,-0.8827229978247589,lying,karol
1672331792563706400,-0.1175048488161114,-0.1146372935650847,-0.3828040365180939,-0.8809801138290559,lying,karol
1672331792573706400,-0.1084627472305308,-0.1187700036356613,-0.3815616300128444,-0.8821305453576579,lying,karol
1672331792583706400,-0.0993491145622103,-0.1228974723603475,-0.3802672266931515,-0.8831970011817665,lying,karol
1672331792593706400,-0.0901825585640293,-0.1270082864513701,-0.3789225427826618,-0.8841764227162909,lying,karol
1672331792603706400,-0.1038164647545304,-0.1213013938709581,-0.3807721831195614,-0.8826862333329549,lying,karol
1672331792613706400,-0.094716252950739,-0.1253190474176025,-0.3793961994814237,-0.8837402768634592,lying,karol
1672331792623706400,-0.0806356655750176,-0.1314503436493696,-0.3772182360414873,-0.8851776930267958,lying,karol
1672331792633706400,-0.0893181015389393,-0.1278881513206201,-0.3783358530979533,-0.8843887261253305,lying,karol
1672331792643706400,-0.0751363761660948,-0.1341098299542093,-0.3760547594873738,-0.8857576507180027,lying,karol
1672331792653706400,-0.0835903890492913,-0.1307646849129591,-0.3771160644635286,-0.8850490451543159,lying,karol
1672331792663706400,-0.0692123951766557,-0.1371296588696742,-0.3747601541966723,-0.8863269662276904,lying,karol
1672331792673706400,-0.0775913419919298,-0.1338415223317638,-0.3758772255961939,-0.8856627028608618,lying,karol
1672331792683706400,-0.0859562783923709,-0.1304713796321122,-0.3770258993396477,-0.8849049425615433,lying,karol
1672331792693706400,-0.0943202313220201,-0.1269910036117096,-0.3782311610254722,-0.8840447413509565,lying,karol
1672331792703706400,-0.1026975632864025,-0.1233750286777774,-0.379492168761094,-0.883082535091263,lying,karol
1672331792713706400,-0.0932633191455569,-0.1272879022523811,-0.3782903030718791,-0.8840892038162984,lying,karol
1672331792723706400,-0.106641992019346,-0.1213419840296105,-0.3803447296019153,-0.8825300389634332,lying,karol
1672331792733706400,-0.0972792021755155,-0.1250839741394751,-0.379238838582302,-0.8835647507518136,lying,karol
1672331792743706400,-0.1106375721319257,-0.1189854066169547,-0.3813112578472963,-0.881942049156851,lying,karol
1672331792753706400,-0.101326909260184,-0.1226608283980492,-0.3802694246728269,-0.8830066982918108,lying,karol
1672331792763706400,-0.0871564049115008,-0.1285299014382124,-0.3784730196249339,-0.8844549981531522,lying,karol
1672331792773706400,-0.0730448461868171,-0.1344307555320377,-0.3765473645935513,-0.8856769384114516,lying,karol
1672331792783706400,-0.0818443158653852,-0.1306495173453334,-0.3779379112292158,-0.8848807305090708,lying,karol
1672331792793706400,-0.0956474718717752,-0.1247677352979219,-0.3799264413186274,-0.8834926345358168,lying,karol
1672331792803706400,-0.086828049852637,-0.128637318484573,-0.3785923907478723,-0.8844206631687951,lying,karol
1672331792813706400,-0.1008172514720512,-0.1227650313521754,-0.3804704388581455,-0.8829641471531585,lying,karol
1672331792823706400,-0.0920789798138904,-0.1266723405510247,-0.3791085884930309,-0.8839519866976517,lying,karol
1672331792833706400,-0.0783767752800119,-0.1326619071055166,-0.3769672343875817,-0.8853092743090203,lying,karol
1672331792843706400,-0.0875072273938705,-0.1288951736664145,-0.3781833241283691,-0.884491297346895,lying,karol
1672331792853706400,-0.101536402598491,-0.1230495566215221,-0.3800751516890566,-0.8830124960285177,lying,karol
1672331792863706400,-0.1155542726161672,-0.1171923439490942,-0.3819000371521577,-0.8812971242862595,lying,karol
1672331792873706400,-0.1069116877639092,-0.1211049959525114,-0.3806552967430273,-0.8823968433725353,lying,karol
1672331792883706400,-0.0933646292105531,-0.1271123509984751,-0.3786773269849983,-0.8839390423932192,lying,karol
1672331792893706400,-0.0846592190333075,-0.1310814930463391,-0.3773449389886821,-0.884805392342735,lying,karol
1672331792903706400,-0.0937789906734835,-0.1274378567449853,-0.3786399713640945,-0.8838643880429584,lying,karol
1672331792913706400,-0.1077078861506168,-0.1215904301438837,-0.3806368874436811,-0.8822413276893014,lying,karol
1672331792923706400,-0.0988466924845781,-0.1254015379175866,-0.3794774043367823,-0.8832440952454239,lying,karol
1672331792933706400,-0.1127036804154005,-0.119269890390506,-0.381503165521008,-0.8815596487407794,lying,karol
1672331792943706400,-0.1037649852048409,-0.1229225226257654,-0.3803941358543163,-0.8826339879676518,lying,karol
1672331792953706400,-0.0899028467904906,-0.1286794123565265,-0.3785461535094651,-0.8841275571776009,lying,karol
1672331792963706400,-0.0987676390013782,-0.1246917632897227,-0.3799064369469555,-0.8831691337624328,lying,karol
1672331792973706400,-0.0898249141158642,-0.1283456712253269,-0.3786531360444245,-0.8841382446953384,lying,karol
1672331792983706400,-0.0986572214645342,-0.1244247896453263,-0.3799044312743871,-0.883220040471903,lying,karol
1672331792993706400,-0.0846466726134982,-0.1303492190994659,-0.3778469565166837,-0.8847008090742907,lying,karol
1672331793003706400,-0.0705284531194177,-0.1363189213268056,-0.3756498910929229,-0.885973997754195,lying,karol
1672331793013706400,-0.0791681984806907,-0.1325875833789046,-0.3768520171929702,-0.8852996375713895,lying,karol
1672331793023706400,-0.0650030490946561,-0.1383371497401762,-0.3745247022799857,-0.8865600821695323,lying,karol
1672331793033706400,-0.0736940595458208,-0.134333354602939,-0.3756649611516212,-0.8860134650442751,lying,karol
1672331793043706400,-0.0823674719418132,-0.1303212279617847,-0.3767469305004507,-0.88538930773619,lying,karol
1672331793053706400,-0.0910253147322918,-0.1263199667162374,-0.3777552211333119,-0.8846916863671265,lying,karol
1672331793063706400,-0.0996609779988524,-0.1223711389357009,-0.3786692190840756,-0.8839251076975004,lying,karol
1672331793073706400,-0.0904213413298898,-0.1261166154950611,-0.3770743834279018,-0.8850732778750096,lying,karol
1672331793083706400,-0.1039251274581734,-0.1202253993022637,-0.3786676342575037,-0.8837294193101288,lying,karol
1672331793093706400,-0.112491597011845,-0.1165182365156014,-0.3795738897163747,-0.8827878895734699,lying,karol
1672331793103706400,-0.103209909897769,-0.1205505842004347,-0.3781622250439949,-0.8839855565319381,lying,karol
1672331793113706400,-0.0890081433534934,-0.1266605447464845,-0.3760133048795737,-0.8855905869061743,lying,karol
1672331793123706400,-0.1025407194785645,-0.1209363236092637,-0.3777322384352077,-0.8841947371664861,lying,karol
1672331793133706400,-0.0884385640511983,-0.1268984629716805,-0.3755865895444918,-0.8857947764122608,lying,karol
1672331793143706400,-0.0971753762731382,-0.1230880954997075,-0.3766464665485283,-0.8849667023532138,lying,karol
1672331793153706400,-0.1059338737725784,-0.1191757086700866,-0.3776684120421756,-0.8840611923719155,lying,karol
1672331793163706400,-0.091945147729535,-0.1249036801005903,-0.3755750279680946,-0.8857263283747463,lying,karol
1672331793173706400,-0.1056036413954396,-0.1188401198521572,-0.3773381776886497,-0.8842869908981726,lying,karol
1672331793183706400,-0.0915787253882786,-0.1244870995003953,-0.3753229005522334,-0.8859299223931552,lying,karol
1672331793193706400,-0.1004562781858329,-0.1202879460093761,-0.3764419670157918,-0.8850727864250552,lying,karol
1672331793203706400,-0.0914737307412503,-0.1236543843397312,-0.3751063739763179,-0.8861493487025133,lying,karol
1672331793213706400,-0.105262700824782,-0.1174911815472893,-0.3769180693955863,-0.8846874090882473,lying,karol
1672331793223706400,-0.0911944243230858,-0.1232491758614396,-0.3749723194409335,-0.8862914391821795,lying,karol
1672331793233706400,-0.0999600028206495,-0.1193957690524348,-0.3761496276163948,-0.8853743225802261,lying,karol
1672331793243706400,-0.1136911474249685,-0.1133519974604769,-0.3779269749117435,-0.8837536341872176,lying,karol
1672331793253706400,-0.1047266900127578,-0.1168856062903751,-0.3767215857843901,-0.8849150575829258,lying,karol
1672331793263706400,-0.1136647313025412,-0.1128378637333292,-0.3778612448642087,-0.8838510305425276,lying,karol
1672331793273706400,-0.1047851147839372,-0.1164729693752415,-0.3767101557669114,-0.8849674914390897,lying,karol
1672331793283706400,-0.0958974596062443,-0.1202023069240424,-0.3755081208026184,-0.8859868150620299,lying,karol
1672331793293706400,-0.0820512888568985,-0.1260967575149113,-0.3735443209496007,-0.8873870339107556,lying,karol
1672331793303706400,-0.0910137079371895,-0.1224166262998546,-0.3747257799130438,-0.8865298577273484,lying,karol
1672331793313706400,-0.0820661759487541,-0.1262799869076133,-0.3733832260847404,-0.8874274115841864,lying,karol
1672331793323706400,-0.0959171675102084,-0.1205004031591309,-0.3752436590172693,-0.8860562573411284,lying,karol
1672331793333706400,-0.0820573594134491,-0.1263760665919539,-0.3732830501493611,-0.887456699863364,lying,karol
1672331793343706400,-0.0909664019934169,-0.1226271339636615,-0.3745376118830454,-0.8865851520802994,lying,karol
1672331793353706400,-0.1048126862734078,-0.116751000311844,-0.3764276433084494,-0.8850478485086671,lying,karol
1672331793363706400,-0.0958256907022204,-0.1205629361009337,-0.3752487581782857,-0.8860554993368717,lying,karol
1672331793373706400,-0.1047183098740822,-0.1168257534234416,-0.3764757969700726,-0.8850286758369724,lying,karol
1672331793383706400,-0.1185611713906109,-0.1109753984800075,-0.3783249486901136,-0.8832451016982062,lying,karol
1672331793393706400,-0.1096464160442149,-0.1148110762727269,-0.3772735139106685,-0.8843555561119009,lying,karol
1672331793403706400,-0.1007749302714719,-0.1185659158542586,-0.3761961200075273,-0.8853739383519779,lying,karol
1672331793413706400,-0.0919324581502187,-0.1222721477428258,-0.3750678868182579,-0.886310362223985,lying,karol
1672331793423706400,-0.1059333671812892,-0.1162947538808567,-0.3770141824728781,-0.8847248415707643,lying,karol
1672331793433706400,-0.0921842435430956,-0.1221126112234582,-0.3752265359822108,-0.8862390980492605,lying,karol
1672331793443706400,-0.0783049911493317,-0.1279760754642251,-0.373327377519704,-0.887547886642301,lying,karol
1672331793453706400,-0.087265507048482,-0.1242132739934983,-0.3746476731504983,-0.8866899434257237,lying,karol
1672331793463706400,-0.1011219300705392,-0.1183395725270201,-0.3765904019935319,-0.8851971092379161,lying,karol
1672331793473706400,-0.0922052735895103,-0.1220991374329242,-0.3754446738334708,-0.8861464067491264,lying,karol
1672331793483706400,-0.0783979441750605,-0.1278984344513141,-0.3735828547241185,-0.88744340661211,lying,karol
1672331793493706400,-0.0645156416219188,-0.133692489399378,-0.3716408841433504,-0.8885220004556402,lying,karol
1672331793503706400,-0.0735586157428175,-0.1298489158134819,-0.3730766616429481,-0.8877874176989484,lying,karol
1672331793513706400,-0.0826159495805068,-0.1259323712459595,-0.3744365391126077,-0.8869821384440967,lying,karol
1672331793523706400,-0.0916329677070607,-0.122008974998258,-0.3757062249274881,-0.8861075058072786,lying,karol
1672331793533706400,-0.1005329876313618,-0.118114599420016,-0.3768643075433309,-0.8851778785524093,lying,karol
1672331793543706400,-0.0865044314379441,-0.1240221808162513,-0.3748559103156793,-0.8867034955334003,lying,karol
1672331793553706400,-0.0952605303487636,-0.1203836501628852,-0.3759360707301153,-0.8858498143461894,lying,karol
1672331793563706400,-0.0811365543373484,-0.1264308780716714,-0.3738260278576012,-0.8873054030576772,lying,karol
1672331793573706400,-0.0898820593241163,-0.1228257636261596,-0.374896722088926,-0.8865169246180201,lying,karol
1672331793583706400,-0.0986521234290612,-0.1191485539453151,-0.3759437476440423,-0.885642425386738,lying,karol
